,0,1,2,3,4,5,6,7,8
0,13.0,-240.0,-95.0,-13.0,52.0,-11.0,17.0,-923.0,-319.0
1,14.0,-240.0,-95.0,-14.0,53.0,-11.0,22.0,-923.0,-320.0
2,14.0,-238.0,-99.0,-16.0,54.0,-12.0,22.0,-925.0,-323.0
3,12.0,-238.0,-98.0,-17.0,55.0,-9.0,18.0,-928.0,-320.0
4,15.0,-238.0,-102.0,-19.0,54.0,-10.0,23.0,-926.0,-320.0
5,8.0,-238.0,-94.0,-19.0,55.0,-10.0,18.0,-929.0,-322.0
6,7.0,-242.0,-107.0,-22.0,55.0,-8.0,19.0,-924.0,-327.0
7,10.0,-241.0,-100.0,-25.0,54.0,-6.0,20.0,-923.0,-324.0
8,16.0,-246.0,-98.0,-26.0,54.0,-7.0,18.0,-930.0,-325.0
9,15.0,-247.0,-99.0,-27.0,51.0,-6.0,18.0,-931.0,-323.0
10,32.0,-236.0,-89.0,-30.0,49.0,-7.0,16.0,-931.0,-324.0
11,4.0,-232.0,-101.0,-30.0,47.0,-7.0,16.0,-927.0,-328.0
12,8.0,-241.0,-104.0,-30.0,45.0,-8.0,15.0,-929.0,-328.0
13,11.0,-240.0,-103.0,-29.0,43.0,-6.0,15.0,-929.0,-326.0
14,10.0,-239.0,-99.0,-25.0,43.0,-8.0,20.0,-926.0,-326.0
15,12.0,-240.0,-101.0,-23.0,41.0,-6.0,13.0,-924.0,-328.0
16,11.0,-239.0,-100.0,-16.0,41.0,-7.0,15.0,-926.0,-329.0
17,11.0,-241.0,-102.0,-12.0,42.0,-7.0,13.0,-926.0,-330.0
18,12.0,-240.0,-101.0,-6.0,44.0,-7.0,14.0,-925.0,-329.0
19,13.0,-240.0,-97.0,-3.0,44.0,-6.0,16.0,-925.0,-333.0
20,11.0,-239.0,-102.0,1.0,45.0,-8.0,17.0,-929.0,-326.0
21,11.0,-242.0,-100.0,3.0,47.0,-6.0,20.0,-927.0,-325.0
22,11.0,-233.0,-100.0,6.0,48.0,-8.0,19.0,-924.0,-330.0
23,12.0,-240.0,-98.0,6.0,50.0,-6.0,23.0,-926.0,-330.0
24,13.0,-241.0,-99.0,7.0,49.0,-8.0,20.0,-926.0,-327.0
25,13.0,-239.0,-99.0,5.0,48.0,-5.0,20.0,-922.0,-326.0
26,13.0,-241.0,-97.0,4.0,49.0,-9.0,20.0,-925.0,-323.0
27,5.0,-239.0,-103.0,1.0,51.0,-8.0,22.0,-927.0,-325.0
28,12.0,-239.0,-100.0,-1.0,50.0,-9.0,20.0,-923.0,-327.0
29,11.0,-235.0,-98.0,-4.0,51.0,-5.0,21.0,-927.0,-326.0
30,16.0,-239.0,-102.0,-8.0,52.0,-7.0,18.0,-926.0,-327.0
31,12.0,-238.0,-99.0,-10.0,53.0,-4.0,22.0,-917.0,-325.0
32,13.0,-240.0,-101.0,-11.0,53.0,-5.0,20.0,-926.0,-325.0
33,12.0,-236.0,-101.0,-14.0,54.0,-2.0,21.0,-926.0,-327.0
34,12.0,-239.0,-99.0,-16.0,52.0,-3.0,22.0,-924.0,-327.0
35,10.0,-238.0,-102.0,-17.0,52.0,0.0,22.0,-925.0,-324.0
36,12.0,-239.0,-97.0,-17.0,50.0,-1.0,18.0,-926.0,-328.0
37,12.0,-239.0,-103.0,-14.0,49.0,1.0,20.0,-924.0,-330.0
38,10.0,-241.0,-98.0,-12.0,50.0,0.0,22.0,-926.0,-329.0
39,15.0,-242.0,-100.0,-7.0,49.0,1.0,19.0,-926.0,-329.0
40,14.0,-240.0,-102.0,-5.0,51.0,-2.0,14.0,-930.0,-329.0
41,9.0,-240.0,-101.0,-2.0,51.0,1.0,18.0,-930.0,-325.0
42,11.0,-238.0,-104.0,1.0,55.0,-1.0,21.0,-926.0,-330.0
43,12.0,-241.0,-100.0,4.0,58.0,0.0,18.0,-926.0,-328.0
44,10.0,-237.0,-101.0,6.0,60.0,-3.0,19.0,-926.0,-329.0
45,11.0,-239.0,-99.0,9.0,63.0,-1.0,19.0,-929.0,-325.0
46,9.0,-237.0,-99.0,8.0,65.0,-2.0,16.0,-925.0,-331.0
47,9.0,-237.0,-99.0,8.0,67.0,-1.0,15.0,-924.0,-324.0
48,13.0,-239.0,-101.0,6.0,69.0,-3.0,14.0,-928.0,-323.0
49,8.0,-238.0,-102.0,5.0,70.0,-1.0,13.0,-924.0,-325.0
50,10.0,-237.0,-99.0,4.0,70.0,-3.0,18.0,-926.0,-326.0
51,13.0,-241.0,-97.0,5.0,71.0,-1.0,17.0,-924.0,-325.0
52,12.0,-240.0,-98.0,7.0,71.0,-3.0,17.0,-928.0,-328.0
53,10.0,-238.0,-94.0,5.0,72.0,0.0,12.0,-927.0,-322.0
54,10.0,-239.0,-96.0,3.0,73.0,-1.0,14.0,-926.0,-321.0
55,12.0,-241.0,-96.0,1.0,74.0,1.0,15.0,-927.0,-321.0
56,14.0,-242.0,-94.0,0.0,77.0,0.0,17.0,-929.0,-317.0
57,11.0,-241.0,-97.0,0.0,77.0,3.0,18.0,-929.0,-314.0
58,11.0,-241.0,-93.0,1.0,76.0,3.0,17.0,-927.0,-314.0
59,10.0,-239.0,-94.0,1.0,75.0,6.0,15.0,-922.0,-316.0
60,11.0,-239.0,-90.0,0.0,73.0,4.0,15.0,-926.0,-315.0
61,9.0,-240.0,-94.0,-3.0,71.0,5.0,13.0,-925.0,-318.0
62,11.0,-238.0,-94.0,-6.0,70.0,4.0,11.0,-926.0,-319.0
63,9.0,-239.0,-98.0,-10.0,71.0,7.0,12.0,-920.0,-317.0
64,11.0,-241.0,-95.0,-14.0,70.0,3.0,9.0,-925.0,-312.0
65,11.0,-242.0,-98.0,-17.0,69.0,4.0,14.0,-923.0,-316.0
66,11.0,-239.0,-99.0,-18.0,67.0,2.0,10.0,-927.0,-312.0
67,11.0,-239.0,-97.0,-21.0,67.0,3.0,11.0,-926.0,-316.0
68,12.0,-239.0,-98.0,-22.0,65.0,0.0,16.0,-926.0,-318.0
69,10.0,-239.0,-98.0,-23.0,65.0,0.0,14.0,-925.0,-311.0
70,12.0,-239.0,-98.0,-22.0,62.0,-2.0,16.0,-924.0,-317.0
71,11.0,-239.0,-96.0,-22.0,62.0,-1.0,13.0,-932.0,-318.0
72,9.0,-243.0,-97.0,-22.0,60.0,-3.0,12.0,-933.0,-323.0
73,11.0,-240.0,-93.0,-21.0,60.0,-2.0,16.0,-929.0,-322.0
74,10.0,-238.0,-98.0,-20.0,60.0,-4.0,19.0,-927.0,-322.0
75,12.0,-238.0,-96.0,-16.0,60.0,-4.0,17.0,-929.0,-321.0
76,9.0,-237.0,-100.0,-17.0,62.0,-4.0,19.0,-933.0,-321.0
77,9.0,-238.0,-99.0,-16.0,63.0,-3.0,21.0,-926.0,-324.0
78,11.0,-244.0,-98.0,-18.0,63.0,-5.0,18.0,-927.0,-320.0
79,10.0,-241.0,-97.0,-20.0,65.0,-3.0,18.0,-928.0,-323.0
80,13.0,-241.0,-102.0,-21.0,64.0,-5.0,17.0,-926.0,-320.0
81,12.0,-239.0,-97.0,-22.0,63.0,-3.0,21.0,-925.0,-318.0
82,12.0,-239.0,-102.0,-22.0,64.0,-4.0,15.0,-922.0,-316.0
83,9.0,-238.0,-100.0,-22.0,62.0,-2.0,14.0,-923.0,-321.0
84,7.0,-238.0,-96.0,-23.0,62.0,-3.0,11.0,-925.0,-323.0
85,8.0,-241.0,-96.0,-23.0,62.0,-1.0,16.0,-932.0,-323.0
86,11.0,-238.0,-94.0,-23.0,61.0,-3.0,17.0,-927.0,-321.0
87,10.0,-243.0,-100.0,-23.0,60.0,0.0,11.0,-931.0,-324.0
88,9.0,-239.0,-101.0,-22.0,59.0,-4.0,13.0,-929.0,-322.0
89,8.0,-239.0,-96.0,-23.0,59.0,-1.0,10.0,-927.0,-320.0
90,10.0,-240.0,-98.0,-24.0,58.0,-4.0,8.0,-927.0,-322.0
91,11.0,-239.0,-97.0,-22.0,58.0,-2.0,6.0,-930.0,-321.0
92,7.0,-237.0,-103.0,-21.0,58.0,-5.0,11.0,-928.0,-323.0
93,7.0,-240.0,-94.0,-21.0,57.0,-4.0,11.0,-929.0,-323.0
94,10.0,-240.0,-97.0,-22.0,59.0,-6.0,6.0,-926.0,-323.0
95,11.0,-240.0,-96.0,-22.0,60.0,-5.0,11.0,-930.0,-324.0
96,11.0,-240.0,-97.0,-20.0,59.0,-7.0,13.0,-928.0,-321.0
97,11.0,-240.0,-99.0,-17.0,60.0,-7.0,10.0,-928.0,-322.0
98,8.0,-237.0,-95.0,-14.0,60.0,-8.0,16.0,-929.0,-317.0
99,8.0,-239.0,-95.0,-13.0,60.0,-8.0,10.0,-926.0,-323.0
100,10.0,-240.0,-101.0,-12.0,60.0,-10.0,13.0,-925.0,-321.0
101,13.0,-235.0,-96.0,-13.0,61.0,-8.0,15.0,-920.0,-317.0
102,8.0,-239.0,-96.0,-15.0,60.0,-11.0,18.0,-918.0,-323.0
103,9.0,-238.0,-98.0,-17.0,61.0,-9.0,16.0,-919.0,-324.0
104,12.0,-237.0,-98.0,-22.0,61.0,-10.0,17.0,-920.0,-324.0
105,12.0,-237.0,-100.0,-24.0,61.0,-8.0,16.0,-924.0,-321.0
106,11.0,-239.0,-100.0,-27.0,62.0,-9.0,17.0,-919.0,-321.0
107,10.0,-239.0,-98.0,-33.0,62.0,-9.0,16.0,-926.0,-321.0
108,11.0,-238.0,-96.0,-36.0,62.0,-9.0,19.0,-919.0,-325.0
109,11.0,-239.0,-96.0,-38.0,60.0,-6.0,21.0,-922.0,-319.0
110,13.0,-242.0,-99.0,-40.0,60.0,-9.0,21.0,-928.0,-321.0
111,12.0,-239.0,-97.0,-42.0,57.0,-6.0,17.0,-928.0,-321.0
112,12.0,-242.0,-97.0,-44.0,58.0,-7.0,12.0,-926.0,-322.0
113,10.0,-239.0,-97.0,-42.0,60.0,-6.0,17.0,-930.0,-322.0
114,14.0,-240.0,-98.0,-42.0,59.0,-8.0,20.0,-931.0,-323.0
115,10.0,-240.0,-97.0,-40.0,60.0,-7.0,13.0,-929.0,-326.0
116,12.0,-242.0,-98.0,-38.0,61.0,-9.0,16.0,-928.0,-325.0
117,11.0,-240.0,-99.0,-34.0,61.0,-7.0,15.0,-926.0,-331.0
118,10.0,-239.0,-103.0,-29.0,61.0,-8.0,13.0,-933.0,-326.0
119,9.0,-240.0,-98.0,-26.0,63.0,-7.0,13.0,-928.0,-325.0
120,11.0,-242.0,-99.0,-21.0,63.0,-10.0,15.0,-926.0,-327.0
121,10.0,-236.0,-96.0,-19.0,65.0,-7.0,13.0,-931.0,-325.0
122,12.0,-239.0,-98.0,-17.0,66.0,-11.0,15.0,-925.0,-323.0
123,12.0,-239.0,-99.0,-16.0,66.0,-9.0,12.0,-927.0,-319.0
124,12.0,-241.0,-103.0,-15.0,66.0,-11.0,16.0,-928.0,-319.0
125,12.0,-243.0,-99.0,-14.0,65.0,-9.0,17.0,-925.0,-321.0
126,12.0,-239.0,-93.0,-13.0,64.0,-11.0,11.0,-926.0,-321.0
127,12.0,-237.0,-92.0,-14.0,62.0,-10.0,20.0,-926.0,-318.0
128,8.0,-236.0,-99.0,-16.0,62.0,-12.0,15.0,-920.0,-323.0
129,11.0,-240.0,-97.0,-21.0,62.0,-11.0,17.0,-925.0,-322.0
130,11.0,-238.0,-99.0,-24.0,61.0,-12.0,18.0,-922.0,-321.0
131,10.0,-238.0,-97.0,-28.0,62.0,-10.0,15.0,-918.0,-322.0
132,11.0,-241.0,-99.0,-32.0,61.0,-12.0,18.0,-920.0,-320.0
133,15.0,-239.0,-99.0,-34.0,62.0,-8.0,17.0,-925.0,-318.0
134,13.0,-240.0,-102.0,-37.0,62.0,-10.0,20.0,-924.0,-322.0
135,12.0,-240.0,-97.0,-38.0,62.0,-7.0,19.0,-922.0,-321.0
136,13.0,-241.0,-99.0,-38.0,63.0,-8.0,19.0,-928.0,-325.0
137,11.0,-241.0,-98.0,-38.0,64.0,-5.0,18.0,-928.0,-326.0
138,13.0,-238.0,-97.0,-37.0,63.0,-7.0,19.0,-922.0,-325.0
139,12.0,-240.0,-99.0,-38.0,64.0,-2.0,17.0,-926.0,-322.0
140,13.0,-241.0,-98.0,-37.0,62.0,-4.0,15.0,-927.0,-327.0
141,13.0,-240.0,-99.0,-36.0,64.0,-1.0,15.0,-930.0,-328.0
142,11.0,-239.0,-97.0,-36.0,65.0,-3.0,16.0,-925.0,-326.0
143,12.0,-239.0,-99.0,-35.0,64.0,0.0,20.0,-927.0,-327.0
144,12.0,-242.0,-100.0,-35.0,64.0,-3.0,17.0,-927.0,-326.0
145,12.0,-240.0,-98.0,-34.0,64.0,-2.0,21.0,-925.0,-325.0
146,11.0,-240.0,-101.0,-34.0,61.0,-4.0,17.0,-933.0,-327.0
147,13.0,-240.0,-100.0,-31.0,60.0,-3.0,16.0,-923.0,-324.0
148,12.0,-240.0,-97.0,-30.0,61.0,-6.0,14.0,-927.0,-328.0
149,11.0,-243.0,-99.0,-26.0,62.0,-4.0,17.0,-927.0,-325.0
150,10.0,-240.0,-96.0,-26.0,64.0,-7.0,16.0,-926.0,-326.0
151,11.0,-238.0,-99.0,-23.0,63.0,-5.0,19.0,-928.0,-330.0
152,11.0,-239.0,-101.0,-21.0,62.0,-8.0,13.0,-927.0,-329.0
153,10.0,-243.0,-98.0,-20.0,63.0,-6.0,18.0,-927.0,-327.0
154,11.0,-236.0,-95.0,-18.0,63.0,-8.0,15.0,-923.0,-330.0
155,11.0,-236.0,-95.0,-17.0,64.0,-7.0,21.0,-924.0,-326.0
156,13.0,-238.0,-103.0,-17.0,64.0,-9.0,21.0,-923.0,-328.0
157,13.0,-240.0,-102.0,-16.0,65.0,-4.0,20.0,-923.0,-325.0
158,15.0,-238.0,-101.0,-17.0,65.0,-6.0,18.0,-928.0,-333.0
159,11.0,-236.0,-100.0,-18.0,64.0,-3.0,22.0,-925.0,-331.0
160,13.0,-240.0,-102.0,-21.0,65.0,-4.0,19.0,-927.0,-327.0
161,13.0,-239.0,-97.0,-24.0,65.0,-2.0,18.0,-920.0,-327.0
162,13.0,-238.0,-101.0,-26.0,63.0,-4.0,20.0,-921.0,-327.0
163,12.0,-240.0,-98.0,-27.0,63.0,0.0,18.0,-925.0,-332.0
164,12.0,-237.0,-102.0,-29.0,63.0,-3.0,22.0,-920.0,-331.0
165,9.0,-236.0,-104.0,-28.0,64.0,0.0,17.0,-927.0,-330.0
166,13.0,-243.0,-102.0,-24.0,65.0,-1.0,17.0,-922.0,-330.0
167,11.0,-244.0,-97.0,-22.0,65.0,1.0,16.0,-926.0,-329.0
168,10.0,-238.0,-96.0,-19.0,65.0,-1.0,15.0,-927.0,-326.0
169,11.0,-241.0,-100.0,-18.0,65.0,1.0,14.0,-929.0,-325.0
170,10.0,-242.0,-96.0,-18.0,65.0,0.0,14.0,-924.0,-325.0
171,11.0,-240.0,-100.0,-17.0,67.0,3.0,11.0,-928.0,-326.0
172,10.0,-238.0,-100.0,-18.0,67.0,-1.0,14.0,-925.0,-326.0
173,11.0,-240.0,-97.0,-20.0,67.0,1.0,10.0,-922.0,-324.0
174,9.0,-236.0,-98.0,-24.0,67.0,-3.0,10.0,-922.0,-327.0
175,9.0,-238.0,-95.0,-28.0,67.0,-2.0,13.0,-920.0,-328.0
176,10.0,-237.0,-100.0,-29.0,67.0,-5.0,13.0,-922.0,-326.0
177,11.0,-237.0,-102.0,-34.0,65.0,-3.0,15.0,-919.0,-329.0
178,10.0,-238.0,-104.0,-36.0,63.0,-6.0,14.0,-916.0,-324.0
179,10.0,-238.0,-99.0,-38.0,63.0,-3.0,12.0,-920.0,-325.0
180,9.0,-241.0,-100.0,-39.0,61.0,-7.0,14.0,-928.0,-327.0
181,12.0,-241.0,-100.0,-39.0,61.0,-6.0,13.0,-930.0,-325.0
182,13.0,-242.0,-102.0,-38.0,60.0,-9.0,15.0,-928.0,-328.0
183,10.0,-239.0,-96.0,-37.0,60.0,-7.0,15.0,-926.0,-325.0
184,13.0,-242.0,-97.0,-34.0,59.0,-7.0,19.0,-935.0,-325.0
185,12.0,-240.0,-100.0,-31.0,58.0,-6.0,18.0,-939.0,-327.0
186,14.0,-243.0,-102.0,-28.0,59.0,-8.0,19.0,-927.0,-327.0
187,10.0,-241.0,-97.0,-23.0,60.0,-6.0,18.0,-929.0,-326.0
188,12.0,-242.0,-102.0,-17.0,60.0,-7.0,17.0,-927.0,-327.0
189,11.0,-240.0,-103.0,-12.0,59.0,-4.0,17.0,-928.0,-329.0
190,10.0,-241.0,-101.0,-11.0,59.0,-7.0,15.0,-924.0,-325.0
191,12.0,-237.0,-104.0,-10.0,58.0,-3.0,15.0,-928.0,-329.0
192,11.0,-236.0,-100.0,-10.0,59.0,-6.0,18.0,-923.0,-333.0
193,11.0,-236.0,-99.0,-11.0,61.0,-2.0,16.0,-923.0,-329.0
194,11.0,-240.0,-99.0,-14.0,60.0,-4.0,18.0,-923.0,-323.0
195,12.0,-238.0,-100.0,-16.0,61.0,-2.0,16.0,-922.0,-329.0
196,10.0,-237.0,-102.0,-17.0,61.0,-4.0,16.0,-922.0,-329.0
197,12.0,-237.0,-102.0,-18.0,62.0,-2.0,18.0,-924.0,-328.0
198,9.0,-237.0,-104.0,-19.0,62.0,-4.0,11.0,-922.0,-324.0
199,9.0,-238.0,-104.0,-21.0,61.0,-3.0,12.0,-919.0,-327.0
200,12.0,-240.0,-100.0,-20.0,61.0,-5.0,10.0,-922.0,-326.0
201,9.0,-237.0,-103.0,-21.0,60.0,-4.0,15.0,-923.0,-328.0
202,11.0,-240.0,-98.0,-22.0,59.0,-8.0,15.0,-920.0,-329.0
203,13.0,-239.0,-99.0,-23.0,57.0,-6.0,12.0,-918.0,-327.0
204,7.0,-238.0,-97.0,-23.0,56.0,-9.0,13.0,-923.0,-328.0
205,10.0,-239.0,-101.0,-25.0,56.0,-6.0,16.0,-924.0,-326.0
206,12.0,-239.0,-98.0,-26.0,57.0,-9.0,11.0,-925.0,-330.0
207,8.0,-238.0,-99.0,-26.0,57.0,-9.0,13.0,-927.0,-327.0
208,9.0,-240.0,-99.0,-25.0,60.0,-10.0,17.0,-927.0,-331.0
209,9.0,-241.0,-100.0,-23.0,59.0,-9.0,13.0,-924.0,-331.0
210,9.0,-240.0,-97.0,-23.0,60.0,-12.0,9.0,-926.0,-324.0
211,10.0,-242.0,-102.0,-20.0,61.0,-9.0,12.0,-926.0,-328.0
212,12.0,-238.0,-99.0,-20.0,63.0,-11.0,19.0,-928.0,-331.0
213,12.0,-241.0,-98.0,-19.0,61.0,-9.0,14.0,-923.0,-328.0
214,12.0,-239.0,-100.0,-20.0,61.0,-10.0,16.0,-921.0,-328.0
215,12.0,-240.0,-101.0,-20.0,61.0,-8.0,16.0,-924.0,-329.0
216,12.0,-238.0,-108.0,-19.0,62.0,-10.0,18.0,-922.0,-330.0
217,11.0,-238.0,-102.0,-20.0,62.0,-7.0,16.0,-920.0,-324.0
218,12.0,-241.0,-100.0,-20.0,63.0,-9.0,21.0,-924.0,-329.0
219,11.0,-239.0,-103.0,-20.0,62.0,-6.0,20.0,-923.0,-329.0
220,10.0,-240.0,-101.0,-19.0,61.0,-9.0,20.0,-916.0,-329.0
221,10.0,-238.0,-100.0,-20.0,61.0,-7.0,17.0,-925.0,-326.0
222,9.0,-237.0,-95.0,-19.0,60.0,-9.0,17.0,-923.0,-330.0
223,12.0,-242.0,-100.0,-20.0,61.0,-6.0,19.0,-920.0,-325.0
224,12.0,-242.0,-103.0,-22.0,62.0,-9.0,17.0,-924.0,-334.0
225,14.0,-239.0,-98.0,-22.0,62.0,-7.0,16.0,-923.0,-327.0
226,12.0,-241.0,-102.0,-24.0,62.0,-8.0,20.0,-925.0,-331.0
227,11.0,-238.0,-101.0,-26.0,62.0,-5.0,19.0,-922.0,-331.0
228,12.0,-238.0,-98.0,-27.0,62.0,-8.0,19.0,-922.0,-331.0
229,12.0,-236.0,-99.0,-27.0,63.0,-6.0,11.0,-924.0,-333.0
230,10.0,-240.0,-99.0,-28.0,64.0,-8.0,16.0,-922.0,-339.0
231,12.0,-240.0,-103.0,-26.0,65.0,-7.0,15.0,-921.0,-334.0
232,10.0,-239.0,-99.0,-26.0,67.0,-8.0,16.0,-921.0,-334.0
233,12.0,-237.0,-101.0,-23.0,68.0,-7.0,14.0,-925.0,-328.0
234,9.0,-238.0,-99.0,-21.0,69.0,-8.0,19.0,-927.0,-328.0
235,9.0,-238.0,-98.0,-21.0,70.0,-7.0,19.0,-921.0,-332.0
236,10.0,-238.0,-96.0,-21.0,70.0,-9.0,14.0,-921.0,-330.0
237,11.0,-239.0,-100.0,-21.0,68.0,-6.0,17.0,-921.0,-329.0
238,10.0,-236.0,-97.0,-21.0,69.0,-8.0,20.0,-922.0,-331.0
239,12.0,-237.0,-98.0,-22.0,68.0,-5.0,20.0,-921.0,-326.0
240,13.0,-241.0,-100.0,-21.0,66.0,-7.0,17.0,-920.0,-329.0
241,10.0,-238.0,-100.0,-23.0,66.0,-5.0,19.0,-921.0,-331.0
242,10.0,-239.0,-98.0,-24.0,67.0,-8.0,16.0,-924.0,-328.0
243,13.0,-240.0,-103.0,-25.0,67.0,-5.0,21.0,-922.0,-326.0
244,12.0,-240.0,-99.0,-26.0,66.0,-6.0,22.0,-920.0,-329.0
245,11.0,-238.0,-103.0,-28.0,66.0,-5.0,19.0,-924.0,-328.0
246,13.0,-239.0,-98.0,-28.0,65.0,-6.0,18.0,-920.0,-327.0
247,10.0,-239.0,-99.0,-31.0,64.0,-5.0,16.0,-918.0,-330.0
248,11.0,-238.0,-102.0,-32.0,65.0,-6.0,20.0,-926.0,-330.0
249,13.0,-238.0,-98.0,-33.0,65.0,-3.0,21.0,-921.0,-328.0
250,13.0,-239.0,-103.0,-34.0,66.0,-5.0,18.0,-921.0,-332.0
251,11.0,-239.0,-106.0,-34.0,66.0,-2.0,22.0,-923.0,-334.0
252,12.0,-240.0,-105.0,-35.0,67.0,-4.0,17.0,-921.0,-334.0
253,9.0,-237.0,-101.0,-36.0,67.0,-2.0,22.0,-924.0,-339.0
254,13.0,-236.0,-107.0,-36.0,67.0,-3.0,22.0,-919.0,-334.0
255,12.0,-238.0,-100.0,-37.0,66.0,-1.0,18.0,-922.0,-335.0
256,13.0,-241.0,-103.0,-35.0,66.0,-2.0,14.0,-926.0,-335.0
257,11.0,-239.0,-103.0,-32.0,66.0,0.0,20.0,-926.0,-335.0
258,15.0,-241.0,-102.0,-30.0,67.0,-2.0,21.0,-930.0,-335.0
259,10.0,-240.0,-101.0,-28.0,69.0,-1.0,19.0,-926.0,-335.0
260,11.0,-241.0,-101.0,-24.0,67.0,-4.0,20.0,-926.0,-339.0
261,10.0,-239.0,-97.0,-20.0,68.0,-1.0,18.0,-923.0,-332.0
262,11.0,-242.0,-99.0,-17.0,66.0,-4.0,15.0,-928.0,-331.0
263,13.0,-240.0,-97.0,-16.0,66.0,-2.0,19.0,-927.0,-330.0
264,15.0,-240.0,-100.0,-14.0,66.0,-5.0,16.0,-927.0,-331.0
265,13.0,-241.0,-104.0,-13.0,66.0,-3.0,20.0,-925.0,-329.0
266,11.0,-239.0,-99.0,-10.0,66.0,-4.0,19.0,-925.0,-332.0
267,10.0,-240.0,-99.0,-11.0,66.0,-3.0,16.0,-917.0,-328.0
268,10.0,-237.0,-103.0,-12.0,67.0,-5.0,16.0,-922.0,-327.0
269,10.0,-238.0,-102.0,-17.0,67.0,-2.0,16.0,-919.0,-330.0
270,11.0,-239.0,-99.0,-22.0,66.0,-4.0,12.0,-917.0,-330.0
271,10.0,-236.0,-100.0,-27.0,66.0,-3.0,13.0,-921.0,-327.0
272,11.0,-236.0,-98.0,-29.0,65.0,-4.0,14.0,-920.0,-326.0
273,11.0,-237.0,-103.0,-32.0,66.0,-2.0,14.0,-922.0,-326.0
274,10.0,-238.0,-101.0,-34.0,64.0,-4.0,18.0,-926.0,-332.0
275,11.0,-240.0,-99.0,-34.0,66.0,-2.0,15.0,-923.0,-332.0
276,10.0,-242.0,-94.0,-32.0,67.0,-4.0,14.0,-930.0,-324.0
277,9.0,-238.0,-99.0,-29.0,69.0,-3.0,16.0,-926.0,-329.0
278,11.0,-242.0,-98.0,-23.0,70.0,-3.0,12.0,-926.0,-330.0
279,9.0,-240.0,-101.0,-20.0,70.0,-2.0,16.0,-926.0,-330.0
280,10.0,-239.0,-101.0,-18.0,70.0,-3.0,16.0,-918.0,-329.0
281,10.0,-240.0,-99.0,-17.0,70.0,-1.0,19.0,-923.0,-331.0
282,10.0,-240.0,-102.0,-18.0,70.0,-3.0,15.0,-923.0,-330.0
283,9.0,-237.0,-98.0,-19.0,68.0,-1.0,16.0,-923.0,-331.0
284,13.0,-240.0,-101.0,-22.0,68.0,-5.0,13.0,-917.0,-328.0
285,10.0,-238.0,-101.0,-25.0,65.0,-5.0,10.0,-918.0,-330.0
286,10.0,-238.0,-101.0,-25.0,64.0,-7.0,14.0,-912.0,-330.0
287,10.0,-237.0,-99.0,-26.0,61.0,-5.0,11.0,-923.0,-328.0
288,10.0,-240.0,-104.0,-27.0,62.0,-6.0,14.0,-926.0,-330.0
289,10.0,-237.0,-102.0,-27.0,59.0,-6.0,11.0,-920.0,-330.0
290,11.0,-238.0,-102.0,-26.0,59.0,-8.0,16.0,-924.0,-334.0
291,13.0,-237.0,-97.0,-25.0,57.0,-9.0,13.0,-919.0,-336.0
292,10.0,-239.0,-103.0,-21.0,57.0,-9.0,22.0,-927.0,-331.0
293,11.0,-239.0,-102.0,-19.0,55.0,-7.0,18.0,-926.0,-337.0
294,12.0,-239.0,-99.0,-17.0,54.0,-10.0,17.0,-922.0,-333.0
295,12.0,-237.0,-104.0,-15.0,54.0,-7.0,16.0,-925.0,-336.0
296,11.0,-238.0,-102.0,-16.0,55.0,-9.0,21.0,-924.0,-336.0
297,13.0,-239.0,-106.0,-15.0,55.0,-6.0,15.0,-926.0,-334.0
298,12.0,-240.0,-102.0,-16.0,56.0,-7.0,16.0,-920.0,-334.0
299,12.0,-240.0,-101.0,-16.0,57.0,-5.0,19.0,-922.0,-336.0
300,9.0,-237.0,-103.0,-16.0,57.0,-6.0,14.0,-926.0,-333.0
301,13.0,-238.0,-99.0,-17.0,59.0,-5.0,18.0,-926.0,-335.0
302,10.0,-238.0,-102.0,-19.0,59.0,-6.0,19.0,-921.0,-331.0
303,12.0,-239.0,-101.0,-19.0,58.0,-4.0,22.0,-925.0,-337.0
304,12.0,-237.0,-100.0,-19.0,59.0,-6.0,18.0,-921.0,-336.0
305,13.0,-236.0,-98.0,-19.0,59.0,-4.0,18.0,-921.0,-330.0
306,11.0,-239.0,-107.0,-16.0,58.0,-5.0,19.0,-925.0,-334.0
307,12.0,-240.0,-100.0,-16.0,59.0,-4.0,21.0,-926.0,-336.0
308,13.0,-239.0,-106.0,-15.0,59.0,-4.0,18.0,-922.0,-334.0
309,11.0,-239.0,-105.0,-10.0,57.0,-1.0,15.0,-922.0,-331.0
310,10.0,-239.0,-103.0,-9.0,59.0,-4.0,13.0,-924.0,-338.0
311,9.0,-242.0,-103.0,-5.0,57.0,-2.0,15.0,-925.0,-330.0
312,8.0,-239.0,-102.0,-3.0,56.0,-3.0,14.0,-920.0,-335.0
313,12.0,-242.0,-101.0,-1.0,54.0,-2.0,15.0,-929.0,-335.0
314,9.0,-238.0,-103.0,0.0,54.0,-3.0,16.0,-923.0,-337.0
315,10.0,-237.0,-103.0,-1.0,53.0,-2.0,15.0,-923.0,-335.0
316,9.0,-238.0,-98.0,-2.0,51.0,-4.0,12.0,-918.0,-338.0
317,9.0,-237.0,-101.0,-4.0,52.0,-4.0,19.0,-922.0,-336.0
318,10.0,-237.0,-103.0,-5.0,51.0,-5.0,17.0,-919.0,-335.0
319,11.0,-239.0,-100.0,-8.0,53.0,-3.0,14.0,-923.0,-338.0
320,11.0,-238.0,-103.0,-9.0,53.0,-6.0,14.0,-921.0,-339.0
321,7.0,-238.0,-103.0,-12.0,54.0,-5.0,10.0,-926.0,-333.0
322,13.0,-238.0,-103.0,-14.0,55.0,-6.0,16.0,-924.0,-340.0
323,12.0,-239.0,-103.0,-12.0,57.0,-5.0,22.0,-926.0,-331.0
324,15.0,-239.0,-100.0,-10.0,59.0,-5.0,19.0,-925.0,-337.0
325,11.0,-237.0,-100.0,-6.0,59.0,-3.0,16.0,-925.0,-330.0
326,10.0,-238.0,-101.0,-1.0,61.0,-2.0,20.0,-920.0,-329.0
327,11.0,-237.0,-102.0,2.0,62.0,-2.0,21.0,-922.0,-333.0
328,13.0,-237.0,-103.0,3.0,61.0,-3.0,20.0,-922.0,-329.0
329,10.0,-240.0,-100.0,3.0,63.0,-1.0,21.0,-923.0,-329.0
330,11.0,-238.0,-100.0,1.0,62.0,-2.0,19.0,-924.0,-331.0
331,11.0,-237.0,-97.0,1.0,63.0,0.0,19.0,-920.0,-328.0
332,11.0,-239.0,-99.0,1.0,63.0,-2.0,21.0,-921.0,-328.0
333,14.0,-240.0,-104.0,-1.0,60.0,0.0,20.0,-920.0,-330.0
334,11.0,-236.0,-101.0,-4.0,61.0,-1.0,17.0,-919.0,-327.0
335,10.0,-239.0,-100.0,-7.0,61.0,-1.0,16.0,-919.0,-332.0
336,11.0,-238.0,-103.0,-9.0,61.0,-3.0,17.0,-921.0,-328.0
337,12.0,-238.0,-102.0,-12.0,63.0,-1.0,14.0,-918.0,-331.0
338,11.0,-239.0,-101.0,-15.0,64.0,-3.0,14.0,-921.0,-333.0
339,10.0,-239.0,-95.0,-17.0,65.0,-3.0,12.0,-922.0,-328.0
340,10.0,-240.0,-98.0,-18.0,65.0,-3.0,13.0,-922.0,-328.0
341,12.0,-240.0,-100.0,-13.0,67.0,-3.0,13.0,-927.0,-330.0
342,10.0,-238.0,-97.0,-10.0,67.0,-4.0,13.0,-923.0,-326.0
343,9.0,-238.0,-99.0,-10.0,68.0,-4.0,14.0,-926.0,-332.0
344,9.0,-239.0,-100.0,-8.0,68.0,-4.0,17.0,-926.0,-330.0
345,11.0,-239.0,-100.0,-7.0,70.0,-5.0,17.0,-926.0,-332.0
346,9.0,-238.0,-101.0,-7.0,68.0,-7.0,19.0,-922.0,-330.0
347,11.0,-239.0,-101.0,-10.0,69.0,-7.0,14.0,-922.0,-333.0
348,14.0,-241.0,-100.0,-10.0,70.0,-6.0,17.0,-924.0,-331.0
349,8.0,-238.0,-101.0,-14.0,71.0,-4.0,15.0,-924.0,-328.0
350,10.0,-241.0,-101.0,-12.0,72.0,-5.0,15.0,-924.0,-329.0
351,10.0,-237.0,-105.0,-13.0,71.0,-5.0,13.0,-918.0,-327.0
352,12.0,-237.0,-101.0,-11.0,70.0,-6.0,17.0,-926.0,-331.0
353,10.0,-237.0,-99.0,-11.0,70.0,-2.0,14.0,-924.0,-327.0
354,8.0,-238.0,-102.0,-10.0,69.0,-4.0,16.0,-925.0,-328.0
355,10.0,-238.0,-99.0,-9.0,69.0,-4.0,15.0,-918.0,-333.0
356,9.0,-237.0,-98.0,-13.0,68.0,-3.0,14.0,-919.0,-329.0
357,11.0,-235.0,-102.0,-13.0,69.0,-4.0,19.0,-918.0,-331.0
358,11.0,-236.0,-100.0,-12.0,70.0,-5.0,14.0,-916.0,-328.0
359,11.0,-237.0,-101.0,-14.0,70.0,-3.0,16.0,-920.0,-327.0
360,13.0,-236.0,-105.0,-15.0,70.0,-4.0,17.0,-918.0,-328.0
361,13.0,-238.0,-98.0,-17.0,70.0,-4.0,16.0,-924.0,-329.0
362,10.0,-239.0,-98.0,-19.0,69.0,-5.0,17.0,-918.0,-331.0
363,9.0,-236.0,-98.0,-22.0,69.0,-5.0,16.0,-919.0,-330.0
364,11.0,-239.0,-98.0,-23.0,67.0,-7.0,16.0,-921.0,-334.0
365,11.0,-239.0,-98.0,-25.0,68.0,-6.0,13.0,-924.0,-333.0
366,10.0,-238.0,-97.0,-24.0,65.0,-4.0,13.0,-924.0,-330.0
367,10.0,-243.0,-103.0,-23.0,64.0,-6.0,15.0,-933.0,-334.0
368,11.0,-240.0,-99.0,-20.0,65.0,-5.0,15.0,-923.0,-332.0
369,11.0,-242.0,-101.0,-16.0,65.0,-6.0,15.0,-927.0,-333.0
370,12.0,-241.0,-101.0,-13.0,63.0,-5.0,14.0,-928.0,-332.0
371,9.0,-240.0,-101.0,-8.0,63.0,-5.0,17.0,-925.0,-339.0
372,11.0,-240.0,-100.0,-4.0,61.0,-5.0,19.0,-926.0,-337.0
373,11.0,-241.0,-102.0,-1.0,61.0,-5.0,16.0,-927.0,-337.0
374,11.0,-243.0,-105.0,0.0,60.0,-6.0,20.0,-921.0,-337.0
375,10.0,-238.0,-102.0,2.0,60.0,-6.0,17.0,-923.0,-341.0
376,9.0,-241.0,-101.0,2.0,59.0,-9.0,16.0,-926.0,-341.0
377,12.0,-239.0,-98.0,1.0,59.0,-8.0,16.0,-918.0,-341.0
378,11.0,-239.0,-102.0,0.0,57.0,-8.0,16.0,-920.0,-342.0
379,11.0,-241.0,-100.0,-1.0,59.0,-9.0,19.0,-916.0,-333.0
380,9.0,-238.0,-97.0,-2.0,59.0,-8.0,16.0,-923.0,-332.0
381,10.0,-242.0,-98.0,-1.0,60.0,-8.0,20.0,-922.0,-330.0
382,13.0,-240.0,-101.0,-1.0,60.0,-7.0,14.0,-915.0,-333.0
383,13.0,-239.0,-100.0,0.0,64.0,-7.0,16.0,-927.0,-329.0
384,10.0,-237.0,-99.0,1.0,63.0,-6.0,19.0,-919.0,-336.0
385,10.0,-236.0,-102.0,3.0,65.0,-5.0,18.0,-924.0,-333.0
386,11.0,-239.0,-103.0,4.0,66.0,-5.0,15.0,-923.0,-335.0
387,10.0,-238.0,-101.0,6.0,68.0,-5.0,21.0,-923.0,-332.0
388,12.0,-238.0,-99.0,7.0,69.0,-5.0,20.0,-926.0,-329.0
389,9.0,-239.0,-99.0,6.0,70.0,-5.0,16.0,-928.0,-328.0
390,10.0,-238.0,-99.0,4.0,71.0,-3.0,14.0,-926.0,-326.0
391,14.0,-239.0,-97.0,3.0,72.0,-3.0,18.0,-928.0,-327.0
392,11.0,-242.0,-99.0,3.0,71.0,-2.0,20.0,-927.0,-326.0
393,9.0,-238.0,-98.0,2.0,71.0,-3.0,20.0,-927.0,-326.0
394,11.0,-238.0,-102.0,2.0,71.0,-2.0,16.0,-926.0,-324.0
395,12.0,-238.0,-99.0,1.0,70.0,-2.0,16.0,-923.0,-324.0
396,9.0,-239.0,-100.0,1.0,71.0,-1.0,14.0,-924.0,-326.0
397,11.0,-240.0,-96.0,3.0,71.0,0.0,17.0,-921.0,-326.0
398,11.0,-239.0,-100.0,6.0,71.0,-1.0,15.0,-923.0,-327.0
399,12.0,-239.0,-98.0,7.0,70.0,-2.0,17.0,-922.0,-324.0
400,11.0,-239.0,-96.0,7.0,67.0,-2.0,14.0,-911.0,-326.0
401,8.0,-234.0,-98.0,2.0,67.0,-2.0,12.0,-917.0,-328.0
402,11.0,-237.0,-99.0,-4.0,64.0,-3.0,19.0,-917.0,-326.0
403,10.0,-235.0,-100.0,-8.0,61.0,-4.0,19.0,-918.0,-329.0
404,12.0,-236.0,-100.0,-16.0,58.0,-4.0,19.0,-913.0,-331.0
405,14.0,-237.0,-96.0,-20.0,58.0,-6.0,20.0,-917.0,-324.0
406,11.0,-235.0,-101.0,-22.0,57.0,-6.0,18.0,-917.0,-326.0
407,11.0,-238.0,-97.0,-25.0,58.0,-7.0,17.0,-919.0,-326.0
408,13.0,-239.0,-95.0,-25.0,59.0,-7.0,22.0,-916.0,-325.0
409,13.0,-238.0,-95.0,-25.0,60.0,-7.0,21.0,-923.0,-331.0
410,14.0,-239.0,-103.0,-26.0,58.0,-7.0,18.0,-925.0,-327.0
411,13.0,-238.0,-97.0,-29.0,61.0,-8.0,18.0,-921.0,-324.0
412,13.0,-239.0,-102.0,-30.0,58.0,-6.0,22.0,-922.0,-328.0
413,13.0,-239.0,-100.0,-32.0,61.0,-6.0,19.0,-930.0,-329.0
414,10.0,-238.0,-102.0,-34.0,62.0,-4.0,19.0,-926.0,-326.0
415,9.0,-239.0,-96.0,-32.0,63.0,-3.0,14.0,-925.0,-332.0
416,12.0,-240.0,-96.0,-32.0,65.0,-3.0,18.0,-927.0,-328.0
417,12.0,-240.0,-101.0,-29.0,64.0,-4.0,17.0,-930.0,-324.0
418,11.0,-240.0,-99.0,-24.0,66.0,-2.0,20.0,-928.0,-325.0
419,9.0,-240.0,-101.0,-19.0,66.0,-2.0,16.0,-929.0,-324.0
420,11.0,-241.0,-101.0,-16.0,65.0,-2.0,12.0,-929.0,-328.0
421,11.0,-239.0,-100.0,-11.0,66.0,-2.0,10.0,-927.0,-326.0
422,9.0,-238.0,-102.0,-5.0,63.0,-1.0,11.0,-929.0,-325.0
423,10.0,-237.0,-103.0,1.0,61.0,-2.0,12.0,-928.0,-330.0
424,10.0,-241.0,-95.0,4.0,60.0,-1.0,7.0,-926.0,-329.0
425,9.0,-238.0,-100.0,6.0,60.0,-3.0,13.0,-925.0,-329.0
426,9.0,-240.0,-94.0,7.0,59.0,-3.0,10.0,-924.0,-327.0
427,8.0,-238.0,-100.0,10.0,58.0,-3.0,11.0,-921.0,-327.0
428,11.0,-240.0,-96.0,11.0,57.0,-2.0,15.0,-927.0,-324.0
429,9.0,-235.0,-98.0,9.0,58.0,-3.0,11.0,-921.0,-324.0
430,9.0,-238.0,-101.0,5.0,59.0,-4.0,11.0,-919.0,-324.0
431,10.0,-236.0,-97.0,4.0,59.0,-3.0,10.0,-917.0,-325.0
432,10.0,-237.0,-101.0,-1.0,58.0,-4.0,11.0,-916.0,-330.0
433,9.0,-237.0,-99.0,-4.0,59.0,-6.0,12.0,-920.0,-326.0
434,13.0,-239.0,-98.0,-9.0,58.0,-5.0,17.0,-917.0,-324.0
435,11.0,-237.0,-101.0,-14.0,59.0,-8.0,15.0,-924.0,-326.0
436,10.0,-237.0,-98.0,-20.0,59.0,-6.0,13.0,-920.0,-326.0
437,8.0,-237.0,-100.0,-21.0,63.0,-7.0,16.0,-924.0,-327.0
438,11.0,-240.0,-101.0,-22.0,63.0,-6.0,17.0,-926.0,-329.0
439,11.0,-239.0,-103.0,-22.0,65.0,-8.0,20.0,-926.0,-327.0
440,12.0,-242.0,-102.0,-21.0,65.0,-6.0,19.0,-928.0,-336.0
441,10.0,-240.0,-102.0,-19.0,66.0,-5.0,22.0,-926.0,-333.0
442,12.0,-240.0,-101.0,-18.0,65.0,-5.0,19.0,-926.0,-330.0
443,13.0,-239.0,-99.0,-17.0,65.0,-6.0,19.0,-927.0,-332.0
444,12.0,-241.0,-99.0,-14.0,65.0,-6.0,17.0,-923.0,-332.0
445,14.0,-237.0,-102.0,-14.0,62.0,-5.0,17.0,-922.0,-332.0
446,12.0,-238.0,-102.0,-17.0,61.0,-3.0,18.0,-923.0,-334.0
447,11.0,-241.0,-100.0,-15.0,61.0,-5.0,18.0,-925.0,-331.0
448,12.0,-236.0,-103.0,-16.0,60.0,-3.0,19.0,-925.0,-330.0
449,11.0,-238.0,-102.0,-15.0,61.0,-4.0,17.0,-927.0,-329.0
450,13.0,-240.0,-99.0,-15.0,62.0,-3.0,18.0,-926.0,-327.0
451,10.0,-239.0,-102.0,-14.0,62.0,-3.0,17.0,-921.0,-334.0
452,13.0,-240.0,-102.0,-13.0,62.0,-3.0,20.0,-926.0,-333.0
453,13.0,-239.0,-99.0,-11.0,62.0,-5.0,14.0,-920.0,-325.0
454,12.0,-238.0,-98.0,-11.0,62.0,-5.0,17.0,-919.0,-332.0
455,10.0,-240.0,-97.0,-13.0,61.0,-5.0,15.0,-921.0,-328.0
456,14.0,-237.0,-101.0,-13.0,61.0,-5.0,14.0,-919.0,-328.0
457,10.0,-237.0,-100.0,-14.0,61.0,-6.0,17.0,-922.0,-328.0
458,11.0,-239.0,-97.0,-17.0,62.0,-3.0,16.0,-922.0,-327.0
459,13.0,-240.0,-98.0,-18.0,62.0,-5.0,16.0,-924.0,-325.0
460,8.0,-237.0,-97.0,-20.0,64.0,-5.0,15.0,-924.0,-326.0
461,11.0,-240.0,-100.0,-20.0,64.0,-5.0,17.0,-923.0,-326.0
462,10.0,-240.0,-101.0,-20.0,64.0,-5.0,17.0,-924.0,-328.0
463,12.0,-239.0,-97.0,-18.0,65.0,-6.0,16.0,-920.0,-326.0
464,12.0,-240.0,-104.0,-20.0,65.0,-5.0,18.0,-929.0,-329.0
465,12.0,-240.0,-95.0,-20.0,66.0,-7.0,19.0,-929.0,-330.0
466,12.0,-239.0,-98.0,-21.0,65.0,-5.0,19.0,-927.0,-327.0
467,12.0,-241.0,-102.0,-20.0,65.0,-8.0,14.0,-925.0,-326.0
468,12.0,-239.0,-95.0,-20.0,65.0,-5.0,21.0,-921.0,-327.0
469,11.0,-237.0,-96.0,-19.0,65.0,-7.0,19.0,-924.0,-327.0
470,10.0,-239.0,-102.0,-20.0,65.0,-3.0,14.0,-923.0,-332.0
471,10.0,-239.0,-101.0,-20.0,64.0,-4.0,15.0,-925.0,-328.0
472,14.0,-239.0,-97.0,-22.0,65.0,-1.0,16.0,-924.0,-325.0
473,10.0,-240.0,-100.0,-21.0,65.0,-3.0,18.0,-924.0,-325.0
474,11.0,-239.0,-101.0,-22.0,65.0,-2.0,15.0,-919.0,-323.0
475,11.0,-236.0,-100.0,-22.0,64.0,-3.0,14.0,-927.0,-323.0
476,12.0,-237.0,-98.0,-22.0,64.0,-1.0,17.0,-922.0,-323.0
477,11.0,-239.0,-100.0,-22.0,63.0,-2.0,18.0,-927.0,-332.0
478,10.0,-238.0,-96.0,-20.0,64.0,0.0,17.0,-925.0,-329.0
479,9.0,-241.0,-96.0,-18.0,64.0,-1.0,15.0,-922.0,-332.0
480,10.0,-241.0,-99.0,-16.0,63.0,1.0,20.0,-926.0,-329.0
481,12.0,-241.0,-101.0,-12.0,64.0,-2.0,20.0,-930.0,-327.0
482,12.0,-242.0,-98.0,-10.0,63.0,-1.0,16.0,-927.0,-325.0
483,10.0,-240.0,-100.0,-5.0,62.0,-4.0,14.0,-928.0,-329.0
484,8.0,-248.0,-95.0,-2.0,64.0,-2.0,19.0,-929.0,-332.0
485,16.0,-244.0,-91.0,0.0,65.0,-5.0,19.0,-926.0,-327.0
486,12.0,-241.0,-94.0,1.0,67.0,-4.0,17.0,-924.0,-335.0
487,19.0,-236.0,-94.0,1.0,65.0,-6.0,18.0,-924.0,-331.0
488,4.0,-233.0,-108.0,1.0,65.0,-5.0,15.0,-917.0,-332.0
489,11.0,-246.0,-104.0,-1.0,63.0,-8.0,14.0,-919.0,-328.0
490,8.0,-234.0,-101.0,-6.0,62.0,-5.0,17.0,-922.0,-327.0
491,12.0,-237.0,-100.0,-9.0,61.0,-8.0,13.0,-921.0,-325.0
492,20.0,-238.0,-110.0,-13.0,61.0,-5.0,18.0,-920.0,-326.0
493,14.0,-240.0,-99.0,-15.0,63.0,-8.0,17.0,-919.0,-329.0
494,10.0,-238.0,-99.0,-16.0,61.0,-6.0,20.0,-917.0,-327.0
495,12.0,-237.0,-97.0,-16.0,63.0,-7.0,16.0,-921.0,-325.0
496,12.0,-238.0,-99.0,-18.0,64.0,-5.0,17.0,-925.0,-329.0
497,13.0,-249.0,-103.0,-19.0,66.0,-5.0,22.0,-920.0,-327.0
498,12.0,-239.0,-100.0,-20.0,68.0,-2.0,17.0,-922.0,-323.0
499,9.0,-239.0,-100.0,-20.0,67.0,-3.0,16.0,-928.0,-325.0
500,12.0,-241.0,-100.0,-22.0,68.0,1.0,18.0,-924.0,-324.0
501,11.0,-237.0,-98.0,-23.0,70.0,-1.0,17.0,-924.0,-325.0
502,11.0,-240.0,-96.0,-24.0,70.0,3.0,21.0,-929.0,-323.0
503,14.0,-240.0,-101.0,-23.0,70.0,0.0,16.0,-926.0,-328.0
504,12.0,-243.0,-97.0,-22.0,69.0,2.0,18.0,-923.0,-326.0
505,12.0,-240.0,-104.0,-23.0,70.0,1.0,11.0,-923.0,-332.0
506,9.0,-238.0,-100.0,-23.0,68.0,3.0,11.0,-925.0,-333.0
507,8.0,-237.0,-105.0,-23.0,65.0,0.0,14.0,-924.0,-332.0
508,9.0,-237.0,-99.0,-23.0,64.0,-1.0,13.0,-928.0,-333.0
509,6.0,-237.0,-98.0,-22.0,64.0,-2.0,13.0,-926.0,-336.0
510,11.0,-241.0,-100.0,-21.0,62.0,-2.0,10.0,-928.0,-332.0
511,12.0,-241.0,-103.0,-19.0,60.0,-6.0,10.0,-926.0,-334.0
512,12.0,-242.0,-99.0,-15.0,58.0,-4.0,13.0,-926.0,-330.0
513,10.0,-239.0,-101.0,-11.0,57.0,-8.0,12.0,-926.0,-331.0
514,8.0,-240.0,-99.0,-7.0,55.0,-7.0,17.0,-926.0,-331.0
515,11.0,-240.0,-99.0,-4.0,56.0,-9.0,14.0,-925.0,-332.0
516,12.0,-239.0,-96.0,-1.0,56.0,-7.0,20.0,-921.0,-325.0
517,12.0,-239.0,-102.0,3.0,57.0,-10.0,18.0,-919.0,-326.0
518,12.0,-237.0,-100.0,5.0,57.0,-8.0,19.0,-918.0,-326.0
519,14.0,-240.0,-101.0,5.0,57.0,-10.0,23.0,-920.0,-328.0
520,13.0,-237.0,-103.0,3.0,60.0,-7.0,22.0,-920.0,-327.0
521,13.0,-238.0,-99.0,0.0,61.0,-8.0,19.0,-925.0,-328.0
522,14.0,-237.0,-99.0,-4.0,62.0,-5.0,19.0,-918.0,-333.0
523,12.0,-237.0,-99.0,-8.0,64.0,-7.0,22.0,-923.0,-331.0
524,12.0,-240.0,-98.0,-11.0,63.0,-3.0,24.0,-919.0,-326.0
525,13.0,-237.0,-97.0,-17.0,65.0,-4.0,17.0,-918.0,-327.0
526,12.0,-236.0,-100.0,-17.0,64.0,-2.0,16.0,-925.0,-324.0
527,12.0,-241.0,-101.0,-19.0,65.0,-2.0,20.0,-924.0,-327.0
528,10.0,-240.0,-99.0,-18.0,65.0,-1.0,17.0,-926.0,-325.0
529,10.0,-239.0,-100.0,-19.0,65.0,-3.0,18.0,-923.0,-331.0
530,11.0,-243.0,-99.0,-18.0,64.0,-1.0,17.0,-929.0,-330.0
531,11.0,-241.0,-100.0,-19.0,63.0,-3.0,16.0,-926.0,-325.0
532,12.0,-241.0,-102.0,-18.0,60.0,-1.0,12.0,-927.0,-327.0
533,8.0,-239.0,-107.0,-17.0,61.0,-3.0,11.0,-925.0,-327.0
534,9.0,-240.0,-101.0,-13.0,59.0,-2.0,16.0,-928.0,-327.0
535,7.0,-239.0,-99.0,-11.0,59.0,-5.0,11.0,-925.0,-328.0
536,11.0,-240.0,-103.0,-10.0,58.0,-3.0,11.0,-926.0,-330.0
537,7.0,-238.0,-103.0,-7.0,57.0,-7.0,14.0,-926.0,-327.0
538,11.0,-237.0,-100.0,-6.0,57.0,-5.0,11.0,-921.0,-329.0
539,10.0,-238.0,-102.0,-4.0,57.0,-7.0,11.0,-922.0,-329.0
540,11.0,-237.0,-103.0,-4.0,58.0,-5.0,15.0,-924.0,-329.0
541,8.0,-237.0,-100.0,-6.0,59.0,-8.0,14.0,-927.0,-325.0
542,11.0,-240.0,-100.0,-6.0,61.0,-6.0,16.0,-921.0,-323.0
543,11.0,-239.0,-99.0,-8.0,63.0,-9.0,12.0,-922.0,-324.0
544,14.0,-242.0,-103.0,-10.0,65.0,-5.0,17.0,-921.0,-328.0
545,12.0,-241.0,-98.0,-12.0,63.0,-7.0,18.0,-922.0,-330.0
546,13.0,-239.0,-99.0,-14.0,63.0,-6.0,17.0,-923.0,-326.0
547,10.0,-241.0,-100.0,-18.0,65.0,-7.0,21.0,-918.0,-329.0
548,12.0,-239.0,-101.0,-19.0,65.0,-5.0,21.0,-926.0,-324.0
549,10.0,-239.0,-99.0,-20.0,66.0,-7.0,18.0,-921.0,-325.0
550,9.0,-238.0,-100.0,-21.0,65.0,-5.0,19.0,-928.0,-325.0
551,9.0,-239.0,-97.0,-21.0,65.0,-9.0,15.0,-925.0,-327.0
552,10.0,-238.0,-101.0,-19.0,64.0,-4.0,14.0,-926.0,-332.0
553,11.0,-238.0,-98.0,-16.0,65.0,-7.0,17.0,-925.0,-326.0
554,10.0,-241.0,-101.0,-15.0,64.0,-5.0,17.0,-927.0,-328.0
555,8.0,-239.0,-99.0,-14.0,64.0,-7.0,18.0,-924.0,-328.0
556,11.0,-237.0,-98.0,-12.0,62.0,-6.0,17.0,-921.0,-323.0
557,9.0,-237.0,-103.0,-14.0,64.0,-8.0,16.0,-923.0,-329.0
558,9.0,-237.0,-102.0,-15.0,63.0,-6.0,14.0,-920.0,-330.0
559,9.0,-238.0,-99.0,-17.0,64.0,-8.0,16.0,-925.0,-326.0
560,12.0,-240.0,-100.0,-15.0,64.0,-5.0,16.0,-925.0,-327.0
561,11.0,-238.0,-98.0,-17.0,63.0,-7.0,17.0,-925.0,-327.0
562,13.0,-239.0,-100.0,-18.0,63.0,-4.0,21.0,-924.0,-330.0
563,10.0,-240.0,-102.0,-18.0,63.0,-6.0,17.0,-920.0,-327.0
564,12.0,-238.0,-100.0,-17.0,62.0,-5.0,19.0,-923.0,-326.0
565,10.0,-236.0,-102.0,-17.0,61.0,-8.0,15.0,-926.0,-325.0
566,10.0,-238.0,-100.0,-18.0,60.0,-5.0,11.0,-923.0,-324.0
567,9.0,-239.0,-104.0,-16.0,61.0,-9.0,14.0,-924.0,-330.0
568,12.0,-239.0,-99.0,-18.0,61.0,-6.0,13.0,-925.0,-328.0
569,12.0,-238.0,-102.0,-17.0,62.0,-9.0,15.0,-924.0,-333.0
570,12.0,-240.0,-101.0,-18.0,63.0,-6.0,18.0,-924.0,-327.0
571,12.0,-238.0,-99.0,-18.0,63.0,-8.0,18.0,-920.0,-331.0
572,12.0,-240.0,-100.0,-18.0,63.0,-6.0,14.0,-930.0,-329.0
573,11.0,-238.0,-103.0,-15.0,64.0,-7.0,17.0,-930.0,-330.0
574,14.0,-241.0,-98.0,-13.0,64.0,-6.0,17.0,-927.0,-328.0
575,15.0,-243.0,-99.0,-13.0,64.0,-7.0,17.0,-928.0,-329.0
576,14.0,-240.0,-98.0,-11.0,64.0,-6.0,21.0,-929.0,-326.0
577,12.0,-239.0,-99.0,-8.0,65.0,-7.0,20.0,-928.0,-330.0
578,13.0,-241.0,-100.0,-5.0,64.0,-3.0,19.0,-923.0,-327.0
579,14.0,-239.0,-100.0,-6.0,64.0,-6.0,20.0,-921.0,-328.0
580,13.0,-241.0,-97.0,-7.0,63.0,-4.0,20.0,-923.0,-332.0
581,9.0,-239.0,-99.0,-6.0,62.0,-5.0,19.0,-924.0,-332.0
582,11.0,-236.0,-98.0,-9.0,63.0,-1.0,22.0,-919.0,-327.0
583,11.0,-237.0,-101.0,-9.0,65.0,-4.0,18.0,-924.0,-327.0
584,12.0,-237.0,-97.0,-10.0,62.0,0.0,20.0,-922.0,-330.0
585,9.0,-236.0,-100.0,-12.0,64.0,-4.0,19.0,-916.0,-327.0
586,12.0,-236.0,-101.0,-15.0,64.0,0.0,17.0,-917.0,-330.0
587,11.0,-236.0,-98.0,-18.0,62.0,-3.0,18.0,-921.0,-331.0
588,10.0,-240.0,-98.0,-21.0,62.0,-1.0,17.0,-919.0,-325.0
589,12.0,-240.0,-100.0,-22.0,62.0,-5.0,15.0,-919.0,-332.0
590,12.0,-244.0,-101.0,-22.0,62.0,-2.0,18.0,-923.0,-326.0
591,10.0,-240.0,-100.0,-22.0,62.0,-6.0,11.0,-923.0,-326.0
592,11.0,-241.0,-98.0,-22.0,63.0,-4.0,19.0,-930.0,-330.0
593,12.0,-241.0,-97.0,-18.0,63.0,-6.0,13.0,-930.0,-331.0
594,13.0,-242.0,-101.0,-14.0,64.0,-3.0,11.0,-932.0,-327.0
595,10.0,-241.0,-98.0,-10.0,66.0,-6.0,14.0,-933.0,-329.0
596,10.0,-240.0,-102.0,-6.0,66.0,-5.0,18.0,-928.0,-330.0
597,8.0,-241.0,-100.0,-5.0,66.0,-9.0,15.0,-918.0,-327.0
598,11.0,-240.0,-100.0,-4.0,66.0,-7.0,15.0,-927.0,-330.0
599,10.0,-238.0,-97.0,-4.0,67.0,-7.0,13.0,-925.0,-328.0
600,10.0,-238.0,-103.0,-5.0,67.0,-5.0,15.0,-925.0,-329.0
601,9.0,-239.0,-100.0,-7.0,64.0,-7.0,16.0,-922.0,-326.0
602,11.0,-237.0,-100.0,-8.0,63.0,-5.0,14.0,-924.0,-329.0
603,12.0,-236.0,-100.0,-13.0,62.0,-9.0,14.0,-923.0,-330.0
604,10.0,-238.0,-102.0,-15.0,62.0,-6.0,14.0,-923.0,-329.0
605,13.0,-241.0,-98.0,-18.0,62.0,-8.0,15.0,-921.0,-326.0
606,11.0,-236.0,-97.0,-19.0,62.0,-5.0,19.0,-921.0,-327.0
607,11.0,-240.0,-100.0,-18.0,62.0,-7.0,20.0,-925.0,-327.0
608,14.0,-239.0,-95.0,-16.0,61.0,-4.0,19.0,-925.0,-326.0
609,11.0,-238.0,-98.0,-14.0,63.0,-5.0,20.0,-925.0,-323.0
610,14.0,-239.0,-95.0,-14.0,66.0,-3.0,15.0,-918.0,-323.0
611,10.0,-239.0,-97.0,-15.0,66.0,-3.0,15.0,-925.0,-325.0
612,12.0,-237.0,-100.0,-16.0,66.0,-2.0,20.0,-923.0,-326.0
613,13.0,-239.0,-98.0,-20.0,67.0,-4.0,16.0,-927.0,-328.0
614,9.0,-237.0,-101.0,-23.0,69.0,-1.0,16.0,-923.0,-329.0
615,9.0,-236.0,-100.0,-25.0,67.0,-3.0,16.0,-923.0,-326.0
616,10.0,-237.0,-101.0,-27.0,67.0,0.0,12.0,-919.0,-330.0
617,11.0,-238.0,-97.0,-28.0,67.0,-4.0,19.0,-926.0,-329.0
618,14.0,-242.0,-103.0,-30.0,67.0,-2.0,13.0,-925.0,-329.0
619,13.0,-241.0,-100.0,-30.0,66.0,-5.0,16.0,-928.0,-332.0
620,10.0,-241.0,-100.0,-28.0,64.0,-2.0,15.0,-928.0,-327.0
621,11.0,-239.0,-99.0,-26.0,62.0,-4.0,15.0,-927.0,-327.0
622,11.0,-242.0,-98.0,-21.0,62.0,-2.0,16.0,-922.0,-328.0
623,10.0,-238.0,-102.0,-19.0,61.0,-4.0,18.0,-922.0,-323.0
624,12.0,-240.0,-102.0,-17.0,59.0,-5.0,18.0,-921.0,-328.0
625,11.0,-240.0,-100.0,-17.0,57.0,-7.0,15.0,-926.0,-328.0
626,10.0,-238.0,-100.0,-16.0,56.0,-4.0,22.0,-920.0,-328.0
627,12.0,-238.0,-96.0,-18.0,55.0,-7.0,18.0,-919.0,-330.0
628,10.0,-237.0,-101.0,-20.0,54.0,-4.0,22.0,-923.0,-325.0
629,13.0,-239.0,-102.0,-23.0,54.0,-7.0,20.0,-923.0,-328.0
630,13.0,-240.0,-98.0,-28.0,54.0,-3.0,21.0,-920.0,-330.0
631,11.0,-238.0,-97.0,-31.0,54.0,-6.0,22.0,-915.0,-326.0
632,13.0,-234.0,-100.0,-35.0,56.0,-3.0,22.0,-918.0,-332.0
633,14.0,-237.0,-101.0,-41.0,58.0,-4.0,23.0,-915.0,-330.0
634,15.0,-240.0,-101.0,-45.0,60.0,-2.0,22.0,-917.0,-334.0
635,9.0,-239.0,-100.0,-50.0,61.0,-2.0,23.0,-916.0,-330.0
636,10.0,-239.0,-97.0,-52.0,61.0,1.0,20.0,-919.0,-326.0
637,12.0,-239.0,-99.0,-54.0,61.0,-1.0,24.0,-920.0,-333.0
638,11.0,-239.0,-100.0,-54.0,62.0,2.0,20.0,-923.0,-329.0
639,12.0,-239.0,-99.0,-51.0,62.0,1.0,21.0,-924.0,-335.0
640,10.0,-240.0,-101.0,-47.0,62.0,2.0,16.0,-925.0,-333.0
641,10.0,-237.0,-101.0,-42.0,61.0,0.0,17.0,-928.0,-333.0
642,11.0,-239.0,-100.0,-39.0,61.0,3.0,15.0,-927.0,-332.0
643,9.0,-237.0,-103.0,-36.0,60.0,0.0,12.0,-926.0,-335.0
644,12.0,-241.0,-101.0,-31.0,59.0,1.0,14.0,-930.0,-333.0
645,9.0,-240.0,-103.0,-30.0,58.0,0.0,14.0,-926.0,-333.0
646,10.0,-239.0,-101.0,-29.0,61.0,0.0,11.0,-930.0,-328.0
647,6.0,-242.0,-98.0,-27.0,62.0,-1.0,11.0,-928.0,-333.0
648,8.0,-241.0,-103.0,-23.0,64.0,0.0,13.0,-931.0,-326.0
649,11.0,-240.0,-103.0,-21.0,63.0,-2.0,10.0,-928.0,-332.0
650,10.0,-239.0,-99.0,-19.0,63.0,0.0,10.0,-926.0,-323.0
651,11.0,-238.0,-100.0,-18.0,65.0,-4.0,10.0,-925.0,-329.0
652,6.0,-239.0,-100.0,-19.0,65.0,-2.0,10.0,-929.0,-323.0
653,10.0,-237.0,-100.0,-20.0,65.0,-6.0,17.0,-923.0,-324.0
654,9.0,-237.0,-101.0,-20.0,65.0,-5.0,13.0,-925.0,-324.0
655,8.0,-239.0,-102.0,-22.0,64.0,-7.0,11.0,-925.0,-329.0
656,10.0,-237.0,-99.0,-22.0,64.0,-5.0,12.0,-917.0,-332.0
657,11.0,-235.0,-101.0,-22.0,64.0,-7.0,15.0,-919.0,-328.0
658,11.0,-238.0,-100.0,-23.0,64.0,-5.0,19.0,-919.0,-328.0
659,14.0,-236.0,-101.0,-24.0,67.0,-6.0,21.0,-913.0,-328.0
660,10.0,-238.0,-99.0,-25.0,69.0,-3.0,20.0,-921.0,-330.0
661,12.0,-240.0,-105.0,-25.0,70.0,-5.0,17.0,-922.0,-331.0
662,9.0,-234.0,-98.0,-25.0,71.0,-1.0,20.0,-919.0,-330.0
663,12.0,-239.0,-101.0,-27.0,73.0,-4.0,14.0,-922.0,-330.0
664,11.0,-236.0,-98.0,-26.0,73.0,-1.0,21.0,-925.0,-330.0
665,12.0,-237.0,-98.0,-24.0,72.0,-4.0,17.0,-926.0,-332.0
666,11.0,-240.0,-105.0,-23.0,73.0,-3.0,17.0,-926.0,-333.0
667,11.0,-241.0,-100.0,-23.0,72.0,-4.0,11.0,-929.0,-329.0
668,11.0,-240.0,-101.0,-21.0,71.0,-4.0,14.0,-928.0,-333.0
669,8.0,-240.0,-101.0,-20.0,72.0,-5.0,18.0,-928.0,-331.0
670,8.0,-240.0,-98.0,-17.0,73.0,-4.0,15.0,-930.0,-332.0
671,7.0,-237.0,-99.0,-16.0,71.0,-6.0,17.0,-924.0,-332.0
672,8.0,-239.0,-101.0,-16.0,70.0,-5.0,12.0,-926.0,-336.0
673,6.0,-235.0,-102.0,-14.0,70.0,-7.0,12.0,-926.0,-336.0
674,10.0,-240.0,-104.0,-14.0,69.0,-4.0,13.0,-921.0,-337.0
675,10.0,-239.0,-104.0,-12.0,70.0,-6.0,17.0,-920.0,-337.0
676,12.0,-237.0,-101.0,-14.0,68.0,-5.0,16.0,-917.0,-335.0
677,8.0,-239.0,-102.0,-15.0,67.0,-6.0,15.0,-921.0,-335.0
678,11.0,-236.0,-101.0,-17.0,66.0,-4.0,18.0,-919.0,-335.0
679,10.0,-238.0,-101.0,-18.0,67.0,-6.0,17.0,-914.0,-335.0
680,11.0,-236.0,-101.0,-17.0,68.0,-4.0,17.0,-919.0,-340.0
681,12.0,-236.0,-100.0,-16.0,67.0,-5.0,15.0,-916.0,-332.0
682,11.0,-236.0,-100.0,-16.0,68.0,-5.0,18.0,-920.0,-335.0
683,12.0,-239.0,-102.0,-16.0,66.0,-7.0,16.0,-921.0,-332.0
684,9.0,-236.0,-102.0,-17.0,66.0,-7.0,19.0,-920.0,-333.0
685,12.0,-237.0,-101.0,-19.0,66.0,-7.0,17.0,-919.0,-331.0
686,10.0,-239.0,-101.0,-23.0,65.0,-5.0,14.0,-921.0,-334.0
687,11.0,-239.0,-102.0,-27.0,67.0,-8.0,18.0,-919.0,-333.0
688,10.0,-239.0,-102.0,-31.0,66.0,-6.0,14.0,-917.0,-335.0
689,13.0,-237.0,-98.0,-36.0,66.0,-7.0,20.0,-919.0,-338.0
690,10.0,-239.0,-101.0,-40.0,64.0,-7.0,17.0,-925.0,-337.0
691,11.0,-240.0,-102.0,-42.0,65.0,-8.0,16.0,-925.0,-335.0
692,12.0,-237.0,-101.0,-42.0,63.0,-6.0,17.0,-926.0,-334.0
693,12.0,-239.0,-100.0,-41.0,64.0,-9.0,19.0,-924.0,-337.0
694,10.0,-241.0,-105.0,-38.0,61.0,-8.0,18.0,-924.0,-338.0
695,10.0,-241.0,-103.0,-33.0,59.0,-10.0,18.0,-926.0,-337.0
696,12.0,-240.0,-104.0,-29.0,58.0,-9.0,19.0,-924.0,-338.0
697,10.0,-239.0,-100.0,-24.0,56.0,-12.0,18.0,-930.0,-332.0
698,10.0,-239.0,-101.0,-20.0,52.0,-11.0,16.0,-926.0,-330.0
699,11.0,-238.0,-102.0,-16.0,50.0,-12.0,17.0,-927.0,-332.0
700,12.0,-239.0,-101.0,-13.0,48.0,-10.0,16.0,-920.0,-332.0
701,12.0,-240.0,-98.0,-10.0,48.0,-11.0,12.0,-919.0,-336.0
702,13.0,-238.0,-101.0,-8.0,47.0,-9.0,16.0,-923.0,-333.0
703,8.0,-237.0,-99.0,-9.0,47.0,-8.0,12.0,-916.0,-326.0
704,9.0,-237.0,-103.0,-10.0,46.0,-6.0,14.0,-917.0,-322.0
705,13.0,-238.0,-100.0,-12.0,48.0,-6.0,20.0,-918.0,-324.0
706,12.0,-237.0,-96.0,-16.0,47.0,-5.0,17.0,-925.0,-325.0
707,11.0,-239.0,-99.0,-18.0,49.0,-6.0,15.0,-922.0,-325.0
708,11.0,-241.0,-99.0,-22.0,50.0,-3.0,14.0,-923.0,-324.0
709,11.0,-240.0,-99.0,-25.0,53.0,-5.0,19.0,-925.0,-323.0
710,11.0,-237.0,-98.0,-31.0,56.0,-6.0,20.0,-924.0,-327.0
711,13.0,-238.0,-102.0,-35.0,57.0,-6.0,20.0,-924.0,-326.0
712,12.0,-238.0,-98.0,-38.0,59.0,-6.0,20.0,-927.0,-332.0
713,12.0,-239.0,-100.0,-41.0,63.0,-8.0,22.0,-925.0,-332.0
714,13.0,-238.0,-107.0,-42.0,67.0,-9.0,23.0,-928.0,-331.0
715,12.0,-241.0,-105.0,-45.0,68.0,-10.0,25.0,-923.0,-331.0
716,12.0,-238.0,-102.0,-44.0,68.0,-8.0,21.0,-923.0,-335.0
717,14.0,-242.0,-102.0,-45.0,68.0,-9.0,20.0,-925.0,-335.0
718,12.0,-241.0,-102.0,-42.0,67.0,-8.0,18.0,-926.0,-335.0
719,10.0,-239.0,-101.0,-39.0,67.0,-8.0,18.0,-922.0,-340.0
720,13.0,-237.0,-101.0,-34.0,67.0,-6.0,17.0,-924.0,-338.0
721,12.0,-240.0,-100.0,-26.0,69.0,-5.0,16.0,-920.0,-340.0
722,12.0,-243.0,-102.0,-20.0,69.0,-6.0,18.0,-923.0,-338.0
723,11.0,-241.0,-102.0,-16.0,68.0,-5.0,17.0,-923.0,-336.0
724,11.0,-241.0,-97.0,-13.0,69.0,-3.0,13.0,-923.0,-333.0
725,12.0,-239.0,-103.0,-12.0,69.0,-3.0,14.0,-920.0,-334.0
726,8.0,-234.0,-103.0,-11.0,68.0,-1.0,12.0,-923.0,-334.0
727,11.0,-240.0,-99.0,-13.0,67.0,-1.0,9.0,-919.0,-334.0
728,10.0,-238.0,-102.0,-15.0,69.0,-1.0,12.0,-928.0,-332.0
729,10.0,-241.0,-103.0,-16.0,68.0,-3.0,12.0,-924.0,-331.0
730,9.0,-237.0,-103.0,-17.0,67.0,-3.0,10.0,-918.0,-334.0
731,12.0,-239.0,-101.0,-22.0,67.0,-4.0,12.0,-923.0,-336.0
732,10.0,-237.0,-99.0,-23.0,67.0,-4.0,12.0,-920.0,-330.0
733,10.0,-239.0,-100.0,-25.0,65.0,-5.0,14.0,-919.0,-333.0
734,12.0,-240.0,-101.0,-24.0,65.0,-7.0,11.0,-924.0,-332.0
735,8.0,-237.0,-100.0,-24.0,65.0,-8.0,14.0,-921.0,-333.0
736,11.0,-241.0,-103.0,-25.0,64.0,-8.0,13.0,-922.0,-340.0
737,10.0,-236.0,-105.0,-24.0,61.0,-10.0,15.0,-924.0,-335.0
738,11.0,-238.0,-101.0,-25.0,58.0,-12.0,16.0,-926.0,-340.0
739,13.0,-239.0,-104.0,-24.0,56.0,-14.0,18.0,-922.0,-344.0
740,10.0,-240.0,-103.0,-24.0,55.0,-13.0,15.0,-919.0,-342.0
741,10.0,-237.0,-101.0,-25.0,53.0,-14.0,20.0,-919.0,-337.0
742,11.0,-238.0,-105.0,-24.0,52.0,-14.0,18.0,-921.0,-340.0
743,12.0,-241.0,-106.0,-25.0,54.0,-12.0,20.0,-920.0,-343.0
744,13.0,-239.0,-103.0,-25.0,54.0,-13.0,19.0,-919.0,-337.0
745,11.0,-238.0,-106.0,-26.0,54.0,-13.0,21.0,-919.0,-343.0
746,12.0,-239.0,-105.0,-26.0,53.0,-12.0,21.0,-923.0,-341.0
747,11.0,-236.0,-105.0,-27.0,54.0,-11.0,17.0,-921.0,-335.0
748,14.0,-240.0,-104.0,-28.0,53.0,-10.0,21.0,-916.0,-340.0
749,12.0,-237.0,-105.0,-29.0,55.0,-9.0,18.0,-916.0,-338.0
750,14.0,-237.0,-100.0,-28.0,57.0,-8.0,19.0,-919.0,-341.0
751,10.0,-238.0,-104.0,-28.0,58.0,-7.0,20.0,-917.0,-337.0
752,14.0,-236.0,-104.0,-27.0,59.0,-7.0,16.0,-920.0,-339.0
753,10.0,-238.0,-102.0,-27.0,60.0,-6.0,20.0,-921.0,-333.0
754,13.0,-239.0,-102.0,-26.0,60.0,-6.0,16.0,-917.0,-342.0
755,11.0,-239.0,-102.0,-25.0,60.0,-6.0,17.0,-928.0,-339.0
756,12.0,-239.0,-104.0,-25.0,61.0,-6.0,19.0,-926.0,-334.0
757,10.0,-236.0,-103.0,-27.0,60.0,-6.0,17.0,-925.0,-336.0
758,10.0,-237.0,-101.0,-29.0,59.0,-7.0,19.0,-919.0,-341.0
759,14.0,-241.0,-104.0,-29.0,57.0,-7.0,13.0,-919.0,-337.0
760,10.0,-239.0,-102.0,-31.0,57.0,-8.0,20.0,-920.0,-334.0
761,8.0,-239.0,-105.0,-28.0,57.0,-9.0,14.0,-922.0,-343.0
762,14.0,-238.0,-103.0,-27.0,56.0,-9.0,12.0,-920.0,-341.0
763,11.0,-240.0,-103.0,-27.0,55.0,-10.0,12.0,-923.0,-343.0
764,12.0,-237.0,-102.0,-23.0,54.0,-12.0,14.0,-922.0,-335.0
765,11.0,-238.0,-104.0,-23.0,57.0,-10.0,15.0,-921.0,-333.0
766,12.0,-240.0,-102.0,-21.0,57.0,-9.0,15.0,-923.0,-336.0
767,14.0,-239.0,-101.0,-19.0,57.0,-9.0,16.0,-919.0,-331.0
768,11.0,-238.0,-102.0,-17.0,58.0,-10.0,15.0,-922.0,-339.0
769,8.0,-235.0,-102.0,-16.0,59.0,-8.0,19.0,-924.0,-339.0
770,10.0,-237.0,-96.0,-15.0,61.0,-9.0,19.0,-917.0,-333.0
771,13.0,-239.0,-102.0,-17.0,62.0,-10.0,20.0,-922.0,-335.0
772,13.0,-239.0,-101.0,-18.0,62.0,-9.0,19.0,-918.0,-332.0
773,12.0,-236.0,-104.0,-16.0,62.0,-10.0,18.0,-922.0,-337.0
774,13.0,-239.0,-101.0,-16.0,63.0,-10.0,21.0,-920.0,-335.0
775,9.0,-234.0,-103.0,-15.0,64.0,-8.0,21.0,-922.0,-338.0
776,12.0,-238.0,-98.0,-16.0,63.0,-10.0,22.0,-923.0,-331.0
777,13.0,-238.0,-100.0,-16.0,65.0,-9.0,22.0,-921.0,-337.0
778,11.0,-239.0,-105.0,-17.0,65.0,-10.0,23.0,-920.0,-334.0
779,9.0,-237.0,-105.0,-17.0,65.0,-8.0,21.0,-919.0,-336.0
780,11.0,-236.0,-102.0,-20.0,63.0,-10.0,19.0,-923.0,-341.0
781,12.0,-234.0,-102.0,-21.0,62.0,-10.0,19.0,-918.0,-345.0
782,8.0,-235.0,-102.0,-24.0,62.0,-9.0,18.0,-917.0,-346.0
783,10.0,-237.0,-99.0,-27.0,61.0,-8.0,19.0,-919.0,-344.0
784,13.0,-238.0,-100.0,-28.0,61.0,-9.0,15.0,-921.0,-342.0
785,10.0,-239.0,-100.0,-31.0,62.0,-8.0,18.0,-922.0,-342.0
786,12.0,-237.0,-101.0,-30.0,64.0,-10.0,12.0,-923.0,-339.0
787,11.0,-239.0,-102.0,-30.0,65.0,-7.0,18.0,-919.0,-344.0
788,12.0,-238.0,-102.0,-29.0,67.0,-8.0,19.0,-918.0,-341.0
789,11.0,-238.0,-102.0,-25.0,68.0,-10.0,17.0,-925.0,-344.0
790,13.0,-241.0,-105.0,-23.0,68.0,-9.0,15.0,-920.0,-341.0
791,14.0,-239.0,-106.0,-21.0,67.0,-9.0,21.0,-920.0,-338.0
792,11.0,-237.0,-100.0,-19.0,68.0,-10.0,18.0,-919.0,-341.0
793,11.0,-237.0,-104.0,-18.0,67.0,-10.0,20.0,-919.0,-342.0
794,14.0,-237.0,-100.0,-17.0,67.0,-9.0,16.0,-925.0,-336.0
795,10.0,-237.0,-99.0,-14.0,66.0,-9.0,22.0,-923.0,-340.0
796,14.0,-239.0,-102.0,-15.0,68.0,-11.0,19.0,-918.0,-334.0
797,10.0,-239.0,-105.0,-14.0,68.0,-9.0,20.0,-918.0,-340.0
798,12.0,-238.0,-103.0,-13.0,67.0,-11.0,17.0,-919.0,-341.0
799,12.0,-240.0,-101.0,-13.0,67.0,-9.0,16.0,-918.0,-338.0
800,13.0,-243.0,-104.0,-16.0,67.0,-11.0,20.0,-917.0,-334.0
801,14.0,-239.0,-101.0,-16.0,66.0,-9.0,22.0,-924.0,-337.0
802,12.0,-238.0,-104.0,-18.0,66.0,-9.0,17.0,-920.0,-339.0
803,14.0,-237.0,-101.0,-19.0,65.0,-8.0,20.0,-920.0,-339.0
804,12.0,-237.0,-102.0,-22.0,66.0,-8.0,20.0,-919.0,-336.0
805,12.0,-237.0,-99.0,-24.0,62.0,-6.0,18.0,-919.0,-341.0
806,12.0,-237.0,-100.0,-25.0,62.0,-7.0,20.0,-914.0,-336.0
807,12.0,-235.0,-102.0,-26.0,60.0,-6.0,19.0,-909.0,-346.0
808,13.0,-237.0,-104.0,-30.0,61.0,-8.0,17.0,-915.0,-342.0
809,9.0,-236.0,-104.0,-31.0,62.0,-5.0,20.0,-914.0,-339.0
810,13.0,-238.0,-105.0,-33.0,61.0,-6.0,24.0,-915.0,-344.0
811,14.0,-235.0,-102.0,-32.0,62.0,-6.0,20.0,-914.0,-343.0
812,11.0,-237.0,-103.0,-31.0,61.0,-7.0,22.0,-920.0,-348.0
813,14.0,-236.0,-102.0,-31.0,62.0,-5.0,20.0,-921.0,-339.0
814,12.0,-236.0,-105.0,-30.0,62.0,-6.0,22.0,-919.0,-339.0
815,17.0,-239.0,-106.0,-26.0,64.0,-3.0,19.0,-919.0,-338.0
816,13.0,-240.0,-100.0,-22.0,66.0,-5.0,21.0,-917.0,-344.0
817,12.0,-239.0,-102.0,-17.0,65.0,-4.0,22.0,-926.0,-341.0
818,11.0,-237.0,-101.0,-15.0,67.0,-5.0,20.0,-926.0,-339.0
819,12.0,-239.0,-99.0,-11.0,67.0,-2.0,18.0,-924.0,-337.0
820,12.0,-237.0,-104.0,-7.0,67.0,-6.0,21.0,-918.0,-344.0
821,13.0,-238.0,-109.0,-6.0,68.0,-4.0,16.0,-922.0,-332.0
822,12.0,-241.0,-106.0,-8.0,68.0,-7.0,23.0,-918.0,-338.0
823,10.0,-241.0,-85.0,-10.0,67.0,-6.0,21.0,-923.0,-340.0
824,10.0,-238.0,-102.0,-11.0,66.0,-7.0,20.0,-918.0,-340.0
825,12.0,-237.0,-103.0,-12.0,63.0,-6.0,22.0,-918.0,-340.0
826,10.0,-236.0,-105.0,-17.0,62.0,-8.0,19.0,-920.0,-344.0
827,12.0,-235.0,-103.0,-20.0,60.0,-7.0,23.0,-916.0,-344.0
828,10.0,-234.0,-104.0,-24.0,60.0,-7.0,22.0,-919.0,-342.0
829,12.0,-239.0,-107.0,-28.0,58.0,-6.0,22.0,-912.0,-345.0
830,12.0,-239.0,-104.0,-31.0,58.0,-8.0,22.0,-920.0,-340.0
831,12.0,-237.0,-100.0,-31.0,56.0,-5.0,16.0,-920.0,-340.0
832,11.0,-237.0,-104.0,-30.0,57.0,-7.0,20.0,-920.0,-335.0
833,12.0,-236.0,-101.0,-28.0,57.0,-3.0,15.0,-919.0,-337.0
834,11.0,-237.0,-102.0,-27.0,56.0,-4.0,19.0,-918.0,-339.0
835,13.0,-237.0,-108.0,-25.0,57.0,-2.0,21.0,-917.0,-338.0
836,11.0,-236.0,-105.0,-25.0,57.0,-4.0,19.0,-917.0,-340.0
837,12.0,-236.0,-105.0,-23.0,59.0,-2.0,16.0,-916.0,-341.0
838,11.0,-236.0,-103.0,-23.0,60.0,-3.0,17.0,-916.0,-341.0
839,13.0,-242.0,-105.0,-24.0,59.0,-2.0,20.0,-922.0,-343.0
840,11.0,-237.0,-104.0,-27.0,61.0,-3.0,17.0,-919.0,-346.0
841,15.0,-240.0,-102.0,-30.0,62.0,0.0,19.0,-921.0,-337.0
842,10.0,-233.0,-106.0,-33.0,65.0,-3.0,15.0,-924.0,-340.0
843,9.0,-237.0,-104.0,-32.0,66.0,1.0,20.0,-924.0,-341.0
844,10.0,-240.0,-100.0,-32.0,68.0,-3.0,21.0,-924.0,-338.0
845,10.0,-240.0,-102.0,-29.0,69.0,-2.0,17.0,-926.0,-339.0
846,13.0,-240.0,-103.0,-26.0,70.0,-3.0,20.0,-927.0,-342.0
847,10.0,-237.0,-101.0,-21.0,68.0,-2.0,18.0,-926.0,-334.0
848,12.0,-241.0,-104.0,-17.0,69.0,-3.0,19.0,-924.0,-333.0
849,14.0,-238.0,-100.0,-12.0,66.0,-1.0,22.0,-923.0,-333.0
850,11.0,-236.0,-102.0,-11.0,66.0,-4.0,21.0,-924.0,-334.0
851,13.0,-238.0,-102.0,-10.0,63.0,-1.0,20.0,-922.0,-333.0
852,12.0,-237.0,-103.0,-12.0,61.0,-3.0,21.0,-918.0,-340.0
853,14.0,-234.0,-101.0,-14.0,60.0,0.0,21.0,-916.0,-339.0
854,10.0,-236.0,-103.0,-19.0,57.0,-4.0,25.0,-916.0,-340.0
855,12.0,-236.0,-103.0,-24.0,53.0,-1.0,26.0,-916.0,-335.0
856,11.0,-235.0,-102.0,-28.0,50.0,-3.0,22.0,-914.0,-342.0
857,12.0,-237.0,-104.0,-38.0,48.0,1.0,19.0,-914.0,-342.0
858,13.0,-236.0,-105.0,-42.0,48.0,-2.0,20.0,-913.0,-345.0
859,15.0,-235.0,-105.0,-46.0,47.0,0.0,22.0,-912.0,-342.0
860,14.0,-236.0,-104.0,-52.0,46.0,-4.0,21.0,-912.0,-353.0
861,12.0,-235.0,-101.0,-55.0,45.0,0.0,21.0,-914.0,-346.0
862,14.0,-237.0,-104.0,-55.0,47.0,-1.0,23.0,-916.0,-353.0
863,14.0,-238.0,-106.0,-54.0,47.0,0.0,18.0,-914.0,-351.0
864,15.0,-241.0,-105.0,-53.0,46.0,-3.0,21.0,-914.0,-350.0
865,13.0,-237.0,-105.0,-51.0,48.0,0.0,21.0,-916.0,-350.0
866,10.0,-238.0,-105.0,-47.0,50.0,-2.0,22.0,-916.0,-350.0
867,11.0,-238.0,-104.0,-42.0,53.0,0.0,22.0,-920.0,-354.0
868,12.0,-239.0,-101.0,-39.0,55.0,-1.0,17.0,-922.0,-358.0
869,14.0,-238.0,-105.0,-34.0,59.0,-2.0,20.0,-928.0,-351.0
870,11.0,-237.0,-106.0,-30.0,59.0,-5.0,20.0,-917.0,-354.0
871,12.0,-239.0,-103.0,-27.0,61.0,-4.0,20.0,-923.0,-355.0
872,11.0,-241.0,-101.0,-24.0,62.0,-7.0,15.0,-917.0,-344.0
873,10.0,-239.0,-103.0,-22.0,63.0,-4.0,17.0,-921.0,-355.0
874,10.0,-240.0,-104.0,-23.0,65.0,-8.0,12.0,-922.0,-346.0
875,10.0,-235.0,-106.0,-25.0,66.0,-6.0,13.0,-920.0,-349.0
876,10.0,-239.0,-104.0,-29.0,67.0,-8.0,18.0,-919.0,-351.0
877,9.0,-238.0,-105.0,-34.0,66.0,-6.0,11.0,-919.0,-345.0
878,10.0,-238.0,-103.0,-39.0,65.0,-8.0,15.0,-916.0,-346.0
879,9.0,-236.0,-100.0,-43.0,64.0,-4.0,9.0,-913.0,-343.0
880,9.0,-234.0,-104.0,-46.0,66.0,-5.0,14.0,-915.0,-348.0
881,8.0,-234.0,-106.0,-48.0,66.0,-4.0,15.0,-912.0,-345.0
882,11.0,-236.0,-102.0,-51.0,67.0,-4.0,15.0,-912.0,-345.0
883,11.0,-232.0,-107.0,-55.0,65.0,0.0,16.0,-909.0,-351.0
884,10.0,-233.0,-105.0,-59.0,64.0,-1.0,15.0,-908.0,-351.0
885,11.0,-233.0,-105.0,-63.0,64.0,0.0,22.0,-906.0,-341.0
886,11.0,-236.0,-103.0,-65.0,63.0,-2.0,18.0,-905.0,-340.0
887,11.0,-234.0,-107.0,-66.0,61.0,1.0,21.0,-910.0,-346.0
888,13.0,-235.0,-100.0,-66.0,63.0,0.0,25.0,-908.0,-341.0
889,14.0,-236.0,-105.0,-67.0,61.0,2.0,26.0,-912.0,-342.0
890,11.0,-235.0,-104.0,-68.0,61.0,0.0,22.0,-912.0,-342.0
891,12.0,-232.0,-107.0,-70.0,59.0,2.0,21.0,-909.0,-343.0
892,14.0,-233.0,-106.0,-73.0,57.0,-1.0,21.0,-915.0,-346.0
893,15.0,-235.0,-103.0,-76.0,57.0,0.0,22.0,-912.0,-346.0
894,14.0,-239.0,-103.0,-78.0,57.0,-3.0,20.0,-915.0,-345.0
895,14.0,-237.0,-103.0,-83.0,58.0,-3.0,21.0,-917.0,-344.0
896,10.0,-238.0,-106.0,-90.0,56.0,-5.0,19.0,-919.0,-355.0
897,12.0,-240.0,-105.0,-94.0,59.0,-4.0,17.0,-923.0,-351.0
898,9.0,-239.0,-106.0,-97.0,58.0,-6.0,13.0,-924.0,-355.0
899,11.0,-240.0,-107.0,-101.0,59.0,-5.0,13.0,-924.0,-354.0
900,10.0,-240.0,-109.0,-102.0,59.0,-8.0,15.0,-924.0,-356.0
901,10.0,-240.0,-107.0,-102.0,59.0,-8.0,14.0,-922.0,-357.0
902,12.0,-238.0,-109.0,-100.0,59.0,-11.0,15.0,-924.0,-355.0
903,10.0,-238.0,-106.0,-97.0,56.0,-8.0,15.0,-922.0,-363.0
904,12.0,-235.0,-109.0,-90.0,54.0,-10.0,15.0,-916.0,-362.0
905,10.0,-238.0,-105.0,-85.0,54.0,-7.0,15.0,-913.0,-362.0
906,11.0,-234.0,-108.0,-77.0,56.0,-9.0,18.0,-911.0,-363.0
907,10.0,-236.0,-103.0,-69.0,56.0,-4.0,17.0,-908.0,-362.0
908,12.0,-234.0,-106.0,-62.0,57.0,-6.0,17.0,-903.0,-365.0
909,12.0,-236.0,-108.0,-57.0,56.0,-2.0,20.0,-906.0,-365.0
910,10.0,-231.0,-109.0,-54.0,55.0,-3.0,17.0,-904.0,-365.0
911,12.0,-231.0,-108.0,-52.0,54.0,1.0,23.0,-908.0,-363.0
912,13.0,-236.0,-111.0,-54.0,56.0,2.0,22.0,-905.0,-362.0
913,17.0,-233.0,-105.0,-56.0,57.0,6.0,21.0,-903.0,-354.0
914,11.0,-232.0,-108.0,-60.0,56.0,4.0,21.0,-906.0,-358.0
915,11.0,-233.0,-108.0,-68.0,55.0,8.0,20.0,-905.0,-354.0
916,13.0,-233.0,-107.0,-76.0,56.0,5.0,18.0,-908.0,-346.0
917,11.0,-233.0,-101.0,-86.0,54.0,8.0,16.0,-907.0,-338.0
918,13.0,-236.0,-104.0,-95.0,50.0,5.0,17.0,-912.0,-342.0
919,11.0,-233.0,-104.0,-109.0,49.0,6.0,19.0,-908.0,-345.0
920,11.0,-233.0,-101.0,-122.0,48.0,4.0,20.0,-910.0,-343.0
921,11.0,-234.0,-104.0,-138.0,46.0,6.0,19.0,-909.0,-337.0
922,13.0,-236.0,-107.0,-151.0,46.0,1.0,19.0,-910.0,-346.0
923,12.0,-233.0,-106.0,-164.0,47.0,4.0,17.0,-909.0,-345.0
924,11.0,-233.0,-107.0,-174.0,47.0,2.0,20.0,-907.0,-350.0
925,10.0,-232.0,-108.0,-184.0,46.0,5.0,15.0,-908.0,-359.0
926,11.0,-230.0,-104.0,-196.0,42.0,2.0,19.0,-903.0,-362.0
927,10.0,-230.0,-110.0,-208.0,42.0,4.0,18.0,-901.0,-363.0
928,10.0,-232.0,-112.0,-214.0,41.0,1.0,18.0,-903.0,-365.0
929,11.0,-232.0,-103.0,-218.0,40.0,4.0,16.0,-900.0,-368.0
930,12.0,-230.0,-110.0,-218.0,38.0,2.0,17.0,-898.0,-365.0
931,10.0,-232.0,-109.0,-216.0,38.0,3.0,16.0,-896.0,-367.0
932,12.0,-229.0,-110.0,-212.0,35.0,1.0,16.0,-900.0,-371.0
933,12.0,-231.0,-112.0,-205.0,35.0,3.0,16.0,-896.0,-376.0
934,13.0,-230.0,-112.0,-200.0,35.0,1.0,19.0,-897.0,-375.0
935,9.0,-230.0,-111.0,-198.0,35.0,3.0,18.0,-897.0,-376.0
936,12.0,-232.0,-111.0,-198.0,36.0,0.0,16.0,-900.0,-375.0
937,9.0,-232.0,-113.0,-201.0,37.0,6.0,16.0,-904.0,-369.0
938,12.0,-235.0,-111.0,-208.0,40.0,6.0,18.0,-909.0,-363.0
939,12.0,-236.0,-109.0,-216.0,43.0,9.0,14.0,-914.0,-360.0
940,13.0,-238.0,-106.0,-221.0,47.0,7.0,16.0,-913.0,-360.0
941,6.0,-237.0,-105.0,-225.0,51.0,12.0,17.0,-917.0,-357.0
942,15.0,-240.0,-102.0,-227.0,55.0,10.0,19.0,-915.0,-352.0
943,5.0,-241.0,-100.0,-226.0,59.0,13.0,17.0,-915.0,-349.0
944,11.0,-230.0,-112.0,-225.0,62.0,10.0,18.0,-914.0,-346.0
945,21.0,-235.0,-105.0,-226.0,64.0,12.0,17.0,-916.0,-354.0
946,0.0,-227.0,-106.0,-226.0,65.0,9.0,18.0,-910.0,-359.0
947,12.0,-235.0,-110.0,-229.0,65.0,11.0,9.0,-911.0,-366.0
948,12.0,-244.0,-108.0,-230.0,66.0,8.0,11.0,-912.0,-370.0
949,11.0,-238.0,-110.0,-227.0,66.0,11.0,13.0,-909.0,-368.0
950,14.0,-235.0,-109.0,-222.0,66.0,9.0,16.0,-912.0,-377.0
951,10.0,-236.0,-109.0,-216.0,67.0,13.0,17.0,-917.0,-372.0
952,9.0,-237.0,-110.0,-208.0,67.0,12.0,12.0,-913.0,-377.0
953,10.0,-234.0,-108.0,-200.0,67.0,16.0,16.0,-914.0,-373.0
954,10.0,-240.0,-116.0,-190.0,66.0,14.0,13.0,-919.0,-372.0
955,9.0,-239.0,-111.0,-181.0,66.0,14.0,9.0,-919.0,-373.0
956,10.0,-237.0,-107.0,-171.0,66.0,12.0,10.0,-919.0,-370.0
957,9.0,-236.0,-115.0,-165.0,65.0,15.0,8.0,-916.0,-370.0
958,10.0,-237.0,-108.0,-158.0,66.0,14.0,9.0,-911.0,-368.0
959,11.0,-234.0,-110.0,-155.0,68.0,17.0,10.0,-905.0,-365.0
960,13.0,-235.0,-109.0,-153.0,72.0,16.0,11.0,-905.0,-371.0
961,11.0,-234.0,-110.0,-155.0,75.0,17.0,14.0,-901.0,-371.0
962,10.0,-230.0,-111.0,-161.0,77.0,19.0,16.0,-898.0,-374.0
963,13.0,-233.0,-111.0,-170.0,80.0,20.0,12.0,-895.0,-376.0
964,11.0,-229.0,-111.0,-180.0,83.0,18.0,15.0,-891.0,-385.0
965,12.0,-230.0,-111.0,-192.0,84.0,20.0,15.0,-885.0,-394.0
966,11.0,-225.0,-116.0,-206.0,83.0,19.0,17.0,-880.0,-391.0
967,10.0,-222.0,-117.0,-220.0,81.0,20.0,18.0,-875.0,-392.0
968,9.0,-224.0,-121.0,-236.0,79.0,19.0,18.0,-877.0,-400.0
969,13.0,-226.0,-119.0,-251.0,76.0,21.0,25.0,-876.0,-406.0
970,10.0,-223.0,-119.0,-268.0,72.0,18.0,21.0,-873.0,-406.0
971,14.0,-224.0,-119.0,-286.0,71.0,19.0,20.0,-870.0,-411.0
972,11.0,-221.0,-123.0,-298.0,71.0,18.0,20.0,-872.0,-414.0
973,13.0,-220.0,-119.0,-305.0,70.0,19.0,27.0,-859.0,-413.0
974,12.0,-221.0,-122.0,-316.0,69.0,17.0,21.0,-872.0,-429.0
975,13.0,-223.0,-123.0,-335.0,70.0,20.0,21.0,-876.0,-416.0
976,12.0,-221.0,-122.0,-348.0,72.0,21.0,22.0,-872.0,-425.0
977,11.0,-223.0,-122.0,-364.0,73.0,26.0,17.0,-875.0,-422.0
978,11.0,-222.0,-122.0,-376.0,73.0,25.0,15.0,-865.0,-424.0
979,13.0,-224.0,-119.0,-391.0,75.0,28.0,17.0,-870.0,-429.0
980,8.0,-217.0,-127.0,-401.0,77.0,26.0,15.0,-858.0,-429.0
981,8.0,-223.0,-123.0,-411.0,77.0,26.0,15.0,-863.0,-437.0
982,8.0,-222.0,-124.0,-435.0,77.0,26.0,13.0,-870.0,-428.0
983,8.0,-220.0,-122.0,-451.0,76.0,27.0,12.0,-864.0,-425.0
984,9.0,-219.0,-129.0,-469.0,76.0,24.0,13.0,-863.0,-441.0
985,9.0,-217.0,-126.0,-488.0,74.0,25.0,12.0,-867.0,-439.0
986,10.0,-220.0,-131.0,-504.0,74.0,22.0,11.0,-865.0,-442.0
987,11.0,-221.0,-133.0,-518.0,73.0,22.0,14.0,-859.0,-447.0
988,10.0,-223.0,-129.0,-531.0,72.0,17.0,10.0,-859.0,-451.0
989,10.0,-218.0,-131.0,-537.0,70.0,15.0,17.0,-855.0,-456.0
990,7.0,-219.0,-132.0,-549.0,70.0,9.0,9.0,-863.0,-465.0
991,9.0,-221.0,-136.0,-567.0,70.0,7.0,10.0,-867.0,-462.0
992,8.0,-219.0,-131.0,-575.0,71.0,3.0,12.0,-860.0,-462.0
993,7.0,-221.0,-133.0,-579.0,72.0,0.0,13.0,-868.0,-460.0
994,9.0,-225.0,-130.0,-575.0,71.0,-3.0,10.0,-869.0,-461.0
995,5.0,-221.0,-139.0,-574.0,73.0,-6.0,14.0,-873.0,-486.0
996,9.0,-224.0,-135.0,-584.0,73.0,-10.0,10.0,-864.0,-480.0
997,10.0,-220.0,-135.0,-593.0,72.0,-12.0,13.0,-868.0,-472.0
998,10.0,-221.0,-136.0,-597.0,72.0,-14.0,9.0,-871.0,-478.0
999,9.0,-220.0,-140.0,-602.0,70.0,-13.0,4.0,-869.0,-481.0
1000,11.0,-223.0,-129.0,-608.0,67.0,-13.0,16.0,-866.0,-485.0
1001,7.0,-217.0,-138.0,-611.0,64.0,-13.0,10.0,-856.0,-498.0
1002,9.0,-219.0,-139.0,-624.0,62.0,-15.0,9.0,-862.0,-483.0
1003,7.0,-222.0,-136.0,-623.0,62.0,-18.0,8.0,-862.0,-483.0
1004,9.0,-222.0,-140.0,-617.0,58.0,-21.0,9.0,-867.0,-494.0
1005,8.0,-223.0,-138.0,-617.0,56.0,-23.0,6.0,-864.0,-494.0
1006,5.0,-220.0,-140.0,-617.0,57.0,-23.0,0.0,-869.0,-496.0
1007,6.0,-222.0,-139.0,-613.0,54.0,-17.0,-5.0,-865.0,-498.0
1008,3.0,-221.0,-137.0,-608.0,54.0,-15.0,-9.0,-870.0,-500.0
1009,4.0,-223.0,-145.0,-603.0,50.0,-12.0,-14.0,-865.0,-499.0
1010,3.0,-219.0,-142.0,-599.0,46.0,-14.0,-14.0,-862.0,-502.0
1011,1.0,-222.0,-142.0,-595.0,41.0,-17.0,-16.0,-859.0,-502.0
1012,1.0,-220.0,-139.0,-586.0,36.0,-21.0,-15.0,-857.0,-499.0
1013,0.0,-218.0,-144.0,-572.0,28.0,-22.0,-14.0,-855.0,-509.0
1014,3.0,-222.0,-142.0,-563.0,20.0,-25.0,-12.0,-855.0,-510.0
1015,1.0,-218.0,-146.0,-555.0,11.0,-26.0,-22.0,-855.0,-512.0
1016,2.0,-217.0,-146.0,-554.0,6.0,-28.0,-15.0,-855.0,-523.0
1017,1.0,-213.0,-150.0,-558.0,2.0,-31.0,-19.0,-857.0,-527.0
1018,0.0,-214.0,-146.0,-566.0,1.0,-34.0,-18.0,-848.0,-527.0
1019,2.0,-213.0,-154.0,-567.0,-2.0,-34.0,-10.0,-844.0,-550.0
1020,3.0,-214.0,-158.0,-586.0,-4.0,-36.0,-7.0,-847.0,-545.0
1021,5.0,-215.0,-152.0,-611.0,-2.0,-37.0,3.0,-843.0,-550.0
1022,9.0,-214.0,-152.0,-631.0,2.0,-41.0,0.0,-841.0,-546.0
1023,7.0,-214.0,-156.0,-641.0,3.0,-46.0,8.0,-836.0,-561.0
1024,12.0,-211.0,-160.0,-650.0,5.0,-50.0,10.0,-833.0,-566.0
1025,11.0,-207.0,-160.0,-663.0,9.0,-49.0,12.0,-817.0,-568.0
1026,12.0,-204.0,-158.0,-671.0,9.0,-43.0,25.0,-817.0,-576.0
1027,13.0,-205.0,-167.0,-679.0,13.0,-40.0,30.0,-809.0,-581.0
1028,16.0,-203.0,-164.0,-687.0,13.0,-40.0,30.0,-802.0,-577.0
1029,15.0,-202.0,-166.0,-689.0,15.0,-37.0,37.0,-800.0,-588.0
1030,17.0,-200.0,-163.0,-689.0,14.0,-37.0,40.0,-794.0,-577.0
1031,17.0,-199.0,-164.0,-684.0,14.0,-32.0,41.0,-783.0,-586.0
1032,15.0,-194.0,-163.0,-673.0,13.0,-29.0,35.0,-776.0,-587.0
1033,18.0,-199.0,-167.0,-668.0,8.0,-21.0,48.0,-778.0,-597.0
1034,17.0,-199.0,-170.0,-665.0,9.0,-20.0,46.0,-783.0,-604.0
1035,19.0,-196.0,-170.0,-661.0,11.0,-17.0,43.0,-776.0,-614.0
1036,17.0,-195.0,-167.0,-662.0,10.0,-10.0,42.0,-770.0,-603.0
1037,15.0,-195.0,-170.0,-658.0,12.0,-4.0,37.0,-776.0,-612.0
1038,17.0,-197.0,-171.0,-655.0,17.0,-2.0,36.0,-776.0,-611.0
1039,14.0,-199.0,-166.0,-656.0,25.0,0.0,35.0,-783.0,-606.0
1040,14.0,-198.0,-172.0,-658.0,32.0,1.0,32.0,-791.0,-612.0
1041,14.0,-201.0,-169.0,-658.0,40.0,-1.0,27.0,-796.0,-606.0
1042,11.0,-202.0,-168.0,-657.0,49.0,-2.0,21.0,-787.0,-602.0
1043,13.0,-201.0,-173.0,-647.0,57.0,-3.0,15.0,-792.0,-621.0
1044,9.0,-198.0,-173.0,-646.0,66.0,-8.0,11.0,-782.0,-627.0
1045,6.0,-192.0,-171.0,-650.0,73.0,-12.0,8.0,-762.0,-628.0
1046,8.0,-195.0,-170.0,-659.0,78.0,-15.0,1.0,-756.0,-628.0
1047,6.0,-195.0,-174.0,-666.0,83.0,-18.0,3.0,-751.0,-638.0
1048,3.0,-188.0,-180.0,-684.0,89.0,-22.0,-4.0,-740.0,-646.0
1049,4.0,-184.0,-174.0,-702.0,90.0,-25.0,-3.0,-736.0,-640.0
1050,5.0,-187.0,-178.0,-714.0,88.0,-29.0,-3.0,-727.0,-645.0
1051,3.0,-189.0,-183.0,-730.0,84.0,-34.0,-3.0,-727.0,-653.0
1052,3.0,-185.0,-178.0,-749.0,80.0,-35.0,-6.0,-729.0,-656.0
1053,4.0,-183.0,-180.0,-761.0,75.0,-37.0,-6.0,-720.0,-659.0
1054,2.0,-181.0,-182.0,-772.0,70.0,-39.0,-3.0,-722.0,-659.0
1055,3.0,-181.0,-184.0,-779.0,66.0,-40.0,-7.0,-718.0,-673.0
1056,5.0,-181.0,-189.0,-789.0,58.0,-40.0,-3.0,-714.0,-686.0
1057,2.0,-180.0,-191.0,-800.0,57.0,-41.0,-2.0,-713.0,-688.0
1058,4.0,-180.0,-185.0,-813.0,55.0,-38.0,-3.0,-715.0,-692.0
1059,7.0,-185.0,-186.0,-819.0,54.0,-39.0,1.0,-716.0,-701.0
1060,6.0,-185.0,-189.0,-829.0,53.0,-38.0,2.0,-711.0,-704.0
1061,5.0,-182.0,-197.0,-840.0,54.0,-38.0,3.0,-718.0,-715.0
1062,8.0,-185.0,-195.0,-849.0,54.0,-35.0,6.0,-722.0,-714.0
1063,8.0,-185.0,-193.0,-853.0,54.0,-34.0,14.0,-726.0,-707.0
1064,7.0,-187.0,-191.0,-849.0,53.0,-34.0,13.0,-734.0,-713.0
1065,8.0,-190.0,-192.0,-843.0,53.0,-33.0,9.0,-738.0,-715.0
1066,6.0,-189.0,-197.0,-843.0,49.0,-31.0,9.0,-735.0,-722.0
1067,8.0,-186.0,-194.0,-845.0,47.0,-30.0,6.0,-727.0,-726.0
1068,7.0,-182.0,-195.0,-848.0,45.0,-28.0,7.0,-723.0,-731.0
1069,6.0,-180.0,-199.0,-851.0,47.0,-28.0,13.0,-713.0,-731.0
1070,7.0,-177.0,-199.0,-851.0,52.0,-25.0,10.0,-685.0,-730.0
1071,8.0,-171.0,-204.0,-847.0,56.0,-25.0,3.0,-677.0,-740.0
1072,5.0,-171.0,-200.0,-846.0,60.0,-21.0,4.0,-675.0,-743.0
1073,7.0,-168.0,-202.0,-849.0,66.0,-20.0,3.0,-667.0,-750.0
1074,4.0,-165.0,-206.0,-849.0,70.0,-18.0,4.0,-657.0,-750.0
1075,3.0,-166.0,-205.0,-850.0,74.0,-18.0,4.0,-649.0,-759.0
1076,8.0,-165.0,-209.0,-854.0,78.0,-15.0,1.0,-649.0,-766.0
1077,5.0,-162.0,-206.0,-857.0,81.0,-15.0,-1.0,-645.0,-776.0
1078,3.0,-158.0,-212.0,-862.0,80.0,-12.0,-1.0,-637.0,-780.0
1079,7.0,-160.0,-214.0,-864.0,78.0,-11.0,-1.0,-630.0,-786.0
1080,5.0,-158.0,-212.0,-867.0,74.0,-8.0,0.0,-633.0,-793.0
1081,5.0,-163.0,-213.0,-868.0,73.0,-12.0,-4.0,-633.0,-793.0
1082,4.0,-160.0,-214.0,-867.0,74.0,-10.0,-7.0,-631.0,-791.0
1083,3.0,-158.0,-215.0,-860.0,70.0,-11.0,-6.0,-638.0,-779.0
1084,1.0,-158.0,-212.0,-853.0,71.0,-6.0,-16.0,-638.0,-791.0
1085,4.0,-157.0,-215.0,-850.0,73.0,-3.0,-4.0,-634.0,-794.0
1086,1.0,-158.0,-218.0,-848.0,65.0,-9.0,-15.0,-620.0,-801.0
1087,1.0,-154.0,-218.0,-845.0,58.0,-10.0,-14.0,-609.0,-804.0
1088,0.0,-155.0,-218.0,-839.0,50.0,-2.0,-16.0,-618.0,-808.0
1089,3.0,-151.0,-215.0,-833.0,48.0,0.0,-10.0,-600.0,-810.0
1090,1.0,-156.0,-224.0,-825.0,50.0,5.0,-8.0,-600.0,-829.0
1091,1.0,-154.0,-221.0,-818.0,51.0,7.0,-7.0,-598.0,-832.0
1092,3.0,-151.0,-224.0,-810.0,52.0,15.0,-1.0,-599.0,-835.0
1093,6.0,-153.0,-228.0,-803.0,50.0,20.0,2.0,-607.0,-841.0
1094,6.0,-150.0,-230.0,-798.0,49.0,26.0,7.0,-599.0,-848.0
1095,9.0,-149.0,-229.0,-789.0,48.0,29.0,15.0,-602.0,-851.0
1096,10.0,-150.0,-229.0,-779.0,42.0,36.0,18.0,-594.0,-845.0
1097,14.0,-149.0,-230.0,-764.0,35.0,39.0,20.0,-597.0,-860.0
1098,11.0,-149.0,-232.0,-746.0,28.0,48.0,26.0,-594.0,-866.0
1099,16.0,-149.0,-232.0,-731.0,19.0,53.0,34.0,-590.0,-863.0
1100,12.0,-147.0,-232.0,-712.0,14.0,58.0,27.0,-587.0,-872.0
1101,14.0,-149.0,-234.0,-698.0,7.0,63.0,30.0,-583.0,-871.0
1102,13.0,-148.0,-234.0,-678.0,3.0,64.0,29.0,-588.0,-870.0
1103,11.0,-148.0,-232.0,-664.0,-1.0,62.0,22.0,-589.0,-870.0
1104,11.0,-145.0,-239.0,-653.0,-2.0,63.0,25.0,-586.0,-870.0
1105,8.0,-148.0,-235.0,-637.0,-3.0,59.0,20.0,-581.0,-874.0
1106,7.0,-147.0,-236.0,-626.0,-2.0,54.0,11.0,-583.0,-883.0
1107,3.0,-144.0,-236.0,-616.0,-1.0,48.0,4.0,-580.0,-881.0
1108,5.0,-144.0,-241.0,-603.0,-1.0,44.0,5.0,-583.0,-897.0
1109,2.0,-144.0,-242.0,-593.0,4.0,35.0,-4.0,-575.0,-897.0
1110,2.0,-145.0,-240.0,-586.0,8.0,33.0,-8.0,-570.0,-901.0
1111,0.0,-141.0,-242.0,-571.0,11.0,26.0,-9.0,-562.0,-900.0
1112,1.0,-144.0,-241.0,-550.0,11.0,24.0,-15.0,-560.0,-917.0
1113,1.0,-141.0,-241.0,-531.0,11.0,22.0,-15.0,-554.0,-918.0
1114,3.0,-140.0,-247.0,-511.0,9.0,26.0,-14.0,-552.0,-926.0
1115,4.0,-138.0,-243.0,-491.0,11.0,27.0,-11.0,-536.0,-930.0
1116,1.0,-134.0,-247.0,-472.0,15.0,32.0,-8.0,-539.0,-938.0
1117,6.0,-136.0,-249.0,-456.0,19.0,35.0,-4.0,-529.0,-944.0
1118,6.0,-132.0,-249.0,-444.0,21.0,39.0,4.0,-529.0,-946.0
1119,7.0,-129.0,-252.0,-434.0,24.0,37.0,5.0,-517.0,-950.0
1120,8.0,-129.0,-252.0,-430.0,26.0,40.0,8.0,-513.0,-948.0
1121,9.0,-131.0,-252.0,-426.0,27.0,41.0,19.0,-522.0,-952.0
1122,9.0,-129.0,-251.0,-425.0,27.0,44.0,15.0,-515.0,-957.0
1123,12.0,-129.0,-252.0,-428.0,28.0,43.0,20.0,-514.0,-951.0
1124,11.0,-128.0,-251.0,-431.0,29.0,46.0,22.0,-505.0,-950.0
1125,13.0,-128.0,-249.0,-433.0,32.0,44.0,23.0,-513.0,-954.0
1126,17.0,-129.0,-249.0,-437.0,40.0,43.0,33.0,-515.0,-951.0
1127,13.0,-130.0,-250.0,-438.0,50.0,36.0,31.0,-515.0,-949.0
1128,12.0,-129.0,-253.0,-442.0,63.0,39.0,27.0,-517.0,-954.0
1129,12.0,-131.0,-251.0,-444.0,77.0,43.0,27.0,-517.0,-947.0
1130,10.0,-126.0,-252.0,-440.0,86.0,48.0,25.0,-510.0,-943.0
1131,10.0,-126.0,-249.0,-433.0,95.0,47.0,22.0,-511.0,-937.0
1132,11.0,-128.0,-248.0,-423.0,99.0,50.0,20.0,-502.0,-934.0
1133,9.0,-129.0,-246.0,-412.0,108.0,49.0,20.0,-506.0,-931.0
1134,9.0,-128.0,-246.0,-397.0,113.0,52.0,22.0,-500.0,-934.0
1135,12.0,-123.0,-244.0,-385.0,117.0,54.0,18.0,-496.0,-937.0
1136,13.0,-123.0,-248.0,-377.0,118.0,58.0,24.0,-494.0,-934.0
1137,9.0,-123.0,-248.0,-369.0,120.0,59.0,23.0,-487.0,-932.0
1138,12.0,-121.0,-247.0,-363.0,122.0,65.0,18.0,-479.0,-931.0
1139,11.0,-119.0,-247.0,-359.0,124.0,65.0,22.0,-473.0,-931.0
1140,8.0,-118.0,-247.0,-356.0,122.0,71.0,22.0,-472.0,-936.0
1141,9.0,-119.0,-246.0,-355.0,123.0,72.0,22.0,-467.0,-933.0
1142,12.0,-116.0,-248.0,-354.0,123.0,76.0,20.0,-464.0,-934.0
1143,10.0,-117.0,-250.0,-353.0,126.0,76.0,29.0,-459.0,-933.0
1144,12.0,-114.0,-246.0,-356.0,130.0,79.0,25.0,-455.0,-934.0
1145,13.0,-114.0,-249.0,-357.0,133.0,77.0,28.0,-457.0,-935.0
1146,12.0,-115.0,-244.0,-359.0,136.0,77.0,30.0,-457.0,-933.0
1147,11.0,-116.0,-249.0,-358.0,139.0,70.0,21.0,-458.0,-933.0
1148,9.0,-114.0,-248.0,-360.0,141.0,68.0,24.0,-463.0,-930.0
1149,10.0,-112.0,-247.0,-359.0,141.0,59.0,19.0,-457.0,-927.0
1150,8.0,-114.0,-242.0,-359.0,141.0,56.0,15.0,-453.0,-929.0
1151,9.0,-112.0,-246.0,-356.0,140.0,44.0,15.0,-452.0,-925.0
1152,2.0,-111.0,-246.0,-356.0,139.0,39.0,9.0,-454.0,-919.0
1153,3.0,-115.0,-245.0,-353.0,134.0,32.0,2.0,-444.0,-923.0
1154,4.0,-113.0,-245.0,-354.0,132.0,27.0,2.0,-442.0,-923.0
1155,3.0,-112.0,-245.0,-357.0,127.0,18.0,2.0,-447.0,-918.0
1156,3.0,-114.0,-245.0,-357.0,122.0,15.0,-4.0,-444.0,-913.0
1157,2.0,-112.0,-246.0,-356.0,120.0,5.0,-3.0,-450.0,-917.0
1158,4.0,-112.0,-246.0,-352.0,114.0,2.0,-3.0,-444.0,-921.0
1159,2.0,-110.0,-244.0,-348.0,107.0,-6.0,-5.0,-440.0,-919.0
1160,0.0,-109.0,-247.0,-342.0,98.0,-7.0,-9.0,-435.0,-928.0
1161,5.0,-110.0,-246.0,-333.0,88.0,-14.0,-7.0,-439.0,-925.0
1162,4.0,-108.0,-243.0,-326.0,78.0,-16.0,-3.0,-432.0,-927.0
1163,2.0,-104.0,-251.0,-319.0,72.0,-21.0,-1.0,-427.0,-935.0
1164,4.0,-108.0,-248.0,-313.0,65.0,-21.0,3.0,-423.0,-940.0
1165,5.0,-106.0,-249.0,-309.0,63.0,-21.0,3.0,-417.0,-937.0
1166,5.0,-103.0,-251.0,-303.0,62.0,-19.0,2.0,-409.0,-940.0
1167,7.0,-103.0,-251.0,-297.0,63.0,-22.0,9.0,-419.0,-942.0
1168,8.0,-103.0,-251.0,-292.0,65.0,-19.0,8.0,-414.0,-952.0
1169,8.0,-99.0,-248.0,-287.0,63.0,-21.0,17.0,-413.0,-951.0
1170,7.0,-100.0,-249.0,-284.0,67.0,-17.0,17.0,-413.0,-952.0
1171,8.0,-102.0,-247.0,-277.0,67.0,-21.0,19.0,-414.0,-948.0
1172,10.0,-102.0,-248.0,-272.0,68.0,-19.0,22.0,-416.0,-947.0
1173,11.0,-102.0,-246.0,-262.0,73.0,-22.0,28.0,-418.0,-941.0
1174,12.0,-104.0,-249.0,-252.0,76.0,-20.0,30.0,-417.0,-936.0
1175,15.0,-105.0,-245.0,-239.0,81.0,-23.0,38.0,-424.0,-932.0
1176,13.0,-106.0,-244.0,-225.0,88.0,-18.0,36.0,-418.0,-925.0
1177,15.0,-105.0,-244.0,-209.0,94.0,-19.0,45.0,-420.0,-924.0
1178,13.0,-107.0,-244.0,-193.0,99.0,-12.0,42.0,-428.0,-925.0
1179,15.0,-105.0,-245.0,-177.0,102.0,-11.0,36.0,-423.0,-920.0
1180,14.0,-104.0,-244.0,-165.0,105.0,-2.0,39.0,-419.0,-922.0
1181,18.0,-105.0,-245.0,-152.0,105.0,3.0,50.0,-417.0,-919.0
1182,17.0,-104.0,-246.0,-141.0,105.0,13.0,41.0,-416.0,-925.0
1183,16.0,-101.0,-248.0,-135.0,105.0,19.0,42.0,-410.0,-927.0
1184,16.0,-102.0,-247.0,-130.0,103.0,26.0,38.0,-410.0,-922.0
1185,13.0,-102.0,-244.0,-125.0,101.0,29.0,32.0,-407.0,-924.0
1186,13.0,-100.0,-242.0,-120.0,97.0,40.0,27.0,-405.0,-921.0
1187,10.0,-103.0,-246.0,-117.0,91.0,43.0,21.0,-402.0,-923.0
1188,6.0,-99.0,-247.0,-115.0,86.0,52.0,16.0,-408.0,-935.0
1189,6.0,-99.0,-248.0,-111.0,80.0,56.0,10.0,-401.0,-934.0
1190,6.0,-100.0,-247.0,-110.0,77.0,65.0,11.0,-404.0,-940.0
1191,6.0,-99.0,-249.0,-108.0,72.0,68.0,2.0,-405.0,-944.0
1192,2.0,-98.0,-248.0,-106.0,69.0,74.0,-2.0,-399.0,-948.0
1193,4.0,-98.0,-254.0,-104.0,69.0,75.0,-6.0,-394.0,-949.0
1194,0.0,-95.0,-256.0,-103.0,67.0,81.0,-12.0,-388.0,-963.0
1195,2.0,-96.0,-255.0,-104.0,64.0,83.0,-14.0,-382.0,-966.0
1196,-2.0,-93.0,-251.0,-109.0,60.0,90.0,-18.0,-384.0,-973.0
1197,-3.0,-95.0,-257.0,-115.0,60.0,89.0,-18.0,-381.0,-981.0
1198,-1.0,-93.0,-259.0,-124.0,62.0,91.0,-22.0,-386.0,-978.0
1199,-3.0,-97.0,-255.0,-134.0,62.0,89.0,-24.0,-384.0,-978.0
1200,-7.0,-93.0,-258.0,-144.0,62.0,90.0,-25.0,-387.0,-977.0
1201,-3.0,-96.0,-257.0,-154.0,60.0,83.0,-26.0,-389.0,-962.0
1202,-2.0,-94.0,-251.0,-159.0,57.0,83.0,-26.0,-384.0,-962.0
1203,-2.0,-97.0,-256.0,-164.0,53.0,78.0,-23.0,-385.0,-956.0
1204,-4.0,-95.0,-249.0,-163.0,48.0,78.0,-22.0,-385.0,-949.0
1205,-2.0,-96.0,-254.0,-160.0,45.0,72.0,-13.0,-382.0,-946.0
1206,-1.0,-96.0,-248.0,-154.0,41.0,73.0,-14.0,-381.0,-940.0
1207,0.0,-95.0,-246.0,-146.0,37.0,67.0,-13.0,-381.0,-936.0
1208,1.0,-93.0,-246.0,-138.0,33.0,64.0,-10.0,-371.0,-933.0
1209,2.0,-92.0,-246.0,-124.0,34.0,60.0,-7.0,-367.0,-931.0
1210,2.0,-92.0,-246.0,-117.0,34.0,60.0,-3.0,-365.0,-926.0
1211,6.0,-88.0,-245.0,-109.0,35.0,56.0,2.0,-360.0,-928.0
1212,6.0,-89.0,-244.0,-106.0,38.0,56.0,7.0,-351.0,-926.0
1213,6.0,-86.0,-246.0,-106.0,42.0,49.0,5.0,-346.0,-927.0
1214,8.0,-83.0,-248.0,-108.0,43.0,48.0,8.0,-342.0,-926.0
1215,6.0,-84.0,-244.0,-113.0,45.0,43.0,11.0,-343.0,-926.0
1216,5.0,-83.0,-248.0,-115.0,45.0,42.0,19.0,-337.0,-925.0
1217,9.0,-84.0,-245.0,-119.0,43.0,37.0,11.0,-337.0,-927.0
1218,5.0,-84.0,-246.0,-122.0,41.0,36.0,7.0,-339.0,-925.0
1219,5.0,-81.0,-245.0,-125.0,38.0,32.0,8.0,-343.0,-924.0
1220,6.0,-79.0,-247.0,-124.0,35.0,34.0,9.0,-337.0,-922.0
1221,6.0,-81.0,-242.0,-121.0,34.0,33.0,3.0,-342.0,-913.0
1222,3.0,-84.0,-242.0,-118.0,32.0,33.0,3.0,-338.0,-911.0
1223,2.0,-81.0,-242.0,-111.0,31.0,32.0,-3.0,-339.0,-897.0
1224,3.0,-83.0,-238.0,-104.0,32.0,33.0,0.0,-337.0,-893.0
1225,0.0,-78.0,-241.0,-97.0,33.0,31.0,2.0,-336.0,-887.0
1226,3.0,-82.0,-235.0,-91.0,36.0,31.0,0.0,-331.0,-879.0
1227,3.0,-82.0,-237.0,-87.0,39.0,28.0,0.0,-332.0,-869.0
1228,4.0,-83.0,-231.0,-83.0,46.0,28.0,1.0,-325.0,-861.0
1229,7.0,-79.0,-233.0,-81.0,55.0,22.0,5.0,-325.0,-864.0
1230,5.0,-77.0,-225.0,-78.0,62.0,19.0,4.0,-317.0,-849.0
1231,6.0,-77.0,-230.0,-73.0,66.0,14.0,5.0,-313.0,-847.0
1232,7.0,-73.0,-222.0,-70.0,66.0,12.0,4.0,-309.0,-846.0
1233,5.0,-72.0,-225.0,-72.0,68.0,6.0,9.0,-302.0,-846.0
1234,5.0,-72.0,-224.0,-75.0,68.0,3.0,9.0,-298.0,-840.0
1235,7.0,-75.0,-223.0,-73.0,65.0,-4.0,8.0,-295.0,-843.0
1236,7.0,-70.0,-219.0,-72.0,61.0,-6.0,11.0,-289.0,-833.0
1237,6.0,-70.0,-221.0,-70.0,62.0,-13.0,8.0,-283.0,-827.0
1238,5.0,-68.0,-222.0,-70.0,62.0,-13.0,6.0,-279.0,-817.0
1239,5.0,-67.0,-217.0,-69.0,64.0,-16.0,5.0,-270.0,-817.0
1240,4.0,-67.0,-219.0,-70.0,67.0,-14.0,4.0,-268.0,-811.0
1241,4.0,-67.0,-219.0,-65.0,70.0,-15.0,-1.0,-265.0,-812.0
1242,3.0,-62.0,-217.0,-54.0,69.0,-13.0,-4.0,-262.0,-800.0
1243,-1.0,-63.0,-215.0,-42.0,66.0,-16.0,-13.0,-247.0,-802.0
1244,0.0,-59.0,-218.0,-29.0,58.0,-16.0,-12.0,-243.0,-801.0
1245,-1.0,-58.0,-216.0,-15.0,52.0,-18.0,-20.0,-236.0,-809.0
1246,-6.0,-55.0,-220.0,-5.0,44.0,-20.0,-25.0,-230.0,-813.0
1247,-4.0,-57.0,-222.0,4.0,36.0,-24.0,-29.0,-223.0,-830.0
1248,-4.0,-57.0,-222.0,13.0,29.0,-24.0,-30.0,-221.0,-835.0
1249,-6.0,-54.0,-224.0,26.0,25.0,-29.0,-38.0,-220.0,-846.0
1250,-6.0,-56.0,-228.0,32.0,23.0,-28.0,-35.0,-222.0,-855.0
1251,-7.0,-54.0,-228.0,36.0,24.0,-32.0,-38.0,-221.0,-860.0
1252,-6.0,-51.0,-231.0,32.0,27.0,-33.0,-40.0,-223.0,-861.0
1253,-10.0,-55.0,-234.0,25.0,33.0,-40.0,-42.0,-222.0,-866.0
1254,-10.0,-54.0,-227.0,15.0,36.0,-42.0,-42.0,-221.0,-867.0
1255,-6.0,-54.0,-233.0,5.0,40.0,-51.0,-47.0,-222.0,-863.0
1256,-11.0,-54.0,-226.0,-2.0,39.0,-56.0,-46.0,-228.0,-856.0
1257,-9.0,-58.0,-227.0,1.0,37.0,-64.0,-51.0,-231.0,-849.0
1258,-10.0,-56.0,-227.0,10.0,33.0,-70.0,-50.0,-233.0,-848.0
1259,-9.0,-57.0,-223.0,24.0,26.0,-76.0,-49.0,-231.0,-851.0
1260,-11.0,-61.0,-225.0,39.0,19.0,-79.0,-47.0,-235.0,-847.0
1261,-8.0,-60.0,-224.0,60.0,8.0,-82.0,-41.0,-234.0,-852.0
1262,-7.0,-62.0,-228.0,82.0,2.0,-83.0,-41.0,-232.0,-851.0
1263,-7.0,-57.0,-227.0,107.0,-2.0,-85.0,-34.0,-234.0,-853.0
1264,-6.0,-59.0,-229.0,131.0,-3.0,-84.0,-38.0,-231.0,-856.0
1265,-7.0,-60.0,-231.0,156.0,-2.0,-85.0,-31.0,-237.0,-863.0
1266,-6.0,-59.0,-228.0,178.0,-1.0,-85.0,-27.0,-235.0,-869.0
1267,-2.0,-58.0,-231.0,195.0,-1.0,-86.0,-28.0,-232.0,-870.0
1268,-4.0,-56.0,-234.0,206.0,-2.0,-85.0,-25.0,-231.0,-874.0
1269,0.0,-57.0,-237.0,214.0,-5.0,-85.0,-19.0,-231.0,-874.0
1270,-4.0,-55.0,-232.0,219.0,-6.0,-82.0,-18.0,-229.0,-882.0
1271,-2.0,-60.0,-230.0,222.0,-6.0,-79.0,-23.0,-231.0,-874.0
1272,-5.0,-58.0,-234.0,221.0,-6.0,-78.0,-21.0,-235.0,-874.0
1273,-3.0,-59.0,-229.0,220.0,-8.0,-80.0,-19.0,-237.0,-877.0
1274,-5.0,-59.0,-232.0,217.0,-11.0,-78.0,-20.0,-236.0,-872.0
1275,0.0,-58.0,-233.0,214.0,-18.0,-80.0,-20.0,-239.0,-868.0
1276,-2.0,-58.0,-230.0,212.0,-23.0,-79.0,-22.0,-237.0,-865.0
1277,0.0,-60.0,-226.0,214.0,-32.0,-83.0,-23.0,-241.0,-857.0
1278,0.0,-61.0,-230.0,218.0,-37.0,-83.0,-21.0,-246.0,-861.0
1279,-3.0,-61.0,-228.0,226.0,-41.0,-84.0,-17.0,-242.0,-851.0
1280,-3.0,-58.0,-230.0,235.0,-44.0,-83.0,-19.0,-244.0,-853.0
1281,0.0,-59.0,-233.0,251.0,-45.0,-86.0,-25.0,-238.0,-865.0
1282,-2.0,-58.0,-233.0,270.0,-37.0,-88.0,-17.0,-233.0,-870.0
1283,1.0,-60.0,-235.0,298.0,-27.0,-91.0,-13.0,-234.0,-880.0
1284,3.0,-59.0,-236.0,323.0,-10.0,-93.0,-8.0,-238.0,-889.0
1285,4.0,-58.0,-242.0,348.0,8.0,-96.0,-2.0,-235.0,-901.0
1286,3.0,-59.0,-244.0,372.0,32.0,-97.0,2.0,-241.0,-911.0
1287,9.0,-60.0,-242.0,391.0,54.0,-101.0,2.0,-241.0,-916.0
1288,10.0,-64.0,-244.0,409.0,76.0,-103.0,17.0,-248.0,-915.0
1289,8.0,-65.0,-246.0,419.0,97.0,-108.0,20.0,-259.0,-921.0
1290,9.0,-64.0,-245.0,426.0,114.0,-109.0,21.0,-261.0,-915.0
1291,10.0,-65.0,-245.0,430.0,127.0,-114.0,24.0,-271.0,-911.0
1292,10.0,-67.0,-238.0,434.0,136.0,-116.0,23.0,-281.0,-901.0
1293,10.0,-69.0,-238.0,439.0,142.0,-118.0,31.0,-288.0,-889.0
1294,8.0,-69.0,-232.0,445.0,147.0,-119.0,20.0,-286.0,-870.0
1295,12.0,-70.0,-226.0,454.0,148.0,-119.0,18.0,-290.0,-851.0
1296,5.0,-71.0,-224.0,471.0,147.0,-118.0,16.0,-288.0,-840.0
1297,8.0,-71.0,-218.0,490.0,146.0,-116.0,12.0,-288.0,-811.0
1298,7.0,-73.0,-212.0,512.0,149.0,-114.0,8.0,-291.0,-803.0
1299,3.0,-71.0,-212.0,535.0,151.0,-112.0,-5.0,-284.0,-789.0
1300,2.0,-70.0,-207.0,559.0,155.0,-104.0,-12.0,-291.0,-778.0
1301,1.0,-71.0,-212.0,580.0,159.0,-101.0,-19.0,-290.0,-778.0
1302,-3.0,-73.0,-206.0,603.0,164.0,-93.0,-20.0,-294.0,-775.0
1303,-4.0,-73.0,-208.0,626.0,170.0,-85.0,-28.0,-295.0,-769.0
1304,-2.0,-75.0,-210.0,657.0,175.0,-77.0,-26.0,-304.0,-767.0
1305,-4.0,-77.0,-208.0,686.0,181.0,-70.0,-30.0,-316.0,-766.0
1306,-3.0,-85.0,-206.0,716.0,187.0,-64.0,-26.0,-330.0,-761.0
1307,-3.0,-86.0,-206.0,749.0,196.0,-57.0,-29.0,-338.0,-760.0
1308,-6.0,-90.0,-206.0,786.0,203.0,-47.0,-30.0,-352.0,-757.0
1309,-5.0,-91.0,-205.0,825.0,210.0,-40.0,-32.0,-359.0,-754.0
1310,-3.0,-92.0,-201.0,866.0,217.0,-35.0,-19.0,-367.0,-747.0
1311,-1.0,-92.0,-199.0,905.0,222.0,-34.0,-19.0,-365.0,-743.0
1312,0.0,-92.0,-198.0,945.0,228.0,-30.0,-14.0,-363.0,-735.0
1313,2.0,-90.0,-198.0,979.0,229.0,-31.0,-4.0,-364.0,-717.0
1314,3.0,-91.0,-192.0,1017.0,229.0,-35.0,4.0,-361.0,-705.0
1315,9.0,-92.0,-190.0,1047.0,226.0,-40.0,5.0,-359.0,-689.0
1316,9.0,-88.0,-185.0,1077.0,224.0,-49.0,15.0,-354.0,-671.0
1317,9.0,-85.0,-183.0,1107.0,221.0,-60.0,19.0,-346.0,-657.0
1318,7.0,-85.0,-179.0,1136.0,215.0,-70.0,14.0,-337.0,-649.0
1319,7.0,-84.0,-177.0,1167.0,208.0,-81.0,8.0,-329.0,-635.0
1320,5.0,-79.0,-176.0,1196.0,197.0,-89.0,6.0,-317.0,-634.0
1321,5.0,-79.0,-171.0,1224.0,183.0,-97.0,5.0,-312.0,-637.0
1322,3.0,-74.0,-175.0,1252.0,166.0,-102.0,2.0,-301.0,-637.0
1323,3.0,-75.0,-175.0,1279.0,149.0,-108.0,-6.0,-303.0,-635.0
1324,-1.0,-69.0,-176.0,1307.0,124.0,-106.0,-9.0,-298.0,-642.0
1325,1.0,-76.0,-176.0,1335.0,105.0,-103.0,-4.0,-304.0,-648.0
1326,-1.0,-82.0,-177.0,1352.0,87.0,-98.0,-4.0,-321.0,-641.0
1327,4.0,-84.0,-176.0,1365.0,72.0,-92.0,4.0,-334.0,-641.0
1328,8.0,-87.0,-175.0,1376.0,60.0,-86.0,11.0,-346.0,-636.0
1329,7.0,-91.0,-175.0,1387.0,54.0,-78.0,18.0,-362.0,-628.0
1330,12.0,-96.0,-171.0,1401.0,57.0,-70.0,26.0,-380.0,-608.0
1331,16.0,-100.0,-163.0,1417.0,65.0,-58.0,41.0,-400.0,-596.0
1332,19.0,-107.0,-158.0,1439.0,77.0,-48.0,61.0,-419.0,-572.0
1333,23.0,-117.0,-150.0,1465.0,94.0,-37.0,77.0,-443.0,-551.0
1334,26.0,-122.0,-149.0,1499.0,116.0,-28.0,87.0,-471.0,-524.0
1335,33.0,-126.0,-143.0,1540.0,140.0,-19.0,102.0,-503.0,-509.0
1336,33.0,-135.0,-140.0,1600.0,161.0,-14.0,106.0,-524.0,-495.0
1337,32.0,-140.0,-134.0,1658.0,179.0,-11.0,111.0,-548.0,-476.0
1338,34.0,-146.0,-130.0,1724.0,196.0,-10.0,108.0,-566.0,-461.0
1339,32.0,-154.0,-132.0,1806.0,209.0,-6.0,98.0,-581.0,-454.0
1340,26.0,-159.0,-128.0,1900.0,227.0,0.0,80.0,-619.0,-448.0
1341,27.0,-175.0,-128.0,2012.0,253.0,13.0,80.0,-652.0,-438.0
1342,29.0,-193.0,-128.0,2155.0,290.0,28.0,65.0,-708.0,-442.0
1343,24.0,-205.0,-132.0,2317.0,336.0,54.0,70.0,-785.0,-462.0
1344,26.0,-230.0,-143.0,2498.0,397.0,88.0,59.0,-863.0,-493.0
1345,15.0,-305.0,-85.0,2709.0,464.0,153.0,23.0,-1066.0,-261.0
1346,13.0,-433.0,-75.0,3143.0,552.0,247.0,16.0,-1654.0,-252.0
1347,28.0,-633.0,-185.0,3627.0,616.0,360.0,52.0,-2405.0,-628.0
1348,24.0,-779.0,-285.0,4022.0,641.0,457.0,43.0,-2959.0,-1023.0
1349,7.0,-869.0,-415.0,4214.0,617.0,565.0,-29.0,-3375.0,-1553.0
1350,-11.0,-909.0,-430.0,4169.0,490.0,789.0,-59.0,-3528.0,-1625.0
1351,-42.0,-615.0,-500.0,4103.0,224.0,1012.0,-205.0,-2332.0,-1953.0
1352,-147.0,-217.0,-650.0,3602.0,-162.0,872.0,-512.0,-1079.0,-2605.0
1353,-77.0,-58.0,-868.0,2224.0,-760.0,617.0,-229.0,-601.0,-3483.0
1354,208.0,-93.0,-972.0,165.0,-1291.0,364.0,631.0,-667.0,-3892.0
1355,529.0,-137.0,-997.0,-1834.0,-1265.0,11.0,1790.0,-780.0,-4008.0
1356,415.0,-207.0,-755.0,-3393.0,-642.0,-450.0,1670.0,-811.0,-3276.0
1357,225.0,-484.0,-450.0,-3849.0,116.0,-244.0,958.0,-1416.0,-2047.0
1358,95.0,-802.0,-262.0,-2756.0,396.0,153.0,454.0,-2511.0,-1033.0
1359,28.0,-890.0,-212.0,-692.0,516.0,343.0,-6.0,-3081.0,-778.0
1360,-55.0,-880.0,-200.0,1778.0,566.0,346.0,-310.0,-3042.0,-725.0
1361,-112.0,-768.0,-202.0,4121.0,611.0,205.0,-505.0,-2693.0,-715.0
1362,-138.0,-617.0,-168.0,5967.0,641.0,7.0,-574.0,-2226.0,-589.0
1363,-147.0,-450.0,-141.0,7199.0,578.0,-171.0,-578.0,-1716.0,-459.0
1364,-140.0,-287.0,-104.0,7751.0,403.0,-274.0,-538.0,-1224.0,-313.0
1365,-118.0,-141.0,-48.0,7630.0,168.0,-318.0,-468.0,-745.0,-119.0
1366,-96.0,-9.0,36.0,7021.0,-60.0,-343.0,-366.0,-262.0,174.0
1367,-82.0,77.0,91.0,6175.0,-321.0,-342.0,-300.0,181.0,453.0
1368,-75.0,178.0,137.0,5081.0,-491.0,-325.0,-276.0,521.0,618.0
1369,-54.0,279.0,152.0,4114.0,-580.0,-294.0,-218.0,894.0,699.0
1370,-27.0,366.0,140.0,3057.0,-544.0,-266.0,-142.0,1199.0,653.0
1371,-12.0,425.0,130.0,1899.0,-405.0,-295.0,-83.0,1435.0,585.0
1372,-9.0,466.0,94.0,729.0,-218.0,-394.0,-40.0,1647.0,465.0
1373,0.0,485.0,58.0,-411.0,-5.0,-548.0,-20.0,1726.0,314.0
1374,-7.0,474.0,27.0,-1519.0,232.0,-743.0,-45.0,1638.0,159.0
1375,-15.0,405.0,-3.0,-2628.0,456.0,-910.0,-62.0,1372.0,66.0
1376,-25.0,284.0,-14.0,-3722.0,576.0,-989.0,-87.0,920.0,22.0
1377,-16.0,48.0,68.0,-4696.0,548.0,-920.0,-49.0,176.0,321.0
1378,14.0,-156.0,60.0,-5204.0,359.0,-751.0,70.0,-540.0,341.0
1379,52.0,-375.0,91.0,-5137.0,147.0,-624.0,170.0,-1264.0,411.0
1380,96.0,-558.0,133.0,-4550.0,17.0,-470.0,300.0,-1901.0,587.0
1381,134.0,-640.0,93.0,-3473.0,-32.0,-328.0,414.0,-2240.0,483.0
1382,155.0,-689.0,61.0,-2284.0,16.0,-168.0,518.0,-2501.0,322.0
1383,159.0,-693.0,-15.0,-1232.0,138.0,-3.0,550.0,-2588.0,57.0
1384,133.0,-676.0,-72.0,-502.0,259.0,129.0,452.0,-2572.0,-237.0
1385,95.0,-633.0,-122.0,-32.0,313.0,253.0,293.0,-2387.0,-433.0
1386,56.0,-562.0,-170.0,271.0,294.0,352.0,188.0,-2137.0,-611.0
1387,46.0,-498.0,-199.0,490.0,211.0,439.0,133.0,-1910.0,-739.0
1388,43.0,-451.0,-228.0,712.0,63.0,523.0,103.0,-1711.0,-848.0
1389,23.0,-402.0,-250.0,1005.0,-39.0,576.0,73.0,-1564.0,-921.0
1390,24.0,-382.0,-257.0,1263.0,-82.0,625.0,58.0,-1447.0,-938.0
1391,19.0,-356.0,-265.0,1522.0,-55.0,672.0,31.0,-1347.0,-922.0
1392,11.0,-329.0,-229.0,1778.0,26.0,698.0,9.0,-1276.0,-874.0
1393,4.0,-316.0,-212.0,2008.0,133.0,692.0,5.0,-1214.0,-782.0
1394,21.0,-302.0,-177.0,2198.0,236.0,649.0,34.0,-1167.0,-667.0
1395,28.0,-298.0,-145.0,2340.0,320.0,587.0,69.0,-1127.0,-533.0
1396,18.0,-282.0,-96.0,2430.0,380.0,511.0,76.0,-1099.0,-400.0
1397,17.0,-271.0,-77.0,2476.0,402.0,425.0,47.0,-1063.0,-271.0
1398,11.0,-263.0,-58.0,2484.0,392.0,332.0,27.0,-1008.0,-132.0
1399,3.0,-255.0,-34.0,2480.0,355.0,226.0,-16.0,-954.0,-39.0
1400,-5.0,-234.0,-11.0,2483.0,313.0,137.0,-43.0,-897.0,31.0
1401,-11.0,-208.0,2.0,2498.0,278.0,56.0,-61.0,-813.0,79.0
1402,-12.0,-183.0,11.0,2500.0,257.0,-25.0,-66.0,-713.0,116.0
1403,-11.0,-148.0,15.0,2472.0,251.0,-87.0,-60.0,-590.0,144.0
1404,-9.0,-112.0,20.0,2391.0,259.0,-131.0,-51.0,-473.0,152.0
1405,-7.0,-77.0,14.0,2232.0,279.0,-147.0,-39.0,-364.0,139.0
1406,-5.0,-58.0,9.0,1985.0,299.0,-143.0,-23.0,-272.0,107.0
1407,-3.0,-32.0,-7.0,1641.0,305.0,-110.0,-9.0,-207.0,59.0
1408,2.0,-31.0,-12.0,1216.0,294.0,-67.0,9.0,-192.0,34.0
1409,9.0,-40.0,-24.0,744.0,265.0,-12.0,24.0,-223.0,-12.0
1410,13.0,-65.0,-34.0,166.0,204.0,20.0,47.0,-302.0,-48.0
1411,20.0,-101.0,-46.0,-277.0,144.0,45.0,67.0,-435.0,-120.0
1412,27.0,-136.0,-62.0,-654.0,82.0,60.0,89.0,-565.0,-159.0
1413,35.0,-179.0,-73.0,-946.0,25.0,72.0,116.0,-706.0,-215.0
1414,41.0,-209.0,-84.0,-1141.0,-14.0,75.0,138.0,-853.0,-270.0
1415,49.0,-256.0,-99.0,-1242.0,-40.0,77.0,154.0,-1000.0,-318.0
1416,43.0,-290.0,-106.0,-1248.0,-59.0,75.0,155.0,-1120.0,-352.0
1417,46.0,-316.0,-121.0,-1171.0,-76.0,78.0,137.0,-1207.0,-398.0
1418,41.0,-333.0,-124.0,-1033.0,-87.0,79.0,126.0,-1260.0,-430.0
1419,35.0,-340.0,-133.0,-856.0,-94.0,80.0,108.0,-1282.0,-454.0
1420,30.0,-341.0,-148.0,-645.0,-89.0,76.0,84.0,-1287.0,-498.0
1421,26.0,-332.0,-148.0,-373.0,-75.0,78.0,70.0,-1272.0,-523.0
1422,26.0,-328.0,-152.0,-147.0,-48.0,81.0,64.0,-1250.0,-543.0
1423,22.0,-318.0,-153.0,61.0,-12.0,93.0,57.0,-1209.0,-552.0
1424,24.0,-310.0,-154.0,240.0,35.0,102.0,50.0,-1180.0,-544.0
1425,13.0,-300.0,-145.0,392.0,87.0,116.0,25.0,-1150.0,-511.0
1426,13.0,-299.0,-138.0,531.0,134.0,119.0,8.0,-1138.0,-485.0
1427,5.0,-298.0,-127.0,658.0,177.0,115.0,-6.0,-1137.0,-442.0
1428,5.0,-295.0,-117.0,766.0,202.0,100.0,-17.0,-1133.0,-403.0
1429,-1.0,-292.0,-105.0,853.0,212.0,80.0,-22.0,-1125.0,-359.0
1430,1.0,-286.0,-96.0,918.0,207.0,49.0,-21.0,-1109.0,-312.0
1431,-2.0,-279.0,-88.0,962.0,186.0,29.0,-24.0,-1089.0,-264.0
1432,1.0,-270.0,-69.0,972.0,161.0,7.0,-20.0,-1056.0,-225.0
1433,0.0,-255.0,-67.0,961.0,134.0,-2.0,-24.0,-1011.0,-185.0
1434,0.0,-242.0,-56.0,920.0,107.0,-10.0,-22.0,-946.0,-157.0
1435,-1.0,-224.0,-49.0,858.0,80.0,-8.0,-29.0,-893.0,-133.0
1436,-1.0,-206.0,-46.0,782.0,57.0,-8.0,-29.0,-831.0,-112.0
1437,-4.0,-193.0,-42.0,695.0,36.0,-3.0,-31.0,-759.0,-100.0
1438,-2.0,-183.0,-44.0,595.0,18.0,-3.0,-33.0,-720.0,-94.0
1439,-3.0,-173.0,-41.0,485.0,5.0,1.0,-27.0,-687.0,-84.0
1440,-2.0,-170.0,-38.0,376.0,-4.0,-2.0,-22.0,-667.0,-81.0
1441,-1.0,-169.0,-35.0,255.0,-6.0,-1.0,-22.0,-666.0,-76.0
1442,1.0,-171.0,-36.0,103.0,-7.0,-7.0,-14.0,-673.0,-67.0
1443,4.0,-181.0,-36.0,-24.0,-5.0,-6.0,-17.0,-702.0,-58.0
1444,5.0,-189.0,-36.0,-145.0,-1.0,-9.0,-8.0,-726.0,-63.0
1445,3.0,-196.0,-35.0,-261.0,2.0,-6.0,-9.0,-770.0,-61.0
1446,4.0,-203.0,-37.0,-360.0,4.0,-7.0,0.0,-807.0,-65.0
1447,7.0,-221.0,-36.0,-441.0,6.0,-2.0,-1.0,-851.0,-69.0
1448,8.0,-234.0,-40.0,-497.0,10.0,-1.0,7.0,-901.0,-80.0
1449,10.0,-245.0,-42.0,-526.0,16.0,4.0,8.0,-937.0,-90.0
1450,12.0,-259.0,-52.0,-535.0,24.0,5.0,10.0,-986.0,-122.0
1451,12.0,-269.0,-57.0,-526.0,35.0,7.0,17.0,-1042.0,-144.0
1452,13.0,-277.0,-64.0,-501.0,46.0,4.0,20.0,-1080.0,-167.0
1453,14.0,-286.0,-64.0,-460.0,51.0,7.0,25.0,-1114.0,-193.0
1454,14.0,-292.0,-70.0,-414.0,56.0,2.0,26.0,-1131.0,-216.0
1455,15.0,-299.0,-75.0,-355.0,59.0,2.0,38.0,-1149.0,-237.0
1456,19.0,-303.0,-82.0,-286.0,59.0,-5.0,37.0,-1160.0,-249.0
1457,19.0,-306.0,-83.0,-205.0,63.0,-5.0,38.0,-1164.0,-252.0
1458,19.0,-301.0,-80.0,-114.0,65.0,-9.0,37.0,-1161.0,-254.0
1459,18.0,-300.0,-79.0,-16.0,66.0,-7.0,34.0,-1149.0,-248.0
1460,16.0,-295.0,-77.0,83.0,65.0,-6.0,35.0,-1126.0,-238.0
1461,12.0,-284.0,-71.0,182.0,64.0,0.0,22.0,-1104.0,-225.0
1462,13.0,-279.0,-71.0,268.0,55.0,2.0,22.0,-1085.0,-212.0
1463,13.0,-271.0,-67.0,351.0,43.0,11.0,17.0,-1057.0,-185.0
1464,14.0,-264.0,-59.0,404.0,35.0,12.0,22.0,-1025.0,-165.0
1465,10.0,-258.0,-55.0,442.0,26.0,17.0,16.0,-1002.0,-148.0
1466,12.0,-251.0,-53.0,464.0,18.0,18.0,14.0,-969.0,-126.0
1467,10.0,-241.0,-44.0,472.0,13.0,24.0,17.0,-945.0,-109.0
1468,11.0,-236.0,-43.0,462.0,7.0,22.0,17.0,-916.0,-89.0
1469,8.0,-230.0,-33.0,439.0,1.0,27.0,13.0,-894.0,-72.0
1470,10.0,-226.0,-34.0,400.0,-4.0,27.0,15.0,-879.0,-56.0
1471,7.0,-221.0,-31.0,350.0,-11.0,28.0,13.0,-867.0,-50.0
1472,10.0,-218.0,-31.0,287.0,-14.0,27.0,18.0,-852.0,-48.0
1473,11.0,-214.0,-29.0,215.0,-17.0,27.0,14.0,-848.0,-46.0
1474,9.0,-215.0,-30.0,119.0,-20.0,25.0,16.0,-852.0,-48.0
1475,12.0,-219.0,-36.0,30.0,-21.0,25.0,17.0,-854.0,-59.0
1476,9.0,-219.0,-34.0,-61.0,-25.0,18.0,18.0,-866.0,-75.0
1477,15.0,-226.0,-38.0,-147.0,-27.0,16.0,20.0,-883.0,-87.0
1478,14.0,-230.0,-48.0,-222.0,-29.0,11.0,26.0,-901.0,-106.0
1479,15.0,-240.0,-51.0,-282.0,-31.0,10.0,30.0,-914.0,-122.0
1480,16.0,-240.0,-53.0,-323.0,-30.0,3.0,33.0,-939.0,-136.0
1481,14.0,-248.0,-58.0,-345.0,-29.0,3.0,34.0,-956.0,-159.0
1482,17.0,-254.0,-61.0,-351.0,-26.0,-2.0,33.0,-973.0,-173.0
1483,18.0,-259.0,-65.0,-340.0,-24.0,-4.0,34.0,-993.0,-194.0
1484,15.0,-261.0,-71.0,-319.0,-23.0,-6.0,40.0,-1011.0,-207.0
1485,16.0,-263.0,-67.0,-278.0,-21.0,-5.0,39.0,-1022.0,-217.0
1486,15.0,-267.0,-74.0,-235.0,-21.0,-9.0,41.0,-1031.0,-227.0
1487,17.0,-267.0,-73.0,-181.0,-18.0,-8.0,44.0,-1030.0,-227.0
1488,16.0,-268.0,-73.0,-125.0,-19.0,-12.0,39.0,-1032.0,-228.0
1489,18.0,-269.0,-75.0,-67.0,-23.0,-8.0,41.0,-1043.0,-232.0
1490,16.0,-267.0,-77.0,-14.0,-30.0,-10.0,36.0,-1031.0,-231.0
1491,15.0,-263.0,-75.0,34.0,-33.0,-4.0,35.0,-1037.0,-233.0
1492,15.0,-264.0,-74.0,76.0,-37.0,-3.0,36.0,-1025.0,-236.0
1493,18.0,-264.0,-73.0,113.0,-36.0,3.0,37.0,-1015.0,-224.0
1494,18.0,-260.0,-70.0,143.0,-38.0,6.0,40.0,-1011.0,-218.0
1495,16.0,-260.0,-68.0,171.0,-40.0,10.0,38.0,-1004.0,-209.0
1496,12.0,-257.0,-66.0,187.0,-43.0,8.0,29.0,-999.0,-196.0
1497,13.0,-256.0,-60.0,195.0,-48.0,10.0,23.0,-976.0,-181.0
1498,10.0,-251.0,-58.0,198.0,-55.0,5.0,15.0,-969.0,-165.0
1499,11.0,-247.0,-60.0,197.0,-63.0,5.0,13.0,-958.0,-163.0
1500,8.0,-244.0,-56.0,190.0,-69.0,1.0,10.0,-953.0,-162.0
1501,9.0,-244.0,-59.0,179.0,-73.0,3.0,8.0,-940.0,-163.0
1502,8.0,-241.0,-58.0,164.0,-72.0,0.0,3.0,-933.0,-161.0
1503,8.0,-238.0,-56.0,145.0,-69.0,3.0,5.0,-921.0,-157.0
1504,9.0,-239.0,-61.0,124.0,-64.0,1.0,5.0,-924.0,-161.0
1505,9.0,-237.0,-56.0,102.0,-55.0,4.0,2.0,-917.0,-154.0
1506,6.0,-236.0,-56.0,76.0,-50.0,2.0,6.0,-917.0,-157.0
1507,11.0,-238.0,-58.0,56.0,-46.0,2.0,7.0,-922.0,-159.0
1508,10.0,-240.0,-60.0,36.0,-44.0,-1.0,11.0,-926.0,-154.0
1509,9.0,-240.0,-56.0,15.0,-43.0,-1.0,13.0,-930.0,-153.0
1510,12.0,-242.0,-55.0,-4.0,-41.0,-5.0,17.0,-935.0,-153.0
1511,12.0,-245.0,-56.0,-17.0,-37.0,-1.0,18.0,-943.0,-155.0
1512,16.0,-246.0,-58.0,-30.0,-33.0,-2.0,30.0,-947.0,-166.0
1513,18.0,-248.0,-58.0,-44.0,-27.0,2.0,37.0,-958.0,-171.0
1514,18.0,-250.0,-58.0,-61.0,-21.0,0.0,32.0,-961.0,-179.0
1515,16.0,-250.0,-66.0,-77.0,-18.0,1.0,38.0,-966.0,-187.0
1516,18.0,-249.0,-65.0,-95.0,-15.0,-2.0,39.0,-969.0,-201.0
1517,17.0,-249.0,-72.0,-105.0,-10.0,0.0,34.0,-964.0,-210.0
1518,20.0,-252.0,-73.0,-110.0,-6.0,0.0,37.0,-965.0,-216.0
1519,15.0,-251.0,-74.0,-111.0,4.0,4.0,40.0,-971.0,-232.0
1520,18.0,-251.0,-76.0,-113.0,13.0,5.0,42.0,-971.0,-236.0
1521,15.0,-253.0,-78.0,-110.0,23.0,10.0,41.0,-971.0,-240.0
1522,15.0,-253.0,-76.0,-106.0,33.0,12.0,37.0,-979.0,-244.0
1523,18.0,-255.0,-82.0,-97.0,42.0,18.0,34.0,-980.0,-241.0
1524,16.0,-258.0,-76.0,-83.0,53.0,18.0,34.0,-991.0,-238.0
1525,13.0,-257.0,-75.0,-63.0,62.0,22.0,28.0,-989.0,-235.0
1526,13.0,-258.0,-74.0,-39.0,74.0,20.0,27.0,-1005.0,-220.0
1527,14.0,-259.0,-73.0,-3.0,81.0,24.0,22.0,-1010.0,-213.0
1528,10.0,-259.0,-69.0,27.0,91.0,23.0,25.0,-1004.0,-208.0
1529,9.0,-259.0,-69.0,55.0,101.0,24.0,13.0,-1004.0,-194.0
1530,11.0,-257.0,-67.0,74.0,109.0,18.0,12.0,-993.0,-196.0
1531,9.0,-254.0,-64.0,82.0,116.0,15.0,3.0,-980.0,-189.0
1532,7.0,-250.0,-68.0,82.0,121.0,5.0,1.0,-976.0,-188.0
1533,6.0,-248.0,-64.0,77.0,125.0,-2.0,0.0,-967.0,-183.0
1534,3.0,-247.0,-64.0,67.0,128.0,-13.0,-1.0,-952.0,-179.0
1535,5.0,-245.0,-64.0,53.0,131.0,-17.0,-3.0,-946.0,-170.0
1536,3.0,-243.0,-63.0,40.0,126.0,-26.0,-3.0,-944.0,-177.0
1537,2.0,-244.0,-57.0,21.0,123.0,-30.0,-15.0,-941.0,-174.0
1538,1.0,-240.0,-60.0,3.0,116.0,-34.0,-16.0,-937.0,-169.0
1539,1.0,-243.0,-57.0,-17.0,111.0,-34.0,-19.0,-947.0,-168.0
1540,1.0,-247.0,-61.0,-36.0,106.0,-36.0,-22.0,-946.0,-169.0
1541,0.0,-246.0,-62.0,-54.0,98.0,-30.0,-17.0,-953.0,-169.0
1542,0.0,-247.0,-61.0,-65.0,91.0,-26.0,-18.0,-952.0,-174.0
1543,2.0,-250.0,-59.0,-71.0,86.0,-17.0,-14.0,-956.0,-172.0
1544,4.0,-249.0,-59.0,-70.0,82.0,-12.0,-12.0,-960.0,-166.0
1545,6.0,-251.0,-59.0,-67.0,81.0,-2.0,-3.0,-964.0,-170.0
1546,3.0,-249.0,-63.0,-63.0,77.0,3.0,1.0,-966.0,-173.0
1547,10.0,-252.0,-60.0,-61.0,78.0,10.0,5.0,-969.0,-170.0
1548,10.0,-251.0,-58.0,-54.0,76.0,11.0,10.0,-963.0,-168.0
1549,10.0,-249.0,-58.0,-50.0,77.0,13.0,19.0,-966.0,-168.0
1550,12.0,-248.0,-58.0,-50.0,75.0,10.0,25.0,-966.0,-168.0
1551,18.0,-250.0,-62.0,-50.0,78.0,10.0,36.0,-964.0,-169.0
1552,18.0,-247.0,-61.0,-51.0,79.0,5.0,41.0,-958.0,-165.0
1553,16.0,-246.0,-62.0,-55.0,80.0,4.0,43.0,-957.0,-167.0
1554,18.0,-246.0,-60.0,-63.0,84.0,-1.0,45.0,-953.0,-171.0
1555,19.0,-246.0,-65.0,-73.0,88.0,-2.0,43.0,-955.0,-172.0
1556,17.0,-250.0,-64.0,-83.0,92.0,-7.0,43.0,-960.0,-179.0
1557,18.0,-247.0,-61.0,-91.0,95.0,-9.0,36.0,-965.0,-175.0
1558,15.0,-251.0,-63.0,-98.0,98.0,-11.0,39.0,-967.0,-180.0
1559,13.0,-252.0,-63.0,-97.0,102.0,-9.0,34.0,-975.0,-184.0
1560,13.0,-255.0,-63.0,-95.0,104.0,-8.0,26.0,-977.0,-181.0
1561,12.0,-256.0,-67.0,-83.0,104.0,-4.0,25.0,-990.0,-182.0
1562,11.0,-255.0,-63.0,-69.0,101.0,-1.0,16.0,-993.0,-178.0
1563,8.0,-258.0,-60.0,-51.0,101.0,3.0,13.0,-1003.0,-185.0
1564,8.0,-259.0,-62.0,-38.0,95.0,5.0,6.0,-997.0,-184.0
1565,9.0,-257.0,-63.0,-18.0,92.0,11.0,4.0,-1004.0,-179.0
1566,5.0,-257.0,-64.0,5.0,85.0,10.0,0.0,-994.0,-180.0
1567,7.0,-258.0,-60.0,26.0,80.0,14.0,0.0,-996.0,-181.0
1568,4.0,-257.0,-67.0,47.0,76.0,13.0,-2.0,-981.0,-176.0
1569,7.0,-254.0,-62.0,66.0,72.0,13.0,-2.0,-976.0,-179.0
1570,7.0,-253.0,-60.0,78.0,70.0,12.0,0.0,-977.0,-178.0
1571,3.0,-254.0,-62.0,84.0,69.0,10.0,-4.0,-972.0,-173.0
1572,5.0,-250.0,-62.0,88.0,70.0,7.0,-5.0,-961.0,-174.0
1573,6.0,-251.0,-60.0,86.0,71.0,5.0,-3.0,-956.0,-171.0
1574,10.0,-249.0,-60.0,81.0,71.0,1.0,2.0,-955.0,-172.0
1575,7.0,-245.0,-62.0,73.0,75.0,-2.0,-2.0,-950.0,-173.0
1576,5.0,-243.0,-59.0,61.0,75.0,-7.0,4.0,-951.0,-166.0
1577,7.0,-245.0,-62.0,46.0,77.0,-8.0,6.0,-949.0,-168.0
1578,9.0,-244.0,-58.0,30.0,79.0,-15.0,7.0,-950.0,-166.0
1579,7.0,-246.0,-58.0,14.0,79.0,-18.0,7.0,-950.0,-168.0
1580,8.0,-250.0,-57.0,-6.0,80.0,-23.0,8.0,-957.0,-167.0
1581,6.0,-247.0,-61.0,-21.0,79.0,-25.0,9.0,-960.0,-165.0
1582,9.0,-250.0,-57.0,-32.0,79.0,-28.0,8.0,-959.0,-166.0
1583,9.0,-248.0,-59.0,-42.0,78.0,-28.0,15.0,-968.0,-168.0
1584,10.0,-252.0,-62.0,-49.0,79.0,-29.0,16.0,-965.0,-171.0
1585,11.0,-253.0,-59.0,-54.0,78.0,-27.0,17.0,-965.0,-174.0
1586,12.0,-252.0,-64.0,-57.0,76.0,-29.0,14.0,-968.0,-172.0
1587,14.0,-254.0,-61.0,-59.0,72.0,-29.0,18.0,-974.0,-183.0
1588,13.0,-254.0,-61.0,-61.0,69.0,-33.0,22.0,-973.0,-173.0
1589,13.0,-251.0,-61.0,-59.0,64.0,-35.0,19.0,-977.0,-173.0
1590,11.0,-253.0,-64.0,-53.0,60.0,-35.0,18.0,-975.0,-170.0
1591,14.0,-253.0,-60.0,-47.0,60.0,-35.0,20.0,-971.0,-171.0
1592,12.0,-251.0,-58.0,-38.0,58.0,-33.0,22.0,-973.0,-169.0
1593,13.0,-252.0,-61.0,-33.0,60.0,-29.0,24.0,-970.0,-165.0
1594,10.0,-252.0,-59.0,-28.0,62.0,-26.0,24.0,-971.0,-167.0
1595,11.0,-250.0,-56.0,-23.0,67.0,-20.0,30.0,-969.0,-165.0
1596,16.0,-252.0,-60.0,-21.0,73.0,-17.0,36.0,-968.0,-169.0
1597,14.0,-248.0,-57.0,-19.0,77.0,-11.0,29.0,-961.0,-167.0
1598,16.0,-248.0,-58.0,-15.0,83.0,-7.0,32.0,-957.0,-172.0
1599,16.0,-251.0,-58.0,-15.0,87.0,-5.0,35.0,-961.0,-172.0
1600,17.0,-248.0,-61.0,-18.0,91.0,-2.0,36.0,-953.0,-169.0
1601,17.0,-246.0,-63.0,-22.0,95.0,-2.0,37.0,-958.0,-174.0
1602,18.0,-247.0,-61.0,-27.0,99.0,0.0,44.0,-960.0,-170.0
1603,18.0,-247.0,-58.0,-32.0,102.0,0.0,38.0,-953.0,-169.0
1604,16.0,-247.0,-60.0,-37.0,104.0,1.0,39.0,-956.0,-170.0
1605,15.0,-248.0,-58.0,-42.0,105.0,1.0,37.0,-961.0,-164.0
1606,15.0,-252.0,-58.0,-47.0,107.0,-2.0,40.0,-961.0,-164.0
1607,15.0,-252.0,-60.0,-47.0,107.0,-3.0,29.0,-963.0,-164.0
1608,14.0,-253.0,-60.0,-45.0,107.0,-4.0,29.0,-960.0,-167.0
1609,14.0,-252.0,-58.0,-43.0,108.0,-4.0,26.0,-966.0,-164.0
1610,13.0,-251.0,-57.0,-41.0,111.0,-7.0,23.0,-972.0,-163.0
1611,11.0,-254.0,-59.0,-37.0,114.0,-8.0,20.0,-970.0,-168.0
1612,10.0,-253.0,-58.0,-32.0,115.0,-8.0,15.0,-972.0,-162.0
1613,10.0,-252.0,-61.0,-28.0,117.0,-9.0,17.0,-968.0,-169.0
1614,10.0,-254.0,-59.0,-23.0,121.0,-13.0,13.0,-968.0,-170.0
1615,7.0,-251.0,-59.0,-21.0,121.0,-12.0,7.0,-967.0,-169.0
1616,11.0,-254.0,-61.0,-21.0,121.0,-16.0,13.0,-967.0,-169.0
1617,8.0,-250.0,-62.0,-22.0,119.0,-17.0,8.0,-969.0,-171.0
1618,9.0,-250.0,-61.0,-23.0,118.0,-20.0,4.0,-964.0,-171.0
1619,6.0,-250.0,-61.0,-28.0,113.0,-22.0,5.0,-966.0,-177.0
1620,10.0,-251.0,-61.0,-32.0,110.0,-25.0,3.0,-963.0,-172.0
1621,6.0,-249.0,-61.0,-38.0,106.0,-27.0,4.0,-963.0,-173.0
1622,7.0,-252.0,-62.0,-41.0,100.0,-27.0,3.0,-967.0,-177.0
1623,10.0,-252.0,-59.0,-45.0,95.0,-28.0,7.0,-966.0,-170.0
1624,9.0,-252.0,-61.0,-46.0,87.0,-28.0,6.0,-968.0,-174.0
1625,7.0,-251.0,-57.0,-46.0,83.0,-28.0,4.0,-965.0,-169.0
1626,6.0,-249.0,-59.0,-46.0,76.0,-26.0,5.0,-967.0,-175.0
1627,10.0,-249.0,-64.0,-44.0,68.0,-25.0,10.0,-966.0,-174.0
1628,11.0,-248.0,-63.0,-43.0,61.0,-23.0,13.0,-967.0,-178.0
1629,12.0,-249.0,-62.0,-41.0,55.0,-20.0,14.0,-968.0,-178.0
1630,10.0,-249.0,-61.0,-37.0,49.0,-17.0,19.0,-963.0,-179.0
1631,12.0,-249.0,-58.0,-35.0,44.0,-13.0,22.0,-963.0,-183.0
1632,11.0,-247.0,-65.0,-31.0,39.0,-11.0,24.0,-961.0,-184.0
1633,17.0,-246.0,-64.0,-27.0,34.0,-10.0,30.0,-951.0,-185.0
1634,15.0,-248.0,-63.0,-26.0,32.0,-6.0,30.0,-953.0,-185.0
1635,17.0,-249.0,-61.0,-29.0,30.0,-5.0,30.0,-954.0,-185.0
1636,15.0,-249.0,-62.0,-30.0,28.0,-3.0,36.0,-956.0,-185.0
1637,18.0,-247.0,-66.0,-33.0,28.0,-1.0,36.0,-952.0,-186.0
1638,15.0,-248.0,-64.0,-36.0,27.0,1.0,38.0,-952.0,-183.0
1639,17.0,-249.0,-64.0,-40.0,28.0,1.0,40.0,-959.0,-186.0
1640,17.0,-246.0,-62.0,-47.0,29.0,2.0,40.0,-957.0,-187.0
1641,16.0,-246.0,-64.0,-50.0,32.0,1.0,37.0,-961.0,-187.0
1642,19.0,-252.0,-64.0,-54.0,32.0,2.0,35.0,-965.0,-186.0
1643,14.0,-251.0,-63.0,-56.0,33.0,-1.0,36.0,-969.0,-190.0
1644,18.0,-251.0,-64.0,-55.0,35.0,-1.0,27.0,-966.0,-187.0
1645,12.0,-251.0,-63.0,-54.0,35.0,-2.0,29.0,-964.0,-192.0
1646,12.0,-250.0,-64.0,-54.0,37.0,-2.0,24.0,-966.0,-185.0
1647,14.0,-251.0,-63.0,-54.0,41.0,-3.0,23.0,-965.0,-186.0
1648,2.0,-252.0,-57.0,-53.0,44.0,-2.0,24.0,-960.0,-186.0
1649,12.0,-251.0,-62.0,-54.0,46.0,-3.0,20.0,-968.0,-185.0
1650,11.0,-250.0,-65.0,-58.0,51.0,-5.0,18.0,-964.0,-182.0
1651,11.0,-247.0,-66.0,-62.0,53.0,-4.0,17.0,-961.0,-185.0
1652,10.0,-247.0,-67.0,-68.0,54.0,-6.0,14.0,-963.0,-185.0
1653,10.0,-249.0,-63.0,-73.0,55.0,-9.0,15.0,-969.0,-182.0
1654,11.0,-252.0,-62.0,-78.0,57.0,-8.0,12.0,-960.0,-182.0
1655,8.0,-249.0,-59.0,-80.0,57.0,-6.0,11.0,-966.0,-182.0
1656,6.0,-249.0,-62.0,-81.0,57.0,-6.0,7.0,-968.0,-183.0
1657,7.0,-252.0,-62.0,-79.0,57.0,-6.0,6.0,-969.0,-180.0
1658,8.0,-253.0,-59.0,-78.0,56.0,-5.0,5.0,-966.0,-175.0
1659,5.0,-251.0,-64.0,-75.0,55.0,-6.0,3.0,-967.0,-177.0
1660,4.0,-248.0,-63.0,-71.0,55.0,-5.0,-2.0,-969.0,-181.0
1661,7.0,-250.0,-62.0,-68.0,54.0,-6.0,5.0,-965.0,-182.0
1662,5.0,-251.0,-63.0,-63.0,53.0,-5.0,7.0,-967.0,-186.0
1663,9.0,-249.0,-67.0,-61.0,52.0,-4.0,7.0,-965.0,-187.0
1664,7.0,-250.0,-63.0,-59.0,54.0,-3.0,6.0,-963.0,-188.0
1665,8.0,-250.0,-70.0,-55.0,52.0,-6.0,6.0,-959.0,-185.0
1666,12.0,-249.0,-65.0,-53.0,52.0,-5.0,9.0,-961.0,-194.0
1667,9.0,-247.0,-65.0,-51.0,51.0,-6.0,14.0,-961.0,-193.0
1668,11.0,-249.0,-64.0,-52.0,51.0,-5.0,12.0,-959.0,-198.0
1669,11.0,-249.0,-68.0,-52.0,51.0,-10.0,18.0,-958.0,-188.0
1670,13.0,-251.0,-67.0,-52.0,48.0,-7.0,20.0,-955.0,-197.0
1671,12.0,-249.0,-66.0,-53.0,46.0,-10.0,26.0,-955.0,-190.0
1672,14.0,-249.0,-64.0,-55.0,44.0,-10.0,22.0,-960.0,-193.0
1673,13.0,-247.0,-66.0,-55.0,44.0,-12.0,25.0,-958.0,-195.0
1674,14.0,-248.0,-66.0,-55.0,43.0,-12.0,29.0,-962.0,-193.0
1675,14.0,-250.0,-66.0,-58.0,41.0,-14.0,29.0,-961.0,-192.0
1676,15.0,-249.0,-68.0,-57.0,41.0,-12.0,30.0,-965.0,-192.0
1677,15.0,-250.0,-64.0,-57.0,40.0,-12.0,31.0,-958.0,-191.0
1678,13.0,-250.0,-63.0,-52.0,41.0,-9.0,27.0,-964.0,-186.0
1679,14.0,-250.0,-65.0,-48.0,41.0,-7.0,31.0,-965.0,-193.0
1680,15.0,-249.0,-66.0,-45.0,41.0,-2.0,36.0,-959.0,-186.0
1681,17.0,-251.0,-68.0,-40.0,42.0,-3.0,34.0,-956.0,-185.0
1682,13.0,-249.0,-67.0,-35.0,42.0,1.0,35.0,-955.0,-187.0
1683,17.0,-251.0,-62.0,-30.0,42.0,3.0,31.0,-955.0,-192.0
1684,14.0,-249.0,-64.0,-29.0,40.0,5.0,25.0,-961.0,-187.0
1685,15.0,-251.0,-64.0,-27.0,37.0,6.0,22.0,-961.0,-185.0
1686,16.0,-252.0,-64.0,-24.0,35.0,10.0,26.0,-955.0,-194.0
1687,12.0,-248.0,-63.0,-22.0,33.0,8.0,25.0,-955.0,-194.0
1688,12.0,-250.0,-68.0,-22.0,29.0,11.0,19.0,-954.0,-192.0
1689,11.0,-246.0,-68.0,-20.0,26.0,9.0,18.0,-956.0,-201.0
1690,12.0,-248.0,-67.0,-18.0,21.0,11.0,18.0,-961.0,-201.0
1691,6.0,-247.0,-66.0,-14.0,18.0,9.0,15.0,-957.0,-199.0
1692,11.0,-253.0,-65.0,-9.0,15.0,11.0,14.0,-958.0,-201.0
1693,15.0,-250.0,-69.0,-4.0,12.0,10.0,12.0,-967.0,-199.0
1694,10.0,-251.0,-66.0,3.0,12.0,11.0,12.0,-959.0,-207.0
1695,11.0,-248.0,-67.0,8.0,11.0,10.0,10.0,-961.0,-202.0
1696,10.0,-250.0,-71.0,15.0,10.0,13.0,10.0,-956.0,-205.0
1697,8.0,-249.0,-67.0,18.0,11.0,12.0,10.0,-951.0,-198.0
1698,12.0,-247.0,-72.0,20.0,12.0,15.0,9.0,-952.0,-202.0
1699,12.0,-250.0,-65.0,18.0,12.0,15.0,13.0,-954.0,-200.0
1700,11.0,-247.0,-67.0,16.0,15.0,20.0,16.0,-952.0,-196.0
1701,10.0,-242.0,-63.0,11.0,16.0,20.0,20.0,-944.0,-194.0
1702,11.0,-245.0,-64.0,5.0,21.0,24.0,21.0,-946.0,-188.0
1703,12.0,-244.0,-67.0,-2.0,25.0,26.0,24.0,-949.0,-193.0
1704,15.0,-245.0,-70.0,-8.0,29.0,29.0,30.0,-953.0,-193.0
1705,14.0,-247.0,-62.0,-15.0,32.0,27.0,22.0,-955.0,-191.0
1706,15.0,-249.0,-68.0,-25.0,37.0,29.0,27.0,-959.0,-192.0
1707,16.0,-250.0,-62.0,-35.0,41.0,23.0,31.0,-963.0,-191.0
1708,19.0,-252.0,-64.0,-43.0,44.0,24.0,28.0,-963.0,-187.0
1709,14.0,-251.0,-63.0,-49.0,48.0,18.0,32.0,-965.0,-185.0
1710,18.0,-252.0,-59.0,-55.0,52.0,18.0,28.0,-966.0,-185.0
1711,18.0,-251.0,-62.0,-61.0,56.0,16.0,31.0,-963.0,-188.0
1712,12.0,-252.0,-64.0,-66.0,60.0,18.0,27.0,-976.0,-188.0
1713,15.0,-252.0,-64.0,-70.0,66.0,14.0,26.0,-984.0,-178.0
1714,15.0,-252.0,-67.0,-70.0,68.0,16.0,25.0,-978.0,-194.0
1715,13.0,-255.0,-68.0,-67.0,71.0,14.0,22.0,-977.0,-193.0
1716,10.0,-254.0,-66.0,-62.0,73.0,16.0,19.0,-984.0,-196.0
1717,11.0,-255.0,-64.0,-54.0,73.0,13.0,17.0,-981.0,-199.0
1718,9.0,-257.0,-68.0,-45.0,74.0,14.0,15.0,-996.0,-188.0
1719,9.0,-254.0,-66.0,-32.0,73.0,11.0,11.0,-988.0,-193.0
1720,9.0,-255.0,-63.0,-15.0,74.0,12.0,9.0,-995.0,-193.0
1721,9.0,-257.0,-63.0,1.0,73.0,8.0,13.0,-1001.0,-193.0
1722,9.0,-257.0,-66.0,15.0,73.0,11.0,5.0,-1001.0,-194.0
1723,8.0,-255.0,-62.0,30.0,72.0,10.0,11.0,-995.0,-189.0
1724,9.0,-255.0,-64.0,44.0,72.0,10.0,6.0,-989.0,-185.0
1725,6.0,-256.0,-63.0,56.0,71.0,9.0,5.0,-981.0,-187.0
1726,8.0,-256.0,-63.0,66.0,71.0,11.0,5.0,-977.0,-187.0
1727,8.0,-254.0,-66.0,73.0,70.0,10.0,5.0,-983.0,-191.0
1728,8.0,-254.0,-66.0,78.0,71.0,14.0,8.0,-977.0,-192.0
1729,8.0,-252.0,-68.0,80.0,70.0,12.0,5.0,-974.0,-192.0
1730,11.0,-251.0,-70.0,83.0,71.0,14.0,8.0,-972.0,-188.0
1731,8.0,-249.0,-66.0,86.0,70.0,10.0,7.0,-971.0,-190.0
1732,11.0,-249.0,-71.0,87.0,71.0,12.0,13.0,-963.0,-194.0
1733,9.0,-248.0,-69.0,92.0,72.0,8.0,11.0,-967.0,-197.0
1734,10.0,-250.0,-65.0,95.0,74.0,10.0,15.0,-966.0,-199.0
1735,12.0,-247.0,-67.0,98.0,76.0,7.0,13.0,-957.0,-190.0
1736,12.0,-247.0,-65.0,103.0,78.0,10.0,18.0,-953.0,-193.0
1737,10.0,-246.0,-62.0,101.0,79.0,8.0,21.0,-955.0,-188.0
1738,11.0,-246.0,-65.0,102.0,80.0,10.0,22.0,-951.0,-185.0
1739,13.0,-247.0,-64.0,102.0,79.0,8.0,22.0,-954.0,-174.0
1740,14.0,-244.0,-61.0,100.0,77.0,11.0,23.0,-947.0,-171.0
1741,15.0,-245.0,-59.0,92.0,75.0,8.0,27.0,-944.0,-169.0
1742,14.0,-246.0,-60.0,83.0,72.0,9.0,24.0,-947.0,-168.0
1743,12.0,-245.0,-58.0,70.0,70.0,7.0,23.0,-944.0,-164.0
1744,13.0,-246.0,-58.0,55.0,68.0,10.0,20.0,-951.0,-166.0
1745,14.0,-248.0,-61.0,37.0,69.0,8.0,19.0,-955.0,-165.0
1746,10.0,-247.0,-62.0,18.0,67.0,10.0,16.0,-952.0,-165.0
1747,13.0,-249.0,-60.0,0.0,66.0,6.0,16.0,-959.0,-162.0
1748,11.0,-246.0,-61.0,-16.0,65.0,7.0,15.0,-961.0,-167.0
1749,10.0,-251.0,-60.0,-31.0,64.0,5.0,14.0,-958.0,-163.0
1750,10.0,-249.0,-60.0,-40.0,62.0,5.0,11.0,-965.0,-166.0
1751,10.0,-255.0,-62.0,-45.0,61.0,3.0,6.0,-966.0,-169.0
1752,10.0,-252.0,-62.0,-47.0,59.0,2.0,5.0,-969.0,-168.0
1753,7.0,-252.0,-61.0,-45.0,58.0,-1.0,5.0,-972.0,-175.0
1754,8.0,-251.0,-61.0,-42.0,58.0,3.0,5.0,-975.0,-175.0
1755,7.0,-251.0,-65.0,-40.0,56.0,1.0,4.0,-976.0,-181.0
1756,7.0,-255.0,-63.0,-40.0,58.0,4.0,4.0,-978.0,-175.0
1757,7.0,-255.0,-61.0,-40.0,59.0,5.0,9.0,-982.0,-172.0
1758,8.0,-253.0,-61.0,-40.0,58.0,8.0,5.0,-987.0,-181.0
1759,8.0,-254.0,-61.0,-40.0,60.0,7.0,7.0,-981.0,-172.0
1760,11.0,-253.0,-61.0,-36.0,59.0,11.0,9.0,-987.0,-171.0
1761,9.0,-256.0,-64.0,-29.0,57.0,9.0,8.0,-981.0,-171.0
1762,10.0,-255.0,-61.0,-19.0,56.0,12.0,7.0,-981.0,-177.0
1763,7.0,-251.0,-64.0,-10.0,55.0,9.0,9.0,-973.0,-183.0
1764,8.0,-250.0,-62.0,-6.0,52.0,10.0,11.0,-970.0,-194.0
1765,8.0,-249.0,-69.0,-7.0,48.0,8.0,7.0,-966.0,-200.0
1766,11.0,-248.0,-68.0,-11.0,45.0,12.0,9.0,-966.0,-214.0
1767,8.0,-248.0,-71.0,-18.0,45.0,11.0,14.0,-962.0,-218.0
1768,9.0,-248.0,-73.0,-26.0,41.0,18.0,16.0,-957.0,-218.0
1769,12.0,-248.0,-69.0,-28.0,41.0,19.0,9.0,-959.0,-214.0
1770,9.0,-248.0,-67.0,-26.0,40.0,25.0,6.0,-953.0,-208.0
1771,9.0,-245.0,-68.0,-16.0,43.0,25.0,8.0,-949.0,-194.0
1772,6.0,-246.0,-62.0,-1.0,44.0,29.0,-2.0,-947.0,-175.0
1773,5.0,-248.0,-58.0,21.0,49.0,27.0,-11.0,-944.0,-162.0
1774,4.0,-246.0,-53.0,45.0,56.0,32.0,-14.0,-943.0,-145.0
1775,3.0,-247.0,-52.0,65.0,64.0,31.0,-16.0,-947.0,-130.0
1776,5.0,-243.0,-49.0,78.0,67.0,31.0,-15.0,-952.0,-122.0
1777,0.0,-246.0,-50.0,80.0,67.0,25.0,-21.0,-950.0,-116.0
1778,-2.0,-246.0,-42.0,65.0,63.0,26.0,-19.0,-945.0,-111.0
1779,-3.0,-246.0,-49.0,38.0,55.0,22.0,-17.0,-951.0,-109.0
1780,1.0,-242.0,-44.0,1.0,44.0,20.0,-12.0,-948.0,-113.0
1781,1.0,-246.0,-48.0,-55.0,30.0,17.0,-10.0,-952.0,-116.0
1782,6.0,-247.0,-46.0,-103.0,18.0,18.0,-5.0,-954.0,-118.0
1783,6.0,-248.0,-53.0,-152.0,6.0,15.0,-1.0,-956.0,-124.0
1784,4.0,-247.0,-52.0,-200.0,-8.0,18.0,1.0,-955.0,-127.0
1785,7.0,-246.0,-48.0,-242.0,-21.0,16.0,7.0,-956.0,-131.0
1786,10.0,-251.0,-54.0,-276.0,-31.0,17.0,1.0,-966.0,-137.0
1787,7.0,-252.0,-53.0,-299.0,-39.0,14.0,7.0,-961.0,-140.0
1788,12.0,-254.0,-55.0,-314.0,-40.0,19.0,15.0,-972.0,-148.0
1789,12.0,-253.0,-57.0,-320.0,-39.0,17.0,11.0,-973.0,-156.0
1790,13.0,-253.0,-58.0,-318.0,-39.0,21.0,18.0,-973.0,-169.0
1791,10.0,-253.0,-59.0,-311.0,-31.0,21.0,21.0,-972.0,-164.0
1792,15.0,-253.0,-62.0,-297.0,-23.0,24.0,26.0,-975.0,-168.0
1793,14.0,-252.0,-59.0,-281.0,-16.0,21.0,36.0,-982.0,-171.0
1794,19.0,-257.0,-63.0,-267.0,-8.0,23.0,37.0,-993.0,-167.0
1795,19.0,-255.0,-64.0,-255.0,-2.0,21.0,44.0,-987.0,-173.0
1796,18.0,-253.0,-61.0,-244.0,3.0,22.0,47.0,-983.0,-176.0
1797,19.0,-255.0,-62.0,-234.0,12.0,22.0,48.0,-995.0,-174.0
1798,19.0,-257.0,-59.0,-225.0,18.0,22.0,53.0,-988.0,-176.0
1799,19.0,-257.0,-67.0,-215.0,20.0,17.0,49.0,-977.0,-176.0
1800,19.0,-252.0,-67.0,-207.0,23.0,14.0,46.0,-976.0,-180.0
1801,16.0,-249.0,-68.0,-204.0,25.0,8.0,44.0,-976.0,-189.0
1802,16.0,-253.0,-62.0,-205.0,26.0,9.0,42.0,-966.0,-193.0
1803,17.0,-252.0,-69.0,-209.0,31.0,7.0,37.0,-962.0,-194.0
1804,13.0,-248.0,-67.0,-216.0,36.0,7.0,27.0,-961.0,-209.0
1805,12.0,-249.0,-64.0,-225.0,40.0,4.0,20.0,-958.0,-206.0
1806,11.0,-245.0,-72.0,-230.0,45.0,5.0,17.0,-953.0,-209.0
1807,11.0,-249.0,-69.0,-237.0,50.0,3.0,16.0,-951.0,-206.0
1808,12.0,-247.0,-65.0,-244.0,52.0,6.0,10.0,-946.0,-210.0
1809,9.0,-247.0,-63.0,-246.0,54.0,7.0,8.0,-949.0,-208.0
1810,8.0,-245.0,-70.0,-247.0,56.0,12.0,3.0,-945.0,-205.0
1811,7.0,-246.0,-70.0,-248.0,56.0,11.0,3.0,-945.0,-209.0
1812,5.0,-245.0,-72.0,-250.0,55.0,18.0,1.0,-949.0,-206.0
1813,7.0,-245.0,-66.0,-253.0,55.0,20.0,1.0,-948.0,-204.0
1814,5.0,-242.0,-65.0,-256.0,54.0,25.0,5.0,-944.0,-203.0
1815,7.0,-243.0,-69.0,-258.0,51.0,26.0,-4.0,-933.0,-210.0
1816,6.0,-242.0,-68.0,-259.0,48.0,28.0,-3.0,-932.0,-213.0
1817,3.0,-241.0,-70.0,-260.0,42.0,28.0,-2.0,-921.0,-212.0
1818,4.0,-234.0,-74.0,-263.0,38.0,29.0,-6.0,-917.0,-220.0
1819,2.0,-237.0,-71.0,-269.0,33.0,32.0,-11.0,-920.0,-233.0
1820,3.0,-233.0,-75.0,-282.0,27.0,37.0,-10.0,-912.0,-242.0
1821,12.0,-238.0,-81.0,-297.0,25.0,36.0,-15.0,-912.0,-249.0
1822,2.0,-234.0,-86.0,-314.0,22.0,40.0,-15.0,-924.0,-251.0
1823,-1.0,-236.0,-90.0,-332.0,22.0,39.0,-12.0,-923.0,-253.0
1824,8.0,-244.0,-79.0,-345.0,24.0,40.0,-18.0,-925.0,-259.0
1825,1.0,-244.0,-93.0,-356.0,33.0,40.0,-11.0,-929.0,-257.0
1826,4.0,-251.0,-89.0,-361.0,46.0,46.0,-11.0,-941.0,-261.0
1827,4.0,-243.0,-97.0,-357.0,61.0,48.0,-3.0,-946.0,-260.0
1828,12.0,-254.0,-82.0,-348.0,76.0,51.0,-1.0,-948.0,-266.0
1829,16.0,-257.0,-72.0,-333.0,89.0,53.0,1.0,-948.0,-274.0
1830,8.0,-250.0,-82.0,-314.0,103.0,58.0,0.0,-947.0,-275.0
1831,11.0,-249.0,-88.0,-293.0,116.0,57.0,7.0,-943.0,-287.0
1832,9.0,-249.0,-91.0,-274.0,131.0,62.0,10.0,-946.0,-291.0
1833,9.0,-245.0,-93.0,-254.0,147.0,65.0,15.0,-944.0,-287.0
1834,12.0,-244.0,-91.0,-235.0,169.0,71.0,20.0,-946.0,-290.0
1835,14.0,-244.0,-90.0,-219.0,188.0,74.0,26.0,-943.0,-290.0
1836,15.0,-245.0,-90.0,-207.0,207.0,80.0,32.0,-948.0,-294.0
1837,20.0,-244.0,-93.0,-195.0,226.0,83.0,36.0,-945.0,-290.0
1838,17.0,-243.0,-92.0,-184.0,243.0,91.0,41.0,-943.0,-291.0
1839,20.0,-246.0,-92.0,-171.0,261.0,96.0,43.0,-946.0,-294.0
1840,20.0,-244.0,-96.0,-157.0,277.0,104.0,45.0,-949.0,-292.0
1841,19.0,-247.0,-93.0,-143.0,293.0,110.0,53.0,-952.0,-293.0
1842,20.0,-249.0,-90.0,-132.0,312.0,119.0,55.0,-957.0,-287.0
1843,22.0,-250.0,-92.0,-123.0,328.0,125.0,55.0,-966.0,-289.0
1844,23.0,-252.0,-90.0,-115.0,350.0,135.0,57.0,-974.0,-274.0
1845,19.0,-253.0,-84.0,-107.0,368.0,142.0,54.0,-979.0,-272.0
1846,24.0,-256.0,-84.0,-101.0,385.0,148.0,58.0,-997.0,-263.0
1847,21.0,-258.0,-84.0,-96.0,399.0,155.0,57.0,-1003.0,-256.0
1848,23.0,-259.0,-78.0,-88.0,412.0,163.0,54.0,-1004.0,-253.0
1849,17.0,-259.0,-75.0,-78.0,421.0,170.0,52.0,-1007.0,-232.0
1850,18.0,-257.0,-78.0,-66.0,429.0,179.0,47.0,-1007.0,-234.0
1851,19.0,-259.0,-76.0,-53.0,432.0,188.0,47.0,-1004.0,-222.0
1852,20.0,-259.0,-73.0,-38.0,434.0,200.0,46.0,-999.0,-221.0
1853,20.0,-254.0,-69.0,-28.0,435.0,209.0,45.0,-985.0,-223.0
1854,17.0,-252.0,-73.0,-20.0,435.0,221.0,46.0,-970.0,-222.0
1855,18.0,-245.0,-75.0,-18.0,435.0,229.0,45.0,-956.0,-233.0
1856,17.0,-242.0,-77.0,-22.0,438.0,237.0,47.0,-941.0,-237.0
1857,17.0,-237.0,-78.0,-34.0,441.0,242.0,44.0,-925.0,-245.0
1858,17.0,-237.0,-80.0,-51.0,441.0,248.0,38.0,-912.0,-246.0
1859,14.0,-233.0,-83.0,-77.0,439.0,250.0,25.0,-913.0,-254.0
1860,14.0,-232.0,-82.0,-105.0,433.0,252.0,24.0,-902.0,-260.0
1861,9.0,-229.0,-83.0,-135.0,425.0,249.0,16.0,-899.0,-260.0
1862,7.0,-233.0,-84.0,-164.0,418.0,249.0,8.0,-892.0,-265.0
1863,7.0,-228.0,-85.0,-191.0,409.0,247.0,6.0,-894.0,-269.0
1864,4.0,-229.0,-85.0,-213.0,402.0,247.0,-8.0,-885.0,-270.0
1865,3.0,-229.0,-88.0,-233.0,394.0,245.0,-11.0,-891.0,-270.0
1866,2.0,-230.0,-85.0,-249.0,391.0,240.0,-17.0,-895.0,-266.0
1867,2.0,-232.0,-87.0,-261.0,389.0,234.0,-22.0,-904.0,-271.0
1868,1.0,-236.0,-87.0,-276.0,391.0,228.0,-29.0,-906.0,-274.0
1869,-2.0,-235.0,-86.0,-291.0,389.0,222.0,-30.0,-913.0,-273.0
1870,-4.0,-238.0,-88.0,-302.0,383.0,216.0,-29.0,-923.0,-279.0
1871,-3.0,-238.0,-92.0,-315.0,374.0,207.0,-32.0,-928.0,-292.0
1872,-7.0,-240.0,-93.0,-328.0,364.0,199.0,-40.0,-931.0,-293.0
1873,-8.0,-241.0,-96.0,-340.0,353.0,190.0,-39.0,-934.0,-308.0
1874,-3.0,-245.0,-98.0,-346.0,341.0,186.0,-36.0,-931.0,-317.0
1875,-6.0,-244.0,-100.0,-344.0,328.0,184.0,-39.0,-943.0,-320.0
1876,-8.0,-245.0,-103.0,-338.0,318.0,182.0,-38.0,-944.0,-333.0
1877,-4.0,-247.0,-99.0,-331.0,311.0,182.0,-39.0,-950.0,-340.0
1878,-4.0,-247.0,-105.0,-319.0,303.0,179.0,-34.0,-948.0,-346.0
1879,-5.0,-244.0,-105.0,-302.0,295.0,178.0,-28.0,-952.0,-352.0
1880,-3.0,-246.0,-105.0,-280.0,288.0,174.0,-28.0,-954.0,-357.0
1881,-2.0,-248.0,-107.0,-252.0,282.0,169.0,-28.0,-952.0,-361.0
1882,0.0,-249.0,-107.0,-222.0,275.0,165.0,-25.0,-952.0,-360.0
1883,-1.0,-249.0,-107.0,-189.0,271.0,160.0,-24.0,-950.0,-359.0
1884,0.0,-249.0,-106.0,-160.0,267.0,155.0,-31.0,-962.0,-359.0
1885,-3.0,-247.0,-105.0,-128.0,265.0,153.0,-25.0,-952.0,-356.0
1886,0.0,-246.0,-105.0,-100.0,268.0,150.0,-25.0,-956.0,-353.0
1887,2.0,-248.0,-107.0,-69.0,273.0,153.0,-21.0,-955.0,-357.0
1888,1.0,-244.0,-107.0,-46.0,282.0,154.0,-24.0,-952.0,-351.0
1889,3.0,-246.0,-105.0,-26.0,293.0,154.0,-24.0,-944.0,-343.0
1890,3.0,-245.0,-105.0,-10.0,302.0,149.0,-19.0,-945.0,-341.0
1891,2.0,-244.0,-105.0,2.0,308.0,146.0,-22.0,-943.0,-343.0
1892,-2.0,-242.0,-101.0,9.0,310.0,138.0,-24.0,-928.0,-339.0
1893,0.0,-239.0,-101.0,7.0,313.0,135.0,-32.0,-925.0,-345.0
1894,-3.0,-235.0,-105.0,0.0,315.0,129.0,-34.0,-916.0,-343.0
1895,-3.0,-235.0,-103.0,-15.0,315.0,126.0,-44.0,-909.0,-350.0
1896,-8.0,-231.0,-102.0,-38.0,317.0,121.0,-45.0,-905.0,-358.0
1897,-6.0,-231.0,-106.0,-72.0,316.0,120.0,-60.0,-899.0,-360.0
1898,-11.0,-230.0,-106.0,-105.0,316.0,116.0,-68.0,-900.0,-358.0
1899,-11.0,-230.0,-108.0,-139.0,316.0,110.0,-73.0,-897.0,-361.0
1900,-12.0,-228.0,-106.0,-168.0,315.0,106.0,-78.0,-892.0,-363.0
1901,-13.0,-231.0,-106.0,-192.0,313.0,103.0,-93.0,-890.0,-364.0
1902,-17.0,-229.0,-108.0,-206.0,311.0,94.0,-98.0,-894.0,-361.0
1903,-20.0,-230.0,-106.0,-214.0,309.0,88.0,-107.0,-901.0,-361.0
1904,-22.0,-231.0,-109.0,-215.0,309.0,73.0,-109.0,-900.0,-365.0
1905,-23.0,-236.0,-106.0,-211.0,306.0,56.0,-121.0,-898.0,-361.0
1906,-28.0,-234.0,-106.0,-204.0,301.0,39.0,-135.0,-902.0,-359.0
1907,-29.0,-234.0,-104.0,-192.0,290.0,21.0,-143.0,-899.0,-357.0
1908,-32.0,-231.0,-104.0,-176.0,280.0,3.0,-145.0,-899.0,-357.0
1909,-35.0,-234.0,-100.0,-160.0,268.0,-10.0,-157.0,-899.0,-343.0
1910,-36.0,-234.0,-101.0,-143.0,257.0,-25.0,-164.0,-901.0,-338.0
1911,-37.0,-236.0,-102.0,-124.0,243.0,-37.0,-166.0,-903.0,-334.0
1912,-35.0,-234.0,-100.0,-110.0,226.0,-53.0,-171.0,-903.0,-335.0
1913,-37.0,-233.0,-104.0,-99.0,205.0,-70.0,-168.0,-907.0,-335.0
1914,-38.0,-236.0,-98.0,-95.0,181.0,-91.0,-175.0,-904.0,-336.0
1915,-38.0,-235.0,-100.0,-96.0,153.0,-109.0,-171.0,-900.0,-341.0
1916,-38.0,-232.0,-105.0,-99.0,125.0,-129.0,-174.0,-903.0,-345.0
1917,-38.0,-233.0,-105.0,-103.0,95.0,-147.0,-169.0,-904.0,-347.0
1918,-36.0,-230.0,-107.0,-114.0,59.0,-173.0,-162.0,-898.0,-359.0
1919,-35.0,-230.0,-106.0,-128.0,29.0,-190.0,-155.0,-899.0,-363.0
1920,-32.0,-231.0,-107.0,-144.0,-2.0,-210.0,-143.0,-896.0,-362.0
1921,-29.0,-232.0,-107.0,-160.0,-32.0,-228.0,-140.0,-900.0,-365.0
1922,-26.0,-233.0,-108.0,-174.0,-58.0,-247.0,-130.0,-903.0,-367.0
1923,-26.0,-232.0,-105.0,-184.0,-85.0,-262.0,-123.0,-900.0,-365.0
1924,-22.0,-234.0,-107.0,-192.0,-107.0,-278.0,-117.0,-900.0,-369.0
1925,-21.0,-235.0,-109.0,-196.0,-125.0,-290.0,-104.0,-903.0,-368.0
1926,-20.0,-232.0,-110.0,-199.0,-141.0,-300.0,-101.0,-904.0,-369.0
1927,-13.0,-233.0,-111.0,-198.0,-154.0,-305.0,-87.0,-906.0,-362.0
1928,-10.0,-236.0,-110.0,-195.0,-165.0,-314.0,-77.0,-909.0,-363.0
1929,-12.0,-236.0,-106.0,-194.0,-179.0,-315.0,-72.0,-911.0,-358.0
1930,-11.0,-235.0,-106.0,-190.0,-190.0,-322.0,-65.0,-911.0,-361.0
1931,-9.0,-235.0,-109.0,-187.0,-204.0,-322.0,-61.0,-914.0,-359.0
1932,-9.0,-235.0,-107.0,-185.0,-217.0,-326.0,-55.0,-915.0,-359.0
1933,-7.0,-232.0,-107.0,-185.0,-231.0,-325.0,-49.0,-913.0,-361.0
1934,-3.0,-238.0,-108.0,-187.0,-244.0,-327.0,-42.0,-910.0,-365.0
1935,-3.0,-237.0,-112.0,-193.0,-257.0,-324.0,-35.0,-912.0,-369.0
1936,-1.0,-234.0,-113.0,-199.0,-267.0,-324.0,-30.0,-907.0,-368.0
1937,1.0,-235.0,-111.0,-209.0,-275.0,-319.0,-22.0,-908.0,-380.0
1938,1.0,-236.0,-115.0,-218.0,-280.0,-315.0,-17.0,-910.0,-382.0
1939,2.0,-235.0,-114.0,-224.0,-286.0,-307.0,-3.0,-908.0,-384.0
1940,4.0,-233.0,-113.0,-229.0,-288.0,-301.0,-10.0,-910.0,-386.0
1941,8.0,-236.0,-116.0,-232.0,-287.0,-293.0,-1.0,-912.0,-384.0
1942,9.0,-233.0,-114.0,-235.0,-286.0,-290.0,5.0,-915.0,-384.0
1943,8.0,-237.0,-116.0,-236.0,-283.0,-283.0,11.0,-916.0,-382.0
1944,13.0,-240.0,-114.0,-235.0,-283.0,-279.0,13.0,-915.0,-387.0
1945,12.0,-239.0,-112.0,-233.0,-281.0,-271.0,19.0,-918.0,-386.0
1946,13.0,-238.0,-114.0,-228.0,-279.0,-267.0,19.0,-922.0,-377.0
1947,14.0,-242.0,-111.0,-222.0,-276.0,-257.0,24.0,-923.0,-372.0
1948,15.0,-240.0,-111.0,-216.0,-274.0,-251.0,26.0,-925.0,-372.0
1949,15.0,-239.0,-109.0,-211.0,-270.0,-240.0,31.0,-925.0,-361.0
1950,18.0,-241.0,-105.0,-203.0,-268.0,-234.0,39.0,-927.0,-358.0
1951,19.0,-242.0,-108.0,-200.0,-265.0,-225.0,41.0,-923.0,-357.0
1952,18.0,-238.0,-105.0,-195.0,-261.0,-220.0,50.0,-922.0,-348.0
1953,21.0,-235.0,-105.0,-190.0,-255.0,-212.0,51.0,-919.0,-347.0
1954,20.0,-239.0,-105.0,-182.0,-251.0,-212.0,53.0,-916.0,-346.0
1955,22.0,-235.0,-104.0,-174.0,-243.0,-207.0,58.0,-918.0,-350.0
1956,23.0,-236.0,-105.0,-166.0,-236.0,-208.0,57.0,-908.0,-350.0
1957,22.0,-236.0,-108.0,-161.0,-227.0,-204.0,59.0,-910.0,-355.0
1958,22.0,-232.0,-107.0,-163.0,-218.0,-204.0,62.0,-907.0,-353.0
1959,24.0,-233.0,-111.0,-168.0,-207.0,-201.0,64.0,-905.0,-364.0
1960,23.0,-232.0,-105.0,-180.0,-193.0,-202.0,67.0,-908.0,-362.0
1961,24.0,-231.0,-109.0,-191.0,-180.0,-200.0,71.0,-909.0,-361.0
1962,29.0,-232.0,-112.0,-197.0,-165.0,-200.0,74.0,-909.0,-361.0
1963,27.0,-232.0,-109.0,-206.0,-151.0,-196.0,73.0,-905.0,-362.0
1964,26.0,-234.0,-109.0,-215.0,-137.0,-198.0,76.0,-907.0,-360.0
1965,27.0,-233.0,-103.0,-219.0,-122.0,-194.0,75.0,-909.0,-360.0
1966,27.0,-236.0,-107.0,-221.0,-110.0,-191.0,74.0,-909.0,-358.0
1967,22.0,-235.0,-108.0,-223.0,-96.0,-185.0,72.0,-921.0,-355.0
1968,28.0,-241.0,-106.0,-222.0,-82.0,-181.0,70.0,-920.0,-350.0
1969,25.0,-239.0,-105.0,-215.0,-69.0,-172.0,66.0,-920.0,-347.0
1970,27.0,-237.0,-109.0,-205.0,-61.0,-166.0,68.0,-922.0,-357.0
1971,24.0,-236.0,-109.0,-189.0,-48.0,-156.0,72.0,-925.0,-357.0
1972,25.0,-240.0,-107.0,-177.0,-40.0,-150.0,72.0,-920.0,-365.0
1973,24.0,-237.0,-109.0,-165.0,-32.0,-139.0,69.0,-925.0,-369.0
1974,27.0,-242.0,-113.0,-154.0,-27.0,-131.0,72.0,-925.0,-376.0
1975,25.0,-239.0,-110.0,-143.0,-24.0,-119.0,66.0,-927.0,-392.0
1976,25.0,-242.0,-115.0,-132.0,-21.0,-112.0,70.0,-927.0,-391.0
1977,23.0,-239.0,-118.0,-115.0,-16.0,-100.0,71.0,-929.0,-394.0
1978,25.0,-242.0,-118.0,-97.0,-11.0,-93.0,67.0,-929.0,-395.0
1979,27.0,-240.0,-118.0,-73.0,-6.0,-81.0,70.0,-925.0,-400.0
1980,26.0,-238.0,-117.0,-49.0,1.0,-74.0,70.0,-924.0,-402.0
1981,24.0,-241.0,-119.0,-24.0,12.0,-61.0,67.0,-926.0,-402.0
1982,26.0,-241.0,-120.0,4.0,20.0,-56.0,69.0,-919.0,-404.0
1983,26.0,-236.0,-118.0,21.0,29.0,-46.0,73.0,-918.0,-397.0
1984,26.0,-237.0,-119.0,36.0,39.0,-44.0,70.0,-916.0,-396.0
1985,24.0,-234.0,-116.0,44.0,49.0,-36.0,70.0,-912.0,-396.0
1986,22.0,-233.0,-117.0,46.0,59.0,-36.0,72.0,-911.0,-398.0
1987,24.0,-231.0,-111.0,41.0,66.0,-30.0,70.0,-905.0,-395.0
1988,25.0,-232.0,-118.0,35.0,74.0,-32.0,62.0,-902.0,-401.0
1989,23.0,-230.0,-115.0,25.0,80.0,-30.0,62.0,-903.0,-399.0
1990,23.0,-230.0,-115.0,13.0,86.0,-33.0,65.0,-900.0,-401.0
1991,24.0,-229.0,-118.0,3.0,93.0,-32.0,55.0,-897.0,-402.0
1992,20.0,-229.0,-121.0,-8.0,100.0,-36.0,50.0,-892.0,-405.0
1993,19.0,-225.0,-120.0,-16.0,108.0,-34.0,56.0,-893.0,-410.0
1994,18.0,-228.0,-123.0,-25.0,114.0,-38.0,49.0,-889.0,-414.0
1995,21.0,-227.0,-122.0,-32.0,121.0,-37.0,45.0,-885.0,-422.0
1996,20.0,-227.0,-119.0,-38.0,128.0,-38.0,48.0,-889.0,-426.0
1997,17.0,-228.0,-123.0,-44.0,130.0,-34.0,43.0,-886.0,-425.0
1998,17.0,-230.0,-122.0,-49.0,132.0,-36.0,40.0,-882.0,-427.0
1999,19.0,-227.0,-124.0,-53.0,134.0,-30.0,43.0,-878.0,-426.0
2000,19.0,-230.0,-122.0,-54.0,134.0,-29.0,39.0,-884.0,-432.0
2001,16.0,-227.0,-120.0,-58.0,135.0,-25.0,39.0,-879.0,-427.0
2002,13.0,-225.0,-122.0,-60.0,132.0,-23.0,36.0,-880.0,-420.0
2003,14.0,-227.0,-123.0,-62.0,131.0,-18.0,27.0,-880.0,-423.0
2004,13.0,-224.0,-122.0,-65.0,129.0,-14.0,24.0,-884.0,-414.0
2005,11.0,-224.0,-121.0,-69.0,125.0,-6.0,21.0,-882.0,-412.0
2006,13.0,-228.0,-121.0,-74.0,122.0,-3.0,21.0,-882.0,-421.0
2007,13.0,-226.0,-122.0,-79.0,118.0,4.0,21.0,-887.0,-417.0
2008,14.0,-229.0,-121.0,-88.0,115.0,7.0,20.0,-888.0,-417.0
2009,9.0,-228.0,-122.0,-92.0,112.0,15.0,15.0,-892.0,-422.0
2010,10.0,-232.0,-121.0,-97.0,112.0,15.0,10.0,-896.0,-418.0
2011,11.0,-233.0,-122.0,-100.0,111.0,18.0,17.0,-903.0,-413.0
2012,8.0,-232.0,-122.0,-104.0,111.0,16.0,7.0,-902.0,-416.0
2013,11.0,-233.0,-119.0,-100.0,109.0,18.0,11.0,-909.0,-420.0
2014,11.0,-236.0,-121.0,-93.0,107.0,15.0,10.0,-908.0,-416.0
2015,8.0,-234.0,-121.0,-84.0,107.0,16.0,12.0,-910.0,-426.0
2016,9.0,-234.0,-121.0,-74.0,109.0,14.0,12.0,-908.0,-416.0
2017,7.0,-235.0,-120.0,-62.0,110.0,16.0,12.0,-909.0,-422.0
2018,9.0,-233.0,-121.0,-49.0,114.0,14.0,9.0,-913.0,-417.0
2019,9.0,-233.0,-125.0,-38.0,116.0,15.0,8.0,-905.0,-410.0
2020,5.0,-233.0,-122.0,-29.0,114.0,12.0,9.0,-907.0,-406.0
2021,10.0,-234.0,-121.0,-16.0,113.0,14.0,7.0,-908.0,-409.0
2022,6.0,-234.0,-117.0,-9.0,110.0,11.0,9.0,-904.0,-402.0
2023,8.0,-231.0,-118.0,-1.0,106.0,12.0,8.0,-904.0,-397.0
2024,8.0,-230.0,-116.0,3.0,101.0,10.0,11.0,-902.0,-395.0
2025,7.0,-231.0,-117.0,4.0,97.0,10.0,12.0,-898.0,-395.0
2026,10.0,-231.0,-112.0,4.0,92.0,9.0,10.0,-903.0,-385.0
2027,10.0,-231.0,-119.0,1.0,88.0,10.0,10.0,-896.0,-385.0
2028,8.0,-231.0,-109.0,-4.0,84.0,9.0,4.0,-890.0,-393.0
2029,7.0,-231.0,-114.0,-12.0,79.0,12.0,10.0,-889.0,-385.0
2030,5.0,-228.0,-114.0,-20.0,78.0,10.0,11.0,-892.0,-379.0
2031,8.0,-229.0,-113.0,-29.0,73.0,13.0,5.0,-892.0,-385.0
2032,8.0,-231.0,-114.0,-38.0,70.0,12.0,11.0,-894.0,-388.0
2033,8.0,-230.0,-114.0,-46.0,67.0,12.0,8.0,-898.0,-387.0
2034,9.0,-231.0,-116.0,-53.0,66.0,11.0,10.0,-896.0,-388.0
2035,9.0,-231.0,-118.0,-55.0,64.0,14.0,11.0,-902.0,-393.0
2036,11.0,-232.0,-116.0,-56.0,62.0,12.0,10.0,-901.0,-400.0
2037,10.0,-232.0,-119.0,-52.0,63.0,14.0,13.0,-902.0,-402.0
2038,12.0,-233.0,-122.0,-51.0,62.0,9.0,13.0,-902.0,-413.0
2039,10.0,-232.0,-121.0,-50.0,64.0,9.0,18.0,-906.0,-416.0
2040,14.0,-235.0,-121.0,-47.0,65.0,5.0,20.0,-908.0,-415.0
2041,13.0,-236.0,-121.0,-42.0,67.0,7.0,21.0,-916.0,-419.0
2042,13.0,-235.0,-120.0,-34.0,69.0,1.0,21.0,-918.0,-414.0
2043,14.0,-237.0,-121.0,-24.0,73.0,-1.0,23.0,-918.0,-418.0
2044,13.0,-241.0,-122.0,-9.0,76.0,-8.0,24.0,-925.0,-413.0
2045,11.0,-240.0,-120.0,9.0,78.0,-14.0,20.0,-932.0,-410.0
2046,10.0,-242.0,-119.0,30.0,78.0,-22.0,19.0,-934.0,-403.0
2047,13.0,-243.0,-120.0,51.0,78.0,-27.0,15.0,-941.0,-401.0
2048,10.0,-242.0,-116.0,76.0,79.0,-33.0,15.0,-936.0,-402.0
2049,11.0,-240.0,-116.0,99.0,77.0,-36.0,10.0,-928.0,-395.0
2050,9.0,-237.0,-117.0,123.0,76.0,-41.0,11.0,-927.0,-398.0
2051,7.0,-237.0,-117.0,144.0,71.0,-42.0,3.0,-917.0,-395.0
2052,3.0,-234.0,-117.0,162.0,64.0,-45.0,-2.0,-910.0,-392.0
2053,2.0,-232.0,-117.0,170.0,56.0,-42.0,-2.0,-905.0,-391.0
2054,5.0,-231.0,-118.0,174.0,48.0,-44.0,-6.0,-893.0,-386.0
2055,3.0,-227.0,-114.0,168.0,38.0,-37.0,-14.0,-882.0,-384.0
2056,5.0,-225.0,-113.0,151.0,30.0,-38.0,-14.0,-878.0,-384.0
2057,6.0,-223.0,-113.0,130.0,19.0,-36.0,-9.0,-868.0,-381.0
2058,1.0,-221.0,-110.0,104.0,7.0,-37.0,-12.0,-862.0,-380.0
2059,2.0,-218.0,-113.0,73.0,-4.0,-34.0,-13.0,-856.0,-374.0
2060,2.0,-218.0,-114.0,40.0,-16.0,-36.0,-8.0,-855.0,-383.0
2061,3.0,-218.0,-111.0,7.0,-23.0,-36.0,-5.0,-854.0,-384.0
2062,5.0,-220.0,-118.0,-25.0,-28.0,-38.0,-1.0,-857.0,-383.0
2063,5.0,-222.0,-116.0,-54.0,-31.0,-34.0,2.0,-862.0,-386.0
2064,7.0,-225.0,-114.0,-78.0,-33.0,-37.0,3.0,-871.0,-389.0
2065,10.0,-226.0,-116.0,-95.0,-30.0,-37.0,7.0,-879.0,-389.0
2066,13.0,-227.0,-116.0,-106.0,-26.0,-40.0,11.0,-884.0,-387.0
2067,14.0,-233.0,-115.0,-107.0,-18.0,-41.0,18.0,-898.0,-393.0
2068,10.0,-229.0,-119.0,-103.0,-15.0,-44.0,27.0,-907.0,-398.0
2069,16.0,-235.0,-117.0,-96.0,-9.0,-43.0,36.0,-906.0,-398.0
2070,17.0,-239.0,-123.0,-87.0,-2.0,-46.0,43.0,-911.0,-405.0
2071,19.0,-235.0,-120.0,-76.0,7.0,-46.0,49.0,-912.0,-407.0
2072,19.0,-234.0,-119.0,-64.0,16.0,-47.0,53.0,-915.0,-416.0
2073,25.0,-237.0,-120.0,-52.0,22.0,-43.0,61.0,-916.0,-416.0
2074,22.0,-235.0,-121.0,-42.0,31.0,-44.0,68.0,-920.0,-416.0
2075,27.0,-240.0,-122.0,-32.0,36.0,-40.0,72.0,-917.0,-412.0
2076,25.0,-235.0,-119.0,-23.0,43.0,-37.0,79.0,-917.0,-411.0
2077,25.0,-237.0,-119.0,-13.0,44.0,-35.0,80.0,-917.0,-412.0
2078,26.0,-235.0,-120.0,-7.0,45.0,-31.0,80.0,-914.0,-409.0
2079,29.0,-236.0,-117.0,-3.0,44.0,-27.0,81.0,-911.0,-407.0
2080,26.0,-232.0,-118.0,-2.0,43.0,-24.0,76.0,-905.0,-404.0
2081,28.0,-230.0,-117.0,-1.0,44.0,-18.0,74.0,-902.0,-398.0
2082,24.0,-228.0,-117.0,-1.0,43.0,-15.0,70.0,-897.0,-396.0
2083,26.0,-228.0,-116.0,-3.0,47.0,-7.0,71.0,-896.0,-396.0
2084,26.0,-230.0,-113.0,-5.0,49.0,-3.0,70.0,-891.0,-391.0
2085,24.0,-228.0,-116.0,-9.0,53.0,3.0,70.0,-885.0,-391.0
2086,24.0,-230.0,-116.0,-11.0,57.0,10.0,67.0,-885.0,-387.0
2087,21.0,-228.0,-111.0,-14.0,60.0,15.0,67.0,-886.0,-386.0
2088,25.0,-228.0,-111.0,-20.0,61.0,21.0,63.0,-886.0,-385.0
2089,22.0,-226.0,-111.0,-24.0,62.0,26.0,62.0,-890.0,-382.0
2090,21.0,-227.0,-113.0,-27.0,63.0,29.0,58.0,-885.0,-384.0
2091,21.0,-228.0,-111.0,-32.0,65.0,34.0,57.0,-890.0,-387.0
2092,19.0,-230.0,-115.0,-35.0,68.0,37.0,53.0,-890.0,-391.0
2093,18.0,-230.0,-113.0,-43.0,69.0,40.0,52.0,-895.0,-389.0
2094,16.0,-231.0,-116.0,-50.0,70.0,40.0,45.0,-900.0,-393.0
2095,18.0,-231.0,-119.0,-59.0,73.0,42.0,42.0,-897.0,-398.0
2096,18.0,-229.0,-116.0,-64.0,76.0,41.0,39.0,-900.0,-399.0
2097,15.0,-231.0,-117.0,-69.0,78.0,41.0,40.0,-905.0,-402.0
2098,17.0,-233.0,-120.0,-73.0,80.0,40.0,37.0,-903.0,-405.0
2099,15.0,-237.0,-119.0,-74.0,79.0,40.0,35.0,-905.0,-401.0
2100,15.0,-232.0,-120.0,-72.0,80.0,39.0,32.0,-905.0,-409.0
2101,13.0,-233.0,-117.0,-69.0,81.0,37.0,29.0,-905.0,-410.0
2102,14.0,-232.0,-122.0,-62.0,80.0,35.0,31.0,-906.0,-412.0
2103,16.0,-227.0,-118.0,-53.0,81.0,35.0,30.0,-906.0,-408.0
2104,13.0,-235.0,-121.0,-42.0,80.0,32.0,30.0,-903.0,-411.0
2105,16.0,-235.0,-120.0,-31.0,80.0,32.0,27.0,-905.0,-409.0
2106,15.0,-233.0,-121.0,-19.0,81.0,30.0,28.0,-906.0,-406.0
2107,13.0,-235.0,-120.0,-4.0,82.0,31.0,24.0,-904.0,-404.0
2108,15.0,-235.0,-118.0,9.0,85.0,31.0,29.0,-907.0,-411.0
2109,13.0,-235.0,-120.0,19.0,88.0,31.0,26.0,-902.0,-400.0
2110,13.0,-231.0,-115.0,28.0,90.0,30.0,22.0,-900.0,-402.0
2111,13.0,-231.0,-117.0,34.0,89.0,32.0,21.0,-904.0,-399.0
2112,16.0,-236.0,-117.0,38.0,88.0,31.0,21.0,-904.0,-396.0
2113,12.0,-233.0,-117.0,39.0,87.0,32.0,22.0,-905.0,-394.0
2114,13.0,-233.0,-116.0,35.0,86.0,31.0,18.0,-901.0,-391.0
2115,11.0,-232.0,-115.0,31.0,84.0,33.0,16.0,-903.0,-388.0
2116,11.0,-232.0,-116.0,26.0,83.0,32.0,16.0,-901.0,-389.0
2117,10.0,-229.0,-115.0,19.0,80.0,35.0,10.0,-897.0,-391.0
2118,7.0,-227.0,-113.0,12.0,80.0,37.0,12.0,-889.0,-388.0
2119,8.0,-228.0,-117.0,3.0,81.0,37.0,9.0,-889.0,-387.0
2120,7.0,-226.0,-116.0,-4.0,83.0,41.0,11.0,-890.0,-393.0
2121,6.0,-227.0,-115.0,-14.0,87.0,43.0,7.0,-887.0,-394.0
2122,5.0,-226.0,-118.0,-23.0,90.0,45.0,2.0,-885.0,-393.0
2123,6.0,-226.0,-117.0,-32.0,92.0,47.0,3.0,-887.0,-399.0
2124,6.0,-227.0,-116.0,-40.0,94.0,47.0,4.0,-887.0,-403.0
2125,8.0,-230.0,-118.0,-46.0,96.0,46.0,2.0,-888.0,-398.0
2126,8.0,-230.0,-116.0,-54.0,96.0,43.0,4.0,-897.0,-392.0
2127,7.0,-231.0,-112.0,-59.0,98.0,39.0,5.0,-900.0,-393.0
2128,5.0,-232.0,-116.0,-63.0,97.0,34.0,2.0,-905.0,-392.0
2129,7.0,-232.0,-111.0,-68.0,96.0,30.0,5.0,-909.0,-393.0
2130,4.0,-233.0,-115.0,-65.0,97.0,26.0,2.0,-912.0,-391.0
2131,6.0,-235.0,-112.0,-62.0,97.0,20.0,2.0,-910.0,-390.0
2132,4.0,-235.0,-114.0,-56.0,97.0,17.0,6.0,-913.0,-392.0
2133,9.0,-237.0,-114.0,-51.0,96.0,14.0,2.0,-912.0,-396.0
2134,4.0,-234.0,-118.0,-46.0,96.0,11.0,5.0,-911.0,-390.0
2135,8.0,-237.0,-117.0,-41.0,96.0,8.0,0.0,-910.0,-396.0
2136,4.0,-234.0,-115.0,-38.0,95.0,5.0,2.0,-913.0,-394.0
2137,6.0,-237.0,-116.0,-38.0,95.0,4.0,0.0,-911.0,-395.0
2138,5.0,-234.0,-116.0,-34.0,94.0,2.0,-5.0,-910.0,-390.0
2139,3.0,-235.0,-116.0,-31.0,87.0,-4.0,2.0,-910.0,-394.0
2140,6.0,-233.0,-119.0,-25.0,86.0,-3.0,0.0,-909.0,-395.0
2141,6.0,-232.0,-118.0,-22.0,82.0,-5.0,-3.0,-908.0,-399.0
2142,5.0,-231.0,-116.0,-16.0,81.0,-4.0,2.0,-905.0,-397.0
2143,7.0,-232.0,-117.0,-12.0,77.0,-7.0,5.0,-903.0,-398.0
2144,7.0,-232.0,-120.0,-13.0,74.0,-6.0,3.0,-905.0,-394.0
2145,7.0,-232.0,-116.0,-12.0,68.0,-7.0,3.0,-897.0,-398.0
2146,8.0,-232.0,-118.0,-11.0,66.0,-7.0,2.0,-902.0,-396.0
2147,9.0,-231.0,-119.0,-14.0,63.0,-8.0,9.0,-901.0,-397.0
2148,7.0,-231.0,-115.0,-14.0,61.0,-7.0,8.0,-894.0,-395.0
2149,9.0,-228.0,-116.0,-16.0,59.0,-11.0,11.0,-895.0,-397.0
2150,12.0,-229.0,-119.0,-20.0,59.0,-12.0,14.0,-894.0,-398.0
2151,12.0,-230.0,-116.0,-22.0,58.0,-13.0,13.0,-893.0,-394.0
2152,10.0,-228.0,-115.0,-24.0,56.0,-12.0,19.0,-892.0,-395.0
2153,11.0,-228.0,-113.0,-30.0,56.0,-12.0,21.0,-889.0,-395.0
2154,13.0,-226.0,-116.0,-35.0,57.0,-12.0,27.0,-890.0,-401.0
2155,15.0,-225.0,-116.0,-42.0,59.0,-14.0,24.0,-895.0,-393.0
2156,11.0,-229.0,-115.0,-47.0,60.0,-12.0,24.0,-890.0,-395.0
2157,10.0,-230.0,-115.0,-52.0,59.0,-12.0,26.0,-895.0,-396.0
2158,12.0,-231.0,-120.0,-58.0,59.0,-12.0,28.0,-896.0,-397.0
2159,12.0,-228.0,-117.0,-63.0,60.0,-14.0,28.0,-898.0,-402.0
2160,15.0,-231.0,-118.0,-67.0,63.0,-12.0,25.0,-896.0,-395.0
2161,14.0,-233.0,-118.0,-68.0,62.0,-14.0,30.0,-902.0,-407.0
2162,14.0,-233.0,-120.0,-68.0,64.0,-13.0,37.0,-903.0,-405.0
2163,12.0,-231.0,-116.0,-66.0,63.0,-13.0,27.0,-904.0,-403.0
2164,16.0,-235.0,-120.0,-61.0,63.0,-11.0,26.0,-905.0,-408.0
2165,16.0,-232.0,-120.0,-55.0,64.0,-11.0,25.0,-910.0,-407.0
2166,14.0,-232.0,-121.0,-49.0,63.0,-8.0,25.0,-902.0,-405.0
2167,16.0,-236.0,-120.0,-42.0,64.0,-5.0,28.0,-908.0,-411.0
2168,12.0,-234.0,-123.0,-32.0,64.0,-3.0,27.0,-908.0,-410.0
2169,14.0,-235.0,-122.0,-24.0,63.0,-4.0,24.0,-907.0,-410.0
2170,14.0,-234.0,-119.0,-18.0,63.0,-2.0,24.0,-901.0,-411.0
2171,12.0,-235.0,-120.0,-12.0,63.0,-4.0,24.0,-903.0,-409.0
2172,12.0,-233.0,-119.0,-3.0,63.0,-2.0,23.0,-902.0,-407.0
2173,14.0,-234.0,-117.0,4.0,62.0,-4.0,24.0,-901.0,-404.0
2174,12.0,-232.0,-118.0,10.0,64.0,-3.0,26.0,-902.0,-404.0
2175,13.0,-230.0,-120.0,13.0,64.0,-5.0,23.0,-897.0,-406.0
2176,12.0,-232.0,-117.0,15.0,66.0,-3.0,24.0,-896.0,-407.0
2177,9.0,-225.0,-119.0,12.0,66.0,-4.0,26.0,-895.0,-404.0
2178,8.0,-228.0,-118.0,8.0,67.0,-5.0,20.0,-894.0,-406.0
2179,14.0,-230.0,-116.0,5.0,66.0,-6.0,25.0,-893.0,-403.0
2180,15.0,-232.0,-119.0,-1.0,68.0,-6.0,22.0,-897.0,-404.0
2181,10.0,-228.0,-117.0,-9.0,67.0,-9.0,23.0,-896.0,-398.0
2182,11.0,-228.0,-116.0,-17.0,66.0,-8.0,24.0,-890.0,-402.0
2183,12.0,-228.0,-117.0,-22.0,64.0,-10.0,23.0,-893.0,-397.0
2184,12.0,-228.0,-118.0,-30.0,64.0,-9.0,24.0,-891.0,-403.0
2185,13.0,-229.0,-117.0,-34.0,63.0,-10.0,24.0,-890.0,-401.0
2186,14.0,-229.0,-117.0,-40.0,61.0,-8.0,30.0,-883.0,-399.0
2187,14.0,-230.0,-118.0,-45.0,62.0,-11.0,26.0,-894.0,-400.0
2188,11.0,-229.0,-115.0,-48.0,61.0,-6.0,28.0,-896.0,-402.0
2189,16.0,-231.0,-118.0,-51.0,61.0,-8.0,22.0,-892.0,-403.0
2190,12.0,-229.0,-113.0,-53.0,63.0,-5.0,26.0,-899.0,-401.0
2191,13.0,-229.0,-117.0,-55.0,62.0,-6.0,22.0,-894.0,-402.0
2192,11.0,-231.0,-117.0,-55.0,61.0,-2.0,28.0,-897.0,-404.0
2193,12.0,-232.0,-117.0,-56.0,61.0,-4.0,19.0,-900.0,-400.0
2194,13.0,-231.0,-117.0,-56.0,61.0,-1.0,20.0,-903.0,-403.0
2195,12.0,-234.0,-120.0,-56.0,60.0,-2.0,25.0,-904.0,-401.0
2196,14.0,-233.0,-117.0,-54.0,60.0,1.0,21.0,-905.0,-401.0
2197,14.0,-232.0,-119.0,-50.0,60.0,-2.0,22.0,-903.0,-405.0
2198,12.0,-233.0,-116.0,-43.0,59.0,1.0,22.0,-908.0,-406.0
2199,12.0,-232.0,-117.0,-38.0,58.0,-1.0,19.0,-905.0,-403.0
2200,13.0,-232.0,-123.0,-33.0,59.0,1.0,19.0,-901.0,-407.0
2201,12.0,-231.0,-120.0,-26.0,59.0,0.0,24.0,-902.0,-403.0
2202,11.0,-233.0,-120.0,-21.0,59.0,1.0,20.0,-902.0,-409.0
2203,10.0,-231.0,-118.0,-17.0,60.0,-2.0,21.0,-899.0,-407.0
2204,12.0,-229.0,-119.0,-12.0,60.0,0.0,19.0,-900.0,-405.0
2205,13.0,-231.0,-121.0,-9.0,62.0,-3.0,20.0,-898.0,-407.0
2206,12.0,-231.0,-119.0,-7.0,64.0,-1.0,19.0,-896.0,-408.0
2207,10.0,-226.0,-119.0,-7.0,64.0,-4.0,21.0,-891.0,-404.0
2208,12.0,-230.0,-120.0,-8.0,63.0,-2.0,18.0,-892.0,-403.0
2209,11.0,-228.0,-118.0,-11.0,63.0,-5.0,20.0,-896.0,-406.0
2210,12.0,-229.0,-121.0,-12.0,64.0,-3.0,22.0,-892.0,-398.0
2211,12.0,-230.0,-118.0,-15.0,62.0,-6.0,22.0,-895.0,-405.0
2212,13.0,-231.0,-121.0,-17.0,62.0,-3.0,16.0,-895.0,-404.0
2213,11.0,-231.0,-119.0,-21.0,62.0,-5.0,21.0,-892.0,-397.0
2214,10.0,-228.0,-119.0,-24.0,62.0,-2.0,18.0,-895.0,-404.0
2215,13.0,-231.0,-118.0,-30.0,64.0,-4.0,18.0,-891.0,-405.0
2216,11.0,-228.0,-120.0,-34.0,63.0,-2.0,14.0,-892.0,-403.0
2217,10.0,-231.0,-118.0,-38.0,61.0,-3.0,16.0,-894.0,-408.0
2218,14.0,-229.0,-120.0,-40.0,62.0,-1.0,17.0,-894.0,-403.0
2219,12.0,-229.0,-118.0,-44.0,61.0,-3.0,20.0,-898.0,-411.0
2220,13.0,-229.0,-117.0,-49.0,60.0,1.0,16.0,-892.0,-408.0
2221,10.0,-231.0,-120.0,-52.0,57.0,-2.0,14.0,-896.0,-404.0
2222,9.0,-232.0,-121.0,-55.0,57.0,-1.0,20.0,-896.0,-404.0
2223,9.0,-230.0,-120.0,-55.0,55.0,-4.0,11.0,-898.0,-407.0
2224,11.0,-234.0,-120.0,-54.0,53.0,-2.0,15.0,-902.0,-410.0
2225,9.0,-232.0,-122.0,-51.0,53.0,-5.0,19.0,-903.0,-413.0
2226,12.0,-231.0,-120.0,-46.0,52.0,-3.0,17.0,-900.0,-411.0
2227,11.0,-233.0,-118.0,-41.0,52.0,-6.0,17.0,-896.0,-413.0
2228,13.0,-232.0,-122.0,-37.0,54.0,-3.0,16.0,-902.0,-414.0
2229,10.0,-232.0,-120.0,-33.0,54.0,-7.0,15.0,-898.0,-415.0
2230,11.0,-232.0,-120.0,-27.0,56.0,-5.0,20.0,-898.0,-414.0
2231,12.0,-230.0,-125.0,-22.0,56.0,-6.0,18.0,-902.0,-410.0
2232,11.0,-230.0,-121.0,-17.0,58.0,-3.0,20.0,-901.0,-412.0
2233,14.0,-233.0,-120.0,-15.0,59.0,-7.0,17.0,-895.0,-407.0
2234,10.0,-230.0,-124.0,-12.0,59.0,-5.0,18.0,-895.0,-410.0
2235,18.0,-222.0,-116.0,-14.0,58.0,-7.0,18.0,-890.0,-406.0
2236,10.0,-228.0,-123.0,-15.0,58.0,-6.0,21.0,-893.0,-407.0
2237,11.0,-228.0,-131.0,-16.0,57.0,-7.0,20.0,-895.0,-406.0
2238,10.0,-226.0,-134.0,-20.0,58.0,-6.0,18.0,-896.0,-411.0
2239,18.0,-218.0,-129.0,-22.0,57.0,-10.0,19.0,-897.0,-406.0
2240,4.0,-226.0,-126.0,-25.0,58.0,-7.0,20.0,-895.0,-404.0
2241,9.0,-230.0,-128.0,-28.0,57.0,-9.0,15.0,-895.0,-407.0
2242,8.0,-230.0,-107.0,-30.0,58.0,-5.0,22.0,-895.0,-407.0
2243,9.0,-235.0,-110.0,-32.0,59.0,-8.0,16.0,-896.0,-404.0
2244,11.0,-220.0,-135.0,-35.0,60.0,-6.0,21.0,-897.0,-408.0
2245,13.0,-231.0,-120.0,-36.0,62.0,-8.0,21.0,-898.0,-404.0
2246,12.0,-233.0,-115.0,-38.0,65.0,-4.0,26.0,-893.0,-401.0
2247,15.0,-231.0,-121.0,-38.0,65.0,-6.0,24.0,-896.0,-406.0
2248,13.0,-229.0,-118.0,-37.0,64.0,-2.0,25.0,-897.0,-402.0
2249,14.0,-223.0,-117.0,-39.0,64.0,-4.0,31.0,-899.0,-409.0
2250,15.0,-229.0,-118.0,-39.0,64.0,-3.0,27.0,-896.0,-407.0
2251,11.0,-231.0,-116.0,-39.0,62.0,-6.0,22.0,-895.0,-405.0
2252,11.0,-230.0,-120.0,-40.0,62.0,-3.0,20.0,-892.0,-406.0
2253,12.0,-232.0,-118.0,-41.0,60.0,-5.0,26.0,-893.0,-405.0
2254,15.0,-229.0,-120.0,-41.0,57.0,-2.0,26.0,-893.0,-407.0
2255,12.0,-229.0,-118.0,-41.0,59.0,-4.0,23.0,-892.0,-404.0
2256,13.0,-230.0,-118.0,-43.0,58.0,-2.0,22.0,-896.0,-407.0
2257,13.0,-230.0,-119.0,-42.0,58.0,-4.0,23.0,-899.0,-406.0
2258,13.0,-233.0,-118.0,-41.0,59.0,-3.0,20.0,-903.0,-405.0
2259,14.0,-233.0,-119.0,-40.0,60.0,-3.0,23.0,-898.0,-405.0
2260,11.0,-231.0,-121.0,-37.0,60.0,-1.0,20.0,-902.0,-409.0
2261,12.0,-234.0,-122.0,-35.0,62.0,-2.0,20.0,-904.0,-404.0
2262,12.0,-234.0,-117.0,-33.0,64.0,1.0,21.0,-902.0,-405.0
2263,12.0,-235.0,-120.0,-32.0,65.0,-2.0,19.0,-904.0,-412.0
2264,10.0,-232.0,-121.0,-30.0,66.0,0.0,23.0,-903.0,-408.0
2265,12.0,-233.0,-120.0,-27.0,67.0,-4.0,21.0,-902.0,-401.0
2266,13.0,-232.0,-118.0,-26.0,67.0,-2.0,21.0,-899.0,-406.0
2267,12.0,-230.0,-117.0,-23.0,66.0,-5.0,18.0,-905.0,-408.0
2268,12.0,-230.0,-119.0,-20.0,69.0,-4.0,22.0,-898.0,-406.0
2269,10.0,-231.0,-118.0,-19.0,69.0,-5.0,20.0,-894.0,-409.0
2270,12.0,-231.0,-119.0,-20.0,71.0,-4.0,22.0,-895.0,-411.0
2271,13.0,-230.0,-120.0,-18.0,70.0,-6.0,19.0,-892.0,-417.0
2272,14.0,-229.0,-120.0,-17.0,70.0,-3.0,22.0,-887.0,-416.0
2273,13.0,-227.0,-120.0,-16.0,72.0,-4.0,22.0,-887.0,-412.0
2274,12.0,-228.0,-122.0,-15.0,71.0,-1.0,23.0,-885.0,-419.0
2275,14.0,-228.0,-118.0,-17.0,72.0,-2.0,22.0,-887.0,-415.0
2276,14.0,-229.0,-120.0,-18.0,72.0,0.0,22.0,-889.0,-407.0
2277,10.0,-227.0,-120.0,-20.0,71.0,0.0,23.0,-895.0,-412.0
2278,13.0,-230.0,-118.0,-23.0,70.0,2.0,20.0,-891.0,-404.0
2279,13.0,-228.0,-120.0,-24.0,68.0,-1.0,20.0,-892.0,-406.0
2280,14.0,-229.0,-121.0,-26.0,67.0,3.0,23.0,-894.0,-411.0
2281,13.0,-231.0,-120.0,-28.0,68.0,0.0,16.0,-895.0,-410.0
2282,10.0,-227.0,-121.0,-29.0,69.0,2.0,23.0,-893.0,-411.0
2283,11.0,-231.0,-120.0,-31.0,69.0,1.0,16.0,-893.0,-411.0
2284,13.0,-233.0,-120.0,-32.0,71.0,3.0,19.0,-898.0,-412.0
2285,13.0,-229.0,-120.0,-33.0,73.0,2.0,15.0,-899.0,-413.0
2286,9.0,-233.0,-122.0,-32.0,75.0,3.0,14.0,-898.0,-420.0
2287,11.0,-232.0,-121.0,-31.0,75.0,1.0,18.0,-901.0,-425.0
2288,8.0,-230.0,-121.0,-29.0,76.0,2.0,18.0,-903.0,-422.0
2289,11.0,-230.0,-122.0,-29.0,73.0,0.0,18.0,-900.0,-418.0
2290,11.0,-231.0,-120.0,-29.0,70.0,0.0,18.0,-897.0,-415.0
2291,11.0,-231.0,-119.0,-27.0,68.0,-1.0,17.0,-889.0,-419.0
2292,11.0,-232.0,-125.0,-26.0,65.0,-1.0,20.0,-897.0,-421.0
2293,11.0,-231.0,-122.0,-21.0,61.0,-3.0,18.0,-898.0,-417.0
2294,10.0,-231.0,-123.0,-18.0,58.0,-2.0,18.0,-894.0,-425.0
2295,13.0,-233.0,-124.0,-13.0,57.0,-4.0,21.0,-895.0,-422.0
2296,10.0,-232.0,-122.0,-9.0,58.0,-3.0,17.0,-901.0,-417.0
2297,12.0,-231.0,-121.0,-4.0,55.0,-4.0,19.0,-895.0,-420.0
2298,13.0,-234.0,-121.0,-2.0,56.0,-4.0,20.0,-889.0,-415.0
2299,13.0,-230.0,-116.0,0.0,56.0,-6.0,18.0,-894.0,-413.0
2300,13.0,-230.0,-121.0,-1.0,56.0,-5.0,16.0,-893.0,-410.0
2301,11.0,-229.0,-114.0,-3.0,55.0,-6.0,17.0,-892.0,-413.0
2302,12.0,-228.0,-122.0,-6.0,56.0,-5.0,22.0,-892.0,-410.0
2303,12.0,-228.0,-119.0,-9.0,56.0,-7.0,17.0,-893.0,-410.0
2304,12.0,-230.0,-121.0,-11.0,57.0,-5.0,20.0,-885.0,-408.0
2305,12.0,-229.0,-121.0,-13.0,57.0,-7.0,17.0,-889.0,-408.0
2306,10.0,-228.0,-120.0,-14.0,56.0,-4.0,20.0,-892.0,-411.0
2307,14.0,-231.0,-119.0,-16.0,57.0,-5.0,19.0,-896.0,-412.0
2308,12.0,-230.0,-119.0,-17.0,56.0,-3.0,20.0,-893.0,-409.0
2309,12.0,-227.0,-120.0,-17.0,56.0,-4.0,20.0,-898.0,-413.0
2310,10.0,-228.0,-118.0,-16.0,55.0,-4.0,18.0,-892.0,-409.0
2311,11.0,-229.0,-119.0,-15.0,56.0,-6.0,21.0,-896.0,-413.0
2312,12.0,-231.0,-120.0,-13.0,55.0,-6.0,20.0,-897.0,-416.0
2313,11.0,-232.0,-121.0,-10.0,54.0,-6.0,20.0,-899.0,-416.0
2314,12.0,-231.0,-120.0,-9.0,56.0,-5.0,21.0,-897.0,-416.0
2315,14.0,-231.0,-120.0,-8.0,57.0,-7.0,22.0,-899.0,-414.0
2316,12.0,-230.0,-122.0,-7.0,57.0,-5.0,19.0,-897.0,-414.0
2317,14.0,-231.0,-123.0,-7.0,58.0,-6.0,19.0,-900.0,-406.0
2318,13.0,-232.0,-120.0,-8.0,61.0,-5.0,23.0,-894.0,-409.0
2319,12.0,-232.0,-121.0,-7.0,60.0,-5.0,20.0,-897.0,-411.0
2320,12.0,-230.0,-122.0,-7.0,60.0,-4.0,19.0,-894.0,-412.0
2321,10.0,-232.0,-121.0,-9.0,61.0,-5.0,23.0,-894.0,-411.0
2322,15.0,-229.0,-121.0,-8.0,59.0,-4.0,23.0,-899.0,-407.0
2323,13.0,-228.0,-119.0,-9.0,59.0,-4.0,23.0,-895.0,-411.0
2324,13.0,-230.0,-119.0,-7.0,60.0,-4.0,20.0,-902.0,-408.0
2325,13.0,-229.0,-121.0,-8.0,60.0,-5.0,24.0,-897.0,-410.0
2326,10.0,-233.0,-120.0,-7.0,60.0,-5.0,22.0,-898.0,-407.0
2327,11.0,-232.0,-121.0,-6.0,57.0,-5.0,22.0,-897.0,-412.0
2328,14.0,-230.0,-120.0,-5.0,58.0,-3.0,22.0,-900.0,-404.0
2329,11.0,-229.0,-122.0,-3.0,58.0,-2.0,19.0,-899.0,-411.0
2330,12.0,-230.0,-118.0,-1.0,59.0,-1.0,20.0,-888.0,-419.0
2331,15.0,-231.0,-121.0,1.0,59.0,-1.0,19.0,-894.0,-410.0
2332,15.0,-230.0,-122.0,0.0,58.0,-1.0,20.0,-891.0,-414.0
2333,11.0,-227.0,-119.0,-2.0,58.0,-2.0,19.0,-889.0,-412.0
2334,11.0,-229.0,-120.0,-7.0,57.0,-1.0,19.0,-888.0,-410.0
2335,12.0,-227.0,-120.0,-10.0,58.0,-1.0,15.0,-889.0,-407.0
2336,13.0,-225.0,-119.0,-13.0,58.0,1.0,21.0,-891.0,-415.0
2337,11.0,-229.0,-123.0,-16.0,59.0,1.0,19.0,-890.0,-412.0
2338,13.0,-228.0,-119.0,-19.0,60.0,2.0,20.0,-891.0,-413.0
2339,9.0,-228.0,-122.0,-20.0,61.0,2.0,18.0,-895.0,-415.0
2340,14.0,-230.0,-121.0,-22.0,62.0,0.0,20.0,-896.0,-414.0
2341,12.0,-230.0,-123.0,-22.0,63.0,0.0,20.0,-897.0,-414.0
2342,13.0,-231.0,-122.0,-21.0,64.0,-1.0,20.0,-900.0,-417.0
2343,11.0,-231.0,-120.0,-20.0,64.0,-2.0,21.0,-896.0,-410.0
2344,14.0,-233.0,-121.0,-18.0,65.0,-3.0,19.0,-900.0,-416.0
2345,11.0,-231.0,-124.0,-16.0,66.0,-3.0,23.0,-901.0,-416.0
2346,13.0,-233.0,-123.0,-14.0,67.0,-4.0,21.0,-899.0,-409.0
2347,12.0,-229.0,-122.0,-10.0,67.0,-4.0,20.0,-901.0,-412.0
2348,13.0,-231.0,-120.0,-7.0,69.0,-2.0,20.0,-897.0,-407.0
2349,13.0,-229.0,-122.0,-5.0,69.0,-1.0,23.0,-900.0,-409.0
2350,11.0,-230.0,-119.0,-3.0,69.0,-1.0,24.0,-899.0,-413.0
2351,14.0,-231.0,-119.0,-4.0,71.0,-1.0,21.0,-896.0,-410.0
2352,9.0,-229.0,-119.0,-5.0,70.0,0.0,25.0,-895.0,-408.0
2353,11.0,-230.0,-122.0,-4.0,70.0,1.0,23.0,-893.0,-409.0
2354,12.0,-229.0,-119.0,-7.0,71.0,-1.0,20.0,-895.0,-408.0
2355,10.0,-230.0,-119.0,-6.0,70.0,-2.0,19.0,-895.0,-408.0
2356,9.0,-227.0,-120.0,-9.0,69.0,-1.0,19.0,-895.0,-406.0
2357,13.0,-230.0,-119.0,-9.0,68.0,-1.0,19.0,-893.0,-410.0
2358,10.0,-229.0,-120.0,-8.0,65.0,0.0,21.0,-889.0,-406.0
2359,12.0,-227.0,-118.0,-7.0,64.0,-1.0,16.0,-890.0,-408.0
2360,11.0,-229.0,-120.0,-9.0,63.0,-2.0,21.0,-892.0,-409.0
2361,9.0,-226.0,-119.0,-10.0,63.0,-1.0,15.0,-895.0,-407.0
2362,15.0,-231.0,-121.0,-12.0,63.0,-2.0,16.0,-891.0,-407.0
2363,11.0,-231.0,-120.0,-13.0,63.0,0.0,21.0,-892.0,-414.0
2364,9.0,-232.0,-121.0,-15.0,62.0,-1.0,16.0,-893.0,-410.0
2365,10.0,-230.0,-119.0,-16.0,61.0,-1.0,19.0,-895.0,-409.0
2366,11.0,-230.0,-121.0,-17.0,61.0,-1.0,19.0,-896.0,-412.0
2367,12.0,-231.0,-120.0,-16.0,61.0,-1.0,20.0,-898.0,-410.0
2368,13.0,-231.0,-118.0,-13.0,61.0,-1.0,21.0,-901.0,-411.0
2369,13.0,-232.0,-122.0,-14.0,63.0,-2.0,16.0,-899.0,-413.0
2370,11.0,-232.0,-120.0,-13.0,63.0,-2.0,22.0,-900.0,-409.0
2371,12.0,-233.0,-120.0,-11.0,64.0,-3.0,17.0,-900.0,-407.0
2372,11.0,-231.0,-120.0,-8.0,64.0,-5.0,19.0,-905.0,-409.0
2373,12.0,-231.0,-122.0,-4.0,63.0,-5.0,22.0,-898.0,-413.0
2374,15.0,-231.0,-119.0,-3.0,63.0,-6.0,21.0,-897.0,-412.0
2375,11.0,-230.0,-122.0,-4.0,62.0,-6.0,19.0,-898.0,-414.0
2376,12.0,-228.0,-124.0,-5.0,62.0,-6.0,20.0,-892.0,-410.0
2377,14.0,-229.0,-118.0,-4.0,60.0,-6.0,17.0,-890.0,-410.0
2378,13.0,-230.0,-117.0,-5.0,61.0,-7.0,21.0,-897.0,-408.0
2379,11.0,-231.0,-118.0,-5.0,61.0,-5.0,21.0,-894.0,-415.0
2380,11.0,-229.0,-119.0,-3.0,62.0,-5.0,21.0,-892.0,-409.0
2381,11.0,-230.0,-122.0,-3.0,61.0,-3.0,21.0,-892.0,-414.0
2382,11.0,-228.0,-118.0,-3.0,63.0,-5.0,21.0,-890.0,-411.0
2383,12.0,-229.0,-120.0,-3.0,63.0,-1.0,19.0,-896.0,-413.0
2384,10.0,-229.0,-120.0,-4.0,64.0,-2.0,22.0,-893.0,-410.0
2385,11.0,-227.0,-119.0,-6.0,63.0,1.0,20.0,-891.0,-412.0
2386,10.0,-228.0,-117.0,-9.0,64.0,0.0,17.0,-895.0,-409.0
2387,13.0,-229.0,-119.0,-13.0,63.0,1.0,19.0,-894.0,-407.0
2388,13.0,-230.0,-118.0,-17.0,63.0,0.0,21.0,-896.0,-404.0
2389,11.0,-231.0,-120.0,-19.0,62.0,0.0,16.0,-898.0,-406.0
2390,11.0,-229.0,-117.0,-21.0,61.0,-1.0,14.0,-895.0,-406.0
2391,11.0,-234.0,-119.0,-22.0,62.0,0.0,17.0,-897.0,-413.0
2392,12.0,-232.0,-117.0,-21.0,64.0,-1.0,16.0,-895.0,-408.0
2393,10.0,-231.0,-119.0,-21.0,64.0,-1.0,15.0,-897.0,-402.0
2394,11.0,-229.0,-123.0,-21.0,64.0,-3.0,15.0,-897.0,-409.0
2395,11.0,-234.0,-119.0,-19.0,65.0,-1.0,17.0,-900.0,-412.0
2396,11.0,-232.0,-120.0,-16.0,64.0,-4.0,21.0,-903.0,-413.0
2397,13.0,-230.0,-119.0,-14.0,63.0,-5.0,18.0,-901.0,-413.0
2398,12.0,-231.0,-119.0,-12.0,62.0,-6.0,16.0,-903.0,-415.0
