,0,1,2,3,4,5,6,7,8
0,-6.0,31.0,231.0,-11.0,58.0,-4.0,15.0,135.0,1007.0
1,-5.0,31.0,225.0,-7.0,57.0,-6.0,8.0,137.0,1013.0
2,-4.0,31.0,230.0,-4.0,56.0,-5.0,10.0,137.0,1013.0
3,-5.0,28.0,228.0,-2.0,57.0,-6.0,12.0,130.0,1011.0
4,-6.0,32.0,230.0,-1.0,58.0,-5.0,10.0,132.0,1013.0
5,-4.0,30.0,230.0,2.0,59.0,-5.0,7.0,130.0,1012.0
6,-8.0,30.0,228.0,2.0,57.0,-4.0,14.0,134.0,1013.0
7,-4.0,35.0,228.0,3.0,59.0,-6.0,7.0,138.0,1011.0
8,-7.0,33.0,225.0,3.0,58.0,-3.0,13.0,136.0,1009.0
9,-7.0,34.0,228.0,4.0,57.0,-6.0,10.0,140.0,1014.0
10,-2.0,29.0,232.0,3.0,59.0,-3.0,11.0,135.0,1012.0
11,-5.0,32.0,226.0,2.0,60.0,-5.0,12.0,141.0,1013.0
12,-1.0,29.0,226.0,1.0,60.0,-4.0,12.0,136.0,1012.0
13,-5.0,28.0,233.0,-1.0,58.0,-6.0,9.0,140.0,1013.0
14,-8.0,32.0,226.0,-2.0,59.0,-5.0,7.0,141.0,1013.0
15,2.0,32.0,223.0,-4.0,59.0,-5.0,8.0,136.0,1012.0
16,-8.0,31.0,231.0,-6.0,58.0,-4.0,7.0,141.0,1011.0
17,2.0,32.0,224.0,-6.0,57.0,-5.0,7.0,141.0,1013.0
18,-12.0,35.0,221.0,-4.0,57.0,-3.0,6.0,136.0,1013.0
19,-8.0,31.0,228.0,-3.0,58.0,-5.0,7.0,143.0,1015.0
20,-7.0,30.0,232.0,-3.0,57.0,-2.0,9.0,136.0,1013.0
21,-3.0,31.0,228.0,-3.0,57.0,-6.0,10.0,137.0,1014.0
22,-5.0,29.0,233.0,-1.0,57.0,-3.0,6.0,136.0,1013.0
23,-8.0,30.0,229.0,-1.0,59.0,-5.0,13.0,140.0,1010.0
24,-5.0,32.0,229.0,1.0,59.0,-2.0,7.0,134.0,1013.0
25,-7.0,31.0,226.0,2.0,57.0,-5.0,13.0,137.0,1014.0
26,-7.0,29.0,219.0,3.0,59.0,-2.0,10.0,137.0,1013.0
27,-5.0,31.0,228.0,2.0,59.0,-3.0,9.0,132.0,1012.0
28,-5.0,32.0,225.0,3.0,59.0,-3.0,11.0,138.0,1012.0
29,-5.0,32.0,230.0,2.0,59.0,-6.0,7.0,137.0,1013.0
30,-7.0,30.0,229.0,-1.0,59.0,-3.0,11.0,134.0,1009.0
31,-8.0,34.0,228.0,1.0,57.0,-6.0,9.0,141.0,1011.0
32,-6.0,33.0,231.0,1.0,58.0,-3.0,8.0,141.0,1011.0
33,-5.0,26.0,228.0,3.0,59.0,-5.0,8.0,144.0,1011.0
34,-5.0,30.0,232.0,1.0,58.0,-4.0,7.0,143.0,1010.0
35,-3.0,33.0,226.0,0.0,58.0,-8.0,9.0,138.0,1015.0
36,-3.0,35.0,237.0,-1.0,59.0,-4.0,8.0,139.0,1013.0
37,-12.0,23.0,244.0,-1.0,57.0,-5.0,11.0,141.0,1012.0
38,-5.0,32.0,229.0,-2.0,56.0,-4.0,9.0,142.0,1011.0
39,-5.0,32.0,232.0,-1.0,57.0,-5.0,8.0,142.0,1005.0
40,-6.0,34.0,231.0,-2.0,58.0,-4.0,15.0,141.0,1013.0
41,-5.0,32.0,229.0,-4.0,58.0,-5.0,8.0,145.0,1012.0
42,-4.0,32.0,230.0,-3.0,59.0,-4.0,11.0,140.0,1014.0
43,-10.0,31.0,230.0,-3.0,59.0,-7.0,7.0,141.0,1013.0
44,-2.0,33.0,229.0,-4.0,58.0,-5.0,7.0,146.0,1013.0
45,-6.0,33.0,226.0,-3.0,57.0,-6.0,7.0,135.0,1012.0
46,-9.0,35.0,227.0,-4.0,57.0,-3.0,8.0,139.0,1014.0
47,-5.0,32.0,229.0,-7.0,57.0,-4.0,8.0,144.0,1013.0
48,-4.0,36.0,222.0,-7.0,59.0,-4.0,5.0,145.0,1014.0
49,-6.0,34.0,231.0,-7.0,59.0,-4.0,11.0,147.0,1006.0
50,-4.0,31.0,229.0,-10.0,57.0,-3.0,8.0,149.0,1012.0
51,-9.0,31.0,226.0,-8.0,58.0,-4.0,10.0,147.0,1013.0
52,-6.0,31.0,231.0,-9.0,58.0,-6.0,6.0,137.0,1010.0
53,-7.0,32.0,230.0,-8.0,58.0,-6.0,1.0,139.0,1018.0
54,-8.0,35.0,230.0,-6.0,60.0,-5.0,7.0,141.0,1009.0
55,-6.0,34.0,226.0,-5.0,58.0,-5.0,11.0,141.0,1011.0
56,-7.0,32.0,232.0,-5.0,58.0,-3.0,4.0,149.0,1012.0
57,-6.0,33.0,228.0,-4.0,59.0,-4.0,7.0,139.0,1011.0
58,-7.0,30.0,227.0,-3.0,57.0,-3.0,9.0,141.0,1017.0
59,-9.0,42.0,223.0,-2.0,59.0,-4.0,5.0,140.0,1013.0
60,-5.0,30.0,233.0,-4.0,58.0,-6.0,5.0,139.0,1014.0
61,-7.0,30.0,231.0,-5.0,58.0,-6.0,5.0,135.0,1015.0
62,-5.0,32.0,232.0,-10.0,57.0,-6.0,6.0,143.0,1016.0
63,-7.0,31.0,231.0,-9.0,58.0,-6.0,6.0,138.0,1014.0
64,-6.0,31.0,232.0,-8.0,57.0,-7.0,5.0,132.0,1013.0
65,-5.0,32.0,225.0,-8.0,55.0,-6.0,9.0,136.0,1011.0
66,-5.0,33.0,230.0,-6.0,53.0,-6.0,9.0,135.0,1008.0
67,-6.0,28.0,232.0,-4.0,53.0,-6.0,9.0,138.0,1010.0
68,-7.0,33.0,224.0,-5.0,53.0,-5.0,6.0,141.0,1001.0
69,-5.0,32.0,227.0,-1.0,55.0,-3.0,8.0,132.0,1001.0
70,-10.0,35.0,236.0,1.0,57.0,-6.0,8.0,140.0,1011.0
71,-4.0,29.0,228.0,5.0,57.0,-6.0,7.0,145.0,1013.0
72,-5.0,31.0,229.0,9.0,58.0,-6.0,11.0,134.0,1011.0
73,-4.0,31.0,228.0,16.0,57.0,-3.0,6.0,142.0,1009.0
74,-7.0,34.0,231.0,22.0,56.0,-5.0,7.0,150.0,1007.0
75,-6.0,30.0,229.0,26.0,57.0,-4.0,7.0,148.0,1010.0
76,-7.0,31.0,229.0,31.0,58.0,-5.0,12.0,140.0,1015.0
77,-4.0,30.0,228.0,36.0,59.0,-4.0,6.0,147.0,1015.0
78,-5.0,31.0,230.0,39.0,59.0,-6.0,10.0,145.0,1006.0
79,-8.0,37.0,228.0,44.0,60.0,-3.0,9.0,146.0,1005.0
80,-5.0,31.0,232.0,45.0,58.0,-4.0,7.0,150.0,1011.0
81,5.0,34.0,229.0,46.0,59.0,-4.0,12.0,150.0,1010.0
82,-6.0,30.0,229.0,43.0,60.0,-6.0,9.0,146.0,1010.0
83,-6.0,35.0,227.0,39.0,59.0,-4.0,12.0,154.0,1013.0
84,-5.0,35.0,231.0,33.0,60.0,-7.0,12.0,152.0,1008.0
85,-6.0,35.0,226.0,27.0,62.0,-6.0,9.0,149.0,1011.0
86,-4.0,35.0,232.0,19.0,61.0,-8.0,8.0,154.0,1012.0
87,-5.0,37.0,228.0,13.0,61.0,-7.0,7.0,149.0,1013.0
88,-8.0,32.0,234.0,6.0,61.0,-7.0,9.0,158.0,1010.0
89,-5.0,35.0,229.0,-1.0,59.0,-5.0,7.0,157.0,1013.0
90,-4.0,34.0,229.0,-6.0,57.0,-7.0,6.0,155.0,1015.0
91,-6.0,34.0,231.0,-12.0,56.0,-3.0,9.0,153.0,1012.0
92,-7.0,31.0,236.0,-16.0,55.0,-6.0,8.0,154.0,1013.0
93,-6.0,33.0,228.0,-20.0,55.0,-3.0,6.0,150.0,1011.0
94,-4.0,31.0,227.0,-22.0,54.0,-5.0,9.0,149.0,1015.0
95,-8.0,35.0,227.0,-24.0,54.0,-3.0,8.0,151.0,1013.0
96,-6.0,34.0,228.0,-22.0,55.0,-6.0,8.0,145.0,1008.0
97,-6.0,31.0,228.0,-20.0,54.0,-3.0,4.0,145.0,1009.0
98,-6.0,36.0,228.0,-16.0,54.0,-4.0,6.0,146.0,1011.0
99,-2.0,33.0,227.0,-11.0,56.0,-3.0,9.0,143.0,1013.0
100,-9.0,29.0,228.0,-8.0,56.0,-5.0,9.0,142.0,1013.0
101,-5.0,31.0,222.0,-6.0,57.0,-2.0,9.0,145.0,1007.0
102,-7.0,31.0,229.0,-3.0,59.0,-5.0,9.0,143.0,1010.0
103,4.0,42.0,227.0,-2.0,59.0,-2.0,11.0,144.0,1009.0
104,-6.0,32.0,230.0,0.0,58.0,-5.0,10.0,142.0,1012.0
105,-5.0,32.0,232.0,2.0,59.0,-3.0,11.0,147.0,1012.0
106,-6.0,32.0,230.0,1.0,59.0,-6.0,9.0,147.0,1013.0
107,-6.0,32.0,228.0,2.0,59.0,-4.0,12.0,152.0,1009.0
108,-7.0,34.0,227.0,2.0,60.0,-7.0,9.0,141.0,1015.0
109,-7.0,35.0,230.0,1.0,59.0,-6.0,8.0,147.0,1014.0
110,-7.0,31.0,232.0,0.0,59.0,-7.0,4.0,145.0,1012.0
111,-9.0,35.0,228.0,-1.0,59.0,-6.0,10.0,151.0,1012.0
112,-5.0,31.0,225.0,-2.0,60.0,-8.0,11.0,146.0,1011.0
113,-14.0,34.0,235.0,-2.0,59.0,-5.0,8.0,147.0,1012.0
114,-7.0,32.0,228.0,-2.0,60.0,-7.0,9.0,151.0,1012.0
115,-8.0,33.0,228.0,0.0,59.0,-5.0,10.0,144.0,1011.0
116,-5.0,34.0,230.0,1.0,59.0,-6.0,11.0,152.0,1013.0
117,-4.0,33.0,228.0,0.0,59.0,-4.0,10.0,152.0,1008.0
118,-8.0,33.0,228.0,0.0,59.0,-4.0,6.0,149.0,1013.0
119,-7.0,35.0,230.0,1.0,59.0,-4.0,6.0,151.0,1012.0
120,-9.0,32.0,228.0,2.0,59.0,-5.0,11.0,148.0,1011.0
121,-7.0,32.0,229.0,2.0,58.0,-4.0,7.0,151.0,1015.0
122,-3.0,32.0,227.0,3.0,58.0,-4.0,10.0,149.0,1012.0
123,-9.0,33.0,231.0,2.0,59.0,-5.0,7.0,147.0,1011.0
124,-2.0,48.0,214.0,2.0,59.0,-5.0,6.0,151.0,1010.0
125,-6.0,36.0,232.0,2.0,59.0,-5.0,9.0,152.0,1010.0
126,-8.0,32.0,227.0,1.0,58.0,-5.0,6.0,152.0,1012.0
127,-7.0,33.0,230.0,0.0,57.0,-4.0,8.0,151.0,1011.0
128,-6.0,35.0,232.0,-1.0,59.0,-5.0,7.0,150.0,1012.0
129,-7.0,35.0,230.0,-3.0,57.0,-6.0,11.0,150.0,1010.0
130,-8.0,33.0,229.0,-7.0,57.0,-5.0,6.0,150.0,1010.0
131,-6.0,33.0,231.0,-9.0,58.0,-5.0,9.0,150.0,1012.0
132,-5.0,33.0,234.0,-9.0,59.0,-4.0,5.0,148.0,1012.0
133,-7.0,36.0,230.0,-9.0,60.0,-5.0,6.0,148.0,1011.0
134,-5.0,39.0,229.0,-11.0,60.0,-6.0,8.0,148.0,1012.0
135,-1.0,21.0,236.0,-11.0,60.0,-6.0,9.0,147.0,1011.0
136,-8.0,33.0,228.0,-8.0,59.0,-6.0,9.0,155.0,1011.0
137,-4.0,33.0,229.0,-5.0,61.0,-5.0,4.0,151.0,1011.0
138,-7.0,33.0,230.0,-3.0,60.0,-4.0,6.0,151.0,1011.0
139,-6.0,35.0,231.0,-1.0,60.0,-7.0,10.0,150.0,1010.0
140,-6.0,35.0,228.0,3.0,61.0,-5.0,6.0,153.0,1013.0
141,-3.0,32.0,226.0,4.0,62.0,-6.0,7.0,149.0,1011.0
142,-1.0,33.0,238.0,7.0,61.0,-4.0,4.0,153.0,1008.0
143,-9.0,38.0,233.0,6.0,61.0,-5.0,6.0,153.0,1010.0
144,-7.0,33.0,221.0,7.0,60.0,-5.0,8.0,153.0,1012.0
145,-6.0,36.0,223.0,7.0,60.0,-7.0,7.0,153.0,1010.0
146,-11.0,32.0,238.0,6.0,61.0,-3.0,8.0,155.0,1010.0
147,-4.0,36.0,227.0,4.0,60.0,-5.0,7.0,156.0,1014.0
148,-6.0,35.0,226.0,4.0,60.0,-4.0,7.0,158.0,1011.0
149,-5.0,33.0,230.0,1.0,60.0,-7.0,6.0,157.0,1013.0
150,-4.0,34.0,229.0,-2.0,58.0,-5.0,9.0,156.0,1013.0
151,-4.0,32.0,229.0,-6.0,60.0,-7.0,7.0,156.0,1012.0
152,-5.0,35.0,231.0,-9.0,59.0,-6.0,8.0,154.0,1009.0
153,-6.0,36.0,228.0,-11.0,59.0,-7.0,5.0,156.0,1012.0
154,-6.0,36.0,227.0,-13.0,59.0,-5.0,6.0,155.0,1013.0
155,-7.0,37.0,227.0,-13.0,59.0,-7.0,7.0,155.0,1013.0
156,-6.0,33.0,233.0,-14.0,57.0,-5.0,8.0,152.0,1017.0
157,1.0,38.0,225.0,-12.0,58.0,-7.0,8.0,154.0,1015.0
158,-8.0,36.0,229.0,-14.0,57.0,-5.0,8.0,152.0,1011.0
159,-7.0,34.0,229.0,-13.0,56.0,-6.0,8.0,152.0,1009.0
160,-6.0,33.0,228.0,-13.0,56.0,-4.0,6.0,151.0,1010.0
161,-7.0,34.0,229.0,-11.0,56.0,-6.0,6.0,149.0,1011.0
162,-7.0,32.0,226.0,-10.0,55.0,-4.0,8.0,150.0,1009.0
163,-7.0,34.0,230.0,-8.0,55.0,-6.0,11.0,147.0,1009.0
164,-6.0,35.0,227.0,-6.0,55.0,-4.0,6.0,148.0,1012.0
165,-4.0,31.0,226.0,-4.0,55.0,-6.0,10.0,150.0,1005.0
166,-5.0,34.0,228.0,-3.0,57.0,-4.0,8.0,150.0,1009.0
167,-6.0,34.0,234.0,0.0,57.0,-5.0,6.0,150.0,1012.0
168,-1.0,28.0,234.0,1.0,57.0,-3.0,8.0,149.0,1014.0
169,-7.0,36.0,226.0,2.0,58.0,-5.0,4.0,150.0,1013.0
170,-5.0,33.0,230.0,3.0,59.0,-4.0,9.0,152.0,1012.0
171,-4.0,38.0,229.0,3.0,59.0,-6.0,6.0,154.0,1013.0
172,-5.0,36.0,227.0,3.0,58.0,-4.0,8.0,150.0,1012.0
173,-5.0,33.0,229.0,2.0,59.0,-6.0,6.0,150.0,1008.0
174,-3.0,35.0,228.0,1.0,59.0,-4.0,6.0,151.0,1011.0
175,-7.0,32.0,231.0,-1.0,59.0,-5.0,8.0,153.0,1016.0
176,-3.0,34.0,228.0,-2.0,58.0,-4.0,8.0,153.0,1010.0
177,-6.0,34.0,226.0,-5.0,58.0,-6.0,8.0,157.0,1007.0
178,-6.0,38.0,231.0,-7.0,58.0,-3.0,10.0,157.0,1016.0
179,-5.0,32.0,235.0,-7.0,58.0,-4.0,7.0,158.0,1012.0
180,-4.0,32.0,230.0,-9.0,58.0,-3.0,8.0,156.0,1011.0
181,-4.0,32.0,227.0,-11.0,58.0,-4.0,7.0,154.0,1012.0
182,-5.0,34.0,229.0,-11.0,58.0,-3.0,8.0,154.0,1010.0
183,-7.0,37.0,228.0,-11.0,57.0,-5.0,10.0,148.0,1012.0
184,-8.0,36.0,228.0,-9.0,56.0,-2.0,12.0,156.0,1013.0
185,-5.0,34.0,229.0,-9.0,57.0,-5.0,7.0,155.0,1013.0
186,-6.0,32.0,229.0,-6.0,56.0,-3.0,7.0,157.0,1010.0
187,-6.0,37.0,229.0,-6.0,55.0,-4.0,7.0,152.0,1012.0
188,-5.0,38.0,229.0,-5.0,56.0,-4.0,7.0,152.0,1015.0
189,-8.0,36.0,228.0,-3.0,55.0,-5.0,7.0,148.0,1001.0
190,-7.0,43.0,219.0,-2.0,56.0,-5.0,5.0,152.0,1009.0
191,-6.0,37.0,229.0,-2.0,56.0,-3.0,9.0,156.0,1012.0
192,-8.0,36.0,229.0,-2.0,55.0,-5.0,4.0,155.0,1012.0
193,-5.0,34.0,225.0,-1.0,56.0,-5.0,5.0,157.0,1011.0
194,-5.0,35.0,230.0,-2.0,56.0,-5.0,7.0,157.0,1011.0
195,-4.0,36.0,225.0,-1.0,55.0,-5.0,7.0,158.0,1006.0
196,-5.0,34.0,228.0,-2.0,58.0,-5.0,7.0,156.0,1011.0
197,-7.0,32.0,229.0,-3.0,57.0,-4.0,9.0,156.0,1008.0
198,-6.0,35.0,228.0,-4.0,57.0,-4.0,8.0,156.0,1010.0
199,-9.0,38.0,233.0,-5.0,56.0,-4.0,7.0,157.0,1009.0
200,-5.0,36.0,226.0,-5.0,56.0,-5.0,11.0,156.0,1008.0
201,-4.0,30.0,233.0,-6.0,57.0,-5.0,8.0,155.0,1011.0
202,-5.0,37.0,229.0,-6.0,57.0,-5.0,7.0,155.0,1007.0
203,-6.0,35.0,228.0,-5.0,58.0,-3.0,6.0,153.0,1009.0
204,-4.0,33.0,227.0,-7.0,56.0,-5.0,8.0,155.0,1014.0
205,-7.0,33.0,228.0,-7.0,57.0,-4.0,7.0,157.0,1014.0
206,-5.0,35.0,229.0,-6.0,57.0,-5.0,8.0,156.0,1010.0
207,-9.0,31.0,225.0,-7.0,56.0,-4.0,6.0,153.0,1011.0
208,-4.0,35.0,227.0,-8.0,56.0,-4.0,8.0,154.0,1012.0
209,-6.0,34.0,231.0,-7.0,56.0,-4.0,7.0,158.0,1012.0
210,-4.0,34.0,227.0,-8.0,55.0,-6.0,11.0,154.0,1010.0
211,-5.0,34.0,237.0,-9.0,56.0,-4.0,8.0,156.0,1013.0
212,-5.0,35.0,232.0,-8.0,56.0,-5.0,6.0,155.0,1011.0
213,-6.0,33.0,230.0,-10.0,56.0,-3.0,4.0,156.0,1012.0
214,-6.0,35.0,228.0,-11.0,55.0,-6.0,8.0,155.0,1013.0
215,-8.0,34.0,226.0,-12.0,54.0,-3.0,6.0,156.0,1004.0
216,-4.0,33.0,231.0,-11.0,54.0,-6.0,6.0,157.0,1016.0
217,-7.0,37.0,228.0,-11.0,56.0,-3.0,9.0,156.0,1010.0
218,-6.0,32.0,234.0,-12.0,55.0,-4.0,11.0,153.0,1006.0
219,-6.0,36.0,229.0,-12.0,56.0,-2.0,11.0,159.0,1010.0
220,-7.0,35.0,233.0,-12.0,56.0,-5.0,9.0,154.0,1010.0
221,-5.0,34.0,231.0,-10.0,55.0,-2.0,6.0,157.0,1008.0
222,-9.0,41.0,223.0,-11.0,56.0,-6.0,7.0,158.0,1007.0
223,-3.0,34.0,228.0,-13.0,55.0,-3.0,10.0,158.0,1012.0
224,-7.0,33.0,227.0,-12.0,54.0,-5.0,7.0,157.0,1013.0
225,-6.0,36.0,228.0,-12.0,55.0,-4.0,5.0,157.0,1011.0
226,-6.0,36.0,225.0,-14.0,55.0,-5.0,3.0,158.0,1003.0
227,-7.0,36.0,228.0,-13.0,54.0,-4.0,5.0,160.0,1009.0
228,-6.0,36.0,230.0,-17.0,56.0,-6.0,9.0,154.0,1012.0
229,-6.0,39.0,230.0,-18.0,55.0,-4.0,8.0,159.0,1012.0
230,-5.0,37.0,225.0,-18.0,55.0,-6.0,6.0,159.0,1003.0
231,-7.0,36.0,231.0,-19.0,54.0,-3.0,8.0,160.0,1016.0
232,-3.0,32.0,236.0,-21.0,56.0,-6.0,16.0,159.0,1013.0
233,-11.0,33.0,232.0,-23.0,54.0,-4.0,8.0,157.0,1013.0
234,-8.0,36.0,232.0,-23.0,55.0,-5.0,7.0,153.0,1012.0
235,-8.0,35.0,227.0,-23.0,55.0,-4.0,10.0,155.0,1017.0
236,-5.0,34.0,232.0,-25.0,55.0,-7.0,7.0,150.0,1014.0
237,-8.0,38.0,231.0,-29.0,56.0,-5.0,9.0,156.0,1017.0
238,-7.0,32.0,231.0,-30.0,54.0,-9.0,4.0,151.0,1020.0
239,-6.0,35.0,230.0,-32.0,55.0,-6.0,7.0,150.0,1020.0
240,-5.0,30.0,228.0,-35.0,52.0,-8.0,7.0,153.0,1016.0
241,-6.0,34.0,232.0,-36.0,51.0,-4.0,6.0,153.0,1014.0
242,-3.0,32.0,225.0,-35.0,51.0,-7.0,4.0,153.0,1014.0
243,-7.0,33.0,225.0,-33.0,49.0,-4.0,8.0,153.0,1006.0
244,-10.0,40.0,225.0,-31.0,50.0,-6.0,10.0,152.0,1005.0
245,-5.0,34.0,226.0,-30.0,53.0,-4.0,6.0,143.0,1007.0
246,-6.0,36.0,231.0,-27.0,54.0,-7.0,9.0,152.0,1010.0
247,-6.0,34.0,230.0,-23.0,54.0,-4.0,6.0,153.0,1011.0
248,-8.0,32.0,229.0,-18.0,54.0,-7.0,7.0,151.0,1009.0
249,-5.0,30.0,231.0,-11.0,55.0,-5.0,11.0,153.0,1008.0
250,-6.0,32.0,229.0,-5.0,56.0,-5.0,9.0,154.0,1009.0
251,-12.0,35.0,224.0,0.0,56.0,-4.0,11.0,152.0,1009.0
252,-6.0,33.0,235.0,2.0,58.0,-4.0,8.0,158.0,1007.0
253,-5.0,33.0,227.0,4.0,57.0,-4.0,10.0,152.0,1013.0
254,-7.0,29.0,239.0,8.0,56.0,-6.0,5.0,155.0,1013.0
255,-1.0,51.0,216.0,9.0,57.0,-3.0,10.0,157.0,1006.0
256,-5.0,36.0,230.0,8.0,57.0,-5.0,10.0,160.0,1012.0
257,-7.0,36.0,227.0,3.0,55.0,-4.0,11.0,156.0,1011.0
258,-5.0,36.0,229.0,-2.0,56.0,-4.0,8.0,163.0,1011.0
259,-7.0,37.0,233.0,-10.0,56.0,-4.0,8.0,152.0,1011.0
260,-6.0,37.0,231.0,-20.0,55.0,-5.0,7.0,159.0,1013.0
261,-7.0,35.0,227.0,-27.0,56.0,-5.0,7.0,158.0,1011.0
262,-5.0,36.0,228.0,-34.0,55.0,-5.0,7.0,159.0,1012.0
263,-2.0,34.0,228.0,-39.0,55.0,-5.0,8.0,161.0,1012.0
264,-8.0,37.0,230.0,-45.0,55.0,-7.0,10.0,157.0,1015.0
265,-7.0,36.0,228.0,-47.0,53.0,-8.0,6.0,155.0,1010.0
266,-13.0,38.0,228.0,-50.0,53.0,-7.0,11.0,157.0,1012.0
267,-9.0,37.0,228.0,-52.0,52.0,-6.0,7.0,158.0,1007.0
268,-5.0,37.0,226.0,-55.0,51.0,-7.0,6.0,159.0,1010.0
269,-5.0,32.0,227.0,-55.0,48.0,-7.0,8.0,156.0,1010.0
270,-6.0,37.0,231.0,-56.0,49.0,-5.0,8.0,156.0,1014.0
271,-6.0,34.0,228.0,-55.0,50.0,-6.0,8.0,151.0,1013.0
272,-4.0,33.0,228.0,-51.0,50.0,-4.0,8.0,155.0,1010.0
273,-6.0,37.0,229.0,-49.0,51.0,-5.0,7.0,152.0,1012.0
274,-6.0,33.0,233.0,-46.0,52.0,-3.0,11.0,147.0,1008.0
275,-6.0,36.0,226.0,-44.0,52.0,-4.0,9.0,145.0,1012.0
276,-5.0,32.0,228.0,-38.0,51.0,-4.0,7.0,147.0,1012.0
277,-3.0,41.0,220.0,-37.0,52.0,-5.0,8.0,145.0,1006.0
278,-3.0,32.0,232.0,-36.0,52.0,-4.0,7.0,151.0,1007.0
279,-6.0,34.0,227.0,-33.0,54.0,-6.0,10.0,146.0,1008.0
280,-7.0,31.0,230.0,-32.0,56.0,-4.0,7.0,147.0,1012.0
281,-6.0,34.0,230.0,-32.0,56.0,-6.0,10.0,145.0,1011.0
282,-5.0,31.0,230.0,-31.0,56.0,-4.0,9.0,147.0,1011.0
283,-6.0,31.0,229.0,-31.0,56.0,-8.0,11.0,146.0,1012.0
284,-4.0,32.0,230.0,-32.0,57.0,-5.0,6.0,147.0,1012.0
285,-4.0,35.0,230.0,-32.0,57.0,-8.0,10.0,146.0,1013.0
286,-5.0,34.0,230.0,-32.0,58.0,-6.0,10.0,148.0,1013.0
287,-8.0,37.0,227.0,-33.0,55.0,-7.0,11.0,143.0,1009.0
288,-7.0,32.0,234.0,-35.0,56.0,-6.0,8.0,145.0,1015.0
289,-5.0,34.0,228.0,-38.0,55.0,-8.0,12.0,148.0,1011.0
290,-6.0,33.0,232.0,-37.0,56.0,-5.0,9.0,154.0,1006.0
291,-6.0,35.0,231.0,-36.0,56.0,-7.0,8.0,154.0,1008.0
292,-4.0,33.0,230.0,-35.0,55.0,-4.0,8.0,148.0,1011.0
293,-5.0,33.0,226.0,-34.0,54.0,-7.0,6.0,149.0,1006.0
294,-4.0,34.0,229.0,-33.0,57.0,-6.0,5.0,149.0,1013.0
295,-6.0,33.0,231.0,-33.0,55.0,-8.0,11.0,149.0,1016.0
296,-7.0,33.0,231.0,-34.0,55.0,-5.0,10.0,153.0,1014.0
297,-3.0,33.0,232.0,-35.0,55.0,-7.0,11.0,150.0,1014.0
298,-1.0,41.0,231.0,-37.0,54.0,-6.0,6.0,147.0,1012.0
299,-4.0,43.0,218.0,-39.0,54.0,-9.0,13.0,147.0,1016.0
300,-9.0,34.0,229.0,-41.0,55.0,-5.0,8.0,149.0,1009.0
301,-4.0,34.0,228.0,-43.0,53.0,-7.0,8.0,147.0,1011.0
302,-4.0,32.0,231.0,-43.0,55.0,-5.0,10.0,152.0,1011.0
303,-8.0,35.0,231.0,-45.0,53.0,-7.0,7.0,148.0,1011.0
304,-6.0,33.0,228.0,-46.0,54.0,-5.0,8.0,149.0,1009.0
305,-4.0,31.0,227.0,-47.0,55.0,-8.0,7.0,149.0,1010.0
306,-6.0,31.0,232.0,-47.0,55.0,-5.0,7.0,150.0,1011.0
307,-6.0,31.0,231.0,-48.0,55.0,-8.0,10.0,150.0,1011.0
308,-4.0,29.0,230.0,-48.0,54.0,-6.0,7.0,145.0,1013.0
309,-6.0,34.0,228.0,-49.0,56.0,-7.0,7.0,146.0,1010.0
310,-10.0,34.0,240.0,-47.0,57.0,-6.0,10.0,150.0,1010.0
311,-6.0,35.0,229.0,-45.0,56.0,-8.0,7.0,145.0,1009.0
312,-6.0,36.0,230.0,-44.0,56.0,-8.0,6.0,147.0,1011.0
313,-3.0,32.0,229.0,-42.0,57.0,-8.0,5.0,151.0,1012.0
314,-6.0,33.0,233.0,-40.0,56.0,-6.0,7.0,145.0,1013.0
315,-7.0,33.0,230.0,-38.0,56.0,-8.0,7.0,149.0,1011.0
316,-11.0,35.0,226.0,-38.0,57.0,-5.0,8.0,150.0,1014.0
317,-5.0,33.0,230.0,-37.0,57.0,-7.0,9.0,146.0,1016.0
318,-6.0,33.0,230.0,-36.0,55.0,-7.0,7.0,146.0,1015.0
319,-1.0,36.0,232.0,-38.0,56.0,-6.0,9.0,147.0,1010.0
320,-6.0,38.0,229.0,-40.0,55.0,-6.0,7.0,147.0,1016.0
321,-5.0,31.0,228.0,-42.0,55.0,-6.0,8.0,149.0,1013.0
322,-7.0,32.0,227.0,-44.0,56.0,-6.0,7.0,147.0,1011.0
323,-6.0,30.0,229.0,-48.0,55.0,-8.0,7.0,145.0,1011.0
324,-7.0,32.0,229.0,-50.0,54.0,-7.0,8.0,149.0,1012.0
325,-5.0,32.0,231.0,-52.0,53.0,-7.0,4.0,146.0,1013.0
326,-6.0,32.0,230.0,-55.0,51.0,-8.0,8.0,146.0,1013.0
327,-8.0,30.0,227.0,-58.0,53.0,-7.0,6.0,140.0,1013.0
328,-8.0,32.0,231.0,-60.0,52.0,-8.0,9.0,146.0,1013.0
329,-7.0,35.0,229.0,-62.0,51.0,-7.0,7.0,139.0,1014.0
330,-7.0,32.0,230.0,-64.0,51.0,-8.0,9.0,147.0,1009.0
331,-11.0,31.0,230.0,-64.0,51.0,-6.0,13.0,143.0,1009.0
332,-7.0,31.0,227.0,-63.0,51.0,-8.0,8.0,142.0,1008.0
333,-5.0,30.0,229.0,-62.0,51.0,-8.0,7.0,136.0,1011.0
334,-5.0,31.0,229.0,-63.0,52.0,-7.0,13.0,136.0,1008.0
335,-6.0,31.0,228.0,-62.0,52.0,-7.0,10.0,141.0,1008.0
336,-5.0,32.0,230.0,-58.0,51.0,-7.0,10.0,139.0,1012.0
337,-5.0,30.0,230.0,-55.0,50.0,-6.0,11.0,141.0,1015.0
338,-6.0,32.0,232.0,-54.0,51.0,-6.0,8.0,138.0,1010.0
339,-3.0,28.0,230.0,-51.0,51.0,-5.0,11.0,137.0,1010.0
340,-7.0,33.0,233.0,-49.0,51.0,-7.0,9.0,136.0,1008.0
341,-3.0,32.0,233.0,-47.0,51.0,-5.0,14.0,132.0,1009.0
342,-3.0,24.0,234.0,-45.0,52.0,-7.0,14.0,134.0,1008.0
343,-5.0,30.0,230.0,-45.0,50.0,-5.0,13.0,130.0,1012.0
344,-6.0,29.0,230.0,-46.0,50.0,-6.0,8.0,132.0,1009.0
345,-3.0,30.0,227.0,-45.0,51.0,-4.0,17.0,135.0,1014.0
346,-5.0,30.0,232.0,-45.0,53.0,-7.0,11.0,139.0,1012.0
347,-5.0,31.0,231.0,-46.0,52.0,-5.0,10.0,137.0,1012.0
348,-5.0,29.0,229.0,-47.0,52.0,-8.0,7.0,134.0,1015.0
349,-7.0,29.0,226.0,-48.0,52.0,-7.0,12.0,133.0,1004.0
350,-7.0,30.0,227.0,-51.0,52.0,-9.0,7.0,136.0,1010.0
351,-8.0,29.0,234.0,-52.0,51.0,-6.0,12.0,138.0,1015.0
352,-8.0,27.0,234.0,-53.0,52.0,-8.0,14.0,141.0,1013.0
353,-23.0,38.0,225.0,-54.0,52.0,-5.0,10.0,131.0,1011.0
354,-5.0,32.0,229.0,-53.0,51.0,-9.0,8.0,136.0,1011.0
355,-7.0,30.0,226.0,-53.0,53.0,-6.0,16.0,132.0,1008.0
356,-5.0,29.0,226.0,-53.0,53.0,-8.0,6.0,135.0,1006.0
357,-8.0,30.0,234.0,-52.0,53.0,-7.0,7.0,130.0,1015.0
358,-1.0,28.0,228.0,-48.0,55.0,-8.0,7.0,135.0,1013.0
359,-5.0,28.0,231.0,-46.0,54.0,-8.0,10.0,130.0,1010.0
360,-4.0,24.0,232.0,-42.0,54.0,-11.0,11.0,124.0,1012.0
361,-4.0,31.0,228.0,-39.0,53.0,-8.0,12.0,125.0,1013.0
362,-3.0,28.0,229.0,-40.0,53.0,-11.0,8.0,124.0,1014.0
363,-5.0,32.0,231.0,-40.0,52.0,-9.0,8.0,127.0,1015.0
364,2.0,27.0,230.0,-37.0,53.0,-13.0,10.0,130.0,1012.0
365,-5.0,22.0,235.0,-36.0,55.0,-12.0,12.0,129.0,1010.0
366,-6.0,28.0,229.0,-38.0,54.0,-14.0,7.0,126.0,1008.0
367,-7.0,28.0,229.0,-41.0,55.0,-13.0,6.0,122.0,1016.0
368,-5.0,24.0,227.0,-43.0,54.0,-15.0,7.0,125.0,1014.0
369,-6.0,29.0,230.0,-46.0,53.0,-12.0,4.0,127.0,1017.0
370,-5.0,30.0,229.0,-49.0,51.0,-13.0,6.0,122.0,1015.0
371,-3.0,26.0,233.0,-54.0,49.0,-13.0,5.0,126.0,1017.0
372,-5.0,28.0,230.0,-61.0,46.0,-17.0,9.0,123.0,1012.0
373,-7.0,28.0,232.0,-70.0,45.0,-15.0,6.0,121.0,1017.0
374,-7.0,25.0,239.0,-80.0,46.0,-17.0,5.0,119.0,1019.0
375,2.0,26.0,229.0,-93.0,44.0,-16.0,8.0,125.0,1021.0
376,-10.0,26.0,232.0,-105.0,42.0,-19.0,8.0,119.0,1018.0
377,-9.0,27.0,234.0,-120.0,39.0,-18.0,5.0,117.0,1019.0
378,-8.0,26.0,229.0,-135.0,34.0,-19.0,-3.0,114.0,1017.0
379,-5.0,27.0,229.0,-152.0,31.0,-18.0,-1.0,119.0,1015.0
380,-9.0,26.0,233.0,-176.0,25.0,-19.0,5.0,109.0,1021.0
381,-7.0,24.0,230.0,-194.0,21.0,-16.0,3.0,111.0,1025.0
382,-8.0,20.0,233.0,-211.0,10.0,-15.0,1.0,114.0,1029.0
383,-13.0,26.0,231.0,-227.0,-3.0,-12.0,-2.0,111.0,1026.0
384,-9.0,23.0,231.0,-243.0,-15.0,-13.0,-1.0,106.0,1024.0
385,-7.0,23.0,233.0,-259.0,-27.0,-9.0,3.0,106.0,1028.0
386,0.0,24.0,247.0,-276.0,-38.0,-7.0,10.0,105.0,1035.0
387,-7.0,22.0,234.0,-287.0,-45.0,-2.0,3.0,106.0,1028.0
388,-7.0,21.0,234.0,-303.0,-59.0,5.0,7.0,105.0,1033.0
389,-6.0,21.0,235.0,-314.0,-79.0,18.0,6.0,107.0,1031.0
390,-9.0,24.0,236.0,-324.0,-94.0,26.0,9.0,106.0,1037.0
391,-9.0,23.0,236.0,-330.0,-106.0,34.0,3.0,108.0,1040.0
392,-8.0,24.0,241.0,-329.0,-118.0,43.0,6.0,109.0,1042.0
393,-7.0,20.0,239.0,-328.0,-133.0,49.0,10.0,107.0,1044.0
394,-12.0,23.0,236.0,-326.0,-153.0,56.0,1.0,107.0,1044.0
395,-9.0,22.0,240.0,-328.0,-172.0,63.0,4.0,105.0,1046.0
396,-2.0,20.0,245.0,-331.0,-192.0,69.0,8.0,101.0,1052.0
397,2.0,25.0,233.0,-331.0,-211.0,75.0,30.0,100.0,1065.0
398,-7.0,18.0,236.0,-323.0,-230.0,82.0,8.0,95.0,1048.0
399,-4.0,17.0,241.0,-325.0,-244.0,84.0,19.0,90.0,1047.0
400,3.0,15.0,241.0,-329.0,-252.0,77.0,23.0,85.0,1054.0
401,-1.0,17.0,242.0,-332.0,-253.0,65.0,29.0,82.0,1054.0
402,3.0,9.0,238.0,-330.0,-249.0,55.0,39.0,76.0,1050.0
403,3.0,10.0,238.0,-321.0,-246.0,43.0,39.0,64.0,1046.0
404,1.0,9.0,242.0,-306.0,-238.0,33.0,45.0,63.0,1039.0
405,4.0,5.0,237.0,-288.0,-228.0,20.0,47.0,63.0,1032.0
406,5.0,6.0,233.0,-270.0,-213.0,8.0,53.0,54.0,1015.0
407,9.0,9.0,229.0,-248.0,-200.0,-7.0,56.0,51.0,1010.0
408,11.0,9.0,207.0,-229.0,-183.0,-23.0,54.0,56.0,998.0
409,9.0,9.0,223.0,-208.0,-158.0,-40.0,61.0,54.0,977.0
410,7.0,10.0,220.0,-186.0,-138.0,-47.0,54.0,61.0,974.0
411,8.0,12.0,214.0,-165.0,-118.0,-59.0,62.0,61.0,975.0
412,7.0,8.0,220.0,-139.0,-102.0,-63.0,57.0,60.0,974.0
413,10.0,8.0,215.0,-109.0,-91.0,-73.0,64.0,73.0,954.0
414,12.0,12.0,218.0,-85.0,-78.0,-79.0,63.0,77.0,960.0
415,8.0,15.0,215.0,-64.0,-64.0,-85.0,64.0,81.0,959.0
416,6.0,16.0,218.0,-45.0,-51.0,-83.0,60.0,83.0,968.0
417,5.0,19.0,219.0,-31.0,-38.0,-84.0,57.0,88.0,972.0
418,6.0,22.0,208.0,-20.0,-30.0,-80.0,56.0,91.0,971.0
419,4.0,19.0,220.0,-16.0,-23.0,-78.0,52.0,91.0,980.0
420,10.0,16.0,222.0,-16.0,-21.0,-72.0,57.0,93.0,984.0
421,6.0,21.0,225.0,-21.0,-20.0,-71.0,56.0,93.0,992.0
422,5.0,20.0,228.0,-25.0,-23.0,-65.0,56.0,96.0,999.0
423,5.0,19.0,231.0,-32.0,-23.0,-63.0,59.0,96.0,1006.0
424,7.0,19.0,229.0,-38.0,-24.0,-59.0,58.0,86.0,1007.0
425,8.0,18.0,229.0,-45.0,-24.0,-59.0,62.0,92.0,1008.0
426,7.0,18.0,227.0,-51.0,-25.0,-57.0,59.0,80.0,1013.0
427,6.0,17.0,231.0,-56.0,-29.0,-58.0,64.0,88.0,1012.0
428,10.0,11.0,226.0,-61.0,-32.0,-54.0,64.0,85.0,1017.0
429,16.0,18.0,237.0,-68.0,-36.0,-54.0,64.0,82.0,1012.0
430,10.0,18.0,233.0,-78.0,-39.0,-53.0,65.0,85.0,1012.0
431,7.0,16.0,231.0,-88.0,-43.0,-57.0,64.0,87.0,1018.0
432,8.0,20.0,228.0,-98.0,-46.0,-57.0,65.0,91.0,1015.0
433,10.0,18.0,229.0,-112.0,-50.0,-61.0,63.0,90.0,1007.0
434,10.0,20.0,232.0,-126.0,-57.0,-62.0,65.0,91.0,1010.0
435,8.0,20.0,229.0,-138.0,-60.0,-66.0,61.0,95.0,1013.0
436,8.0,14.0,230.0,-148.0,-62.0,-67.0,62.0,97.0,1010.0
437,12.0,20.0,226.0,-158.0,-63.0,-70.0,65.0,95.0,1013.0
438,8.0,16.0,230.0,-166.0,-63.0,-71.0,61.0,93.0,1015.0
439,7.0,16.0,230.0,-171.0,-63.0,-76.0,61.0,89.0,1016.0
440,13.0,6.0,236.0,-176.0,-63.0,-78.0,63.0,83.0,1022.0
441,8.0,16.0,233.0,-180.0,-62.0,-83.0,66.0,83.0,1015.0
442,8.0,16.0,231.0,-184.0,-62.0,-83.0,63.0,84.0,1018.0
443,9.0,17.0,230.0,-188.0,-62.0,-86.0,58.0,81.0,1018.0
444,9.0,14.0,231.0,-193.0,-60.0,-88.0,60.0,79.0,1016.0
445,9.0,14.0,230.0,-197.0,-59.0,-90.0,63.0,81.0,1019.0
446,8.0,15.0,238.0,-203.0,-57.0,-91.0,61.0,85.0,1018.0
447,9.0,17.0,233.0,-210.0,-56.0,-96.0,59.0,80.0,1019.0
448,10.0,13.0,231.0,-219.0,-56.0,-95.0,62.0,85.0,1018.0
449,8.0,18.0,230.0,-229.0,-60.0,-97.0,66.0,81.0,1020.0
450,6.0,14.0,224.0,-242.0,-60.0,-98.0,68.0,82.0,1021.0
451,28.0,12.0,228.0,-255.0,-58.0,-99.0,70.0,81.0,1022.0
452,9.0,14.0,228.0,-266.0,-55.0,-101.0,73.0,75.0,1018.0
453,13.0,14.0,231.0,-274.0,-54.0,-99.0,77.0,69.0,1018.0
454,11.0,13.0,235.0,-280.0,-52.0,-97.0,79.0,69.0,1019.0
455,12.0,9.0,229.0,-282.0,-51.0,-93.0,71.0,61.0,1020.0
456,11.0,8.0,231.0,-280.0,-50.0,-89.0,69.0,61.0,1022.0
457,8.0,6.0,231.0,-277.0,-49.0,-83.0,63.0,52.0,1023.0
458,7.0,10.0,228.0,-271.0,-49.0,-75.0,63.0,50.0,1021.0
459,8.0,6.0,229.0,-265.0,-50.0,-69.0,67.0,49.0,1019.0
460,12.0,6.0,229.0,-260.0,-50.0,-64.0,56.0,46.0,1018.0
461,8.0,5.0,233.0,-254.0,-48.0,-58.0,60.0,38.0,1014.0
462,10.0,9.0,214.0,-248.0,-43.0,-56.0,59.0,34.0,1016.0
463,8.0,3.0,234.0,-243.0,-38.0,-53.0,62.0,32.0,1014.0
464,9.0,2.0,228.0,-236.0,-31.0,-54.0,59.0,32.0,1012.0
465,8.0,3.0,228.0,-230.0,-22.0,-54.0,65.0,27.0,1016.0
466,9.0,1.0,227.0,-223.0,-13.0,-56.0,63.0,19.0,1012.0
467,12.0,2.0,228.0,-216.0,-3.0,-58.0,67.0,15.0,1011.0
468,13.0,0.0,227.0,-208.0,7.0,-61.0,76.0,23.0,1008.0
469,9.0,-3.0,223.0,-200.0,22.0,-66.0,78.0,9.0,1003.0
470,17.0,-3.0,228.0,-190.0,36.0,-73.0,86.0,4.0,1010.0
471,19.0,-3.0,225.0,-179.0,50.0,-78.0,91.0,1.0,1005.0
472,14.0,-4.0,232.0,-165.0,66.0,-87.0,90.0,-2.0,1003.0
473,16.0,2.0,216.0,-151.0,81.0,-93.0,105.0,-4.0,1013.0
474,21.0,-7.0,228.0,-133.0,87.0,-103.0,98.0,-6.0,1001.0
475,18.0,-9.0,226.0,-116.0,100.0,-107.0,105.0,-16.0,1005.0
476,22.0,-9.0,224.0,-100.0,111.0,-114.0,104.0,-17.0,1005.0
477,22.0,-11.0,222.0,-84.0,122.0,-116.0,113.0,-16.0,995.0
478,22.0,-8.0,225.0,-64.0,132.0,-122.0,110.0,-13.0,1000.0
479,23.0,-10.0,230.0,-44.0,150.0,-122.0,126.0,-25.0,1000.0
480,26.0,-8.0,224.0,-17.0,159.0,-134.0,126.0,-16.0,995.0
481,30.0,-12.0,225.0,8.0,165.0,-133.0,141.0,-10.0,991.0
482,30.0,-8.0,221.0,26.0,179.0,-137.0,144.0,-12.0,987.0
483,30.0,-7.0,226.0,39.0,194.0,-135.0,141.0,-16.0,988.0
484,33.0,-13.0,225.0,51.0,209.0,-133.0,139.0,-12.0,993.0
485,29.0,-9.0,229.0,67.0,223.0,-127.0,142.0,-9.0,989.0
486,29.0,-7.0,224.0,85.0,235.0,-128.0,139.0,-13.0,985.0
487,31.0,-8.0,225.0,102.0,247.0,-121.0,147.0,-9.0,994.0
488,30.0,-7.0,227.0,120.0,256.0,-117.0,143.0,-9.0,995.0
489,32.0,-8.0,227.0,141.0,269.0,-108.0,149.0,-11.0,995.0
490,31.0,-8.0,227.0,160.0,279.0,-102.0,150.0,-18.0,994.0
491,34.0,-10.0,228.0,182.0,289.0,-93.0,159.0,-16.0,1002.0
492,33.0,-9.0,227.0,207.0,300.0,-88.0,164.0,-15.0,999.0
493,38.0,-10.0,229.0,234.0,312.0,-76.0,162.0,-17.0,999.0
494,35.0,-5.0,227.0,259.0,324.0,-70.0,168.0,-16.0,992.0
495,40.0,-6.0,225.0,283.0,336.0,-59.0,174.0,-19.0,994.0
496,41.0,-4.0,222.0,302.0,348.0,-58.0,173.0,-12.0,992.0
497,43.0,-6.0,224.0,319.0,363.0,-51.0,185.0,-7.0,994.0
498,41.0,-8.0,224.0,331.0,377.0,-52.0,189.0,-11.0,991.0
499,44.0,-8.0,223.0,343.0,396.0,-51.0,189.0,-7.0,988.0
500,43.0,-6.0,224.0,351.0,412.0,-54.0,193.0,-9.0,987.0
501,43.0,-5.0,224.0,358.0,426.0,-55.0,199.0,-6.0,986.0
502,45.0,-6.0,219.0,362.0,436.0,-60.0,202.0,-6.0,988.0
503,49.0,-4.0,223.0,367.0,447.0,-63.0,197.0,-7.0,988.0
504,47.0,-5.0,226.0,377.0,459.0,-69.0,201.0,-2.0,983.0
505,44.0,-4.0,221.0,388.0,474.0,-70.0,200.0,-7.0,981.0
506,42.0,-15.0,239.0,397.0,488.0,-74.0,193.0,-6.0,980.0
507,41.0,-5.0,226.0,409.0,501.0,-74.0,186.0,-4.0,976.0
508,42.0,-3.0,222.0,420.0,516.0,-78.0,183.0,3.0,977.0
509,39.0,-1.0,222.0,435.0,536.0,-80.0,179.0,7.0,977.0
510,35.0,1.0,219.0,451.0,553.0,-82.0,163.0,7.0,975.0
511,35.0,2.0,217.0,465.0,569.0,-83.0,161.0,14.0,975.0
512,32.0,1.0,221.0,480.0,584.0,-85.0,153.0,21.0,974.0
513,27.0,0.0,223.0,493.0,604.0,-84.0,136.0,28.0,971.0
514,30.0,2.0,222.0,505.0,622.0,-83.0,128.0,39.0,972.0
515,26.0,7.0,221.0,520.0,638.0,-80.0,123.0,46.0,980.0
516,25.0,14.0,220.0,537.0,656.0,-78.0,112.0,56.0,978.0
517,20.0,20.0,222.0,555.0,673.0,-72.0,106.0,64.0,977.0
518,18.0,10.0,222.0,575.0,687.0,-65.0,99.0,75.0,983.0
519,17.0,17.0,219.0,595.0,703.0,-58.0,91.0,81.0,979.0
520,15.0,19.0,217.0,611.0,713.0,-51.0,82.0,99.0,978.0
521,11.0,23.0,224.0,626.0,725.0,-43.0,70.0,104.0,979.0
522,12.0,23.0,221.0,642.0,737.0,-35.0,65.0,111.0,979.0
523,11.0,30.0,224.0,655.0,750.0,-31.0,63.0,122.0,978.0
524,8.0,30.0,220.0,666.0,765.0,-27.0,64.0,131.0,975.0
525,8.0,33.0,220.0,674.0,780.0,-26.0,56.0,139.0,977.0
526,5.0,33.0,220.0,678.0,800.0,-25.0,52.0,144.0,977.0
527,9.0,42.0,216.0,675.0,820.0,-25.0,35.0,146.0,976.0
528,1.0,34.0,222.0,667.0,840.0,-28.0,26.0,147.0,976.0
529,-1.0,32.0,222.0,651.0,863.0,-36.0,15.0,148.0,980.0
530,-5.0,35.0,222.0,634.0,877.0,-45.0,10.0,141.0,994.0
531,-5.0,31.0,232.0,617.0,888.0,-57.0,4.0,138.0,1002.0
532,-7.0,30.0,227.0,599.0,895.0,-69.0,1.0,135.0,1016.0
533,-12.0,33.0,231.0,580.0,897.0,-83.0,-8.0,139.0,1030.0
534,-16.0,33.0,233.0,563.0,895.0,-91.0,-18.0,130.0,1041.0
535,-16.0,29.0,238.0,545.0,888.0,-101.0,-30.0,142.0,1058.0
536,-20.0,31.0,244.0,523.0,878.0,-108.0,-41.0,146.0,1073.0
537,-24.0,37.0,246.0,498.0,863.0,-119.0,-53.0,158.0,1080.0
538,-32.0,34.0,253.0,468.0,842.0,-130.0,-74.0,171.0,1083.0
539,-32.0,47.0,247.0,424.0,813.0,-141.0,-88.0,191.0,1077.0
540,-38.0,50.0,244.0,383.0,785.0,-147.0,-114.0,207.0,1075.0
541,-43.0,55.0,244.0,334.0,753.0,-154.0,-131.0,222.0,1069.0
542,-52.0,63.0,245.0,283.0,719.0,-148.0,-152.0,252.0,1071.0
543,-58.0,67.0,246.0,228.0,682.0,-142.0,-188.0,275.0,1067.0
544,-65.0,72.0,245.0,170.0,641.0,-131.0,-201.0,289.0,1065.0
545,-71.0,76.0,242.0,114.0,598.0,-122.0,-229.0,302.0,1060.0
546,-76.0,79.0,242.0,60.0,559.0,-110.0,-247.0,315.0,1055.0
547,-75.0,78.0,238.0,6.0,523.0,-102.0,-257.0,319.0,1049.0
548,-77.0,77.0,238.0,-43.0,490.0,-90.0,-266.0,325.0,1046.0
549,-84.0,91.0,233.0,-91.0,464.0,-85.0,-275.0,325.0,1039.0
550,-79.0,75.0,236.0,-116.0,448.0,-73.0,-276.0,319.0,1030.0
551,-80.0,75.0,235.0,-128.0,438.0,-73.0,-273.0,313.0,1034.0
552,-82.0,74.0,230.0,-128.0,426.0,-61.0,-277.0,308.0,1027.0
553,-82.0,67.0,230.0,-119.0,417.0,-57.0,-285.0,292.0,1019.0
554,-79.0,65.0,226.0,-104.0,412.0,-54.0,-271.0,279.0,1014.0
555,-77.0,62.0,219.0,-81.0,401.0,-58.0,-266.0,264.0,992.0
556,-75.0,62.0,220.0,-58.0,400.0,-59.0,-261.0,245.0,979.0
557,-72.0,51.0,221.0,-37.0,402.0,-70.0,-249.0,234.0,967.0
558,-73.0,52.0,213.0,-22.0,408.0,-82.0,-244.0,216.0,954.0
559,-69.0,49.0,216.0,-7.0,412.0,-97.0,-237.0,203.0,943.0
560,-60.0,46.0,214.0,0.0,419.0,-107.0,-228.0,190.0,935.0
561,-62.0,35.0,208.0,5.0,430.0,-122.0,-222.0,175.0,928.0
562,-61.0,34.0,201.0,13.0,440.0,-133.0,-216.0,162.0,925.0
563,-62.0,34.0,202.0,20.0,452.0,-145.0,-209.0,151.0,918.0
564,-58.0,31.0,202.0,28.0,460.0,-152.0,-209.0,145.0,917.0
565,-59.0,29.0,199.0,39.0,466.0,-158.0,-211.0,136.0,920.0
566,-61.0,29.0,204.0,51.0,469.0,-157.0,-216.0,134.0,919.0
567,-63.0,28.0,203.0,65.0,470.0,-159.0,-220.0,132.0,915.0
568,-68.0,32.0,206.0,85.0,469.0,-160.0,-229.0,144.0,929.0
569,-68.0,31.0,200.0,112.0,469.0,-162.0,-231.0,155.0,925.0
570,-66.0,35.0,208.0,132.0,473.0,-163.0,-242.0,161.0,932.0
571,-76.0,36.0,202.0,151.0,478.0,-169.0,-245.0,173.0,934.0
572,-70.0,42.0,209.0,167.0,481.0,-169.0,-250.0,185.0,938.0
573,-73.0,46.0,208.0,179.0,486.0,-173.0,-255.0,192.0,945.0
574,-74.0,48.0,209.0,187.0,488.0,-173.0,-260.0,210.0,950.0
575,-74.0,52.0,215.0,189.0,487.0,-172.0,-260.0,212.0,953.0
576,-75.0,54.0,219.0,188.0,485.0,-170.0,-260.0,218.0,964.0
577,-74.0,55.0,221.0,183.0,481.0,-167.0,-262.0,234.0,976.0
578,-75.0,59.0,223.0,171.0,474.0,-162.0,-255.0,233.0,982.0
579,-73.0,58.0,225.0,158.0,468.0,-158.0,-252.0,243.0,994.0
580,-72.0,60.0,223.0,142.0,463.0,-152.0,-251.0,252.0,996.0
581,-70.0,63.0,226.0,122.0,459.0,-148.0,-252.0,248.0,1003.0
582,-69.0,61.0,247.0,99.0,452.0,-143.0,-246.0,248.0,1010.0
583,-71.0,61.0,230.0,75.0,446.0,-137.0,-246.0,249.0,1022.0
584,-72.0,61.0,233.0,52.0,442.0,-129.0,-243.0,249.0,1026.0
585,-69.0,58.0,231.0,28.0,440.0,-123.0,-235.0,240.0,1025.0
586,-69.0,63.0,229.0,6.0,442.0,-115.0,-241.0,242.0,1026.0
587,-69.0,59.0,233.0,-17.0,445.0,-107.0,-242.0,240.0,1022.0
588,-70.0,58.0,232.0,-39.0,452.0,-101.0,-238.0,233.0,1025.0
589,-73.0,55.0,226.0,-56.0,454.0,-92.0,-240.0,227.0,1023.0
590,-71.0,51.0,228.0,-72.0,457.0,-86.0,-239.0,223.0,1018.0
591,-69.0,51.0,228.0,-84.0,456.0,-78.0,-239.0,217.0,1006.0
592,-71.0,34.0,231.0,-94.0,456.0,-70.0,-242.0,203.0,1000.0
593,-66.0,46.0,222.0,-100.0,457.0,-63.0,-238.0,199.0,997.0
594,-67.0,43.0,225.0,-106.0,459.0,-58.0,-233.0,193.0,986.0
595,-59.0,43.0,225.0,-107.0,462.0,-50.0,-213.0,187.0,999.0
596,-66.0,40.0,220.0,-99.0,463.0,-45.0,-226.0,174.0,983.0
597,-61.0,36.0,225.0,-91.0,474.0,-33.0,-213.0,168.0,989.0
598,-66.0,37.0,223.0,-75.0,488.0,-38.0,-220.0,166.0,992.0
599,-61.0,38.0,223.0,-57.0,497.0,-40.0,-212.0,163.0,990.0
600,-61.0,41.0,221.0,-41.0,505.0,-46.0,-205.0,171.0,989.0
601,-57.0,40.0,225.0,-25.0,515.0,-50.0,-195.0,174.0,998.0
602,-65.0,38.0,223.0,-8.0,525.0,-66.0,-211.0,171.0,987.0
603,-60.0,49.0,222.0,10.0,530.0,-78.0,-205.0,189.0,998.0
604,-53.0,52.0,215.0,21.0,532.0,-82.0,-195.0,190.0,988.0
605,-60.0,46.0,222.0,22.0,537.0,-85.0,-206.0,198.0,980.0
606,-62.0,46.0,223.0,13.0,546.0,-96.0,-212.0,200.0,986.0
607,-57.0,49.0,223.0,0.0,554.0,-107.0,-208.0,203.0,990.0
608,-64.0,48.0,222.0,-21.0,556.0,-119.0,-223.0,203.0,993.0
609,-63.0,50.0,224.0,-39.0,558.0,-121.0,-211.0,203.0,988.0
610,-63.0,51.0,222.0,-58.0,556.0,-132.0,-225.0,206.0,987.0
611,-72.0,47.0,221.0,-76.0,558.0,-135.0,-231.0,209.0,986.0
612,-64.0,51.0,221.0,-93.0,557.0,-137.0,-208.0,218.0,997.0
613,-62.0,51.0,222.0,-110.0,548.0,-122.0,-211.0,221.0,990.0
614,-62.0,52.0,223.0,-120.0,541.0,-119.0,-206.0,215.0,984.0
615,-64.0,41.0,236.0,-128.0,539.0,-114.0,-226.0,213.0,977.0
616,-65.0,49.0,217.0,-135.0,534.0,-112.0,-228.0,209.0,980.0
617,-71.0,45.0,219.0,-142.0,528.0,-105.0,-246.0,203.0,974.0
618,-67.0,49.0,219.0,-151.0,523.0,-101.0,-217.0,203.0,977.0
619,-72.0,45.0,213.0,-157.0,520.0,-95.0,-248.0,197.0,972.0
620,-72.0,46.0,217.0,-163.0,521.0,-89.0,-249.0,186.0,968.0
621,-76.0,44.0,221.0,-169.0,523.0,-82.0,-258.0,182.0,965.0
622,-77.0,43.0,214.0,-172.0,527.0,-78.0,-261.0,173.0,970.0
623,-79.0,35.0,215.0,-173.0,529.0,-74.0,-272.0,161.0,954.0
624,-82.0,42.0,217.0,-167.0,539.0,-86.0,-292.0,171.0,959.0
625,-75.0,42.0,212.0,-161.0,542.0,-81.0,-281.0,165.0,959.0
626,-81.0,37.0,213.0,-154.0,541.0,-75.0,-296.0,168.0,954.0
627,-80.0,37.0,214.0,-150.0,549.0,-64.0,-287.0,165.0,956.0
628,-84.0,40.0,214.0,-147.0,559.0,-68.0,-294.0,169.0,956.0
629,-88.0,38.0,212.0,-142.0,566.0,-66.0,-313.0,171.0,955.0
630,-84.0,37.0,212.0,-138.0,577.0,-66.0,-298.0,168.0,953.0
631,-96.0,37.0,209.0,-131.0,591.0,-83.0,-349.0,161.0,948.0
632,-86.0,40.0,215.0,-123.0,602.0,-97.0,-308.0,172.0,958.0
633,-82.0,40.0,210.0,-122.0,603.0,-88.0,-296.0,178.0,940.0
634,-89.0,43.0,208.0,-126.0,612.0,-93.0,-311.0,177.0,937.0
635,-85.0,39.0,205.0,-136.0,627.0,-94.0,-313.0,180.0,941.0
636,-91.0,39.0,186.0,-147.0,641.0,-104.0,-332.0,183.0,942.0
637,-90.0,45.0,212.0,-153.0,651.0,-108.0,-332.0,180.0,938.0
638,-88.0,45.0,209.0,-160.0,653.0,-109.0,-326.0,186.0,947.0
639,-89.0,42.0,209.0,-170.0,655.0,-108.0,-321.0,185.0,946.0
640,-95.0,44.0,213.0,-180.0,654.0,-114.0,-336.0,182.0,941.0
641,-97.0,44.0,209.0,-189.0,657.0,-114.0,-363.0,179.0,937.0
642,-92.0,39.0,211.0,-202.0,662.0,-112.0,-345.0,171.0,943.0
643,-97.0,41.0,207.0,-213.0,663.0,-113.0,-354.0,167.0,938.0
644,-99.0,36.0,206.0,-220.0,666.0,-113.0,-363.0,164.0,929.0
645,-98.0,36.0,204.0,-226.0,674.0,-111.0,-359.0,163.0,920.0
646,-99.0,32.0,205.0,-234.0,690.0,-109.0,-355.0,159.0,924.0
647,-102.0,36.0,202.0,-235.0,704.0,-118.0,-361.0,157.0,924.0
648,-100.0,37.0,203.0,-231.0,704.0,-115.0,-370.0,157.0,920.0
649,-100.0,35.0,205.0,-231.0,706.0,-108.0,-358.0,162.0,915.0
650,-100.0,36.0,203.0,-231.0,709.0,-99.0,-355.0,161.0,914.0
651,-96.0,33.0,201.0,-235.0,716.0,-95.0,-352.0,153.0,916.0
652,-103.0,37.0,201.0,-236.0,720.0,-89.0,-369.0,159.0,915.0
653,-102.0,37.0,202.0,-235.0,720.0,-85.0,-377.0,158.0,898.0
654,-108.0,31.0,199.0,-238.0,717.0,-88.0,-394.0,161.0,894.0
655,-107.0,35.0,201.0,-243.0,721.0,-85.0,-394.0,155.0,889.0
656,-104.0,32.0,199.0,-257.0,722.0,-83.0,-386.0,157.0,895.0
657,-120.0,32.0,192.0,-273.0,720.0,-92.0,-401.0,147.0,892.0
658,-114.0,35.0,200.0,-281.0,729.0,-106.0,-429.0,150.0,885.0
659,-107.0,29.0,197.0,-288.0,722.0,-119.0,-399.0,157.0,906.0
660,-100.0,35.0,191.0,-297.0,706.0,-103.0,-396.0,156.0,894.0
661,-110.0,33.0,195.0,-305.0,700.0,-94.0,-410.0,145.0,883.0
662,-121.0,33.0,195.0,-311.0,706.0,-88.0,-441.0,155.0,882.0
663,-123.0,31.0,196.0,-312.0,713.0,-85.0,-462.0,147.0,884.0
664,-130.0,31.0,196.0,-310.0,712.0,-80.0,-482.0,155.0,889.0
665,-141.0,30.0,191.0,-303.0,705.0,-83.0,-516.0,140.0,876.0
666,-147.0,33.0,196.0,-298.0,709.0,-94.0,-523.0,140.0,876.0
667,-143.0,31.0,191.0,-301.0,698.0,-97.0,-523.0,143.0,878.0
668,-141.0,34.0,195.0,-310.0,680.0,-79.0,-505.0,146.0,879.0
669,-144.0,30.0,191.0,-317.0,665.0,-58.0,-508.0,138.0,875.0
670,-139.0,30.0,189.0,-320.0,659.0,-44.0,-517.0,135.0,867.0
671,-140.0,27.0,193.0,-321.0,652.0,-44.0,-515.0,135.0,868.0
672,-143.0,28.0,190.0,-323.0,649.0,-39.0,-539.0,129.0,863.0
673,-148.0,29.0,192.0,-323.0,650.0,-38.0,-552.0,128.0,860.0
674,-150.0,29.0,190.0,-327.0,647.0,-32.0,-559.0,121.0,863.0
675,-154.0,26.0,185.0,-337.0,642.0,-17.0,-583.0,126.0,841.0
676,-157.0,27.0,184.0,-358.0,659.0,8.0,-586.0,115.0,843.0
677,-153.0,28.0,193.0,-389.0,671.0,15.0,-577.0,114.0,867.0
678,-150.0,16.0,194.0,-406.0,677.0,15.0,-561.0,108.0,865.0
679,-145.0,20.0,191.0,-417.0,674.0,2.0,-543.0,102.0,871.0
680,-154.0,27.0,178.0,-410.0,661.0,-10.0,-561.0,99.0,865.0
681,-157.0,21.0,188.0,-389.0,647.0,-22.0,-572.0,105.0,856.0
682,-151.0,20.0,183.0,-361.0,637.0,-19.0,-580.0,101.0,847.0
683,-156.0,18.0,184.0,-341.0,632.0,-19.0,-594.0,95.0,838.0
684,-158.0,16.0,184.0,-331.0,628.0,-19.0,-595.0,95.0,834.0
685,-159.0,17.0,180.0,-328.0,625.0,-26.0,-605.0,89.0,832.0
686,-156.0,13.0,183.0,-328.0,615.0,-31.0,-582.0,82.0,839.0
687,-159.0,17.0,179.0,-320.0,600.0,-40.0,-595.0,89.0,836.0
688,-159.0,17.0,185.0,-311.0,593.0,-39.0,-595.0,86.0,834.0
689,-163.0,16.0,178.0,-304.0,591.0,-38.0,-611.0,88.0,820.0
690,-162.0,10.0,181.0,-302.0,587.0,-33.0,-623.0,82.0,824.0
691,-157.0,6.0,185.0,-303.0,583.0,-32.0,-619.0,83.0,824.0
692,-165.0,15.0,179.0,-308.0,576.0,-27.0,-620.0,80.0,825.0
693,-165.0,13.0,175.0,-317.0,569.0,-27.0,-614.0,77.0,826.0
694,-164.0,10.0,176.0,-327.0,565.0,-27.0,-618.0,69.0,822.0
695,-168.0,12.0,179.0,-337.0,558.0,-35.0,-619.0,66.0,824.0
696,-171.0,8.0,179.0,-346.0,546.0,-38.0,-645.0,70.0,820.0
697,-175.0,11.0,170.0,-361.0,540.0,-36.0,-644.0,69.0,816.0
698,-165.0,10.0,177.0,-373.0,536.0,-32.0,-618.0,67.0,822.0
699,-160.0,10.0,179.0,-381.0,524.0,-27.0,-606.0,60.0,822.0
700,-161.0,10.0,178.0,-388.0,514.0,-20.0,-607.0,57.0,821.0
701,-166.0,7.0,173.0,-392.0,503.0,-23.0,-621.0,53.0,808.0
702,-173.0,14.0,169.0,-397.0,497.0,-25.0,-642.0,53.0,798.0
703,-172.0,6.0,169.0,-405.0,497.0,-24.0,-646.0,54.0,795.0
704,-172.0,3.0,169.0,-416.0,499.0,-23.0,-662.0,47.0,793.0
705,-178.0,5.0,168.0,-426.0,501.0,-39.0,-681.0,52.0,800.0
706,-174.0,8.0,169.0,-437.0,491.0,-34.0,-658.0,43.0,788.0
707,-170.0,4.0,169.0,-448.0,486.0,-10.0,-640.0,37.0,793.0
708,-173.0,6.0,170.0,-449.0,494.0,1.0,-645.0,35.0,792.0
709,-174.0,0.0,175.0,-442.0,498.0,8.0,-650.0,27.0,804.0
710,-176.0,-1.0,177.0,-427.0,494.0,2.0,-656.0,21.0,809.0
711,-181.0,-2.0,177.0,-409.0,490.0,-18.0,-686.0,6.0,814.0
712,-172.0,-1.0,173.0,-386.0,486.0,-43.0,-651.0,14.0,815.0
713,-159.0,-8.0,182.0,-376.0,464.0,-24.0,-609.0,4.0,816.0
714,-167.0,1.0,177.0,-375.0,453.0,1.0,-619.0,5.0,815.0
715,-172.0,-5.0,177.0,-369.0,461.0,10.0,-649.0,-1.0,815.0
716,-178.0,-7.0,172.0,-353.0,462.0,8.0,-663.0,-4.0,812.0
717,-174.0,-7.0,176.0,-339.0,456.0,4.0,-664.0,-6.0,808.0
718,-179.0,-1.0,175.0,-330.0,452.0,0.0,-680.0,-2.0,808.0
719,-175.0,0.0,174.0,-330.0,455.0,4.0,-663.0,0.0,798.0
720,-174.0,-1.0,172.0,-338.0,462.0,3.0,-660.0,8.0,800.0
721,-178.0,-4.0,173.0,-346.0,468.0,-13.0,-675.0,-3.0,799.0
722,-178.0,-4.0,171.0,-344.0,475.0,-45.0,-667.0,-4.0,807.0
723,-169.0,5.0,170.0,-349.0,462.0,-45.0,-637.0,4.0,799.0
724,-161.0,-2.0,171.0,-369.0,448.0,-12.0,-612.0,-2.0,791.0
725,-168.0,-1.0,169.0,-388.0,453.0,5.0,-639.0,5.0,792.0
726,-167.0,-7.0,173.0,-407.0,465.0,7.0,-630.0,4.0,803.0
727,-175.0,-1.0,176.0,-419.0,459.0,14.0,-654.0,4.0,802.0
728,-172.0,-7.0,170.0,-425.0,452.0,19.0,-649.0,-10.0,796.0
729,-174.0,-8.0,173.0,-431.0,447.0,26.0,-663.0,-11.0,803.0
730,-176.0,-6.0,167.0,-433.0,443.0,22.0,-660.0,-17.0,801.0
731,-183.0,-10.0,168.0,-429.0,441.0,6.0,-678.0,-15.0,804.0
732,-178.0,-6.0,172.0,-417.0,432.0,-8.0,-664.0,-18.0,801.0
733,-172.0,-9.0,166.0,-411.0,425.0,0.0,-631.0,-18.0,787.0
734,-157.0,-14.0,175.0,-415.0,423.0,19.0,-624.0,-22.0,782.0
735,-165.0,-11.0,170.0,-425.0,425.0,53.0,-619.0,-19.0,782.0
736,-165.0,-11.0,167.0,-429.0,436.0,58.0,-626.0,-25.0,771.0
737,-167.0,-12.0,164.0,-426.0,437.0,53.0,-636.0,-31.0,776.0
738,-174.0,-12.0,165.0,-420.0,435.0,40.0,-664.0,-31.0,770.0
739,-176.0,-13.0,164.0,-413.0,437.0,33.0,-670.0,-31.0,765.0
740,-171.0,-14.0,162.0,-400.0,439.0,6.0,-657.0,-34.0,761.0
741,-175.0,-14.0,163.0,-393.0,430.0,4.0,-647.0,-28.0,757.0
742,-169.0,-13.0,156.0,-401.0,420.0,24.0,-640.0,-29.0,751.0
743,-171.0,-9.0,157.0,-414.0,422.0,56.0,-648.0,-29.0,745.0
744,-173.0,-15.0,156.0,-434.0,427.0,76.0,-646.0,-38.0,753.0
745,-165.0,-29.0,171.0,-444.0,426.0,82.0,-664.0,-35.0,753.0
746,-178.0,-14.0,157.0,-444.0,423.0,82.0,-682.0,-42.0,747.0
747,-183.0,-20.0,159.0,-443.0,421.0,77.0,-700.0,-44.0,749.0
748,-183.0,-16.0,159.0,-437.0,421.0,46.0,-699.0,-48.0,754.0
749,-178.0,-16.0,161.0,-439.0,409.0,55.0,-670.0,-43.0,753.0
750,-176.0,-19.0,158.0,-442.0,404.0,78.0,-653.0,-45.0,746.0
751,-176.0,-18.0,161.0,-450.0,402.0,102.0,-683.0,-42.0,753.0
752,-186.0,-18.0,164.0,-456.0,406.0,119.0,-703.0,-46.0,750.0
753,-194.0,-20.0,158.0,-453.0,417.0,111.0,-727.0,-54.0,760.0
754,-193.0,-15.0,160.0,-437.0,422.0,76.0,-737.0,-55.0,766.0
755,-188.0,-20.0,170.0,-427.0,410.0,73.0,-716.0,-51.0,768.0
756,-178.0,-21.0,160.0,-427.0,396.0,90.0,-675.0,-54.0,754.0
757,-176.0,-19.0,161.0,-436.0,390.0,107.0,-676.0,-59.0,753.0
758,-180.0,-17.0,163.0,-444.0,394.0,115.0,-691.0,-53.0,753.0
759,-185.0,-21.0,160.0,-450.0,400.0,114.0,-705.0,-51.0,749.0
760,-190.0,-21.0,158.0,-453.0,408.0,112.0,-717.0,-64.0,743.0
761,-185.0,-22.0,153.0,-464.0,411.0,123.0,-707.0,-58.0,735.0
762,-184.0,-21.0,155.0,-481.0,411.0,146.0,-703.0,-62.0,737.0
763,-191.0,-20.0,154.0,-489.0,427.0,149.0,-715.0,-68.0,734.0
764,-190.0,-22.0,150.0,-491.0,442.0,130.0,-729.0,-69.0,734.0
765,-193.0,-26.0,154.0,-487.0,449.0,113.0,-733.0,-71.0,726.0
766,-189.0,-27.0,155.0,-474.0,458.0,107.0,-736.0,-76.0,722.0
767,-202.0,-33.0,141.0,-461.0,467.0,96.0,-722.0,-78.0,720.0
768,-192.0,-27.0,151.0,-447.0,474.0,90.0,-727.0,-73.0,721.0
769,-190.0,-25.0,148.0,-432.0,485.0,90.0,-719.0,-80.0,706.0
770,-188.0,-30.0,149.0,-420.0,494.0,86.0,-723.0,-79.0,716.0
771,-188.0,-27.0,148.0,-404.0,499.0,83.0,-723.0,-81.0,716.0
772,-188.0,-28.0,151.0,-387.0,497.0,80.0,-715.0,-88.0,717.0
773,-187.0,-26.0,153.0,-367.0,493.0,73.0,-712.0,-86.0,725.0
774,-194.0,-27.0,150.0,-339.0,487.0,57.0,-725.0,-79.0,722.0
775,-191.0,-25.0,148.0,-304.0,485.0,39.0,-721.0,-78.0,714.0
776,-187.0,-23.0,149.0,-291.0,481.0,49.0,-710.0,-70.0,703.0
777,-183.0,-21.0,145.0,-291.0,473.0,64.0,-711.0,-73.0,703.0
778,-185.0,-20.0,135.0,-298.0,474.0,80.0,-722.0,-66.0,702.0
779,-188.0,-23.0,149.0,-303.0,477.0,86.0,-720.0,-62.0,706.0
780,-199.0,-22.0,148.0,-303.0,470.0,86.0,-746.0,-60.0,700.0
781,-197.0,-20.0,144.0,-306.0,464.0,92.0,-752.0,-59.0,689.0
782,-201.0,-19.0,142.0,-312.0,459.0,96.0,-757.0,-60.0,686.0
783,-199.0,-19.0,141.0,-322.0,462.0,95.0,-762.0,-59.0,683.0
784,-201.0,-18.0,139.0,-339.0,466.0,94.0,-764.0,-59.0,679.0
785,-202.0,-18.0,135.0,-364.0,476.0,92.0,-766.0,-63.0,667.0
786,-199.0,-23.0,134.0,-387.0,489.0,94.0,-774.0,-62.0,665.0
787,-199.0,-23.0,131.0,-404.0,505.0,89.0,-772.0,-71.0,662.0
788,-197.0,-26.0,129.0,-418.0,524.0,86.0,-769.0,-74.0,660.0
789,-213.0,-19.0,119.0,-425.0,546.0,79.0,-781.0,-77.0,640.0
790,-203.0,-27.0,132.0,-428.0,571.0,76.0,-770.0,-88.0,648.0
791,-203.0,-31.0,129.0,-425.0,590.0,64.0,-778.0,-88.0,646.0
792,-207.0,-29.0,133.0,-413.0,608.0,57.0,-777.0,-100.0,650.0
793,-202.0,-39.0,135.0,-389.0,625.0,43.0,-762.0,-117.0,659.0
794,-192.0,-39.0,131.0,-355.0,631.0,34.0,-749.0,-122.0,657.0
795,-198.0,-42.0,134.0,-325.0,632.0,45.0,-758.0,-121.0,658.0
796,-200.0,-38.0,133.0,-290.0,643.0,56.0,-759.0,-128.0,659.0
797,-205.0,-38.0,135.0,-251.0,652.0,56.0,-755.0,-127.0,666.0
798,-197.0,-40.0,134.0,-205.0,652.0,59.0,-759.0,-133.0,665.0
799,-200.0,-40.0,134.0,-154.0,649.0,57.0,-749.0,-133.0,667.0
800,-197.0,-40.0,145.0,-105.0,645.0,56.0,-745.0,-121.0,663.0
801,-196.0,-35.0,133.0,-56.0,642.0,51.0,-744.0,-114.0,659.0
802,-198.0,-33.0,134.0,-16.0,640.0,53.0,-746.0,-103.0,649.0
803,-197.0,-31.0,129.0,17.0,639.0,55.0,-758.0,-91.0,644.0
804,-199.0,-30.0,133.0,41.0,637.0,59.0,-764.0,-85.0,642.0
805,-200.0,-25.0,128.0,66.0,632.0,52.0,-780.0,-74.0,636.0
806,-204.0,-23.0,127.0,86.0,627.0,44.0,-777.0,-70.0,620.0
807,-206.0,-19.0,129.0,84.0,617.0,46.0,-777.0,-54.0,616.0
808,-199.0,-17.0,122.0,66.0,612.0,59.0,-766.0,-53.0,597.0
809,-203.0,-13.0,122.0,37.0,606.0,68.0,-769.0,-40.0,601.0
810,-203.0,-8.0,127.0,0.0,596.0,90.0,-768.0,-34.0,596.0
811,-203.0,-21.0,142.0,-36.0,587.0,101.0,-780.0,-33.0,594.0
812,-205.0,-12.0,120.0,-67.0,574.0,106.0,-778.0,-33.0,613.0
813,-208.0,-13.0,116.0,-87.0,555.0,108.0,-787.0,-30.0,589.0
814,-210.0,-13.0,117.0,-113.0,532.0,136.0,-795.0,-28.0,582.0
815,-210.0,-13.0,115.0,-140.0,516.0,152.0,-804.0,-32.0,587.0
816,-214.0,-12.0,120.0,-170.0,499.0,167.0,-805.0,-37.0,588.0
817,-213.0,-16.0,115.0,-196.0,481.0,173.0,-813.0,-42.0,588.0
818,-216.0,-19.0,116.0,-220.0,461.0,174.0,-822.0,-47.0,582.0
819,-221.0,-18.0,119.0,-235.0,449.0,165.0,-857.0,-47.0,580.0
820,-218.0,-21.0,114.0,-241.0,445.0,153.0,-845.0,-53.0,574.0
821,-209.0,-25.0,119.0,-260.0,428.0,164.0,-814.0,-73.0,579.0
822,-218.0,-19.0,113.0,-279.0,407.0,181.0,-802.0,-84.0,579.0
823,-212.0,-29.0,119.0,-299.0,390.0,200.0,-811.0,-90.0,580.0
824,-217.0,-30.0,113.0,-307.0,379.0,205.0,-822.0,-101.0,578.0
825,-220.0,-32.0,112.0,-303.0,367.0,204.0,-847.0,-114.0,562.0
826,-219.0,-33.0,105.0,-306.0,362.0,200.0,-854.0,-119.0,557.0
827,-220.0,-36.0,104.0,-312.0,361.0,194.0,-856.0,-121.0,550.0
828,-221.0,-42.0,106.0,-316.0,364.0,185.0,-851.0,-135.0,545.0
829,-224.0,-40.0,107.0,-315.0,368.0,173.0,-865.0,-140.0,543.0
830,-226.0,-45.0,100.0,-307.0,374.0,165.0,-874.0,-149.0,533.0
831,-227.0,-50.0,106.0,-293.0,379.0,159.0,-877.0,-160.0,526.0
832,-222.0,-41.0,89.0,-276.0,383.0,157.0,-896.0,-161.0,517.0
833,-231.0,-54.0,97.0,-253.0,390.0,149.0,-893.0,-167.0,517.0
834,-235.0,-53.0,100.0,-221.0,391.0,137.0,-892.0,-171.0,512.0
835,-233.0,-52.0,100.0,-187.0,388.0,131.0,-899.0,-173.0,520.0
836,-232.0,-52.0,98.0,-149.0,380.0,125.0,-894.0,-167.0,521.0
837,-233.0,-50.0,102.0,-101.0,370.0,120.0,-899.0,-170.0,522.0
838,-239.0,-44.0,105.0,-54.0,358.0,113.0,-904.0,-159.0,518.0
839,-236.0,-45.0,100.0,-9.0,346.0,109.0,-908.0,-146.0,519.0
840,-237.0,-42.0,101.0,38.0,332.0,105.0,-914.0,-130.0,512.0
841,-238.0,-41.0,98.0,88.0,320.0,100.0,-912.0,-116.0,508.0
842,-238.0,-33.0,95.0,131.0,307.0,96.0,-914.0,-113.0,503.0
843,-237.0,-24.0,84.0,150.0,290.0,85.0,-906.0,-94.0,496.0
844,-241.0,-26.0,89.0,158.0,279.0,76.0,-928.0,-78.0,484.0
845,-246.0,-23.0,91.0,159.0,276.0,81.0,-942.0,-72.0,476.0
846,-249.0,-20.0,88.0,162.0,288.0,68.0,-960.0,-66.0,471.0
847,-240.0,-22.0,87.0,157.0,301.0,69.0,-932.0,-67.0,470.0
848,-243.0,-20.0,90.0,133.0,294.0,84.0,-918.0,-75.0,473.0
849,-238.0,-24.0,91.0,100.0,293.0,107.0,-926.0,-69.0,481.0
850,-245.0,-26.0,92.0,78.0,295.0,113.0,-927.0,-79.0,499.0
851,-245.0,-25.0,99.0,70.0,292.0,116.0,-934.0,-85.0,503.0
852,-241.0,-28.0,103.0,71.0,284.0,116.0,-929.0,-90.0,510.0
853,-242.0,-28.0,98.0,82.0,275.0,122.0,-930.0,-91.0,516.0
854,-238.0,-36.0,106.0,104.0,269.0,123.0,-933.0,-90.0,515.0
855,-243.0,-29.0,97.0,127.0,261.0,129.0,-935.0,-97.0,518.0
856,-241.0,-32.0,101.0,153.0,255.0,130.0,-934.0,-89.0,523.0
857,-240.0,-32.0,98.0,176.0,248.0,135.0,-929.0,-97.0,517.0
858,-240.0,-31.0,98.0,195.0,244.0,133.0,-926.0,-97.0,515.0
859,-240.0,-27.0,97.0,211.0,242.0,135.0,-921.0,-90.0,508.0
860,-237.0,-27.0,97.0,219.0,241.0,132.0,-914.0,-85.0,500.0
861,-238.0,-23.0,97.0,223.0,242.0,132.0,-915.0,-80.0,499.0
862,-235.0,-22.0,96.0,219.0,241.0,124.0,-907.0,-78.0,491.0
863,-234.0,-24.0,93.0,208.0,238.0,123.0,-905.0,-74.0,485.0
864,-233.0,-20.0,91.0,195.0,238.0,117.0,-898.0,-70.0,483.0
865,-228.0,-35.0,88.0,181.0,235.0,117.0,-898.0,-78.0,477.0
866,-233.0,-24.0,91.0,168.0,230.0,114.0,-891.0,-84.0,477.0
867,-230.0,-29.0,88.0,156.0,227.0,118.0,-889.0,-93.0,475.0
868,-228.0,-31.0,94.0,151.0,221.0,116.0,-886.0,-89.0,478.0
869,-229.0,-25.0,92.0,150.0,214.0,121.0,-880.0,-95.0,485.0
870,-229.0,-33.0,90.0,156.0,203.0,121.0,-885.0,-94.0,484.0
871,-227.0,-31.0,93.0,168.0,193.0,124.0,-878.0,-89.0,497.0
872,-228.0,-29.0,96.0,184.0,179.0,123.0,-879.0,-91.0,498.0
873,-227.0,-29.0,97.0,210.0,163.0,129.0,-878.0,-89.0,506.0
874,-228.0,-27.0,97.0,230.0,150.0,127.0,-869.0,-85.0,511.0
875,-227.0,-24.0,94.0,249.0,132.0,130.0,-877.0,-71.0,515.0
876,-228.0,-12.0,95.0,269.0,117.0,128.0,-879.0,-67.0,514.0
877,-230.0,-17.0,101.0,283.0,100.0,129.0,-880.0,-43.0,520.0
878,-231.0,-15.0,100.0,290.0,85.0,127.0,-880.0,-41.0,519.0
879,-230.0,-10.0,102.0,291.0,72.0,130.0,-887.0,-20.0,523.0
880,-232.0,-7.0,103.0,284.0,61.0,129.0,-891.0,-3.0,526.0
881,-234.0,0.0,99.0,274.0,51.0,134.0,-896.0,14.0,523.0
882,-232.0,1.0,107.0,260.0,44.0,136.0,-901.0,27.0,524.0
883,-231.0,4.0,100.0,241.0,38.0,139.0,-901.0,37.0,524.0
884,-236.0,8.0,106.0,219.0,35.0,140.0,-904.0,44.0,525.0
885,-234.0,7.0,100.0,199.0,34.0,143.0,-907.0,49.0,521.0
886,-234.0,8.0,101.0,179.0,35.0,141.0,-906.0,54.0,521.0
887,-248.0,7.0,84.0,159.0,39.0,141.0,-905.0,61.0,521.0
888,-238.0,9.0,102.0,138.0,42.0,136.0,-910.0,58.0,527.0
889,-237.0,7.0,99.0,120.0,48.0,132.0,-908.0,54.0,521.0
890,-237.0,10.0,103.0,103.0,53.0,122.0,-908.0,54.0,523.0
891,-236.0,7.0,100.0,88.0,56.0,115.0,-901.0,46.0,529.0
892,-237.0,3.0,106.0,81.0,63.0,104.0,-901.0,38.0,531.0
893,-234.0,3.0,108.0,75.0,67.0,95.0,-904.0,38.0,536.0
894,-238.0,3.0,112.0,75.0,72.0,86.0,-901.0,23.0,539.0
895,-237.0,0.0,108.0,74.0,76.0,77.0,-903.0,23.0,541.0
896,-232.0,2.0,105.0,78.0,78.0,67.0,-907.0,20.0,538.0
897,-234.0,0.0,109.0,79.0,82.0,58.0,-902.0,17.0,544.0
898,-237.0,-16.0,116.0,79.0,86.0,47.0,-901.0,19.0,541.0
899,-233.0,0.0,104.0,81.0,87.0,37.0,-905.0,19.0,541.0
900,-233.0,1.0,108.0,81.0,90.0,29.0,-900.0,22.0,534.0
901,-234.0,0.0,103.0,79.0,94.0,21.0,-896.0,21.0,527.0
902,-232.0,1.0,106.0,75.0,99.0,14.0,-898.0,21.0,529.0
903,-233.0,0.0,104.0,67.0,101.0,8.0,-903.0,23.0,532.0
904,-234.0,1.0,100.0,58.0,103.0,5.0,-900.0,14.0,525.0
905,-234.0,1.0,105.0,46.0,104.0,3.0,-899.0,20.0,525.0
906,-234.0,-1.0,105.0,35.0,104.0,2.0,-899.0,18.0,527.0
907,-234.0,2.0,101.0,25.0,103.0,0.0,-900.0,15.0,521.0
908,-236.0,-1.0,97.0,15.0,98.0,1.0,-899.0,14.0,526.0
909,-231.0,3.0,100.0,10.0,97.0,0.0,-897.0,15.0,519.0
910,-232.0,-6.0,102.0,6.0,92.0,0.0,-899.0,15.0,518.0
911,-234.0,0.0,98.0,6.0,92.0,-3.0,-897.0,15.0,516.0
912,-233.0,1.0,101.0,7.0,89.0,-1.0,-898.0,15.0,516.0
913,-233.0,0.0,98.0,8.0,86.0,-4.0,-896.0,22.0,517.0
914,-232.0,0.0,98.0,10.0,83.0,0.0,-898.0,9.0,506.0
915,-233.0,1.0,102.0,11.0,81.0,-3.0,-899.0,16.0,512.0
916,-231.0,2.0,99.0,13.0,78.0,1.0,-902.0,5.0,509.0
917,-232.0,-5.0,99.0,13.0,72.0,2.0,-899.0,13.0,512.0
918,-236.0,1.0,97.0,12.0,66.0,5.0,-893.0,0.0,514.0
919,-232.0,-2.0,101.0,10.0,60.0,2.0,-897.0,-1.0,516.0
920,-224.0,-2.0,90.0,15.0,53.0,-3.0,-889.0,1.0,520.0
921,-228.0,-2.0,104.0,19.0,45.0,0.0,-878.0,-6.0,518.0
922,-227.0,-5.0,102.0,16.0,45.0,8.0,-880.0,-2.0,522.0
923,-228.0,-5.0,103.0,15.0,47.0,6.0,-881.0,-2.0,525.0
924,-230.0,-3.0,103.0,16.0,46.0,10.0,-886.0,-3.0,527.0
925,-228.0,-4.0,104.0,17.0,44.0,7.0,-880.0,-1.0,535.0
926,-229.0,-6.0,103.0,16.0,43.0,10.0,-883.0,3.0,537.0
927,-232.0,-2.0,103.0,12.0,41.0,8.0,-883.0,0.0,529.0
928,-227.0,-4.0,103.0,5.0,40.0,11.0,-880.0,-2.0,526.0
929,-226.0,-4.0,100.0,-7.0,40.0,11.0,-881.0,-3.0,526.0
930,-233.0,-11.0,111.0,-22.0,42.0,16.0,-886.0,-1.0,519.0
931,-232.0,-3.0,100.0,-39.0,41.0,16.0,-890.0,-7.0,517.0
932,-233.0,-7.0,99.0,-58.0,41.0,20.0,-890.0,-9.0,517.0
933,-231.0,-7.0,99.0,-73.0,40.0,20.0,-893.0,-15.0,518.0
934,-232.0,-9.0,102.0,-81.0,37.0,26.0,-893.0,-21.0,519.0
935,-232.0,-13.0,98.0,-85.0,35.0,28.0,-889.0,-27.0,518.0
936,-232.0,-12.0,98.0,-87.0,32.0,32.0,-893.0,-31.0,522.0
937,-233.0,-14.0,102.0,-84.0,30.0,32.0,-890.0,-34.0,518.0
938,-229.0,-16.0,99.0,-75.0,26.0,36.0,-890.0,-31.0,518.0
939,-235.0,-14.0,106.0,-66.0,23.0,35.0,-892.0,-32.0,520.0
940,-232.0,-17.0,103.0,-52.0,19.0,39.0,-887.0,-32.0,518.0
941,-232.0,-15.0,108.0,-37.0,17.0,37.0,-887.0,-23.0,519.0
942,-226.0,-13.0,100.0,-18.0,14.0,39.0,-882.0,-24.0,525.0
943,-228.0,-11.0,104.0,-4.0,14.0,39.0,-882.0,-20.0,525.0
944,-228.0,-6.0,105.0,11.0,12.0,38.0,-880.0,-12.0,525.0
945,-231.0,-9.0,102.0,23.0,11.0,37.0,-881.0,-6.0,525.0
946,-227.0,-5.0,104.0,31.0,10.0,37.0,-881.0,-6.0,531.0
947,-226.0,-6.0,104.0,38.0,9.0,32.0,-878.0,4.0,528.0
948,-229.0,-2.0,103.0,42.0,9.0,32.0,-878.0,8.0,536.0
949,-226.0,0.0,106.0,43.0,7.0,29.0,-879.0,8.0,535.0
950,-227.0,0.0,101.0,39.0,5.0,30.0,-878.0,15.0,543.0
951,-229.0,2.0,105.0,33.0,4.0,25.0,-879.0,21.0,542.0
952,-226.0,3.0,97.0,25.0,4.0,21.0,-882.0,16.0,541.0
953,-229.0,1.0,107.0,14.0,7.0,19.0,-884.0,24.0,538.0
954,-227.0,0.0,105.0,1.0,10.0,15.0,-884.0,16.0,545.0
955,-231.0,1.0,107.0,-12.0,11.0,11.0,-885.0,16.0,541.0
956,-229.0,0.0,109.0,-24.0,12.0,9.0,-885.0,9.0,544.0
957,-231.0,-1.0,105.0,-34.0,16.0,5.0,-886.0,9.0,548.0
958,-228.0,-6.0,102.0,-43.0,21.0,1.0,-882.0,9.0,551.0
959,-226.0,-4.0,107.0,-50.0,24.0,-3.0,-880.0,-2.0,551.0
960,-229.0,-6.0,108.0,-56.0,30.0,-6.0,-882.0,-6.0,547.0
961,-228.0,-1.0,112.0,-57.0,36.0,-7.0,-881.0,-3.0,544.0
962,-225.0,-7.0,107.0,-58.0,42.0,-10.0,-877.0,-9.0,545.0
963,-222.0,-14.0,125.0,-57.0,46.0,-10.0,-875.0,-8.0,542.0
964,-223.0,-9.0,110.0,-57.0,50.0,-12.0,-868.0,-10.0,541.0
965,-228.0,-5.0,109.0,-55.0,53.0,-13.0,-872.0,-5.0,542.0
966,-227.0,-8.0,104.0,-53.0,55.0,-13.0,-873.0,-7.0,542.0
967,-225.0,-5.0,106.0,-51.0,59.0,-12.0,-872.0,-10.0,541.0
968,-225.0,-5.0,103.0,-49.0,59.0,-11.0,-872.0,-10.0,540.0
969,-228.0,-3.0,106.0,-47.0,59.0,-12.0,-868.0,-7.0,541.0
970,-223.0,-8.0,103.0,-45.0,61.0,-9.0,-860.0,-12.0,540.0
971,-224.0,-11.0,100.0,-41.0,61.0,-5.0,-873.0,-14.0,533.0
972,-224.0,-6.0,105.0,-38.0,61.0,-5.0,-870.0,-12.0,539.0
973,-225.0,-11.0,100.0,-33.0,62.0,-1.0,-872.0,-12.0,535.0
974,-224.0,-21.0,115.0,-30.0,63.0,-2.0,-871.0,-13.0,536.0
975,-227.0,-7.0,104.0,-26.0,63.0,0.0,-874.0,-17.0,535.0
976,-227.0,-7.0,106.0,-19.0,63.0,-1.0,-873.0,-11.0,537.0
977,-227.0,-10.0,105.0,-13.0,62.0,2.0,-878.0,-13.0,536.0
978,-225.0,-10.0,105.0,-9.0,62.0,1.0,-879.0,-17.0,531.0
979,-226.0,-8.0,109.0,-5.0,60.0,4.0,-874.0,-13.0,534.0
980,-226.0,-9.0,104.0,-3.0,58.0,3.0,-877.0,-14.0,535.0
981,-226.0,-6.0,101.0,-1.0,58.0,7.0,-877.0,-12.0,535.0
982,-231.0,-1.0,103.0,-3.0,56.0,6.0,-882.0,-9.0,527.0
983,-229.0,-7.0,103.0,-5.0,54.0,8.0,-880.0,-7.0,531.0
984,-228.0,-3.0,104.0,-9.0,52.0,7.0,-878.0,-3.0,534.0
985,-236.0,7.0,97.0,-13.0,52.0,9.0,-887.0,5.0,528.0
986,-230.0,-2.0,103.0,-18.0,48.0,8.0,-888.0,0.0,529.0
987,-230.0,-4.0,103.0,-24.0,48.0,9.0,-886.0,6.0,529.0
988,-229.0,-4.0,103.0,-29.0,49.0,9.0,-888.0,6.0,527.0
989,-228.0,-4.0,102.0,-35.0,47.0,12.0,-889.0,4.0,527.0
990,-230.0,-2.0,101.0,-41.0,46.0,9.0,-887.0,12.0,527.0
991,-229.0,-2.0,104.0,-46.0,47.0,10.0,-890.0,8.0,535.0
992,-225.0,1.0,100.0,-48.0,47.0,8.0,-886.0,6.0,525.0
993,-230.0,-5.0,103.0,-49.0,47.0,9.0,-888.0,9.0,531.0
994,-227.0,1.0,103.0,-49.0,46.0,5.0,-888.0,6.0,531.0
995,-231.0,-2.0,105.0,-48.0,49.0,7.0,-885.0,0.0,533.0
996,-244.0,-2.0,110.0,-48.0,52.0,3.0,-887.0,-4.0,530.0
997,-234.0,-6.0,100.0,-46.0,52.0,5.0,-888.0,-4.0,532.0
998,-229.0,-6.0,106.0,-44.0,54.0,3.0,-889.0,-3.0,536.0
999,-229.0,-6.0,100.0,-39.0,55.0,4.0,-884.0,-3.0,532.0
1000,-230.0,-3.0,104.0,-37.0,58.0,1.0,-887.0,-3.0,530.0
1001,-231.0,-2.0,104.0,-33.0,58.0,2.0,-889.0,-5.0,529.0
1002,-229.0,-5.0,102.0,-32.0,58.0,1.0,-890.0,-3.0,529.0
1003,-227.0,-8.0,102.0,-29.0,57.0,2.0,-891.0,-4.0,531.0
1004,-230.0,-6.0,101.0,-27.0,57.0,0.0,-886.0,-4.0,523.0
1005,-230.0,-5.0,104.0,-26.0,55.0,3.0,-887.0,1.0,523.0
1006,-229.0,-7.0,101.0,-25.0,54.0,-1.0,-889.0,-5.0,525.0
1007,-236.0,-14.0,95.0,-25.0,51.0,1.0,-887.0,-2.0,525.0
1008,-230.0,-6.0,100.0,-28.0,52.0,-2.0,-888.0,-4.0,521.0
1009,-228.0,-6.0,104.0,-30.0,50.0,1.0,-885.0,-7.0,525.0
1010,-227.0,-8.0,105.0,-32.0,51.0,-1.0,-884.0,-11.0,531.0
1011,-229.0,-10.0,105.0,-32.0,50.0,-2.0,-887.0,-11.0,535.0
1012,-229.0,-8.0,106.0,-27.0,49.0,-15.0,-890.0,-13.0,545.0
1013,-228.0,-9.0,104.0,-12.0,46.0,-21.0,-882.0,-15.0,538.0
1014,-226.0,-8.0,101.0,-3.0,39.0,-16.0,-880.0,-19.0,527.0
1015,-229.0,-8.0,100.0,-4.0,38.0,-1.0,-877.0,-11.0,526.0
1016,-230.0,-8.0,109.0,-10.0,41.0,5.0,-885.0,-10.0,535.0
1017,-231.0,-7.0,102.0,-9.0,43.0,5.0,-888.0,-10.0,540.0
1018,-241.0,-12.0,115.0,-6.0,42.0,3.0,-886.0,-9.0,540.0
1019,-230.0,-7.0,105.0,-5.0,42.0,3.0,-884.0,-13.0,533.0
1020,-230.0,-6.0,102.0,-4.0,41.0,2.0,-887.0,-12.0,536.0
1021,-231.0,-8.0,103.0,-5.0,39.0,-1.0,-881.0,-8.0,532.0
1022,-229.0,-5.0,105.0,-8.0,41.0,-2.0,-883.0,-11.0,529.0
1023,-228.0,-3.0,106.0,-11.0,41.0,-3.0,-881.0,-5.0,531.0
1024,-230.0,-3.0,105.0,-14.0,43.0,-3.0,-878.0,-6.0,532.0
1025,-224.0,-2.0,100.0,-18.0,44.0,-2.0,-880.0,-4.0,528.0
1026,-228.0,-9.0,106.0,-24.0,44.0,-2.0,-884.0,-8.0,533.0
1027,-227.0,-3.0,105.0,-28.0,44.0,-4.0,-878.0,-3.0,536.0
1028,-231.0,-5.0,101.0,-28.0,42.0,-3.0,-877.0,-2.0,542.0
1029,-236.0,-9.0,123.0,-29.0,40.0,-1.0,-877.0,-4.0,537.0
1030,-227.0,-4.0,102.0,-30.0,39.0,3.0,-877.0,-7.0,543.0
1031,-228.0,-3.0,101.0,-30.0,38.0,1.0,-879.0,-4.0,538.0
1032,-229.0,-5.0,103.0,-30.0,33.0,2.0,-881.0,-7.0,541.0
1033,-229.0,-5.0,107.0,-29.0,33.0,1.0,-877.0,-2.0,535.0
1034,-226.0,-3.0,105.0,-28.0,31.0,3.0,-878.0,-2.0,542.0
1035,-229.0,-2.0,103.0,-27.0,31.0,1.0,-879.0,-4.0,534.0
1036,-229.0,-4.0,107.0,-27.0,30.0,1.0,-880.0,-8.0,537.0
1037,-226.0,1.0,105.0,-28.0,31.0,-2.0,-878.0,1.0,533.0
1038,-228.0,0.0,109.0,-30.0,31.0,-1.0,-882.0,5.0,529.0
1039,-221.0,1.0,111.0,-32.0,33.0,-4.0,-882.0,-3.0,529.0
1040,-227.0,-2.0,103.0,-34.0,35.0,-2.0,-877.0,0.0,534.0
1041,-226.0,-3.0,107.0,-35.0,37.0,-5.0,-877.0,-3.0,538.0
1042,-226.0,-5.0,109.0,-37.0,37.0,-3.0,-878.0,-2.0,533.0
1043,-228.0,-6.0,106.0,-38.0,39.0,-7.0,-881.0,-7.0,538.0
1044,-228.0,-5.0,106.0,-40.0,40.0,-6.0,-881.0,-6.0,541.0
1045,-228.0,-6.0,106.0,-43.0,42.0,-8.0,-877.0,-8.0,539.0
1046,-231.0,-8.0,107.0,-43.0,44.0,-6.0,-879.0,-5.0,548.0
1047,-227.0,-6.0,103.0,-42.0,44.0,-9.0,-881.0,-8.0,546.0
1048,-223.0,-5.0,105.0,-40.0,45.0,-6.0,-879.0,-10.0,543.0
1049,-230.0,-7.0,110.0,-37.0,45.0,-10.0,-881.0,-8.0,545.0
1050,-224.0,-16.0,120.0,-33.0,46.0,-7.0,-881.0,-6.0,541.0
1051,-229.0,-5.0,104.0,-29.0,43.0,-10.0,-877.0,-9.0,537.0
1052,-227.0,-7.0,103.0,-26.0,42.0,-9.0,-876.0,-8.0,534.0
1053,-227.0,-6.0,104.0,-26.0,41.0,-11.0,-877.0,-9.0,538.0
1054,-228.0,-5.0,105.0,-24.0,40.0,-8.0,-876.0,-9.0,531.0
1055,-225.0,-10.0,109.0,-23.0,40.0,-10.0,-876.0,-8.0,532.0
1056,-226.0,-8.0,104.0,-23.0,39.0,-8.0,-876.0,-6.0,533.0
1057,-224.0,-4.0,102.0,-23.0,39.0,-10.0,-872.0,-9.0,532.0
1058,-224.0,-7.0,105.0,-22.0,40.0,-6.0,-870.0,-9.0,534.0
1059,-229.0,-5.0,106.0,-21.0,40.0,-8.0,-873.0,-11.0,534.0
1060,-226.0,-8.0,106.0,-20.0,39.0,-7.0,-878.0,-10.0,534.0
1061,-227.0,-3.0,96.0,-17.0,38.0,-8.0,-873.0,-9.0,535.0
1062,-233.0,-14.0,100.0,-17.0,37.0,-5.0,-873.0,-12.0,541.0
1063,-226.0,-7.0,109.0,-13.0,34.0,-6.0,-869.0,-10.0,538.0
1064,-225.0,-8.0,107.0,-11.0,34.0,-2.0,-877.0,-9.0,539.0
1065,-228.0,-6.0,108.0,-10.0,32.0,-4.0,-878.0,-8.0,542.0
1066,-226.0,-7.0,108.0,-8.0,31.0,-3.0,-877.0,-4.0,541.0
1067,-227.0,-6.0,108.0,-8.0,31.0,-4.0,-872.0,-7.0,540.0
1068,-224.0,-2.0,104.0,-9.0,31.0,-2.0,-879.0,-5.0,537.0
1069,-227.0,-1.0,104.0,-11.0,31.0,-2.0,-876.0,-6.0,546.0
1070,-225.0,-5.0,103.0,-14.0,34.0,-1.0,-878.0,-4.0,546.0
1071,-227.0,-7.0,105.0,-17.0,34.0,-3.0,-878.0,-5.0,539.0
1072,-227.0,-14.0,113.0,-19.0,36.0,-3.0,-867.0,-4.0,547.0
1073,-226.0,-7.0,110.0,-22.0,35.0,-3.0,-870.0,-3.0,547.0
1074,-227.0,-6.0,106.0,-25.0,35.0,-2.0,-875.0,-6.0,546.0
1075,-229.0,-3.0,104.0,-27.0,38.0,-4.0,-868.0,-1.0,546.0
1076,-227.0,-7.0,106.0,-29.0,39.0,-4.0,-876.0,-6.0,543.0
1077,-228.0,-6.0,105.0,-29.0,43.0,-5.0,-875.0,-9.0,545.0
1078,-228.0,-7.0,106.0,-29.0,43.0,-4.0,-869.0,-10.0,544.0
1079,-230.0,-8.0,109.0,-27.0,44.0,-5.0,-873.0,-12.0,542.0
1080,-229.0,-5.0,104.0,-25.0,45.0,-5.0,-876.0,-11.0,542.0
1081,-226.0,-8.0,108.0,-22.0,46.0,-7.0,-878.0,-9.0,544.0
1082,-224.0,-10.0,104.0,-20.0,46.0,-4.0,-872.0,-9.0,543.0
1083,-218.0,-5.0,119.0,-19.0,48.0,-6.0,-869.0,-9.0,542.0
1084,-225.0,-8.0,105.0,-18.0,48.0,-5.0,-877.0,-9.0,543.0
1085,-225.0,-7.0,110.0,-16.0,49.0,-4.0,-871.0,-13.0,542.0
1086,-227.0,-5.0,107.0,-15.0,48.0,-4.0,-877.0,-6.0,546.0
1087,-225.0,-6.0,107.0,-15.0,51.0,-3.0,-869.0,-5.0,544.0
1088,-227.0,-7.0,107.0,-16.0,53.0,-4.0,-875.0,-10.0,543.0
1089,-226.0,-4.0,107.0,-18.0,54.0,-2.0,-875.0,-8.0,545.0
1090,-221.0,-3.0,104.0,-19.0,57.0,-4.0,-875.0,-8.0,546.0
1091,-223.0,-6.0,108.0,-20.0,58.0,-2.0,-876.0,-7.0,549.0
1092,-225.0,-3.0,105.0,-22.0,61.0,-2.0,-874.0,-8.0,546.0
1093,-227.0,-10.0,102.0,-24.0,61.0,0.0,-868.0,-6.0,549.0
1094,-231.0,-11.0,112.0,-24.0,62.0,-1.0,-867.0,-6.0,549.0
1095,-225.0,-8.0,108.0,-26.0,65.0,0.0,-875.0,-5.0,551.0
1096,-225.0,-6.0,110.0,-27.0,64.0,0.0,-876.0,-10.0,550.0
1097,-222.0,-6.0,107.0,-27.0,65.0,1.0,-869.0,-8.0,549.0
1098,-226.0,-8.0,109.0,-27.0,65.0,-2.0,-866.0,-6.0,543.0
1099,-227.0,-6.0,107.0,-29.0,66.0,2.0,-870.0,-6.0,546.0
1100,-227.0,-2.0,108.0,-29.0,66.0,1.0,-869.0,-10.0,544.0
1101,-228.0,-3.0,106.0,-31.0,66.0,3.0,-877.0,-6.0,544.0
1102,-224.0,-8.0,107.0,-32.0,67.0,0.0,-877.0,-4.0,546.0
1103,-223.0,-6.0,104.0,-34.0,68.0,2.0,-875.0,-7.0,545.0
1104,-223.0,-1.0,108.0,-34.0,69.0,1.0,-873.0,-7.0,540.0
1105,-232.0,0.0,95.0,-35.0,68.0,2.0,-877.0,-5.0,544.0
1106,-228.0,-8.0,106.0,-35.0,69.0,1.0,-881.0,-7.0,538.0
1107,-229.0,-5.0,105.0,-36.0,68.0,4.0,-880.0,-7.0,544.0
1108,-225.0,-8.0,109.0,-36.0,67.0,2.0,-877.0,-8.0,541.0
1109,-226.0,-5.0,102.0,-36.0,69.0,3.0,-880.0,-5.0,543.0
1110,-231.0,-4.0,105.0,-37.0,68.0,0.0,-877.0,-6.0,542.0
1111,-225.0,-5.0,106.0,-36.0,70.0,2.0,-876.0,-6.0,542.0
1112,-229.0,-4.0,104.0,-36.0,69.0,-2.0,-877.0,-6.0,544.0
1113,-226.0,-4.0,109.0,-35.0,69.0,0.0,-874.0,-9.0,541.0
1114,-228.0,-6.0,107.0,-34.0,71.0,-2.0,-874.0,-6.0,535.0
1115,-226.0,-6.0,109.0,-34.0,71.0,-1.0,-872.0,-9.0,530.0
1116,-213.0,-2.0,98.0,-33.0,71.0,-3.0,-881.0,-7.0,536.0
1117,-226.0,-7.0,107.0,-34.0,73.0,-2.0,-878.0,-6.0,540.0
1118,-228.0,-4.0,106.0,-35.0,73.0,-6.0,-882.0,-5.0,542.0
1119,-226.0,-5.0,111.0,-34.0,73.0,-3.0,-877.0,-4.0,540.0
1120,-228.0,-4.0,103.0,-33.0,74.0,-6.0,-876.0,-9.0,535.0
1121,-228.0,-5.0,106.0,-34.0,75.0,-3.0,-878.0,-6.0,543.0
1122,-230.0,-7.0,105.0,-33.0,75.0,-6.0,-877.0,-9.0,536.0
1123,-226.0,-5.0,104.0,-33.0,74.0,-5.0,-875.0,-6.0,543.0
1124,-225.0,-8.0,106.0,-32.0,75.0,-6.0,-875.0,-11.0,542.0
1125,-228.0,-8.0,105.0,-30.0,77.0,-5.0,-876.0,-6.0,545.0
1126,-229.0,-8.0,108.0,-27.0,77.0,-7.0,-876.0,-10.0,541.0
1127,-229.0,-2.0,105.0,-27.0,77.0,-4.0,-872.0,-6.0,542.0
1128,-227.0,-8.0,102.0,-26.0,77.0,-5.0,-877.0,-12.0,544.0
1129,-225.0,-6.0,100.0,-25.0,77.0,-5.0,-877.0,-8.0,544.0
1130,-230.0,-6.0,102.0,-25.0,79.0,-6.0,-880.0,-7.0,539.0
1131,-228.0,-4.0,104.0,-25.0,80.0,-4.0,-879.0,-12.0,540.0
1132,-226.0,-6.0,101.0,-25.0,79.0,-5.0,-879.0,-10.0,536.0
1133,-229.0,-2.0,101.0,-23.0,78.0,-4.0,-878.0,-7.0,537.0
1134,-230.0,-7.0,106.0,-25.0,76.0,-5.0,-879.0,-8.0,533.0
1135,-222.0,-7.0,101.0,-27.0,76.0,-4.0,-881.0,-8.0,532.0
1136,-228.0,-6.0,102.0,-28.0,75.0,-3.0,-880.0,-8.0,536.0
1137,-247.0,-3.0,101.0,-31.0,75.0,-2.0,-878.0,-7.0,536.0
1138,-229.0,-4.0,100.0,-31.0,73.0,-2.0,-884.0,-9.0,531.0
1139,-229.0,-4.0,104.0,-31.0,72.0,-1.0,-881.0,-8.0,533.0
1140,-229.0,-4.0,103.0,-31.0,73.0,1.0,-882.0,-8.0,529.0
1141,-228.0,-7.0,103.0,-30.0,70.0,1.0,-883.0,-7.0,535.0
1142,-229.0,-8.0,102.0,-29.0,71.0,0.0,-885.0,-9.0,540.0
1143,-227.0,-8.0,102.0,-28.0,72.0,1.0,-887.0,-9.0,531.0
1144,-227.0,-7.0,104.0,-26.0,72.0,1.0,-883.0,-10.0,528.0
1145,-228.0,-5.0,103.0,-23.0,70.0,1.0,-881.0,-9.0,534.0
1146,-232.0,-6.0,107.0,-24.0,68.0,-1.0,-881.0,-3.0,531.0
1147,-227.0,-8.0,102.0,-21.0,67.0,-1.0,-884.0,-12.0,533.0
1148,-233.0,5.0,100.0,-20.0,68.0,-1.0,-885.0,-9.0,536.0
1149,-230.0,-7.0,104.0,-18.0,67.0,-2.0,-883.0,-9.0,528.0
1150,-228.0,-6.0,107.0,-18.0,66.0,-1.0,-878.0,-8.0,532.0
1151,-230.0,-5.0,103.0,-19.0,67.0,-4.0,-885.0,-10.0,529.0
1152,-227.0,-8.0,103.0,-17.0,68.0,-2.0,-885.0,-5.0,535.0
1153,-229.0,-6.0,105.0,-17.0,68.0,-5.0,-882.0,-7.0,530.0
1154,-229.0,-9.0,106.0,-20.0,69.0,-4.0,-878.0,-9.0,533.0
1155,-225.0,-8.0,105.0,-20.0,71.0,-6.0,-878.0,-11.0,540.0
1156,-230.0,-11.0,103.0,-18.0,72.0,-5.0,-876.0,-13.0,534.0
1157,-231.0,-5.0,106.0,-21.0,72.0,-6.0,-879.0,-14.0,536.0
1158,-232.0,-5.0,102.0,-19.0,72.0,-4.0,-877.0,-14.0,541.0
1159,-227.0,-17.0,110.0,-16.0,71.0,-5.0,-879.0,-17.0,531.0
1160,-226.0,-8.0,102.0,-10.0,71.0,-3.0,-880.0,-13.0,533.0
1161,-228.0,-10.0,99.0,-7.0,70.0,-4.0,-876.0,-14.0,533.0
1162,-228.0,-9.0,101.0,-3.0,69.0,-2.0,-880.0,-10.0,531.0
1163,-225.0,-7.0,106.0,0.0,67.0,-4.0,-878.0,-10.0,529.0
1164,-227.0,-8.0,103.0,2.0,66.0,-1.0,-877.0,-7.0,529.0
1165,-227.0,-6.0,103.0,4.0,62.0,-3.0,-882.0,-5.0,533.0
1166,-229.0,-9.0,106.0,7.0,61.0,0.0,-879.0,-10.0,529.0
1167,-227.0,-4.0,101.0,6.0,61.0,-3.0,-883.0,-8.0,530.0
1168,-227.0,-4.0,100.0,4.0,57.0,1.0,-883.0,-8.0,528.0
1169,-231.0,-11.0,103.0,-1.0,57.0,0.0,-881.0,-4.0,532.0
1170,-228.0,-6.0,86.0,-4.0,55.0,3.0,-887.0,-6.0,536.0
1171,-228.0,-4.0,104.0,-10.0,55.0,0.0,-885.0,-5.0,536.0
1172,-226.0,-7.0,104.0,-16.0,54.0,3.0,-889.0,-3.0,539.0
1173,-230.0,-3.0,108.0,-21.0,53.0,-2.0,-885.0,-4.0,535.0
1174,-230.0,-5.0,102.0,-27.0,53.0,0.0,-886.0,-2.0,535.0
1175,-229.0,-1.0,107.0,-31.0,55.0,-3.0,-885.0,-3.0,530.0
1176,-228.0,-5.0,105.0,-35.0,55.0,-2.0,-890.0,-3.0,537.0
1177,-230.0,-3.0,102.0,-36.0,54.0,-4.0,-890.0,0.0,527.0
1178,-230.0,-4.0,106.0,-39.0,56.0,-4.0,-888.0,-5.0,532.0
1179,-230.0,-8.0,102.0,-38.0,57.0,-7.0,-888.0,-1.0,528.0
1180,-231.0,-6.0,101.0,-38.0,57.0,-7.0,-886.0,-7.0,527.0
1181,-241.0,-16.0,114.0,-37.0,58.0,-10.0,-884.0,-9.0,528.0
1182,-229.0,-7.0,105.0,-35.0,56.0,-9.0,-884.0,-7.0,527.0
1183,-230.0,-4.0,101.0,-34.0,53.0,-11.0,-882.0,-6.0,524.0
1184,-230.0,-3.0,100.0,-30.0,53.0,-9.0,-887.0,-10.0,526.0
1185,-232.0,-6.0,105.0,-28.0,49.0,-11.0,-882.0,-8.0,533.0
1186,-230.0,-4.0,100.0,-24.0,48.0,-9.0,-882.0,-6.0,530.0
1187,-228.0,-6.0,103.0,-22.0,47.0,-12.0,-881.0,-11.0,526.0
1188,-229.0,-5.0,106.0,-20.0,45.0,-10.0,-882.0,-11.0,530.0
1189,-222.0,-6.0,103.0,-18.0,44.0,-11.0,-881.0,-10.0,533.0
1190,-226.0,-4.0,106.0,-14.0,42.0,-10.0,-885.0,-13.0,531.0
1191,-229.0,-9.0,109.0,-13.0,40.0,-10.0,-880.0,-11.0,532.0
1192,-245.0,-13.0,116.0,-13.0,38.0,-9.0,-886.0,-7.0,532.0
1193,-227.0,-8.0,101.0,-14.0,38.0,-9.0,-881.0,-14.0,533.0
1194,-231.0,-4.0,103.0,-14.0,36.0,-6.0,-883.0,-11.0,530.0
1195,-229.0,-9.0,104.0,-15.0,35.0,-7.0,-883.0,-10.0,541.0
1196,-229.0,-11.0,108.0,-15.0,34.0,-5.0,-881.0,-9.0,530.0
1197,-228.0,-5.0,99.0,-17.0,33.0,-4.0,-885.0,-8.0,532.0
1198,-230.0,-9.0,103.0,-20.0,33.0,-4.0,-880.0,-8.0,533.0
1199,-228.0,-3.0,104.0,-22.0,34.0,-4.0,-881.0,-7.0,537.0
1200,-230.0,-4.0,101.0,-24.0,32.0,-3.0,-883.0,-8.0,531.0
1201,-228.0,-4.0,105.0,-25.0,33.0,-3.0,-881.0,-11.0,534.0
1202,-228.0,-5.0,107.0,-26.0,32.0,-3.0,-877.0,-16.0,538.0
1203,-235.0,-19.0,117.0,-28.0,33.0,-2.0,-878.0,-10.0,538.0
1204,-229.0,-6.0,104.0,-29.0,34.0,-2.0,-879.0,-7.0,539.0
1205,-227.0,-9.0,103.0,-29.0,35.0,-3.0,-876.0,-11.0,532.0
1206,-226.0,-9.0,103.0,-29.0,36.0,-4.0,-875.0,-8.0,537.0
1207,-228.0,-9.0,107.0,-29.0,37.0,-4.0,-876.0,-9.0,532.0
1208,-228.0,-11.0,104.0,-29.0,39.0,-3.0,-878.0,-11.0,537.0
1209,-228.0,-8.0,104.0,-26.0,38.0,-4.0,-877.0,-11.0,530.0
1210,-229.0,-12.0,104.0,-24.0,36.0,-7.0,-879.0,-8.0,535.0
1211,-225.0,-8.0,103.0,-23.0,38.0,-6.0,-872.0,-9.0,533.0
1212,-230.0,-9.0,105.0,-21.0,37.0,-5.0,-877.0,-10.0,534.0
1213,-223.0,-10.0,103.0,-19.0,34.0,-4.0,-882.0,-10.0,539.0
1214,-221.0,-16.0,107.0,-18.0,33.0,-6.0,-877.0,-14.0,540.0
1215,-227.0,-8.0,104.0,-15.0,33.0,-3.0,-876.0,-9.0,539.0
1216,-227.0,-5.0,104.0,-15.0,32.0,-5.0,-879.0,-9.0,536.0
1217,-228.0,-8.0,103.0,-15.0,31.0,-3.0,-878.0,-10.0,540.0
1218,-227.0,-8.0,105.0,-17.0,30.0,-4.0,-874.0,-14.0,542.0
1219,-224.0,-8.0,101.0,-18.0,29.0,-1.0,-877.0,-11.0,529.0
1220,-228.0,-4.0,104.0,-17.0,29.0,-3.0,-874.0,-13.0,535.0
1221,-229.0,-8.0,103.0,-17.0,30.0,-1.0,-878.0,-9.0,534.0
1222,-228.0,-6.0,105.0,-17.0,28.0,-3.0,-881.0,-15.0,540.0
1223,-226.0,-9.0,105.0,-19.0,26.0,0.0,-874.0,-11.0,539.0
1224,-229.0,-8.0,104.0,-18.0,25.0,-2.0,-875.0,-10.0,537.0
1225,-222.0,-5.0,101.0,-19.0,24.0,1.0,-877.0,-10.0,531.0
1226,-229.0,-7.0,108.0,-20.0,22.0,-1.0,-879.0,-13.0,535.0
1227,-225.0,-9.0,105.0,-20.0,20.0,2.0,-885.0,-10.0,539.0
1228,-227.0,-6.0,107.0,-21.0,21.0,-1.0,-879.0,-11.0,535.0
1229,-225.0,-9.0,107.0,-20.0,20.0,2.0,-880.0,-6.0,533.0
1230,-228.0,-10.0,105.0,-20.0,16.0,1.0,-876.0,-8.0,539.0
1231,-231.0,-9.0,105.0,-20.0,15.0,2.0,-880.0,-12.0,535.0
1232,-228.0,-4.0,104.0,-21.0,14.0,1.0,-879.0,-8.0,536.0
1233,-226.0,-8.0,103.0,-22.0,13.0,3.0,-880.0,-8.0,539.0
1234,-229.0,-7.0,104.0,-23.0,14.0,1.0,-880.0,-8.0,539.0
1235,-235.0,-8.0,111.0,-23.0,14.0,2.0,-879.0,-9.0,534.0
1236,-228.0,-7.0,103.0,-25.0,13.0,-1.0,-881.0,-8.0,539.0
1237,-227.0,-5.0,103.0,-25.0,14.0,2.0,-880.0,-12.0,539.0
1238,-229.0,-11.0,108.0,-26.0,13.0,-2.0,-878.0,-11.0,539.0
1239,-230.0,-4.0,103.0,-26.0,11.0,0.0,-881.0,-9.0,537.0
1240,-229.0,-5.0,102.0,-28.0,10.0,-1.0,-881.0,-12.0,535.0
1241,-229.0,-8.0,108.0,-26.0,8.0,2.0,-882.0,-12.0,536.0
1242,-225.0,-8.0,107.0,-25.0,5.0,0.0,-883.0,-10.0,542.0
1243,-228.0,-9.0,106.0,-22.0,2.0,2.0,-877.0,-15.0,536.0
1244,-228.0,-8.0,108.0,-22.0,-1.0,1.0,-879.0,-14.0,540.0
1245,-227.0,-3.0,104.0,-19.0,-3.0,3.0,-879.0,-9.0,543.0
1246,-233.0,-6.0,104.0,-16.0,-8.0,2.0,-877.0,-11.0,539.0
1247,-229.0,-7.0,106.0,-13.0,-11.0,5.0,-880.0,-11.0,539.0
1248,-228.0,-8.0,106.0,-13.0,-12.0,2.0,-878.0,-9.0,538.0
1249,-229.0,-8.0,103.0,-13.0,-15.0,6.0,-879.0,-15.0,537.0
1250,-227.0,-5.0,105.0,-12.0,-16.0,3.0,-881.0,-9.0,534.0
1251,-228.0,-5.0,107.0,-14.0,-19.0,6.0,-879.0,-9.0,536.0
1252,-227.0,-6.0,109.0,-16.0,-20.0,4.0,-882.0,-8.0,536.0
1253,-228.0,-5.0,109.0,-20.0,-23.0,6.0,-880.0,-8.0,544.0
1254,-230.0,-5.0,109.0,-23.0,-27.0,5.0,-880.0,-7.0,540.0
1255,-234.0,-4.0,104.0,-27.0,-30.0,7.0,-880.0,-6.0,544.0
1256,-229.0,-3.0,110.0,-31.0,-31.0,5.0,-880.0,-6.0,540.0
1257,-232.0,1.0,93.0,-34.0,-33.0,4.0,-882.0,-4.0,544.0
1258,-229.0,-4.0,106.0,-39.0,-34.0,5.0,-879.0,-10.0,541.0
1259,-230.0,-6.0,107.0,-42.0,-35.0,5.0,-880.0,-10.0,543.0
1260,-230.0,-6.0,106.0,-44.0,-36.0,4.0,-877.0,-6.0,547.0
1261,-228.0,-9.0,107.0,-44.0,-37.0,3.0,-879.0,-6.0,546.0
1262,-230.0,-5.0,109.0,-47.0,-40.0,0.0,-881.0,-10.0,547.0
1263,-226.0,-9.0,106.0,-48.0,-41.0,0.0,-881.0,-11.0,546.0
1264,-231.0,-4.0,106.0,-52.0,-43.0,0.0,-877.0,-8.0,548.0
1265,-227.0,-6.0,109.0,-57.0,-45.0,-1.0,-872.0,-12.0,545.0
1266,-228.0,-6.0,105.0,-60.0,-47.0,-1.0,-879.0,-4.0,550.0
1267,-231.0,-10.0,107.0,-65.0,-49.0,-2.0,-876.0,-6.0,546.0
1268,-223.0,-15.0,109.0,-68.0,-53.0,0.0,-881.0,-9.0,542.0
1269,-229.0,-8.0,106.0,-69.0,-56.0,-1.0,-884.0,-12.0,548.0
1270,-229.0,-9.0,106.0,-69.0,-60.0,1.0,-880.0,-8.0,546.0
1271,-229.0,-5.0,105.0,-73.0,-64.0,1.0,-886.0,-8.0,542.0
1272,-228.0,-8.0,104.0,-74.0,-69.0,2.0,-881.0,-7.0,539.0
1273,-228.0,-5.0,103.0,-73.0,-73.0,1.0,-879.0,-7.0,548.0
1274,-228.0,-7.0,104.0,-70.0,-79.0,1.0,-881.0,-2.0,541.0
1275,-228.0,-5.0,114.0,-72.0,-83.0,-3.0,-881.0,-7.0,544.0
1276,-227.0,-7.0,107.0,-72.0,-86.0,-1.0,-882.0,-9.0,543.0
1277,-228.0,-9.0,111.0,-72.0,-89.0,-4.0,-882.0,-9.0,546.0
1278,-228.0,-8.0,105.0,-69.0,-92.0,-3.0,-883.0,-7.0,546.0
1279,-235.0,-17.0,128.0,-65.0,-92.0,-7.0,-882.0,-7.0,551.0
1280,-226.0,-5.0,108.0,-63.0,-92.0,-8.0,-885.0,-3.0,546.0
1281,-228.0,-7.0,107.0,-60.0,-93.0,-13.0,-885.0,-8.0,544.0
1282,-229.0,-3.0,107.0,-56.0,-91.0,-13.0,-885.0,-5.0,550.0
1283,-229.0,-5.0,102.0,-52.0,-88.0,-21.0,-887.0,-9.0,539.0
1284,-234.0,-5.0,108.0,-46.0,-87.0,-25.0,-889.0,0.0,535.0
1285,-232.0,-4.0,102.0,-41.0,-84.0,-33.0,-894.0,-5.0,545.0
1286,-232.0,-10.0,106.0,-32.0,-83.0,-35.0,-891.0,-6.0,543.0
1287,-234.0,-6.0,112.0,-21.0,-83.0,-44.0,-894.0,-2.0,540.0
1288,-233.0,-5.0,105.0,-8.0,-84.0,-47.0,-897.0,-13.0,534.0
1289,-239.0,-7.0,100.0,3.0,-88.0,-54.0,-893.0,-14.0,532.0
1290,-235.0,-4.0,103.0,15.0,-91.0,-59.0,-894.0,-10.0,541.0
1291,-232.0,-9.0,102.0,25.0,-98.0,-68.0,-897.0,-13.0,539.0
1292,-231.0,-11.0,104.0,33.0,-101.0,-71.0,-889.0,-17.0,543.0
1293,-233.0,-6.0,104.0,42.0,-109.0,-78.0,-891.0,-17.0,542.0
1294,-231.0,-9.0,107.0,53.0,-118.0,-79.0,-891.0,-18.0,540.0
1295,-231.0,-11.0,104.0,62.0,-127.0,-83.0,-886.0,-24.0,543.0
1296,-229.0,-12.0,112.0,70.0,-139.0,-83.0,-886.0,-18.0,551.0
1297,-229.0,-11.0,105.0,76.0,-151.0,-87.0,-882.0,-20.0,556.0
1298,-232.0,-13.0,110.0,82.0,-164.0,-86.0,-880.0,-19.0,556.0
1299,-231.0,-11.0,106.0,87.0,-178.0,-89.0,-883.0,-18.0,556.0
1300,-230.0,-13.0,110.0,88.0,-191.0,-87.0,-880.0,-16.0,557.0
1301,-230.0,-7.0,109.0,88.0,-205.0,-87.0,-879.0,-18.0,560.0
1302,-243.0,-16.0,111.0,87.0,-217.0,-85.0,-880.0,-18.0,554.0
1303,-235.0,-11.0,115.0,80.0,-227.0,-85.0,-883.0,-13.0,562.0
1304,-228.0,-7.0,109.0,74.0,-239.0,-83.0,-878.0,-16.0,556.0
1305,-231.0,-7.0,106.0,65.0,-250.0,-85.0,-882.0,-10.0,550.0
1306,-228.0,-5.0,110.0,57.0,-258.0,-81.0,-882.0,-11.0,556.0
1307,-228.0,-8.0,110.0,47.0,-265.0,-83.0,-881.0,-15.0,550.0
1308,-230.0,-4.0,109.0,40.0,-273.0,-80.0,-877.0,-10.0,562.0
1309,-225.0,-5.0,112.0,35.0,-277.0,-82.0,-877.0,-10.0,559.0
1310,-227.0,-11.0,116.0,32.0,-282.0,-79.0,-881.0,-11.0,569.0
1311,-228.0,-11.0,118.0,35.0,-287.0,-80.0,-876.0,-17.0,570.0
1312,-226.0,-21.0,126.0,40.0,-295.0,-78.0,-873.0,-20.0,576.0
1313,-228.0,-9.0,120.0,48.0,-304.0,-79.0,-873.0,-17.0,577.0
1314,-229.0,-10.0,114.0,56.0,-311.0,-77.0,-873.0,-17.0,582.0
1315,-227.0,-11.0,116.0,62.0,-318.0,-78.0,-866.0,-22.0,587.0
1316,-225.0,-10.0,117.0,68.0,-329.0,-76.0,-865.0,-22.0,591.0
1317,-226.0,-8.0,120.0,75.0,-339.0,-77.0,-863.0,-17.0,593.0
1318,-225.0,-10.0,118.0,80.0,-348.0,-74.0,-867.0,-15.0,597.0
1319,-223.0,-6.0,121.0,84.0,-356.0,-76.0,-861.0,-14.0,597.0
1320,-225.0,-4.0,123.0,87.0,-365.0,-74.0,-861.0,-15.0,602.0
1321,-228.0,-4.0,126.0,87.0,-372.0,-74.0,-862.0,-7.0,602.0
1322,-223.0,-5.0,120.0,82.0,-379.0,-73.0,-862.0,-10.0,601.0
1323,-219.0,-3.0,116.0,72.0,-385.0,-71.0,-862.0,-3.0,596.0
1324,-224.0,-7.0,119.0,64.0,-389.0,-75.0,-856.0,-6.0,595.0
1325,-222.0,-3.0,119.0,53.0,-393.0,-78.0,-853.0,-8.0,591.0
1326,-221.0,-6.0,120.0,42.0,-395.0,-78.0,-853.0,-2.0,592.0
1327,-219.0,-8.0,117.0,31.0,-397.0,-78.0,-852.0,-12.0,592.0
1328,-220.0,-8.0,120.0,20.0,-399.0,-80.0,-852.0,-5.0,591.0
1329,-221.0,-9.0,118.0,11.0,-401.0,-80.0,-846.0,-11.0,591.0
1330,-222.0,-9.0,118.0,4.0,-403.0,-80.0,-842.0,-13.0,590.0
1331,-218.0,-9.0,121.0,-1.0,-406.0,-80.0,-848.0,-14.0,594.0
1332,-218.0,-10.0,117.0,-2.0,-410.0,-81.0,-844.0,-20.0,598.0
1333,-218.0,-11.0,120.0,2.0,-415.0,-80.0,-841.0,-18.0,602.0
1334,-205.0,-5.0,110.0,7.0,-422.0,-80.0,-835.0,-29.0,612.0
1335,-216.0,-15.0,126.0,17.0,-429.0,-80.0,-834.0,-29.0,617.0
1336,-214.0,-15.0,126.0,27.0,-439.0,-80.0,-839.0,-32.0,620.0
1337,-216.0,-15.0,128.0,39.0,-449.0,-79.0,-829.0,-28.0,621.0
1338,-215.0,-16.0,126.0,53.0,-461.0,-78.0,-831.0,-38.0,628.0
1339,-216.0,-13.0,126.0,67.0,-472.0,-76.0,-831.0,-32.0,630.0
1340,-213.0,-16.0,132.0,79.0,-486.0,-76.0,-829.0,-29.0,636.0
1341,-215.0,-12.0,125.0,93.0,-499.0,-74.0,-821.0,-27.0,630.0
1342,-217.0,-9.0,129.0,100.0,-512.0,-73.0,-821.0,-26.0,632.0
1343,-213.0,-12.0,126.0,107.0,-520.0,-68.0,-817.0,-28.0,633.0
1344,-218.0,-11.0,144.0,111.0,-530.0,-69.0,-820.0,-20.0,632.0
1345,-215.0,-10.0,127.0,112.0,-539.0,-66.0,-820.0,-19.0,631.0
1346,-213.0,-11.0,129.0,109.0,-548.0,-67.0,-812.0,-21.0,633.0
1347,-210.0,-10.0,128.0,106.0,-552.0,-63.0,-811.0,-21.0,637.0
1348,-211.0,-8.0,129.0,102.0,-560.0,-66.0,-811.0,-22.0,634.0
1349,-210.0,-11.0,128.0,95.0,-568.0,-63.0,-803.0,-18.0,645.0
1350,-210.0,-10.0,133.0,90.0,-576.0,-66.0,-799.0,-21.0,652.0
1351,-210.0,-14.0,139.0,88.0,-585.0,-64.0,-798.0,-24.0,648.0
1352,-209.0,-12.0,134.0,84.0,-594.0,-66.0,-790.0,-26.0,658.0
1353,-208.0,-14.0,135.0,83.0,-603.0,-65.0,-787.0,-20.0,664.0
1354,-206.0,-12.0,138.0,83.0,-611.0,-68.0,-781.0,-25.0,663.0
1355,-202.0,-8.0,117.0,85.0,-620.0,-66.0,-778.0,-20.0,671.0
1356,-205.0,-11.0,135.0,88.0,-627.0,-66.0,-777.0,-26.0,679.0
1357,-203.0,-8.0,141.0,90.0,-634.0,-61.0,-771.0,-26.0,685.0
1358,-202.0,-14.0,140.0,93.0,-644.0,-64.0,-765.0,-24.0,687.0
1359,-202.0,-10.0,142.0,95.0,-650.0,-60.0,-770.0,-26.0,687.0
1360,-201.0,-11.0,145.0,97.0,-654.0,-63.0,-768.0,-23.0,692.0
1361,-203.0,-13.0,140.0,97.0,-659.0,-61.0,-771.0,-21.0,697.0
1362,-202.0,-14.0,145.0,99.0,-665.0,-63.0,-765.0,-27.0,702.0
1363,-199.0,-10.0,146.0,100.0,-669.0,-60.0,-758.0,-22.0,702.0
1364,-200.0,-14.0,142.0,102.0,-674.0,-63.0,-757.0,-27.0,699.0
1365,-200.0,-9.0,142.0,103.0,-676.0,-61.0,-754.0,-26.0,705.0
1366,-194.0,-11.0,139.0,103.0,-676.0,-62.0,-751.0,-27.0,707.0
1367,-198.0,-13.0,144.0,105.0,-676.0,-61.0,-750.0,-26.0,709.0
1368,-197.0,-11.0,148.0,106.0,-677.0,-63.0,-747.0,-30.0,712.0
1369,-195.0,-10.0,150.0,112.0,-676.0,-62.0,-744.0,-28.0,716.0
1370,-195.0,-11.0,152.0,119.0,-679.0,-65.0,-735.0,-28.0,716.0
1371,-191.0,-14.0,154.0,124.0,-679.0,-67.0,-729.0,-26.0,721.0
1372,-190.0,-8.0,152.0,132.0,-678.0,-70.0,-729.0,-22.0,720.0
1373,-190.0,-13.0,155.0,137.0,-678.0,-72.0,-715.0,-20.0,734.0
1374,-188.0,-9.0,156.0,141.0,-680.0,-79.0,-716.0,-19.0,735.0
1375,-187.0,-9.0,162.0,145.0,-681.0,-77.0,-706.0,-16.0,743.0
1376,-183.0,-13.0,161.0,151.0,-683.0,-78.0,-696.0,-18.0,743.0
1377,-182.0,-4.0,154.0,154.0,-683.0,-79.0,-693.0,-19.0,747.0
1378,-183.0,-8.0,161.0,161.0,-683.0,-82.0,-685.0,-15.0,754.0
1379,-177.0,-11.0,161.0,166.0,-682.0,-84.0,-681.0,-21.0,762.0
1380,-180.0,-7.0,159.0,176.0,-683.0,-82.0,-673.0,-17.0,763.0
1381,-174.0,-9.0,166.0,184.0,-685.0,-77.0,-658.0,-16.0,770.0
1382,-175.0,-12.0,166.0,195.0,-682.0,-74.0,-645.0,-20.0,781.0
1383,-174.0,-10.0,168.0,203.0,-679.0,-76.0,-648.0,-18.0,785.0
1384,-171.0,-14.0,175.0,212.0,-678.0,-75.0,-644.0,-17.0,788.0
1385,-166.0,-8.0,173.0,221.0,-678.0,-75.0,-635.0,-18.0,803.0
1386,-166.0,-5.0,174.0,233.0,-680.0,-75.0,-634.0,-17.0,801.0
1387,-170.0,-5.0,179.0,241.0,-675.0,-72.0,-639.0,-10.0,797.0
1388,-169.0,-11.0,174.0,243.0,-670.0,-70.0,-612.0,-14.0,809.0
1389,-160.0,-10.0,176.0,242.0,-668.0,-74.0,-602.0,-13.0,817.0
1390,-161.0,-6.0,176.0,242.0,-668.0,-75.0,-604.0,-7.0,817.0
1391,-160.0,-5.0,174.0,242.0,-669.0,-69.0,-599.0,-4.0,817.0
1392,-164.0,-4.0,176.0,242.0,-670.0,-65.0,-623.0,3.0,815.0
1393,-158.0,-1.0,175.0,234.0,-661.0,-62.0,-606.0,2.0,809.0
1394,-157.0,-2.0,177.0,220.0,-659.0,-63.0,-582.0,-2.0,821.0
1395,-150.0,-7.0,178.0,209.0,-663.0,-67.0,-578.0,9.0,820.0
1396,-148.0,1.0,178.0,200.0,-664.0,-62.0,-568.0,5.0,823.0
1397,-154.0,-1.0,179.0,191.0,-667.0,-64.0,-574.0,16.0,822.0
1398,-148.0,-4.0,175.0,181.0,-658.0,-53.0,-569.0,22.0,820.0
1399,-153.0,1.0,179.0,169.0,-653.0,-46.0,-562.0,9.0,823.0
1400,-144.0,-3.0,178.0,157.0,-652.0,-43.0,-545.0,21.0,832.0
1401,-146.0,0.0,179.0,147.0,-649.0,-49.0,-552.0,16.0,830.0
1402,-142.0,0.0,183.0,136.0,-645.0,-51.0,-545.0,10.0,833.0
1403,-147.0,0.0,187.0,131.0,-646.0,-57.0,-543.0,16.0,839.0
1404,-148.0,1.0,183.0,126.0,-647.0,-53.0,-544.0,16.0,835.0
1405,-141.0,1.0,187.0,120.0,-643.0,-52.0,-515.0,12.0,848.0
1406,-140.0,-2.0,190.0,116.0,-646.0,-48.0,-513.0,13.0,856.0
1407,-137.0,0.0,188.0,112.0,-648.0,-54.0,-513.0,19.0,852.0
1408,-141.0,1.0,186.0,109.0,-646.0,-47.0,-521.0,22.0,848.0
1409,-134.0,0.0,183.0,102.0,-643.0,-41.0,-522.0,16.0,852.0
1410,-139.0,7.0,167.0,96.0,-641.0,-33.0,-516.0,16.0,856.0
1411,-141.0,2.0,189.0,83.0,-641.0,-36.0,-518.0,18.0,855.0
1412,-137.0,1.0,187.0,76.0,-643.0,-35.0,-506.0,16.0,858.0
1413,-135.0,-2.0,191.0,71.0,-645.0,-36.0,-504.0,12.0,854.0
1414,-135.0,1.0,186.0,65.0,-645.0,-30.0,-507.0,13.0,858.0
1415,-136.0,0.0,191.0,59.0,-645.0,-27.0,-497.0,4.0,861.0
1416,-132.0,-1.0,192.0,52.0,-648.0,-23.0,-487.0,4.0,867.0
1417,-133.0,-1.0,191.0,52.0,-654.0,-19.0,-486.0,6.0,865.0
1418,-132.0,-4.0,187.0,56.0,-656.0,-13.0,-489.0,-1.0,864.0
1419,-137.0,-3.0,190.0,57.0,-653.0,-15.0,-506.0,4.0,860.0
1420,-126.0,-1.0,188.0,56.0,-650.0,-12.0,-485.0,-4.0,872.0
1421,-127.0,-11.0,191.0,60.0,-653.0,-14.0,-487.0,-3.0,876.0
1422,-131.0,-5.0,194.0,70.0,-656.0,-10.0,-484.0,-8.0,882.0
1423,-129.0,-6.0,193.0,81.0,-656.0,-7.0,-487.0,-7.0,885.0
1424,-131.0,-4.0,194.0,95.0,-657.0,3.0,-489.0,-9.0,884.0
1425,-132.0,-4.0,194.0,106.0,-655.0,1.0,-487.0,-6.0,884.0
1426,-135.0,-4.0,195.0,114.0,-652.0,-1.0,-497.0,-6.0,898.0
1427,-134.0,-2.0,197.0,124.0,-651.0,-2.0,-495.0,1.0,893.0
1428,-133.0,-7.0,199.0,132.0,-655.0,4.0,-485.0,-3.0,906.0
1429,-131.0,-2.0,201.0,139.0,-659.0,5.0,-481.0,0.0,918.0
1430,-131.0,-2.0,201.0,147.0,-664.0,6.0,-484.0,4.0,917.0
1431,-140.0,4.0,194.0,158.0,-669.0,6.0,-512.0,14.0,909.0
1432,-135.0,-1.0,193.0,161.0,-665.0,17.0,-519.0,13.0,900.0
1433,-132.0,-5.0,203.0,152.0,-660.0,17.0,-479.0,6.0,918.0
1434,-127.0,0.0,207.0,146.0,-670.0,6.0,-469.0,9.0,927.0
1435,-128.0,-1.0,203.0,149.0,-686.0,-2.0,-476.0,15.0,927.0
1436,-128.0,0.0,203.0,156.0,-697.0,-2.0,-488.0,23.0,924.0
1437,-127.0,0.0,205.0,161.0,-704.0,-1.0,-448.0,20.0,927.0
1438,-131.0,0.0,202.0,163.0,-714.0,-4.0,-466.0,28.0,921.0
1439,-133.0,7.0,197.0,164.0,-721.0,1.0,-489.0,37.0,907.0
1440,-128.0,2.0,201.0,158.0,-721.0,2.0,-477.0,30.0,919.0
1441,-127.0,3.0,196.0,144.0,-719.0,-9.0,-480.0,38.0,917.0
1442,-126.0,4.0,209.0,132.0,-718.0,-18.0,-477.0,38.0,911.0
1443,-130.0,2.0,203.0,123.0,-720.0,-24.0,-464.0,31.0,917.0
1444,-122.0,0.0,200.0,114.0,-725.0,-30.0,-461.0,28.0,905.0
1445,-125.0,2.0,202.0,102.0,-728.0,-37.0,-465.0,31.0,907.0
1446,-126.0,0.0,197.0,95.0,-729.0,-42.0,-460.0,31.0,909.0
1447,-125.0,0.0,197.0,92.0,-732.0,-40.0,-457.0,26.0,899.0
1448,-122.0,1.0,200.0,92.0,-736.0,-37.0,-450.0,21.0,909.0
1449,-119.0,2.0,201.0,96.0,-745.0,-37.0,-441.0,21.0,910.0
1450,-117.0,1.0,197.0,107.0,-760.0,-32.0,-435.0,12.0,903.0
1451,-119.0,-5.0,196.0,120.0,-759.0,-34.0,-435.0,11.0,910.0
1452,-115.0,-1.0,203.0,128.0,-761.0,-41.0,-434.0,9.0,911.0
1453,-132.0,-1.0,202.0,141.0,-765.0,-39.0,-434.0,8.0,923.0
1454,-113.0,-3.0,205.0,156.0,-769.0,-37.0,-415.0,10.0,919.0
1455,-111.0,-2.0,205.0,173.0,-776.0,-41.0,-410.0,7.0,927.0
1456,-110.0,1.0,203.0,190.0,-785.0,-50.0,-396.0,24.0,939.0
1457,-108.0,2.0,209.0,211.0,-800.0,-45.0,-391.0,20.0,936.0
1458,-105.0,0.0,206.0,232.0,-810.0,-43.0,-388.0,26.0,939.0
1459,-107.0,5.0,211.0,243.0,-813.0,-46.0,-387.0,35.0,938.0
1460,-103.0,2.0,213.0,251.0,-825.0,-54.0,-375.0,38.0,942.0
1461,-97.0,3.0,209.0,254.0,-841.0,-54.0,-356.0,46.0,943.0
1462,-99.0,12.0,212.0,253.0,-854.0,-51.0,-359.0,56.0,942.0
1463,-96.0,7.0,211.0,244.0,-865.0,-45.0,-355.0,61.0,947.0
1464,-97.0,10.0,215.0,233.0,-878.0,-40.0,-338.0,64.0,944.0
1465,-92.0,10.0,209.0,215.0,-885.0,-39.0,-330.0,64.0,946.0
1466,-92.0,13.0,211.0,195.0,-893.0,-41.0,-328.0,76.0,955.0
1467,-91.0,19.0,210.0,175.0,-901.0,-35.0,-326.0,77.0,949.0
1468,-89.0,14.0,213.0,157.0,-907.0,-32.0,-319.0,74.0,958.0
1469,-82.0,12.0,215.0,142.0,-912.0,-27.0,-301.0,79.0,971.0
1470,-84.0,15.0,217.0,129.0,-920.0,-26.0,-305.0,80.0,967.0
1471,-88.0,17.0,214.0,122.0,-920.0,-12.0,-310.0,84.0,958.0
1472,-78.0,14.0,215.0,114.0,-912.0,-4.0,-286.0,76.0,978.0
1473,-80.0,19.0,222.0,107.0,-904.0,-10.0,-302.0,81.0,977.0
1474,-79.0,13.0,221.0,102.0,-902.0,-18.0,-271.0,81.0,988.0
1475,-60.0,22.0,223.0,102.0,-905.0,-18.0,-275.0,80.0,986.0
1476,-76.0,13.0,219.0,104.0,-905.0,-18.0,-272.0,82.0,991.0
1477,-70.0,13.0,221.0,104.0,-903.0,-12.0,-236.0,76.0,997.0
1478,-77.0,14.0,223.0,105.0,-907.0,-18.0,-243.0,77.0,997.0
1479,-69.0,14.0,227.0,104.0,-914.0,-15.0,-243.0,70.0,1003.0
1480,-72.0,16.0,222.0,99.0,-922.0,-19.0,-234.0,77.0,996.0
1481,-67.0,15.0,223.0,93.0,-926.0,-16.0,-240.0,81.0,996.0
1482,-63.0,14.0,222.0,90.0,-930.0,-15.0,-216.0,73.0,993.0
1483,-57.0,13.0,225.0,87.0,-932.0,-22.0,-194.0,78.0,1002.0
1484,-56.0,15.0,221.0,88.0,-937.0,-32.0,-193.0,79.0,995.0
1485,-52.0,16.0,223.0,91.0,-941.0,-35.0,-180.0,76.0,995.0
1486,-51.0,11.0,227.0,95.0,-943.0,-38.0,-181.0,80.0,989.0
1487,-54.0,15.0,227.0,98.0,-944.0,-37.0,-174.0,83.0,988.0
1488,-50.0,16.0,227.0,103.0,-943.0,-40.0,-158.0,83.0,991.0
1489,-45.0,18.0,224.0,110.0,-949.0,-40.0,-144.0,93.0,999.0
1490,-41.0,19.0,219.0,135.0,-955.0,-33.0,-141.0,92.0,987.0
1491,-39.0,18.0,226.0,149.0,-946.0,-26.0,-133.0,99.0,1000.0
1492,-37.0,22.0,226.0,159.0,-944.0,-35.0,-121.0,107.0,1014.0
1493,-30.0,23.0,229.0,172.0,-948.0,-37.0,-115.0,107.0,1007.0
1494,-33.0,24.0,229.0,178.0,-946.0,-36.0,-93.0,105.0,1008.0
1495,-26.0,24.0,226.0,181.0,-948.0,-37.0,-75.0,110.0,1010.0
1496,-26.0,22.0,229.0,187.0,-954.0,-43.0,-63.0,109.0,1009.0
1497,-31.0,28.0,212.0,185.0,-957.0,-43.0,-74.0,115.0,993.0
1498,-19.0,27.0,227.0,175.0,-955.0,-37.0,-52.0,120.0,1005.0
1499,-13.0,27.0,228.0,166.0,-966.0,-26.0,-32.0,120.0,1008.0
1500,-17.0,28.0,225.0,162.0,-964.0,-17.0,-47.0,124.0,992.0
1501,-14.0,29.0,228.0,147.0,-951.0,-12.0,-25.0,124.0,996.0
1502,-14.0,31.0,225.0,131.0,-942.0,-10.0,-29.0,124.0,1001.0
1503,-4.0,25.0,228.0,115.0,-934.0,-1.0,-5.0,119.0,1007.0
1504,-8.0,28.0,226.0,101.0,-927.0,4.0,13.0,114.0,1002.0
1505,1.0,25.0,225.0,85.0,-912.0,13.0,17.0,116.0,994.0
1506,4.0,25.0,227.0,67.0,-900.0,21.0,40.0,114.0,995.0
1507,1.0,25.0,223.0,50.0,-890.0,23.0,41.0,119.0,987.0
1508,10.0,32.0,214.0,37.0,-879.0,26.0,81.0,113.0,996.0
1509,11.0,26.0,226.0,28.0,-865.0,26.0,82.0,114.0,991.0
1510,24.0,24.0,225.0,22.0,-854.0,29.0,107.0,112.0,993.0
1511,17.0,22.0,225.0,22.0,-837.0,28.0,97.0,108.0,991.0
1512,18.0,23.0,221.0,20.0,-814.0,35.0,93.0,108.0,981.0
1513,23.0,21.0,224.0,13.0,-794.0,37.0,119.0,107.0,990.0
1514,24.0,20.0,225.0,6.0,-780.0,33.0,126.0,106.0,993.0
1515,29.0,21.0,225.0,1.0,-764.0,30.0,140.0,106.0,991.0
1516,26.0,23.0,224.0,-6.0,-748.0,30.0,129.0,110.0,986.0
1517,31.0,23.0,224.0,-15.0,-726.0,32.0,149.0,105.0,986.0
1518,30.0,27.0,222.0,-25.0,-709.0,33.0,153.0,99.0,988.0
1519,25.0,13.0,227.0,-34.0,-692.0,38.0,161.0,97.0,981.0
1520,31.0,22.0,221.0,-43.0,-674.0,37.0,153.0,101.0,980.0
1521,39.0,17.0,224.0,-56.0,-653.0,34.0,177.0,89.0,984.0
1522,40.0,19.0,223.0,-65.0,-639.0,36.0,172.0,98.0,988.0
1523,38.0,20.0,222.0,-72.0,-624.0,45.0,169.0,96.0,977.0
1524,40.0,20.0,224.0,-73.0,-610.0,52.0,177.0,89.0,982.0
1525,39.0,21.0,226.0,-70.0,-599.0,50.0,178.0,93.0,988.0
1526,41.0,19.0,221.0,-65.0,-590.0,56.0,181.0,93.0,987.0
1527,38.0,14.0,225.0,-59.0,-581.0,58.0,172.0,91.0,988.0
1528,37.0,17.0,225.0,-53.0,-571.0,68.0,169.0,91.0,984.0
1529,40.0,24.0,225.0,-46.0,-560.0,72.0,173.0,95.0,987.0
1530,30.0,23.0,222.0,-41.0,-549.0,82.0,173.0,92.0,986.0
1531,40.0,20.0,228.0,-37.0,-537.0,86.0,176.0,93.0,995.0
1532,40.0,21.0,229.0,-29.0,-524.0,93.0,183.0,93.0,996.0
1533,39.0,19.0,226.0,-20.0,-508.0,95.0,186.0,90.0,1001.0
1534,40.0,17.0,225.0,-6.0,-494.0,98.0,186.0,89.0,1000.0
1535,37.0,19.0,229.0,5.0,-478.0,94.0,183.0,95.0,1004.0
1536,43.0,23.0,231.0,16.0,-461.0,96.0,185.0,99.0,1010.0
1537,43.0,24.0,234.0,25.0,-443.0,93.0,188.0,103.0,1004.0
1538,36.0,24.0,230.0,33.0,-422.0,97.0,183.0,107.0,1005.0
1539,43.0,21.0,230.0,37.0,-406.0,94.0,176.0,111.0,1007.0
1540,41.0,20.0,233.0,37.0,-389.0,94.0,175.0,113.0,1006.0
1541,42.0,20.0,234.0,33.0,-375.0,91.0,182.0,117.0,1007.0
1542,37.0,26.0,228.0,28.0,-360.0,90.0,178.0,116.0,1008.0
1543,37.0,30.0,229.0,27.0,-342.0,85.0,184.0,121.0,1005.0
1544,38.0,24.0,226.0,27.0,-324.0,82.0,182.0,110.0,1003.0
1545,39.0,27.0,226.0,20.0,-305.0,69.0,173.0,128.0,1013.0
1546,35.0,27.0,233.0,16.0,-293.0,73.0,171.0,120.0,1010.0
1547,36.0,29.0,232.0,9.0,-290.0,72.0,171.0,116.0,1005.0
1548,37.0,25.0,227.0,7.0,-288.0,78.0,165.0,114.0,1005.0
1549,37.0,25.0,225.0,12.0,-288.0,81.0,160.0,114.0,1002.0
1550,37.0,22.0,228.0,20.0,-292.0,88.0,163.0,107.0,1001.0
1551,30.0,19.0,235.0,32.0,-295.0,94.0,162.0,106.0,999.0
1552,34.0,24.0,225.0,45.0,-299.0,105.0,158.0,95.0,998.0
1553,34.0,16.0,228.0,62.0,-302.0,113.0,160.0,94.0,1001.0
1554,35.0,21.0,232.0,73.0,-304.0,117.0,162.0,95.0,998.0
1555,35.0,18.0,225.0,83.0,-303.0,121.0,166.0,90.0,996.0
1556,38.0,19.0,228.0,89.0,-302.0,131.0,172.0,89.0,998.0
1557,37.0,19.0,228.0,99.0,-302.0,139.0,178.0,93.0,994.0
1558,39.0,15.0,228.0,112.0,-296.0,148.0,183.0,96.0,993.0
1559,44.0,20.0,220.0,125.0,-290.0,155.0,185.0,92.0,994.0
1560,43.0,17.0,228.0,131.0,-283.0,164.0,182.0,100.0,995.0
1561,46.0,24.0,228.0,137.0,-279.0,167.0,188.0,98.0,997.0
1562,44.0,20.0,231.0,137.0,-272.0,173.0,194.0,105.0,997.0
1563,43.0,24.0,229.0,136.0,-268.0,175.0,198.0,108.0,1001.0
1564,40.0,29.0,228.0,134.0,-266.0,179.0,190.0,114.0,995.0
1565,46.0,25.0,226.0,133.0,-257.0,187.0,196.0,114.0,990.0
1566,47.0,27.0,225.0,127.0,-248.0,193.0,201.0,121.0,987.0
1567,50.0,26.0,227.0,126.0,-241.0,202.0,216.0,115.0,995.0
1568,49.0,25.0,226.0,128.0,-229.0,206.0,207.0,111.0,987.0
1569,48.0,24.0,220.0,128.0,-212.0,211.0,211.0,107.0,986.0
1570,48.0,25.0,226.0,121.0,-194.0,210.0,220.0,108.0,994.0
1571,48.0,24.0,229.0,112.0,-177.0,201.0,222.0,117.0,992.0
1572,48.0,25.0,228.0,104.0,-163.0,190.0,219.0,114.0,1001.0
1573,52.0,28.0,220.0,104.0,-146.0,184.0,209.0,113.0,998.0
1574,48.0,25.0,229.0,99.0,-131.0,177.0,213.0,117.0,995.0
1575,48.0,25.0,229.0,92.0,-115.0,172.0,209.0,114.0,993.0
1576,47.0,27.0,225.0,81.0,-97.0,165.0,209.0,112.0,994.0
1577,47.0,24.0,229.0,70.0,-78.0,159.0,207.0,117.0,994.0
1578,47.0,22.0,228.0,56.0,-66.0,153.0,207.0,113.0,996.0
1579,45.0,25.0,225.0,43.0,-54.0,151.0,204.0,112.0,995.0
1580,42.0,29.0,227.0,34.0,-42.0,146.0,203.0,116.0,995.0
1581,45.0,25.0,225.0,28.0,-28.0,145.0,203.0,108.0,1002.0
1582,44.0,24.0,233.0,26.0,-18.0,139.0,199.0,110.0,1009.0
1583,47.0,23.0,229.0,27.0,-10.0,137.0,199.0,104.0,998.0
1584,39.0,26.0,229.0,29.0,-7.0,132.0,198.0,101.0,999.0
1585,41.0,23.0,223.0,33.0,-6.0,132.0,198.0,99.0,999.0
1586,41.0,23.0,226.0,41.0,-6.0,130.0,196.0,100.0,995.0
1587,46.0,19.0,227.0,50.0,-8.0,131.0,199.0,105.0,994.0
1588,46.0,19.0,226.0,59.0,-12.0,129.0,201.0,105.0,993.0
1589,45.0,20.0,224.0,65.0,-15.0,131.0,201.0,104.0,991.0
1590,46.0,18.0,225.0,74.0,-19.0,130.0,207.0,107.0,995.0
1591,47.0,22.0,225.0,82.0,-24.0,131.0,201.0,104.0,999.0
1592,49.0,22.0,226.0,92.0,-28.0,123.0,204.0,107.0,995.0
1593,45.0,23.0,224.0,101.0,-29.0,123.0,209.0,108.0,996.0
1594,45.0,24.0,229.0,109.0,-31.0,115.0,207.0,119.0,989.0
1595,60.0,26.0,221.0,116.0,-31.0,114.0,214.0,114.0,992.0
1596,47.0,27.0,227.0,121.0,-32.0,104.0,212.0,125.0,994.0
1597,48.0,27.0,225.0,122.0,-30.0,100.0,214.0,125.0,992.0
1598,48.0,29.0,225.0,115.0,-29.0,91.0,213.0,129.0,991.0
1599,47.0,29.0,229.0,104.0,-28.0,86.0,216.0,137.0,994.0
1600,47.0,32.0,225.0,86.0,-25.0,75.0,213.0,136.0,996.0
1601,47.0,31.0,229.0,66.0,-22.0,72.0,209.0,139.0,1001.0
1602,46.0,33.0,226.0,41.0,-20.0,63.0,211.0,143.0,1000.0
1603,48.0,37.0,227.0,13.0,-19.0,60.0,213.0,143.0,1002.0
1604,46.0,32.0,231.0,-14.0,-19.0,51.0,213.0,135.0,999.0
1605,51.0,31.0,223.0,-39.0,-18.0,49.0,213.0,134.0,1001.0
1606,31.0,29.0,235.0,-63.0,-18.0,43.0,214.0,131.0,1005.0
1607,48.0,28.0,232.0,-86.0,-17.0,40.0,218.0,128.0,1005.0
1608,48.0,28.0,227.0,-102.0,-15.0,35.0,217.0,121.0,999.0
1609,48.0,27.0,227.0,-115.0,-16.0,34.0,213.0,120.0,1000.0
1610,48.0,26.0,228.0,-123.0,-14.0,30.0,215.0,115.0,994.0
1611,48.0,21.0,225.0,-128.0,-10.0,28.0,216.0,108.0,994.0
1612,49.0,21.0,223.0,-135.0,-4.0,23.0,217.0,105.0,985.0
1613,51.0,21.0,226.0,-141.0,1.0,23.0,220.0,102.0,983.0
1614,51.0,18.0,222.0,-147.0,10.0,19.0,217.0,93.0,982.0
1615,47.0,22.0,219.0,-152.0,19.0,17.0,221.0,95.0,986.0
1616,48.0,16.0,228.0,-154.0,32.0,12.0,216.0,87.0,983.0
1617,40.0,7.0,221.0,-154.0,43.0,10.0,214.0,82.0,983.0
1618,47.0,16.0,220.0,-152.0,50.0,7.0,217.0,81.0,988.0
1619,48.0,14.0,227.0,-148.0,57.0,6.0,208.0,70.0,985.0
1620,48.0,10.0,227.0,-144.0,59.0,4.0,206.0,70.0,988.0
1621,45.0,16.0,227.0,-138.0,63.0,4.0,204.0,68.0,987.0
1622,44.0,15.0,227.0,-132.0,66.0,4.0,201.0,72.0,991.0
1623,44.0,13.0,225.0,-123.0,66.0,4.0,194.0,76.0,995.0
1624,43.0,14.0,225.0,-112.0,66.0,1.0,190.0,82.0,993.0
1625,43.0,24.0,224.0,-101.0,66.0,2.0,191.0,86.0,992.0
1626,43.0,19.0,224.0,-91.0,65.0,4.0,183.0,95.0,994.0
1627,41.0,21.0,222.0,-87.0,67.0,4.0,184.0,99.0,995.0
1628,38.0,31.0,218.0,-89.0,70.0,3.0,182.0,104.0,1001.0
1629,39.0,23.0,228.0,-93.0,69.0,3.0,181.0,111.0,1007.0
1630,41.0,25.0,232.0,-99.0,68.0,4.0,179.0,115.0,1011.0
1631,39.0,28.0,229.0,-106.0,67.0,4.0,180.0,119.0,1010.0
1632,39.0,29.0,231.0,-117.0,66.0,4.0,181.0,121.0,1001.0
1633,41.0,30.0,230.0,-130.0,62.0,4.0,183.0,126.0,1008.0
1634,41.0,28.0,228.0,-146.0,61.0,3.0,185.0,126.0,1012.0
1635,40.0,30.0,229.0,-163.0,61.0,0.0,185.0,125.0,997.0
1636,44.0,28.0,227.0,-183.0,62.0,-5.0,188.0,124.0,993.0
1637,43.0,30.0,234.0,-197.0,66.0,-12.0,188.0,125.0,1002.0
1638,40.0,29.0,228.0,-207.0,71.0,-17.0,192.0,122.0,998.0
1639,52.0,23.0,219.0,-219.0,76.0,-26.0,195.0,120.0,995.0
1640,44.0,26.0,222.0,-229.0,83.0,-33.0,194.0,118.0,993.0
1641,47.0,24.0,232.0,-235.0,89.0,-39.0,196.0,112.0,997.0
1642,43.0,22.0,225.0,-239.0,96.0,-40.0,194.0,104.0,995.0
1643,40.0,21.0,227.0,-241.0,101.0,-43.0,193.0,100.0,996.0
1644,40.0,19.0,228.0,-238.0,103.0,-41.0,189.0,93.0,995.0
1645,43.0,17.0,225.0,-231.0,103.0,-42.0,185.0,84.0,993.0
1646,40.0,20.0,226.0,-219.0,102.0,-36.0,180.0,80.0,996.0
1647,39.0,15.0,222.0,-205.0,100.0,-36.0,187.0,81.0,995.0
1648,36.0,11.0,226.0,-189.0,102.0,-32.0,174.0,72.0,1000.0
1649,37.0,6.0,237.0,-174.0,104.0,-39.0,170.0,70.0,995.0
1650,39.0,9.0,224.0,-156.0,105.0,-39.0,176.0,69.0,994.0
1651,38.0,12.0,228.0,-138.0,107.0,-44.0,172.0,65.0,991.0
1652,36.0,12.0,226.0,-123.0,112.0,-46.0,173.0,59.0,993.0
1653,37.0,11.0,225.0,-108.0,118.0,-53.0,174.0,62.0,988.0
1654,37.0,11.0,225.0,-96.0,124.0,-57.0,174.0,64.0,984.0
1655,37.0,12.0,220.0,-87.0,133.0,-68.0,179.0,64.0,980.0
1656,37.0,13.0,221.0,-81.0,140.0,-72.0,174.0,68.0,982.0
1657,40.0,5.0,222.0,-80.0,144.0,-79.0,174.0,60.0,979.0
1658,34.0,13.0,222.0,-80.0,145.0,-83.0,172.0,64.0,974.0
1659,39.0,10.0,223.0,-80.0,148.0,-89.0,169.0,61.0,980.0
1660,33.0,33.0,212.0,-80.0,148.0,-90.0,173.0,66.0,973.0
1661,37.0,12.0,224.0,-79.0,146.0,-95.0,167.0,64.0,978.0
1662,37.0,12.0,224.0,-78.0,146.0,-94.0,169.0,69.0,979.0
1663,37.0,10.0,225.0,-78.0,143.0,-95.0,163.0,63.0,990.0
1664,35.0,11.0,227.0,-79.0,137.0,-89.0,165.0,68.0,994.0
1665,34.0,12.0,226.0,-80.0,132.0,-86.0,156.0,65.0,997.0
1666,34.0,11.0,225.0,-81.0,122.0,-77.0,161.0,63.0,1005.0
1667,32.0,11.0,231.0,-81.0,112.0,-74.0,156.0,73.0,1011.0
1668,33.0,12.0,232.0,-83.0,101.0,-65.0,156.0,73.0,1012.0
1669,34.0,13.0,231.0,-85.0,90.0,-60.0,154.0,74.0,1016.0
1670,30.0,12.0,233.0,-87.0,80.0,-52.0,158.0,66.0,1018.0
1671,27.0,8.0,240.0,-89.0,71.0,-48.0,151.0,74.0,1013.0
1672,30.0,13.0,229.0,-92.0,65.0,-40.0,155.0,70.0,1008.0
1673,31.0,15.0,229.0,-91.0,58.0,-38.0,152.0,75.0,1013.0
1674,32.0,14.0,227.0,-90.0,52.0,-34.0,152.0,78.0,1011.0
1675,35.0,15.0,227.0,-85.0,48.0,-32.0,154.0,79.0,1006.0
1676,36.0,13.0,229.0,-80.0,45.0,-30.0,158.0,75.0,1006.0
1677,34.0,12.0,227.0,-76.0,44.0,-31.0,158.0,77.0,997.0
1678,33.0,12.0,230.0,-73.0,44.0,-30.0,157.0,71.0,996.0
1679,36.0,13.0,227.0,-67.0,45.0,-32.0,164.0,70.0,998.0
1680,37.0,8.0,223.0,-63.0,48.0,-33.0,163.0,72.0,1001.0
1681,36.0,14.0,226.0,-60.0,53.0,-35.0,170.0,64.0,993.0
1682,30.0,11.0,222.0,-57.0,58.0,-37.0,174.0,63.0,995.0
1683,37.0,10.0,225.0,-56.0,62.0,-42.0,171.0,65.0,991.0
1684,40.0,9.0,225.0,-55.0,64.0,-45.0,171.0,68.0,993.0
1685,38.0,11.0,227.0,-54.0,68.0,-49.0,178.0,63.0,988.0
1686,35.0,15.0,227.0,-53.0,72.0,-51.0,174.0,64.0,992.0
1687,36.0,11.0,227.0,-52.0,75.0,-52.0,176.0,68.0,991.0
1688,38.0,12.0,225.0,-53.0,77.0,-56.0,178.0,72.0,996.0
1689,38.0,16.0,227.0,-55.0,78.0,-58.0,172.0,66.0,999.0
1690,36.0,13.0,233.0,-57.0,77.0,-59.0,172.0,66.0,997.0
1691,35.0,14.0,228.0,-62.0,80.0,-60.0,179.0,73.0,993.0
1692,39.0,11.0,225.0,-66.0,81.0,-63.0,180.0,74.0,994.0
1693,31.0,21.0,235.0,-69.0,84.0,-64.0,181.0,74.0,988.0
1694,40.0,14.0,227.0,-76.0,86.0,-68.0,185.0,76.0,991.0
1695,39.0,16.0,227.0,-80.0,88.0,-68.0,188.0,76.0,994.0
1696,42.0,13.0,226.0,-84.0,89.0,-73.0,192.0,79.0,990.0
1697,42.0,13.0,225.0,-87.0,90.0,-74.0,194.0,76.0,998.0
1698,43.0,14.0,227.0,-88.0,89.0,-78.0,193.0,76.0,993.0
1699,41.0,16.0,225.0,-88.0,85.0,-79.0,195.0,82.0,991.0
1700,44.0,17.0,224.0,-89.0,79.0,-82.0,194.0,90.0,988.0
1701,44.0,20.0,225.0,-91.0,71.0,-85.0,196.0,97.0,984.0
1702,45.0,20.0,222.0,-92.0,68.0,-86.0,201.0,104.0,978.0
1703,44.0,18.0,218.0,-91.0,67.0,-85.0,199.0,107.0,979.0
1704,55.0,27.0,217.0,-88.0,66.0,-87.0,209.0,108.0,974.0
1705,48.0,21.0,220.0,-79.0,69.0,-85.0,214.0,111.0,977.0
1706,49.0,23.0,222.0,-65.0,75.0,-86.0,220.0,115.0,975.0
1707,47.0,22.0,221.0,-49.0,81.0,-84.0,221.0,113.0,973.0
1708,50.0,23.0,220.0,-35.0,92.0,-84.0,222.0,105.0,968.0
1709,45.0,15.0,219.0,-25.0,103.0,-76.0,210.0,87.0,961.0
1710,40.0,13.0,217.0,-25.0,127.0,-60.0,179.0,76.0,950.0
1711,47.0,15.0,223.0,-23.0,156.0,-30.0,216.0,84.0,979.0
1712,50.0,14.0,225.0,3.0,161.0,-29.0,226.0,80.0,984.0
1713,54.0,15.0,228.0,47.0,158.0,-39.0,238.0,79.0,992.0
1714,56.0,13.0,223.0,101.0,166.0,-53.0,247.0,76.0,980.0
1715,61.0,13.0,228.0,132.0,184.0,-54.0,249.0,80.0,980.0
1716,58.0,13.0,224.0,154.0,202.0,-57.0,243.0,73.0,981.0
1717,61.0,16.0,227.0,169.0,226.0,-48.0,266.0,75.0,988.0
1718,66.0,13.0,223.0,184.0,242.0,-51.0,269.0,81.0,987.0
1719,65.0,17.0,221.0,206.0,257.0,-53.0,273.0,85.0,985.0
1720,57.0,14.0,219.0,221.0,276.0,-51.0,255.0,78.0,976.0
1721,59.0,15.0,225.0,222.0,301.0,-41.0,260.0,83.0,981.0
1722,69.0,22.0,226.0,215.0,321.0,-41.0,276.0,95.0,994.0
1723,66.0,18.0,226.0,211.0,328.0,-44.0,287.0,89.0,996.0
1724,69.0,19.0,225.0,200.0,344.0,-63.0,273.0,89.0,986.0
1725,72.0,22.0,225.0,174.0,360.0,-72.0,294.0,95.0,988.0
1726,58.0,19.0,226.0,141.0,369.0,-90.0,272.0,96.0,977.0
1727,61.0,17.0,224.0,99.0,383.0,-85.0,268.0,89.0,982.0
1728,60.0,14.0,219.0,57.0,399.0,-83.0,254.0,71.0,973.0
1729,64.0,15.0,222.0,16.0,413.0,-74.0,266.0,67.0,983.0
1730,54.0,12.0,222.0,-14.0,424.0,-77.0,245.0,58.0,978.0
1731,56.0,11.0,225.0,-42.0,439.0,-93.0,240.0,54.0,984.0
1732,56.0,8.0,223.0,-68.0,451.0,-114.0,242.0,49.0,987.0
1733,51.0,10.0,218.0,-92.0,461.0,-127.0,237.0,46.0,988.0
1734,49.0,6.0,225.0,-104.0,464.0,-141.0,225.0,42.0,987.0
1735,49.0,8.0,224.0,-115.0,468.0,-143.0,208.0,39.0,987.0
1736,49.0,8.0,221.0,-125.0,474.0,-146.0,211.0,41.0,985.0
1737,48.0,-1.0,228.0,-126.0,474.0,-153.0,208.0,43.0,991.0
1738,43.0,7.0,224.0,-125.0,477.0,-165.0,197.0,43.0,995.0
1739,44.0,11.0,225.0,-124.0,480.0,-168.0,188.0,44.0,990.0
1740,41.0,7.0,226.0,-119.0,487.0,-173.0,185.0,51.0,996.0
1741,38.0,11.0,225.0,-115.0,492.0,-173.0,174.0,49.0,990.0
1742,36.0,10.0,222.0,-110.0,501.0,-175.0,168.0,51.0,988.0
1743,36.0,6.0,224.0,-103.0,507.0,-174.0,163.0,56.0,987.0
1744,30.0,9.0,227.0,-95.0,515.0,-170.0,153.0,56.0,990.0
1745,31.0,8.0,224.0,-91.0,522.0,-168.0,141.0,57.0,994.0
1746,27.0,8.0,229.0,-87.0,523.0,-163.0,135.0,54.0,996.0
1747,24.0,9.0,232.0,-81.0,525.0,-156.0,120.0,53.0,999.0
1748,24.0,9.0,229.0,-76.0,523.0,-150.0,117.0,50.0,1000.0
1749,20.0,5.0,225.0,-69.0,521.0,-141.0,110.0,49.0,1007.0
1750,15.0,8.0,229.0,-63.0,515.0,-132.0,99.0,49.0,1008.0
1751,14.0,8.0,229.0,-51.0,511.0,-121.0,90.0,47.0,1008.0
1752,11.0,8.0,231.0,-38.0,505.0,-113.0,81.0,52.0,1011.0
1753,7.0,8.0,228.0,-29.0,500.0,-109.0,63.0,50.0,1015.0
1754,4.0,9.0,227.0,-16.0,494.0,-104.0,62.0,52.0,1012.0
1755,3.0,6.0,228.0,-17.0,489.0,-107.0,44.0,50.0,1015.0
1756,3.0,8.0,227.0,-28.0,486.0,-115.0,41.0,52.0,1013.0
1757,2.0,10.0,231.0,-46.0,485.0,-123.0,39.0,62.0,1014.0
1758,-1.0,1.0,240.0,-68.0,486.0,-125.0,33.0,61.0,1011.0
1759,-3.0,7.0,236.0,-85.0,486.0,-125.0,28.0,57.0,1009.0
1760,-3.0,7.0,229.0,-94.0,484.0,-121.0,21.0,49.0,1010.0
1761,-1.0,5.0,232.0,-95.0,486.0,-120.0,11.0,46.0,1012.0
1762,-3.0,6.0,228.0,-83.0,490.0,-116.0,14.0,46.0,1014.0
1763,-3.0,5.0,230.0,-73.0,493.0,-118.0,9.0,46.0,1015.0
1764,-6.0,4.0,235.0,-61.0,496.0,-116.0,8.0,49.0,1018.0
1765,-7.0,6.0,230.0,-48.0,497.0,-117.0,7.0,47.0,1016.0
1766,-10.0,5.0,231.0,-32.0,495.0,-114.0,0.0,48.0,1019.0
1767,-8.0,8.0,226.0,-14.0,491.0,-114.0,-7.0,54.0,1015.0
1768,-10.0,12.0,230.0,9.0,488.0,-108.0,-4.0,61.0,1009.0
1769,-16.0,6.0,245.0,28.0,484.0,-104.0,-12.0,64.0,1013.0
1770,-13.0,11.0,227.0,43.0,483.0,-103.0,-14.0,73.0,1021.0
1771,-16.0,16.0,229.0,53.0,474.0,-104.0,-18.0,82.0,1017.0
1772,-15.0,14.0,227.0,62.0,469.0,-100.0,-32.0,79.0,1014.0
1773,-15.0,7.0,229.0,59.0,467.0,-91.0,-39.0,60.0,1014.0
1774,-23.0,8.0,229.0,58.0,467.0,-75.0,-52.0,59.0,1024.0
1775,-15.0,13.0,236.0,73.0,463.0,-64.0,-34.0,83.0,1031.0
1776,-20.0,17.0,235.0,102.0,446.0,-70.0,-38.0,99.0,1023.0
1777,-15.0,16.0,229.0,131.0,433.0,-76.0,-45.0,95.0,1021.0
1778,-21.0,19.0,231.0,145.0,424.0,-70.0,-59.0,87.0,1019.0
1779,-23.0,15.0,230.0,141.0,418.0,-56.0,-63.0,96.0,1025.0
1780,-20.0,21.0,239.0,138.0,406.0,-37.0,-58.0,96.0,1032.0
1781,-26.0,20.0,233.0,141.0,383.0,-32.0,-65.0,86.0,1024.0
1782,-23.0,22.0,232.0,142.0,368.0,-26.0,-62.0,109.0,1025.0
1783,-24.0,21.0,231.0,143.0,347.0,-29.0,-57.0,108.0,1024.0
1784,-29.0,28.0,233.0,134.0,330.0,-29.0,-62.0,109.0,1019.0
1785,-24.0,22.0,229.0,115.0,312.0,-32.0,-71.0,111.0,1017.0
1786,-27.0,22.0,231.0,93.0,296.0,-25.0,-77.0,105.0,1019.0
1787,-26.0,24.0,233.0,69.0,283.0,-26.0,-76.0,94.0,1017.0
1788,-27.0,23.0,236.0,36.0,274.0,-32.0,-83.0,95.0,1019.0
1789,-27.0,17.0,232.0,-3.0,262.0,-40.0,-77.0,90.0,1028.0
1790,-27.0,16.0,233.0,-39.0,248.0,-40.0,-81.0,88.0,1026.0
1791,-29.0,6.0,243.0,-75.0,228.0,-39.0,-82.0,82.0,1023.0
1792,-26.0,11.0,230.0,-90.0,212.0,-34.0,-78.0,75.0,1026.0
1793,-28.0,13.0,231.0,-93.0,197.0,-32.0,-79.0,69.0,1025.0
1794,-26.0,8.0,233.0,-88.0,185.0,-23.0,-80.0,54.0,1021.0
1795,-25.0,7.0,232.0,-82.0,174.0,-25.0,-76.0,50.0,1021.0
1796,-28.0,7.0,227.0,-71.0,163.0,-29.0,-75.0,43.0,1021.0
1797,-29.0,4.0,231.0,-59.0,155.0,-36.0,-81.0,48.0,1018.0
1798,-26.0,5.0,228.0,-50.0,148.0,-32.0,-77.0,43.0,1022.0
1799,-32.0,7.0,232.0,-41.0,140.0,-31.0,-87.0,37.0,1018.0
1800,-28.0,4.0,229.0,-28.0,136.0,-27.0,-79.0,30.0,1023.0
1801,-22.0,2.0,232.0,-9.0,129.0,-29.0,-77.0,34.0,1018.0
1802,-28.0,14.0,233.0,12.0,124.0,-39.0,-73.0,46.0,1022.0
1803,-25.0,8.0,232.0,35.0,120.0,-54.0,-74.0,43.0,1012.0
1804,-26.0,7.0,231.0,45.0,116.0,-62.0,-76.0,54.0,1013.0
1805,-25.0,9.0,234.0,49.0,115.0,-60.0,-69.0,57.0,1019.0
1806,-24.0,8.0,227.0,55.0,108.0,-57.0,-71.0,50.0,1011.0
1807,-21.0,4.0,230.0,57.0,103.0,-58.0,-72.0,41.0,1010.0
1808,-26.0,3.0,226.0,49.0,101.0,-63.0,-80.0,42.0,1011.0
1809,-22.0,7.0,228.0,38.0,98.0,-74.0,-72.0,52.0,1019.0
1810,-26.0,7.0,229.0,28.0,89.0,-71.0,-69.0,53.0,1005.0
1811,-25.0,7.0,231.0,10.0,89.0,-69.0,-74.0,41.0,1015.0
1812,-24.0,6.0,231.0,-8.0,83.0,-75.0,-71.0,48.0,1016.0
1813,-18.0,11.0,224.0,-14.0,71.0,-75.0,-64.0,53.0,1013.0
1814,-20.0,9.0,232.0,-15.0,64.0,-67.0,-66.0,48.0,1016.0
1815,-22.0,5.0,230.0,-15.0,60.0,-57.0,-57.0,58.0,1013.0
1816,-23.0,7.0,231.0,-15.0,54.0,-49.0,-66.0,51.0,1014.0
1817,-22.0,8.0,232.0,-18.0,45.0,-41.0,-61.0,58.0,1015.0
1818,-20.0,7.0,232.0,-21.0,35.0,-38.0,-51.0,53.0,1018.0
1819,-19.0,8.0,231.0,-20.0,27.0,-31.0,-53.0,57.0,1011.0
1820,-19.0,10.0,228.0,-21.0,19.0,-29.0,-53.0,62.0,1010.0
1821,-21.0,8.0,228.0,-23.0,15.0,-21.0,-51.0,62.0,1011.0
1822,-15.0,11.0,231.0,-28.0,12.0,-18.0,-46.0,66.0,1006.0
1823,-19.0,13.0,225.0,-31.0,7.0,-12.0,-43.0,61.0,1005.0
1824,-22.0,20.0,231.0,-36.0,1.0,-9.0,-34.0,68.0,1006.0
1825,-16.0,12.0,227.0,-43.0,-4.0,-6.0,-35.0,73.0,1006.0
1826,-16.0,14.0,224.0,-52.0,-6.0,-3.0,-39.0,77.0,1011.0
1827,-18.0,13.0,229.0,-63.0,-8.0,5.0,-37.0,68.0,1010.0
1828,-16.0,14.0,227.0,-72.0,-11.0,8.0,-33.0,73.0,1013.0
1829,-15.0,8.0,227.0,-77.0,-14.0,13.0,-31.0,62.0,1020.0
1830,-12.0,10.0,231.0,-79.0,-17.0,15.0,-30.0,69.0,1018.0
1831,-13.0,12.0,235.0,-82.0,-20.0,19.0,-17.0,68.0,1014.0
1832,-14.0,13.0,236.0,-81.0,-25.0,14.0,-14.0,73.0,1020.0
1833,-11.0,11.0,231.0,-75.0,-29.0,14.0,-12.0,76.0,1017.0
1834,-15.0,13.0,233.0,-73.0,-32.0,12.0,-20.0,72.0,1011.0
1835,-13.0,4.0,247.0,-77.0,-30.0,23.0,-7.0,72.0,1016.0
1836,-9.0,13.0,231.0,-77.0,-34.0,19.0,-4.0,74.0,1017.0
1837,-8.0,18.0,231.0,-74.0,-38.0,17.0,-2.0,77.0,1016.0
1838,-8.0,13.0,230.0,-74.0,-39.0,11.0,-4.0,84.0,1010.0
1839,-7.0,13.0,228.0,-75.0,-41.0,14.0,-1.0,80.0,1016.0
1840,-10.0,15.0,229.0,-81.0,-42.0,13.0,-1.0,76.0,1010.0
1841,-7.0,10.0,229.0,-85.0,-41.0,17.0,-2.0,65.0,1011.0
1842,-7.0,12.0,224.0,-87.0,-40.0,18.0,0.0,69.0,1014.0
1843,-11.0,12.0,230.0,-87.0,-42.0,19.0,3.0,60.0,1013.0
1844,-7.0,12.0,228.0,-85.0,-42.0,16.0,0.0,63.0,1017.0
1845,-11.0,16.0,224.0,-81.0,-42.0,18.0,6.0,69.0,1015.0
1846,1.0,5.0,247.0,-77.0,-40.0,18.0,3.0,69.0,1016.0
1847,-7.0,13.0,229.0,-71.0,-38.0,22.0,3.0,69.0,1019.0
1848,-6.0,8.0,231.0,-66.0,-38.0,23.0,6.0,63.0,1011.0
1849,-6.0,11.0,232.0,-60.0,-34.0,28.0,6.0,69.0,1015.0
1850,-6.0,12.0,227.0,-53.0,-35.0,28.0,24.0,72.0,1013.0
1851,-2.0,11.0,233.0,-44.0,-36.0,25.0,21.0,77.0,1015.0
1852,-5.0,13.0,234.0,-40.0,-35.0,22.0,21.0,73.0,1020.0
1853,-6.0,15.0,228.0,-38.0,-34.0,24.0,14.0,77.0,1011.0
1854,-4.0,17.0,232.0,-41.0,-32.0,26.0,14.0,76.0,1014.0
1855,1.0,12.0,229.0,-42.0,-31.0,30.0,22.0,79.0,1018.0
1856,5.0,17.0,226.0,-43.0,-31.0,27.0,19.0,76.0,1019.0
1857,-1.0,15.0,230.0,-46.0,-30.0,28.0,26.0,83.0,1017.0
1858,-3.0,16.0,230.0,-49.0,-28.0,28.0,26.0,79.0,1015.0
1859,-2.0,16.0,230.0,-55.0,-27.0,26.0,30.0,81.0,1018.0
1860,1.0,16.0,228.0,-61.0,-24.0,23.0,25.0,80.0,1020.0
1861,1.0,15.0,230.0,-65.0,-21.0,26.0,30.0,80.0,1017.0
1862,0.0,15.0,235.0,-68.0,-17.0,27.0,26.0,82.0,1021.0
1863,3.0,17.0,232.0,-73.0,-13.0,26.0,37.0,81.0,1020.0
1864,8.0,18.0,229.0,-72.0,-12.0,19.0,34.0,82.0,1018.0
1865,-1.0,20.0,229.0,-73.0,-9.0,16.0,31.0,81.0,1018.0
1866,2.0,13.0,232.0,-74.0,-6.0,16.0,39.0,80.0,1019.0
1867,10.0,12.0,235.0,-75.0,-2.0,16.0,38.0,84.0,1016.0
1868,0.0,14.0,231.0,-80.0,3.0,13.0,33.0,78.0,1018.0
1869,0.0,15.0,232.0,-90.0,5.0,11.0,38.0,77.0,1020.0
1870,1.0,12.0,231.0,-96.0,8.0,10.0,37.0,73.0,1024.0
1871,-2.0,14.0,233.0,-102.0,12.0,9.0,34.0,72.0,1020.0
1872,3.0,11.0,230.0,-109.0,15.0,9.0,33.0,69.0,1025.0
1873,1.0,9.0,230.0,-114.0,18.0,8.0,28.0,60.0,1027.0
1874,-1.0,9.0,237.0,-118.0,20.0,7.0,36.0,60.0,1024.0
1875,3.0,10.0,236.0,-118.0,22.0,7.0,38.0,52.0,1020.0
1876,-1.0,7.0,231.0,-116.0,24.0,8.0,35.0,46.0,1022.0
1877,2.0,4.0,235.0,-113.0,24.0,7.0,30.0,44.0,1015.0
1878,12.0,16.0,237.0,-109.0,26.0,8.0,37.0,42.0,1007.0
1879,2.0,5.0,229.0,-100.0,29.0,5.0,35.0,45.0,1004.0
1880,-1.0,6.0,227.0,-93.0,33.0,5.0,36.0,44.0,1003.0
1881,0.0,4.0,227.0,-84.0,38.0,3.0,35.0,42.0,1006.0
1882,-1.0,2.0,228.0,-75.0,43.0,3.0,34.0,41.0,1007.0
1883,-2.0,5.0,229.0,-62.0,47.0,-1.0,32.0,42.0,1007.0
1884,0.0,6.0,225.0,-50.0,49.0,-1.0,34.0,40.0,1006.0
1885,-2.0,5.0,225.0,-38.0,52.0,-2.0,36.0,44.0,1011.0
1886,3.0,8.0,227.0,-26.0,55.0,-4.0,30.0,47.0,1008.0
1887,0.0,7.0,225.0,-18.0,60.0,-7.0,32.0,47.0,1004.0
1888,2.0,7.0,230.0,-10.0,63.0,-7.0,28.0,52.0,1010.0
1889,-5.0,7.0,239.0,-6.0,68.0,-9.0,31.0,52.0,1010.0
1890,0.0,9.0,228.0,-4.0,71.0,-9.0,21.0,52.0,1014.0
1891,0.0,9.0,230.0,-4.0,72.0,-13.0,24.0,56.0,1014.0
1892,-7.0,10.0,232.0,-6.0,75.0,-12.0,24.0,58.0,1016.0
1893,-2.0,7.0,230.0,-12.0,76.0,-16.0,18.0,59.0,1017.0
1894,-6.0,10.0,232.0,-17.0,78.0,-16.0,17.0,57.0,1009.0
1895,-3.0,8.0,229.0,-25.0,79.0,-20.0,11.0,62.0,1017.0
1896,-5.0,12.0,231.0,-32.0,82.0,-18.0,17.0,61.0,1023.0
1897,-8.0,12.0,227.0,-41.0,83.0,-20.0,17.0,57.0,1014.0
1898,-7.0,9.0,229.0,-46.0,83.0,-19.0,8.0,55.0,1017.0
1899,-8.0,8.0,232.0,-49.0,85.0,-20.0,9.0,56.0,1020.0
1900,-6.0,2.0,236.0,-50.0,84.0,-19.0,15.0,51.0,1016.0
1901,-7.0,6.0,232.0,-49.0,84.0,-21.0,10.0,52.0,1015.0
1902,-6.0,9.0,230.0,-47.0,83.0,-19.0,9.0,51.0,1016.0
1903,-7.0,7.0,230.0,-44.0,83.0,-20.0,7.0,52.0,1012.0
1904,-4.0,7.0,232.0,-41.0,83.0,-17.0,6.0,47.0,1013.0
1905,-8.0,7.0,226.0,-38.0,83.0,-20.0,1.0,53.0,1013.0
1906,-4.0,4.0,230.0,-35.0,85.0,-18.0,7.0,46.0,1014.0
1907,-4.0,7.0,226.0,-32.0,83.0,-19.0,8.0,48.0,1012.0
1908,-5.0,7.0,227.0,-29.0,83.0,-17.0,5.0,52.0,1013.0
1909,-7.0,8.0,231.0,-26.0,84.0,-18.0,0.0,52.0,1009.0
1910,-5.0,2.0,229.0,-23.0,83.0,-17.0,7.0,44.0,1013.0
1911,-11.0,2.0,239.0,-22.0,84.0,-18.0,-1.0,50.0,1011.0
1912,-7.0,8.0,227.0,-18.0,85.0,-16.0,1.0,46.0,1014.0
1913,-5.0,4.0,230.0,-16.0,86.0,-18.0,6.0,50.0,1013.0
1914,-4.0,6.0,229.0,-15.0,86.0,-16.0,3.0,49.0,1015.0
1915,-10.0,8.0,228.0,-16.0,87.0,-18.0,3.0,49.0,1012.0
1916,-6.0,7.0,230.0,-16.0,88.0,-17.0,-1.0,48.0,1018.0
1917,-8.0,6.0,228.0,-16.0,89.0,-17.0,0.0,49.0,1014.0
1918,-8.0,5.0,230.0,-18.0,86.0,-14.0,1.0,50.0,1018.0
1919,-9.0,7.0,230.0,-19.0,86.0,-15.0,1.0,53.0,1015.0
1920,-10.0,7.0,233.0,-21.0,83.0,-13.0,-2.0,52.0,1011.0
1921,-9.0,9.0,229.0,-25.0,80.0,-14.0,-4.0,51.0,1019.0
1922,-11.0,17.0,232.0,-24.0,77.0,-11.0,-2.0,51.0,1016.0
1923,-11.0,7.0,231.0,-26.0,75.0,-10.0,-4.0,50.0,1017.0
1924,-13.0,8.0,229.0,-28.0,74.0,-8.0,-6.0,54.0,1018.0
1925,-9.0,8.0,227.0,-28.0,72.0,-8.0,-7.0,55.0,1014.0
1926,-12.0,9.0,231.0,-30.0,68.0,-7.0,-9.0,57.0,1014.0
1927,-9.0,6.0,230.0,-30.0,65.0,-7.0,-7.0,57.0,1016.0
1928,-12.0,7.0,230.0,-29.0,61.0,-8.0,-8.0,54.0,1016.0
1929,-15.0,9.0,228.0,-28.0,61.0,-6.0,-9.0,54.0,1017.0
1930,-8.0,6.0,228.0,-30.0,60.0,-6.0,-6.0,53.0,1015.0
1931,-9.0,12.0,230.0,-31.0,59.0,-5.0,-9.0,53.0,1016.0
1932,-9.0,11.0,230.0,-33.0,58.0,-6.0,-9.0,53.0,1014.0
1933,-3.0,6.0,238.0,-37.0,57.0,-6.0,-6.0,58.0,1021.0
1934,-9.0,8.0,228.0,-41.0,55.0,-6.0,-2.0,48.0,1010.0
1935,-10.0,6.0,231.0,-43.0,54.0,-7.0,-3.0,51.0,1013.0
1936,-8.0,6.0,232.0,-43.0,54.0,-8.0,-5.0,49.0,1015.0
1937,-8.0,6.0,231.0,-43.0,53.0,-6.0,-3.0,49.0,1014.0
1938,-9.0,8.0,227.0,-43.0,52.0,-8.0,-7.0,49.0,1014.0
1939,-9.0,6.0,230.0,-43.0,50.0,-7.0,-5.0,49.0,1018.0
1940,-8.0,2.0,229.0,-41.0,50.0,-8.0,-3.0,44.0,1014.0
1941,-9.0,5.0,232.0,-37.0,49.0,-7.0,-3.0,45.0,1013.0
1942,-8.0,6.0,225.0,-36.0,48.0,-8.0,-2.0,47.0,1005.0
1943,-11.0,8.0,233.0,-33.0,46.0,-6.0,-5.0,44.0,1013.0
1944,-9.0,8.0,229.0,-30.0,47.0,-7.0,-6.0,47.0,1012.0
1945,-7.0,14.0,222.0,-26.0,46.0,-4.0,3.0,47.0,1010.0
1946,-15.0,7.0,222.0,-22.0,46.0,-6.0,0.0,47.0,1013.0
1947,-8.0,5.0,228.0,-18.0,45.0,-3.0,-2.0,50.0,1013.0
1948,-7.0,8.0,228.0,-16.0,45.0,-6.0,2.0,48.0,1014.0
1949,-6.0,8.0,233.0,-13.0,45.0,-2.0,-1.0,50.0,1019.0
1950,-8.0,11.0,229.0,-11.0,43.0,-4.0,4.0,51.0,1012.0
1951,-8.0,6.0,228.0,-11.0,41.0,-2.0,3.0,56.0,1012.0
1952,-9.0,9.0,229.0,-12.0,41.0,-4.0,-3.0,52.0,1013.0
1953,-6.0,9.0,229.0,-14.0,41.0,-3.0,5.0,52.0,1014.0
1954,-12.0,14.0,211.0,-16.0,39.0,-4.0,2.0,52.0,1017.0
1955,-10.0,8.0,228.0,-21.0,39.0,-2.0,2.0,59.0,1019.0
1956,-8.0,10.0,230.0,-23.0,38.0,-5.0,4.0,53.0,1018.0
1957,-7.0,8.0,229.0,-27.0,37.0,-3.0,4.0,56.0,1014.0
1958,-9.0,7.0,232.0,-28.0,36.0,-4.0,5.0,54.0,1019.0
1959,-7.0,9.0,231.0,-28.0,35.0,-3.0,2.0,51.0,1020.0
1960,-9.0,6.0,231.0,-30.0,37.0,-5.0,6.0,52.0,1018.0
1961,-8.0,5.0,234.0,-29.0,37.0,-3.0,7.0,50.0,1014.0
1962,-4.0,8.0,225.0,-29.0,37.0,-4.0,6.0,50.0,1016.0
1963,-9.0,7.0,227.0,-27.0,36.0,-2.0,6.0,51.0,1013.0
1964,-7.0,8.0,231.0,-26.0,36.0,-4.0,10.0,51.0,1013.0
1965,-6.0,7.0,227.0,-24.0,37.0,-1.0,11.0,47.0,1014.0
1966,-4.0,8.0,228.0,-20.0,38.0,-3.0,10.0,42.0,1012.0
1967,-5.0,7.0,230.0,-16.0,38.0,-1.0,9.0,44.0,1010.0
1968,-7.0,10.0,229.0,-13.0,38.0,-2.0,7.0,48.0,1011.0
1969,-3.0,7.0,226.0,-8.0,39.0,0.0,8.0,46.0,1014.0
1970,-4.0,7.0,225.0,-4.0,41.0,-2.0,14.0,47.0,1011.0
1971,-6.0,7.0,230.0,1.0,40.0,0.0,11.0,51.0,1012.0
1972,-5.0,6.0,232.0,5.0,40.0,-3.0,10.0,50.0,1013.0
1973,-3.0,9.0,229.0,9.0,42.0,-1.0,16.0,49.0,1007.0
1974,-5.0,7.0,231.0,11.0,43.0,-4.0,18.0,48.0,1013.0
1975,-6.0,11.0,227.0,12.0,46.0,-2.0,12.0,53.0,1015.0
1976,-1.0,7.0,218.0,12.0,47.0,-1.0,16.0,47.0,1019.0
1977,1.0,5.0,229.0,11.0,48.0,-1.0,12.0,51.0,1016.0
1978,-4.0,8.0,230.0,9.0,49.0,-2.0,14.0,52.0,1015.0
1979,-4.0,7.0,230.0,8.0,51.0,-2.0,12.0,48.0,1013.0
1980,-1.0,7.0,229.0,5.0,52.0,-2.0,17.0,49.0,1014.0
1981,-4.0,5.0,228.0,3.0,52.0,0.0,14.0,52.0,1015.0
1982,-2.0,5.0,233.0,-1.0,52.0,-1.0,12.0,48.0,1013.0
1983,0.0,6.0,229.0,-4.0,53.0,0.0,24.0,50.0,1014.0
1984,-3.0,9.0,234.0,-6.0,55.0,-2.0,14.0,51.0,1014.0
1985,-6.0,7.0,230.0,-6.0,55.0,-3.0,21.0,51.0,1013.0
1986,-1.0,7.0,231.0,-6.0,56.0,-2.0,24.0,48.0,1010.0
1987,5.0,9.0,240.0,-5.0,57.0,-2.0,18.0,50.0,1011.0
1988,-4.0,6.0,234.0,-4.0,59.0,-3.0,16.0,50.0,1013.0
1989,-2.0,6.0,232.0,-2.0,58.0,-3.0,16.0,48.0,1013.0
1990,-4.0,5.0,229.0,1.0,61.0,-2.0,17.0,47.0,1012.0
1991,-2.0,5.0,228.0,3.0,62.0,-4.0,11.0,47.0,1014.0
1992,-3.0,7.0,227.0,7.0,64.0,-4.0,15.0,45.0,1014.0
1993,-6.0,8.0,230.0,9.0,64.0,-3.0,12.0,50.0,1011.0
1994,-2.0,5.0,231.0,13.0,66.0,-4.0,15.0,47.0,1013.0
1995,-3.0,7.0,228.0,14.0,67.0,-5.0,15.0,48.0,1015.0
1996,-3.0,4.0,235.0,16.0,68.0,-3.0,10.0,48.0,1014.0
1997,-3.0,4.0,232.0,16.0,69.0,-3.0,12.0,53.0,1013.0
1998,-6.0,4.0,237.0,18.0,68.0,-2.0,12.0,55.0,1015.0
1999,-4.0,6.0,230.0,19.0,68.0,-2.0,17.0,52.0,1012.0
2000,-3.0,7.0,227.0,20.0,67.0,-1.0,9.0,56.0,1015.0
2001,-4.0,8.0,233.0,22.0,67.0,-2.0,9.0,57.0,1011.0
2002,-6.0,9.0,231.0,21.0,67.0,-1.0,10.0,56.0,1013.0
2003,-4.0,8.0,230.0,19.0,67.0,-3.0,8.0,59.0,1014.0
2004,-5.0,8.0,228.0,18.0,67.0,-1.0,9.0,60.0,1014.0
2005,-3.0,12.0,227.0,18.0,67.0,-5.0,9.0,56.0,1019.0
2006,-4.0,8.0,234.0,17.0,68.0,-2.0,5.0,57.0,1014.0
2007,-6.0,8.0,239.0,15.0,68.0,-4.0,8.0,52.0,1011.0
2008,-3.0,7.0,228.0,15.0,68.0,-3.0,5.0,55.0,1014.0
2009,1.0,10.0,228.0,18.0,68.0,-4.0,6.0,57.0,1013.0
2010,-7.0,8.0,229.0,18.0,67.0,-1.0,3.0,60.0,1013.0
2011,-7.0,11.0,228.0,19.0,68.0,-4.0,2.0,56.0,1022.0
2012,-7.0,9.0,234.0,18.0,68.0,-1.0,2.0,59.0,1012.0
2013,-7.0,10.0,232.0,16.0,68.0,-4.0,0.0,56.0,1014.0
2014,-6.0,7.0,230.0,13.0,68.0,-1.0,-3.0,55.0,1021.0
2015,-9.0,10.0,234.0,10.0,67.0,-4.0,5.0,52.0,1022.0
2016,-6.0,12.0,226.0,7.0,66.0,-2.0,1.0,55.0,1024.0
2017,-9.0,10.0,231.0,5.0,66.0,-4.0,0.0,47.0,1022.0
2018,-8.0,8.0,229.0,5.0,67.0,-2.0,1.0,51.0,1020.0
2019,-8.0,10.0,224.0,6.0,65.0,-5.0,-1.0,52.0,1017.0
2020,-16.0,1.0,241.0,8.0,63.0,-3.0,4.0,50.0,1013.0
2021,-8.0,8.0,231.0,11.0,61.0,-4.0,-1.0,50.0,1011.0
2022,-8.0,6.0,228.0,16.0,60.0,1.0,-2.0,51.0,1007.0
2023,-8.0,5.0,226.0,21.0,60.0,-2.0,1.0,46.0,1007.0
2024,-8.0,7.0,231.0,27.0,60.0,1.0,4.0,48.0,1011.0
2025,-7.0,8.0,227.0,33.0,60.0,-2.0,-3.0,46.0,1009.0
2026,-8.0,8.0,232.0,41.0,61.0,1.0,2.0,53.0,1012.0
2027,-5.0,10.0,229.0,51.0,60.0,0.0,-1.0,59.0,1010.0
2028,-8.0,12.0,232.0,58.0,59.0,1.0,5.0,58.0,1013.0
2029,-8.0,7.0,231.0,64.0,59.0,0.0,3.0,60.0,1007.0
2030,-9.0,13.0,229.0,66.0,61.0,3.0,0.0,62.0,1014.0
2031,-14.0,9.0,220.0,70.0,62.0,1.0,3.0,64.0,1013.0
2032,-7.0,11.0,228.0,72.0,63.0,4.0,3.0,63.0,1016.0
2033,-7.0,13.0,231.0,71.0,61.0,4.0,0.0,59.0,1013.0
2034,-8.0,12.0,228.0,68.0,59.0,7.0,4.0,66.0,1018.0
2035,-4.0,13.0,232.0,64.0,59.0,4.0,4.0,70.0,1016.0
2036,-7.0,15.0,230.0,61.0,58.0,3.0,3.0,70.0,1015.0
2037,-5.0,14.0,228.0,54.0,57.0,2.0,6.0,70.0,1009.0
2038,-5.0,11.0,231.0,42.0,57.0,2.0,5.0,75.0,1017.0
2039,-7.0,13.0,231.0,34.0,56.0,1.0,4.0,73.0,1019.0
2040,-10.0,16.0,224.0,24.0,55.0,4.0,3.0,74.0,1019.0
2041,-8.0,12.0,233.0,13.0,54.0,2.0,7.0,75.0,1019.0
2042,3.0,22.0,223.0,5.0,51.0,3.0,8.0,69.0,1013.0
2043,-8.0,10.0,232.0,0.0,50.0,1.0,4.0,76.0,1018.0
2044,-10.0,14.0,229.0,-6.0,49.0,0.0,8.0,73.0,1017.0
2045,-5.0,10.0,234.0,-8.0,48.0,-1.0,5.0,70.0,1013.0
2046,-7.0,13.0,228.0,-10.0,49.0,-3.0,2.0,65.0,1012.0
2047,-9.0,12.0,230.0,-8.0,48.0,-3.0,9.0,64.0,1012.0
2048,-7.0,12.0,228.0,-7.0,49.0,-1.0,4.0,65.0,1012.0
2049,-6.0,10.0,227.0,-2.0,49.0,0.0,8.0,62.0,1012.0
2050,-9.0,12.0,230.0,2.0,50.0,-1.0,12.0,63.0,1012.0
2051,-7.0,12.0,224.0,5.0,52.0,-2.0,11.0,63.0,1014.0
2052,-6.0,12.0,233.0,11.0,54.0,-1.0,8.0,65.0,1010.0
2053,-10.0,13.0,218.0,16.0,54.0,-1.0,10.0,63.0,1013.0
2054,-6.0,10.0,232.0,21.0,57.0,-3.0,8.0,66.0,1013.0
2055,-9.0,11.0,224.0,25.0,58.0,-3.0,6.0,63.0,1009.0
2056,-7.0,10.0,227.0,29.0,59.0,-5.0,6.0,59.0,1012.0
2057,-3.0,12.0,229.0,32.0,59.0,-4.0,6.0,67.0,1015.0
2058,-5.0,10.0,230.0,31.0,59.0,-3.0,7.0,69.0,1012.0
2059,-7.0,11.0,231.0,31.0,59.0,-3.0,10.0,65.0,1012.0
2060,-8.0,12.0,230.0,32.0,59.0,-4.0,8.0,67.0,1014.0
2061,-2.0,8.0,227.0,30.0,58.0,-1.0,5.0,69.0,1016.0
2062,-3.0,15.0,228.0,26.0,58.0,-3.0,6.0,63.0,1013.0
2063,-8.0,12.0,221.0,24.0,58.0,-1.0,8.0,69.0,1017.0
2064,-7.0,14.0,231.0,21.0,58.0,-4.0,10.0,70.0,1014.0
2065,-6.0,15.0,229.0,20.0,59.0,-2.0,9.0,76.0,1017.0
2066,-6.0,13.0,227.0,17.0,58.0,-2.0,9.0,68.0,1015.0
2067,-4.0,12.0,231.0,14.0,57.0,2.0,6.0,72.0,1015.0
2068,-4.0,12.0,227.0,13.0,55.0,0.0,10.0,75.0,1018.0
2069,-5.0,12.0,229.0,13.0,55.0,1.0,11.0,75.0,1017.0
2070,-2.0,13.0,226.0,13.0,56.0,-1.0,8.0,72.0,1014.0
2071,-4.0,17.0,229.0,12.0,57.0,1.0,8.0,73.0,1016.0
2072,-5.0,13.0,233.0,13.0,57.0,0.0,7.0,70.0,1013.0
2073,-8.0,14.0,230.0,11.0,56.0,2.0,7.0,76.0,1021.0
2074,15.0,17.0,219.0,12.0,58.0,-2.0,13.0,72.0,1014.0
2075,-5.0,13.0,228.0,12.0,58.0,1.0,7.0,74.0,1013.0
2076,-6.0,12.0,231.0,13.0,59.0,-2.0,3.0,68.0,1020.0
2077,-7.0,15.0,228.0,14.0,59.0,-1.0,6.0,70.0,1012.0
2078,-9.0,13.0,229.0,13.0,60.0,-4.0,8.0,77.0,1018.0
2079,-5.0,12.0,230.0,13.0,59.0,-3.0,8.0,74.0,1011.0
2080,-6.0,11.0,229.0,10.0,61.0,-5.0,6.0,66.0,1013.0
2081,-7.0,14.0,228.0,11.0,62.0,-2.0,6.0,72.0,1015.0
2082,-7.0,12.0,223.0,10.0,62.0,-5.0,6.0,75.0,1016.0
2083,-6.0,15.0,229.0,9.0,63.0,-3.0,6.0,74.0,1016.0
2084,-4.0,13.0,228.0,10.0,63.0,-6.0,10.0,66.0,1013.0
2085,-8.0,20.0,218.0,10.0,63.0,-3.0,8.0,74.0,1013.0
2086,-7.0,14.0,229.0,10.0,62.0,-5.0,7.0,78.0,1012.0
2087,-9.0,13.0,231.0,13.0,65.0,-2.0,5.0,73.0,1016.0
2088,-8.0,11.0,230.0,15.0,64.0,-2.0,3.0,70.0,1009.0
2089,-5.0,15.0,229.0,17.0,64.0,0.0,2.0,73.0,1018.0
2090,-7.0,10.0,233.0,20.0,64.0,-3.0,7.0,74.0,1011.0
2091,-6.0,13.0,228.0,22.0,64.0,0.0,6.0,70.0,1006.0
2092,-7.0,15.0,230.0,26.0,66.0,-2.0,5.0,72.0,1012.0
2093,-6.0,15.0,228.0,30.0,66.0,-1.0,7.0,73.0,1015.0
2094,-6.0,9.0,228.0,33.0,66.0,-3.0,8.0,74.0,1013.0
2095,-8.0,15.0,230.0,36.0,64.0,-1.0,7.0,75.0,1014.0
2096,-9.0,10.0,226.0,38.0,65.0,-3.0,6.0,76.0,1012.0
2097,-8.0,13.0,232.0,37.0,65.0,0.0,1.0,82.0,1013.0
2098,-9.0,16.0,229.0,36.0,64.0,-2.0,5.0,78.0,1018.0
2099,-7.0,16.0,230.0,35.0,63.0,1.0,3.0,76.0,1021.0
2100,-6.0,15.0,229.0,33.0,62.0,0.0,8.0,81.0,1018.0
2101,-10.0,19.0,232.0,31.0,61.0,1.0,4.0,81.0,1017.0
2102,-5.0,14.0,228.0,27.0,61.0,-2.0,6.0,84.0,1018.0
2103,-7.0,15.0,226.0,21.0,60.0,-2.0,5.0,80.0,1018.0
2104,-6.0,17.0,228.0,16.0,61.0,-2.0,1.0,79.0,1017.0
2105,-10.0,17.0,232.0,9.0,60.0,-1.0,6.0,78.0,1021.0
2106,-4.0,15.0,231.0,6.0,59.0,-1.0,7.0,79.0,1016.0
2107,-10.0,14.0,231.0,2.0,59.0,-1.0,6.0,86.0,1017.0
2108,-6.0,15.0,232.0,-2.0,58.0,-1.0,2.0,81.0,1014.0
2109,-7.0,14.0,231.0,-2.0,56.0,-1.0,6.0,79.0,1016.0
2110,-6.0,16.0,231.0,-2.0,57.0,-2.0,7.0,83.0,1015.0
2111,-4.0,15.0,229.0,-2.0,57.0,-2.0,4.0,82.0,1015.0
2112,-7.0,14.0,229.0,-2.0,56.0,0.0,8.0,79.0,1019.0
2113,-6.0,12.0,227.0,0.0,56.0,0.0,4.0,79.0,1013.0
2114,-4.0,12.0,231.0,2.0,58.0,1.0,2.0,81.0,1012.0
2115,-8.0,14.0,227.0,6.0,56.0,-1.0,4.0,81.0,1012.0
2116,-7.0,12.0,228.0,7.0,54.0,2.0,7.0,79.0,1014.0
2117,-6.0,15.0,225.0,9.0,54.0,0.0,4.0,83.0,1015.0
2118,-10.0,10.0,235.0,10.0,57.0,1.0,5.0,82.0,1013.0
2119,-7.0,17.0,227.0,11.0,57.0,0.0,5.0,80.0,1018.0
2120,-8.0,16.0,233.0,12.0,58.0,-1.0,6.0,80.0,1014.0
2121,-7.0,14.0,229.0,11.0,57.0,-3.0,3.0,80.0,1015.0
2122,-7.0,13.0,234.0,12.0,57.0,0.0,2.0,76.0,1014.0
2123,-4.0,11.0,233.0,11.0,58.0,-2.0,8.0,81.0,1015.0
2124,-9.0,17.0,230.0,11.0,57.0,0.0,3.0,78.0,1018.0
2125,-4.0,13.0,232.0,10.0,57.0,-1.0,6.0,82.0,1010.0
2126,-5.0,15.0,231.0,11.0,57.0,-1.0,10.0,81.0,1013.0
2127,-6.0,17.0,228.0,11.0,57.0,-2.0,6.0,80.0,1014.0
2128,-10.0,15.0,230.0,9.0,57.0,1.0,6.0,81.0,1006.0
2129,-15.0,16.0,250.0,9.0,56.0,-2.0,5.0,77.0,1013.0
2130,-5.0,15.0,229.0,8.0,56.0,0.0,5.0,80.0,1015.0
2131,-6.0,16.0,234.0,8.0,57.0,-3.0,7.0,80.0,1013.0
2132,-8.0,14.0,230.0,7.0,56.0,0.0,6.0,80.0,1016.0
2133,-6.0,15.0,233.0,7.0,56.0,-2.0,6.0,84.0,1012.0
2134,-7.0,15.0,230.0,5.0,55.0,1.0,3.0,79.0,1016.0
2135,-5.0,14.0,231.0,5.0,55.0,-1.0,7.0,82.0,1013.0
2136,-7.0,11.0,227.0,7.0,55.0,3.0,6.0,81.0,1011.0
2137,-10.0,16.0,226.0,10.0,56.0,0.0,6.0,80.0,1015.0
2138,-7.0,14.0,233.0,9.0,56.0,1.0,5.0,81.0,1012.0
2139,-9.0,17.0,231.0,10.0,58.0,-2.0,5.0,81.0,1011.0
2140,-2.0,14.0,223.0,12.0,57.0,0.0,4.0,79.0,1015.0
2141,-8.0,15.0,226.0,12.0,57.0,-2.0,5.0,78.0,1016.0
2142,-8.0,17.0,228.0,12.0,58.0,-1.0,2.0,85.0,1012.0
2143,-5.0,15.0,229.0,14.0,58.0,-3.0,4.0,81.0,1013.0
2144,-6.0,16.0,228.0,14.0,59.0,0.0,5.0,81.0,1019.0
2145,-6.0,18.0,228.0,14.0,59.0,-3.0,6.0,81.0,1011.0
2146,-5.0,16.0,228.0,12.0,58.0,0.0,4.0,79.0,1014.0
2147,-9.0,16.0,228.0,11.0,58.0,-3.0,7.0,87.0,1018.0
2148,-7.0,16.0,231.0,13.0,58.0,0.0,2.0,86.0,1013.0
2149,-4.0,19.0,233.0,13.0,57.0,0.0,4.0,87.0,1022.0
2150,-7.0,20.0,230.0,13.0,57.0,1.0,9.0,87.0,1014.0
2151,7.0,12.0,230.0,15.0,58.0,-1.0,6.0,82.0,1017.0
2152,-5.0,17.0,227.0,17.0,58.0,0.0,5.0,89.0,1013.0
2153,-8.0,18.0,230.0,18.0,58.0,-2.0,1.0,87.0,1016.0
2154,-7.0,20.0,231.0,16.0,59.0,1.0,4.0,87.0,1019.0
2155,-4.0,15.0,229.0,17.0,59.0,-1.0,6.0,85.0,1022.0
2156,-6.0,16.0,231.0,15.0,58.0,0.0,2.0,84.0,1012.0
2157,-7.0,16.0,226.0,14.0,59.0,-2.0,5.0,86.0,1019.0
2158,-5.0,18.0,227.0,13.0,58.0,0.0,2.0,86.0,1017.0
2159,-11.0,16.0,232.0,10.0,60.0,-2.0,4.0,87.0,1020.0
2160,-4.0,19.0,230.0,6.0,59.0,-2.0,6.0,86.0,1018.0
2161,-3.0,19.0,237.0,0.0,58.0,-4.0,5.0,86.0,1023.0
2162,-7.0,15.0,230.0,-4.0,58.0,-3.0,9.0,84.0,1019.0
2163,-6.0,14.0,235.0,-7.0,58.0,-5.0,5.0,86.0,1024.0
2164,-7.0,15.0,230.0,-10.0,58.0,-5.0,3.0,81.0,1016.0
2165,-7.0,15.0,229.0,-12.0,56.0,-4.0,4.0,82.0,1019.0
2166,-7.0,17.0,226.0,-11.0,54.0,-3.0,2.0,80.0,1013.0
2167,-6.0,17.0,230.0,-8.0,54.0,-2.0,9.0,87.0,1005.0
2168,-7.0,14.0,227.0,-4.0,53.0,-2.0,7.0,83.0,1009.0
2169,-7.0,18.0,233.0,1.0,54.0,-2.0,4.0,81.0,1007.0
2170,-7.0,12.0,225.0,8.0,56.0,-3.0,7.0,79.0,1010.0
2171,-6.0,17.0,229.0,18.0,56.0,-2.0,4.0,83.0,1012.0
2172,1.0,12.0,215.0,27.0,56.0,-2.0,6.0,86.0,1013.0
2173,-6.0,15.0,228.0,35.0,57.0,-1.0,9.0,83.0,1011.0
2174,-4.0,17.0,231.0,41.0,57.0,0.0,7.0,84.0,1008.0
2175,-7.0,18.0,227.0,45.0,58.0,0.0,7.0,91.0,1012.0
2176,-6.0,19.0,229.0,53.0,59.0,0.0,3.0,90.0,1012.0
2177,-5.0,15.0,229.0,58.0,60.0,-1.0,6.0,88.0,1011.0
2178,-8.0,19.0,229.0,59.0,60.0,-1.0,7.0,93.0,1014.0
2179,-8.0,18.0,231.0,61.0,61.0,1.0,6.0,89.0,1016.0
2180,-8.0,19.0,229.0,58.0,60.0,-2.0,4.0,90.0,1016.0
2181,-8.0,17.0,228.0,55.0,60.0,0.0,5.0,91.0,1016.0
2182,4.0,21.0,231.0,50.0,61.0,-2.0,8.0,94.0,1015.0
2183,-12.0,23.0,226.0,41.0,62.0,-3.0,4.0,94.0,1016.0
2184,-8.0,22.0,230.0,33.0,61.0,-4.0,6.0,99.0,1016.0
2185,-3.0,18.0,233.0,22.0,62.0,-1.0,5.0,95.0,1019.0
2186,-8.0,17.0,231.0,14.0,61.0,-2.0,3.0,93.0,1013.0
2187,-7.0,19.0,233.0,6.0,61.0,-1.0,3.0,93.0,1013.0
2188,-7.0,18.0,233.0,-2.0,58.0,-3.0,4.0,100.0,1019.0
2189,-7.0,17.0,231.0,-7.0,57.0,-2.0,0.0,96.0,1018.0
2190,-6.0,19.0,226.0,-12.0,56.0,-4.0,3.0,98.0,1015.0
2191,-8.0,18.0,229.0,-15.0,54.0,-2.0,3.0,91.0,1017.0
2192,-5.0,17.0,226.0,-19.0,54.0,-2.0,6.0,99.0,1014.0
2193,-10.0,19.0,234.0,-20.0,54.0,0.0,6.0,98.0,1015.0
2194,-10.0,10.0,242.0,-21.0,53.0,-2.0,8.0,92.0,1010.0
2195,-8.0,19.0,230.0,-19.0,54.0,0.0,5.0,90.0,1014.0
2196,-7.0,19.0,228.0,-19.0,54.0,-3.0,4.0,92.0,1012.0
2197,-5.0,17.0,226.0,-17.0,55.0,0.0,7.0,89.0,1012.0
2198,-7.0,20.0,228.0,-15.0,54.0,-2.0,6.0,88.0,1010.0
2199,-5.0,15.0,227.0,-12.0,56.0,1.0,6.0,89.0,1012.0
2200,-6.0,18.0,226.0,-8.0,55.0,-2.0,1.0,90.0,1014.0
2201,-7.0,18.0,226.0,-6.0,56.0,0.0,3.0,85.0,1012.0
2202,-6.0,15.0,228.0,-4.0,57.0,-3.0,5.0,88.0,1018.0
2203,-6.0,13.0,230.0,-3.0,58.0,-1.0,-1.0,93.0,1015.0
2204,-1.0,23.0,230.0,0.0,58.0,-3.0,4.0,90.0,1015.0
2205,-2.0,27.0,232.0,1.0,60.0,0.0,7.0,92.0,1017.0
2206,-8.0,19.0,228.0,2.0,58.0,-3.0,7.0,88.0,1012.0
2207,-7.0,16.0,225.0,1.0,61.0,-3.0,7.0,88.0,1015.0
2208,-6.0,19.0,232.0,1.0,59.0,-5.0,10.0,91.0,1017.0
2209,-7.0,18.0,229.0,0.0,58.0,-4.0,5.0,96.0,1017.0
2210,-7.0,17.0,226.0,0.0,59.0,-5.0,6.0,91.0,1014.0
2211,-5.0,18.0,231.0,0.0,58.0,-1.0,9.0,92.0,1014.0
2212,-4.0,23.0,229.0,0.0,58.0,-2.0,2.0,94.0,1013.0
2213,-6.0,17.0,227.0,-1.0,57.0,-1.0,6.0,94.0,1012.0
2214,-7.0,16.0,232.0,-2.0,56.0,-2.0,6.0,96.0,1014.0
2215,-5.0,18.0,230.0,-3.0,57.0,0.0,4.0,97.0,1013.0
2216,-2.0,13.0,244.0,-4.0,58.0,-2.0,4.0,98.0,1013.0
2217,-8.0,22.0,230.0,-4.0,56.0,0.0,5.0,96.0,1017.0
2218,-3.0,17.0,229.0,-4.0,55.0,-1.0,7.0,94.0,1017.0
2219,-5.0,20.0,229.0,-5.0,57.0,-1.0,0.0,94.0,1019.0
2220,-5.0,20.0,232.0,-6.0,57.0,-2.0,3.0,92.0,1011.0
2221,-4.0,17.0,230.0,-6.0,57.0,-3.0,6.0,93.0,1017.0
2222,-7.0,19.0,227.0,-9.0,56.0,-3.0,7.0,97.0,1016.0
2223,-7.0,18.0,230.0,-8.0,57.0,-3.0,2.0,89.0,1014.0
2224,-7.0,20.0,228.0,-11.0,57.0,-3.0,6.0,88.0,1014.0
2225,-8.0,17.0,233.0,-10.0,58.0,-4.0,2.0,91.0,1015.0
2226,-6.0,19.0,226.0,-11.0,58.0,-4.0,2.0,91.0,1012.0
2227,-3.0,27.0,220.0,-11.0,58.0,-2.0,4.0,92.0,1018.0
2228,-8.0,18.0,234.0,-12.0,59.0,-4.0,6.0,90.0,1013.0
2229,-10.0,21.0,228.0,-14.0,59.0,-3.0,2.0,87.0,1014.0
2230,-7.0,21.0,230.0,-12.0,60.0,-3.0,9.0,95.0,1015.0
2231,-7.0,19.0,227.0,-12.0,61.0,-4.0,3.0,91.0,1014.0
2232,-7.0,17.0,228.0,-12.0,59.0,-6.0,7.0,95.0,1017.0
2233,-7.0,18.0,228.0,-10.0,57.0,-6.0,4.0,89.0,1012.0
2234,-8.0,20.0,231.0,-10.0,59.0,-5.0,6.0,91.0,1014.0
2235,-9.0,17.0,229.0,-7.0,59.0,-5.0,4.0,91.0,1016.0
2236,-9.0,17.0,233.0,-4.0,59.0,-4.0,4.0,95.0,1010.0
2237,-7.0,18.0,232.0,-3.0,59.0,-5.0,5.0,96.0,1013.0
2238,-4.0,28.0,215.0,0.0,59.0,-2.0,8.0,98.0,1015.0
2239,-5.0,17.0,229.0,2.0,61.0,-4.0,6.0,92.0,1012.0
2240,-7.0,19.0,229.0,1.0,61.0,-2.0,7.0,95.0,1019.0
2241,-6.0,20.0,227.0,3.0,60.0,-4.0,7.0,95.0,1011.0
2242,-7.0,19.0,228.0,3.0,60.0,-3.0,0.0,99.0,1012.0
2243,-9.0,21.0,231.0,4.0,59.0,-5.0,4.0,98.0,1015.0
2244,-8.0,18.0,230.0,1.0,58.0,-5.0,2.0,96.0,1015.0
2245,-8.0,19.0,235.0,0.0,58.0,-6.0,8.0,103.0,1015.0
2246,-6.0,22.0,231.0,-1.0,57.0,-4.0,7.0,104.0,1014.0
2247,-7.0,21.0,231.0,-2.0,58.0,-5.0,3.0,95.0,1016.0
2248,-10.0,19.0,232.0,-5.0,57.0,-4.0,6.0,99.0,1017.0
2249,-1.0,34.0,224.0,-8.0,57.0,-7.0,4.0,99.0,1018.0
2250,-7.0,17.0,234.0,-12.0,57.0,-4.0,6.0,95.0,1019.0
2251,-9.0,21.0,235.0,-15.0,57.0,-7.0,5.0,100.0,1018.0
2252,-7.0,17.0,231.0,-16.0,56.0,-3.0,5.0,94.0,1018.0
2253,-9.0,19.0,231.0,-19.0,56.0,-5.0,5.0,95.0,1013.0
2254,-6.0,18.0,232.0,-20.0,56.0,-3.0,3.0,93.0,1012.0
2255,-7.0,17.0,226.0,-21.0,56.0,-4.0,13.0,92.0,1016.0
2256,-10.0,16.0,231.0,-21.0,55.0,-2.0,5.0,92.0,1017.0
2257,-6.0,18.0,229.0,-18.0,54.0,-3.0,5.0,93.0,1015.0
2258,-7.0,18.0,223.0,-17.0,54.0,-2.0,8.0,93.0,1016.0
2259,-7.0,10.0,228.0,-15.0,54.0,-4.0,5.0,93.0,1012.0
2260,-7.0,18.0,228.0,-12.0,55.0,0.0,10.0,94.0,1015.0
2261,-5.0,18.0,229.0,-8.0,54.0,-3.0,7.0,92.0,1013.0
2262,-6.0,17.0,226.0,-8.0,55.0,0.0,5.0,92.0,1012.0
2263,-6.0,21.0,231.0,-4.0,55.0,-4.0,4.0,95.0,1014.0
2264,-7.0,19.0,227.0,-3.0,55.0,-2.0,8.0,96.0,1015.0
2265,-6.0,19.0,230.0,-1.0,58.0,-5.0,5.0,90.0,1013.0
2266,-10.0,21.0,228.0,-1.0,59.0,-2.0,3.0,94.0,1012.0
2267,-5.0,18.0,229.0,-1.0,59.0,-4.0,7.0,91.0,1015.0
2268,-7.0,17.0,231.0,-2.0,58.0,-2.0,6.0,96.0,1011.0
2269,-5.0,20.0,228.0,-4.0,57.0,-3.0,5.0,93.0,1018.0
2270,0.0,26.0,219.0,-6.0,58.0,-2.0,7.0,94.0,1019.0
2271,-3.0,19.0,232.0,-9.0,56.0,-5.0,5.0,97.0,1013.0
2272,-8.0,19.0,233.0,-11.0,57.0,-3.0,7.0,96.0,1012.0
2273,-7.0,19.0,229.0,-13.0,57.0,-5.0,4.0,96.0,1015.0
2274,-5.0,17.0,234.0,-14.0,56.0,-2.0,3.0,97.0,1016.0
2275,-5.0,20.0,231.0,-16.0,57.0,-4.0,5.0,94.0,1014.0
2276,-7.0,17.0,229.0,-16.0,55.0,-1.0,6.0,95.0,1015.0
2277,-4.0,19.0,229.0,-15.0,55.0,-3.0,6.0,91.0,1015.0
2278,-6.0,17.0,224.0,-15.0,55.0,-2.0,7.0,91.0,1012.0
2279,-6.0,20.0,235.0,-14.0,55.0,-3.0,3.0,91.0,1015.0
2280,-8.0,17.0,230.0,-12.0,57.0,-2.0,3.0,87.0,1014.0
2281,-5.0,23.0,214.0,-10.0,57.0,-3.0,2.0,94.0,1018.0
2282,-6.0,20.0,231.0,-8.0,56.0,-2.0,-1.0,97.0,1015.0
2283,-6.0,17.0,229.0,-7.0,55.0,-3.0,7.0,91.0,1016.0
2284,-8.0,20.0,228.0,-5.0,56.0,-2.0,3.0,97.0,1011.0
2285,-9.0,21.0,232.0,-5.0,57.0,-5.0,5.0,96.0,1014.0
2286,-9.0,19.0,227.0,-4.0,58.0,-4.0,2.0,94.0,1014.0
2287,-4.0,18.0,231.0,-5.0,59.0,-3.0,2.0,100.0,1015.0
2288,-3.0,18.0,228.0,-5.0,59.0,-3.0,-1.0,91.0,1011.0
2289,-7.0,17.0,232.0,-5.0,58.0,-5.0,0.0,94.0,1011.0
2290,-8.0,21.0,230.0,-7.0,57.0,-3.0,5.0,94.0,1015.0
2291,-7.0,18.0,232.0,-8.0,59.0,-4.0,1.0,94.0,1014.0
2292,-10.0,9.0,242.0,-8.0,60.0,-6.0,7.0,95.0,1015.0
2293,-7.0,20.0,231.0,-9.0,60.0,-5.0,3.0,90.0,1015.0
2294,-5.0,18.0,225.0,-8.0,59.0,-4.0,4.0,93.0,1014.0
2295,-8.0,19.0,230.0,-9.0,60.0,-4.0,2.0,98.0,1016.0
2296,-6.0,17.0,233.0,-8.0,59.0,-5.0,1.0,95.0,1013.0
2297,-8.0,17.0,229.0,-7.0,58.0,-2.0,4.0,95.0,1007.0
2298,-4.0,19.0,230.0,-7.0,56.0,-4.0,6.0,96.0,1015.0
2299,-7.0,15.0,229.0,-6.0,55.0,-3.0,4.0,103.0,1012.0
2300,-6.0,21.0,229.0,-6.0,57.0,-4.0,6.0,94.0,1016.0
2301,-8.0,20.0,228.0,-6.0,56.0,-3.0,5.0,100.0,1016.0
2302,-9.0,20.0,228.0,-5.0,56.0,-4.0,4.0,97.0,1015.0
2303,2.0,23.0,236.0,-5.0,55.0,-4.0,6.0,96.0,1018.0
2304,-8.0,22.0,230.0,-6.0,56.0,-4.0,4.0,100.0,1011.0
2305,-5.0,20.0,231.0,-5.0,55.0,-3.0,3.0,100.0,1016.0
2306,-5.0,22.0,231.0,-5.0,56.0,-6.0,2.0,95.0,1010.0
2307,-8.0,22.0,232.0,-4.0,56.0,-3.0,3.0,96.0,1017.0
2308,-9.0,20.0,226.0,-4.0,56.0,-5.0,3.0,96.0,1016.0
2309,-9.0,19.0,232.0,-6.0,57.0,-2.0,1.0,100.0,1016.0
2310,-6.0,17.0,230.0,-8.0,57.0,-6.0,3.0,97.0,1017.0
2311,-8.0,22.0,225.0,-11.0,57.0,-4.0,1.0,96.0,1019.0
2312,-3.0,18.0,233.0,-16.0,57.0,-7.0,4.0,102.0,1021.0
2313,-9.0,20.0,229.0,-20.0,58.0,-6.0,-1.0,98.0,1022.0
2314,3.0,23.0,233.0,-23.0,57.0,-9.0,6.0,92.0,1024.0
2315,-6.0,17.0,232.0,-26.0,56.0,-6.0,5.0,96.0,1021.0
2316,-7.0,17.0,235.0,-25.0,55.0,-7.0,3.0,90.0,1018.0
2317,-11.0,18.0,226.0,-24.0,53.0,-5.0,5.0,85.0,1012.0
2318,-7.0,16.0,228.0,-20.0,53.0,-4.0,6.0,85.0,1013.0
2319,-7.0,17.0,228.0,-15.0,50.0,-1.0,7.0,87.0,1010.0
2320,-8.0,15.0,231.0,-11.0,52.0,-3.0,4.0,89.0,1003.0
2321,-5.0,18.0,228.0,-5.0,53.0,-1.0,4.0,85.0,1008.0
2322,-5.0,18.0,229.0,2.0,54.0,-3.0,7.0,97.0,1010.0
2323,-7.0,17.0,228.0,9.0,55.0,-1.0,3.0,89.0,1009.0
2324,-1.0,19.0,233.0,16.0,56.0,-2.0,6.0,88.0,1012.0
2325,-8.0,16.0,226.0,26.0,55.0,-1.0,6.0,93.0,1010.0
2326,-8.0,19.0,227.0,32.0,55.0,-2.0,6.0,100.0,1007.0
2327,-7.0,21.0,230.0,38.0,57.0,-2.0,1.0,102.0,1013.0
2328,-9.0,19.0,229.0,38.0,57.0,-4.0,4.0,100.0,1014.0
2329,-9.0,18.0,231.0,41.0,58.0,-1.0,7.0,99.0,1012.0
2330,-8.0,23.0,232.0,43.0,57.0,-3.0,5.0,103.0,1015.0
2331,-7.0,23.0,231.0,43.0,57.0,-1.0,1.0,100.0,1012.0
2332,-8.0,20.0,228.0,40.0,58.0,-2.0,5.0,102.0,1012.0
2333,-8.0,21.0,231.0,35.0,58.0,0.0,7.0,102.0,1017.0
2334,-8.0,24.0,229.0,25.0,57.0,-1.0,1.0,108.0,1019.0
2335,-3.0,21.0,227.0,15.0,57.0,0.0,4.0,103.0,1014.0
2336,-5.0,31.0,218.0,7.0,57.0,-2.0,3.0,105.0,1016.0
2337,-6.0,24.0,231.0,-1.0,57.0,0.0,3.0,104.0,1021.0
2338,-5.0,24.0,229.0,-9.0,56.0,-3.0,5.0,108.0,1018.0
2339,-7.0,20.0,230.0,-16.0,57.0,-3.0,8.0,108.0,1016.0
2340,-6.0,22.0,232.0,-19.0,55.0,-4.0,4.0,108.0,1023.0
2341,-8.0,23.0,230.0,-25.0,53.0,-3.0,7.0,105.0,1017.0
2342,-5.0,20.0,228.0,-27.0,53.0,-5.0,8.0,106.0,1016.0
2343,-7.0,17.0,231.0,-30.0,54.0,-3.0,7.0,106.0,1015.0
2344,-3.0,23.0,230.0,-32.0,52.0,-3.0,3.0,105.0,1014.0
2345,-8.0,18.0,234.0,-32.0,51.0,-3.0,6.0,103.0,1011.0
2346,-5.0,18.0,229.0,-30.0,51.0,-3.0,5.0,99.0,1013.0
2347,-7.0,24.0,220.0,-29.0,51.0,-3.0,6.0,99.0,1014.0
2348,-7.0,19.0,227.0,-26.0,53.0,-3.0,8.0,95.0,1014.0
2349,-6.0,16.0,229.0,-22.0,54.0,-2.0,6.0,98.0,1014.0
2350,-6.0,22.0,231.0,-18.0,54.0,-3.0,5.0,99.0,1012.0
2351,-5.0,17.0,228.0,-13.0,56.0,-3.0,7.0,96.0,1013.0
2352,-5.0,18.0,229.0,-8.0,56.0,-3.0,6.0,93.0,1013.0
2353,-9.0,21.0,229.0,-4.0,55.0,-4.0,8.0,102.0,1016.0
2354,-7.0,21.0,231.0,-3.0,57.0,-4.0,3.0,97.0,1014.0
2355,-5.0,20.0,227.0,-1.0,59.0,-3.0,2.0,95.0,1012.0
2356,-9.0,21.0,229.0,-2.0,59.0,-4.0,6.0,95.0,1014.0
2357,-6.0,21.0,233.0,-2.0,59.0,-5.0,4.0,101.0,1014.0
2358,-10.0,21.0,226.0,-2.0,59.0,-4.0,3.0,98.0,1016.0
2359,-7.0,20.0,230.0,-2.0,60.0,-6.0,6.0,103.0,1015.0
2360,-6.0,19.0,229.0,-5.0,59.0,-4.0,2.0,98.0,1014.0
2361,-7.0,24.0,230.0,-7.0,59.0,-6.0,7.0,101.0,1014.0
2362,-4.0,18.0,232.0,-8.0,60.0,-5.0,2.0,95.0,1014.0
2363,-4.0,21.0,233.0,-10.0,59.0,-6.0,4.0,98.0,1013.0
2364,-8.0,22.0,229.0,-12.0,58.0,-3.0,4.0,99.0,1008.0
2365,-4.0,20.0,230.0,-12.0,57.0,-5.0,6.0,102.0,1012.0
2366,-9.0,20.0,227.0,-13.0,57.0,-3.0,3.0,101.0,1012.0
2367,-5.0,20.0,230.0,-13.0,57.0,-5.0,5.0,98.0,1016.0
2368,0.0,17.0,227.0,-12.0,56.0,-3.0,4.0,102.0,1013.0
2369,-7.0,19.0,228.0,-13.0,55.0,-5.0,4.0,100.0,1016.0
2370,-6.0,19.0,232.0,-14.0,57.0,-2.0,6.0,106.0,1013.0
2371,-7.0,21.0,231.0,-14.0,57.0,-4.0,4.0,103.0,1018.0
2372,-6.0,20.0,230.0,-13.0,58.0,-3.0,4.0,100.0,1011.0
2373,-7.0,19.0,229.0,-12.0,58.0,-4.0,2.0,104.0,1015.0
2374,-8.0,19.0,228.0,-12.0,58.0,-2.0,1.0,104.0,1015.0
2375,-8.0,22.0,230.0,-13.0,59.0,-6.0,2.0,95.0,1011.0
2376,-6.0,24.0,229.0,-13.0,58.0,-3.0,2.0,101.0,1016.0
2377,-7.0,19.0,226.0,-13.0,59.0,-4.0,-1.0,99.0,1015.0
2378,-6.0,22.0,233.0,-11.0,59.0,-4.0,4.0,98.0,1018.0
2379,5.0,24.0,221.0,-12.0,59.0,-6.0,1.0,98.0,1015.0
2380,-8.0,20.0,229.0,-12.0,60.0,-3.0,1.0,99.0,1010.0
2381,-7.0,20.0,226.0,-12.0,58.0,-6.0,1.0,97.0,1016.0
2382,-10.0,20.0,230.0,-12.0,59.0,-4.0,4.0,102.0,1015.0
2383,-6.0,21.0,231.0,-11.0,59.0,-6.0,4.0,98.0,1016.0
2384,-7.0,20.0,230.0,-11.0,59.0,-5.0,3.0,101.0,1013.0
2385,-9.0,20.0,231.0,-9.0,59.0,-6.0,4.0,100.0,1013.0
2386,-4.0,22.0,229.0,-8.0,59.0,-3.0,4.0,100.0,1012.0
2387,-9.0,18.0,229.0,-7.0,58.0,-7.0,2.0,103.0,1012.0
2388,-9.0,21.0,232.0,-6.0,59.0,-5.0,0.0,96.0,1011.0
2389,-9.0,23.0,229.0,-5.0,59.0,-6.0,5.0,100.0,1014.0
2390,1.0,27.0,221.0,-4.0,58.0,-3.0,5.0,96.0,1013.0
2391,-9.0,21.0,230.0,-2.0,61.0,-7.0,1.0,98.0,1015.0
2392,-8.0,22.0,229.0,-4.0,61.0,-4.0,2.0,98.0,1014.0
2393,-8.0,20.0,230.0,-4.0,59.0,-5.0,3.0,100.0,1014.0
2394,-9.0,25.0,232.0,-3.0,60.0,-2.0,4.0,103.0,1015.0
2395,-6.0,22.0,228.0,-3.0,60.0,-6.0,3.0,101.0,1013.0
2396,-9.0,23.0,227.0,-5.0,58.0,-5.0,4.0,106.0,1014.0
2397,-8.0,23.0,230.0,-5.0,59.0,-5.0,6.0,104.0,1015.0
2398,-9.0,19.0,229.0,-7.0,58.0,-2.0,6.0,101.0,1015.0
2399,-8.0,21.0,229.0,-8.0,57.0,-5.0,8.0,106.0,1016.0
