,0,1,2,3,4,5,6,7,8
0,-7.0,-253.0,-65.0,-44.0,7.0,-6.0,-33.0,-974.0,-121.0
1,-7.0,-253.0,-66.0,-44.0,8.0,-7.0,-26.0,-978.0,-122.0
2,-12.0,-252.0,-65.0,-42.0,8.0,-6.0,-31.0,-977.0,-120.0
3,-10.0,-252.0,-59.0,-41.0,7.0,-7.0,-28.0,-979.0,-114.0
4,-12.0,-249.0,-61.0,-41.0,10.0,-6.0,-29.0,-973.0,-117.0
5,2.0,-248.0,-67.0,-40.0,10.0,-8.0,-31.0,-973.0,-119.0
6,-6.0,-252.0,-63.0,-42.0,7.0,-9.0,-32.0,-970.0,-117.0
7,-7.0,-251.0,-63.0,-43.0,8.0,-8.0,-29.0,-969.0,-119.0
8,-12.0,-251.0,-66.0,-45.0,6.0,-8.0,-30.0,-973.0,-121.0
9,-11.0,-249.0,-60.0,-49.0,3.0,-10.0,-33.0,-972.0,-118.0
10,-8.0,-251.0,-64.0,-50.0,2.0,-10.0,-29.0,-971.0,-115.0
11,-12.0,-254.0,-64.0,-49.0,1.0,-9.0,-32.0,-975.0,-117.0
12,-10.0,-251.0,-61.0,-47.0,0.0,-10.0,-32.0,-977.0,-116.0
13,-10.0,-253.0,-62.0,-44.0,-1.0,-9.0,-32.0,-978.0,-117.0
14,-9.0,-250.0,-60.0,-45.0,-1.0,-8.0,-31.0,-974.0,-120.0
15,-7.0,-251.0,-61.0,-44.0,-1.0,-8.0,-28.0,-976.0,-116.0
16,-8.0,-251.0,-62.0,-44.0,-1.0,-7.0,-31.0,-975.0,-121.0
17,-8.0,-253.0,-65.0,-43.0,-2.0,-7.0,-32.0,-976.0,-123.0
18,-8.0,-252.0,-61.0,-45.0,-4.0,-5.0,-28.0,-975.0,-117.0
19,-6.0,-251.0,-62.0,-48.0,-5.0,-4.0,-28.0,-977.0,-126.0
20,-7.0,-251.0,-63.0,-48.0,-5.0,-4.0,-26.0,-976.0,-117.0
21,-11.0,-249.0,-62.0,-50.0,-5.0,-6.0,-32.0,-975.0,-120.0
22,-7.0,-252.0,-62.0,-49.0,-6.0,-5.0,-31.0,-971.0,-115.0
23,-8.0,-254.0,-62.0,-48.0,-5.0,-6.0,-27.0,-977.0,-116.0
24,-8.0,-253.0,-62.0,-46.0,-6.0,-5.0,-26.0,-977.0,-117.0
25,-6.0,-251.0,-65.0,-40.0,-4.0,-5.0,-24.0,-975.0,-116.0
26,-9.0,-252.0,-61.0,-38.0,-3.0,-5.0,-29.0,-973.0,-123.0
27,-7.0,-251.0,-62.0,-37.0,-1.0,-4.0,-24.0,-973.0,-115.0
28,-9.0,-251.0,-63.0,-37.0,-1.0,-6.0,-23.0,-976.0,-116.0
29,-9.0,-251.0,-65.0,-36.0,0.0,-6.0,-23.0,-970.0,-122.0
30,-6.0,-250.0,-64.0,-39.0,-1.0,-6.0,-29.0,-969.0,-126.0
31,-7.0,-251.0,-67.0,-43.0,-1.0,-6.0,-25.0,-967.0,-120.0
32,-8.0,-249.0,-70.0,-48.0,0.0,-6.0,-29.0,-970.0,-119.0
33,-10.0,-250.0,-60.0,-52.0,0.0,-5.0,-30.0,-967.0,-124.0
34,-10.0,-252.0,-65.0,-58.0,1.0,-6.0,-29.0,-974.0,-126.0
35,-10.0,-250.0,-60.0,-59.0,2.0,-5.0,-35.0,-976.0,-124.0
36,-9.0,-252.0,-65.0,-59.0,1.0,-5.0,-30.0,-974.0,-116.0
37,-8.0,-254.0,-62.0,-55.0,1.0,-4.0,-35.0,-975.0,-116.0
38,-10.0,-252.0,-62.0,-48.0,2.0,-3.0,-33.0,-978.0,-118.0
39,-10.0,-253.0,-67.0,-42.0,3.0,-4.0,-31.0,-976.0,-115.0
40,-7.0,-252.0,-59.0,-33.0,2.0,-6.0,-33.0,-975.0,-118.0
41,-7.0,-253.0,-64.0,-26.0,1.0,-6.0,-34.0,-975.0,-120.0
42,-13.0,-250.0,-62.0,-23.0,-1.0,-6.0,-30.0,-976.0,-115.0
43,-10.0,-248.0,-67.0,-23.0,1.0,-6.0,-32.0,-974.0,-122.0
44,-10.0,-250.0,-65.0,-27.0,1.0,-5.0,-26.0,-968.0,-121.0
45,-8.0,-249.0,-65.0,-34.0,2.0,-6.0,-29.0,-974.0,-126.0
46,-7.0,-250.0,-65.0,-41.0,4.0,-5.0,-30.0,-969.0,-128.0
47,-4.0,-251.0,-62.0,-46.0,7.0,-2.0,-26.0,-969.0,-122.0
48,-11.0,-250.0,-62.0,-50.0,10.0,-3.0,-26.0,-974.0,-124.0
49,-9.0,-252.0,-68.0,-52.0,13.0,-5.0,-25.0,-974.0,-116.0
50,-5.0,-251.0,-64.0,-52.0,13.0,-4.0,-28.0,-974.0,-119.0
51,-6.0,-252.0,-62.0,-54.0,12.0,-3.0,-30.0,-978.0,-113.0
52,-9.0,-254.0,-64.0,-52.0,10.0,-4.0,-23.0,-971.0,-117.0
53,-7.0,-254.0,-59.0,-53.0,7.0,-3.0,-29.0,-978.0,-119.0
54,-8.0,-249.0,-60.0,-55.0,6.0,-3.0,-23.0,-976.0,-119.0
55,-7.0,-251.0,-63.0,-56.0,5.0,-3.0,-25.0,-975.0,-118.0
56,-9.0,-250.0,-65.0,-55.0,4.0,-4.0,-31.0,-976.0,-117.0
57,-10.0,-249.0,-63.0,-55.0,4.0,-3.0,-29.0,-972.0,-116.0
58,-11.0,-249.0,-66.0,-55.0,5.0,-3.0,-32.0,-971.0,-116.0
59,-10.0,-250.0,-64.0,-51.0,5.0,-3.0,-32.0,-970.0,-120.0
60,-9.0,-250.0,-64.0,-50.0,6.0,-1.0,-32.0,-972.0,-115.0
61,-7.0,-250.0,-65.0,-48.0,7.0,0.0,-26.0,-975.0,-120.0
62,-7.0,-254.0,-64.0,-46.0,9.0,0.0,-34.0,-972.0,-120.0
63,-9.0,-253.0,-64.0,-46.0,9.0,0.0,-31.0,-977.0,-115.0
64,-8.0,-251.0,-62.0,-45.0,8.0,-2.0,-30.0,-975.0,-120.0
65,-9.0,-251.0,-61.0,-45.0,9.0,-1.0,-29.0,-974.0,-115.0
66,-8.0,-250.0,-62.0,-47.0,8.0,-2.0,-30.0,-975.0,-115.0
67,-11.0,-249.0,-63.0,-50.0,7.0,-1.0,-27.0,-981.0,-121.0
68,-10.0,-251.0,-62.0,-54.0,6.0,-2.0,-30.0,-978.0,-125.0
69,-7.0,-251.0,-66.0,-58.0,6.0,-3.0,-34.0,-976.0,-122.0
70,-10.0,-251.0,-60.0,-60.0,8.0,-3.0,-24.0,-980.0,-116.0
71,-9.0,-251.0,-65.0,-62.0,7.0,-5.0,-23.0,-984.0,-119.0
72,-7.0,-251.0,-63.0,-63.0,8.0,-4.0,-29.0,-977.0,-120.0
73,-8.0,-250.0,-63.0,-62.0,10.0,-6.0,-27.0,-974.0,-120.0
74,-6.0,-253.0,-62.0,-59.0,10.0,-5.0,-26.0,-973.0,-123.0
75,-10.0,-252.0,-66.0,-56.0,13.0,-6.0,-27.0,-979.0,-123.0
76,-9.0,-253.0,-65.0,-51.0,14.0,-5.0,-26.0,-978.0,-119.0
77,-9.0,-250.0,-67.0,-47.0,15.0,-5.0,-29.0,-977.0,-121.0
78,-8.0,-253.0,-66.0,-41.0,14.0,-5.0,-32.0,-979.0,-113.0
79,-8.0,-254.0,-63.0,-37.0,15.0,-5.0,-33.0,-977.0,-122.0
80,-10.0,-250.0,-65.0,-34.0,17.0,-7.0,-30.0,-976.0,-118.0
81,-10.0,-251.0,-63.0,-34.0,15.0,-5.0,-31.0,-977.0,-128.0
82,-8.0,-251.0,-67.0,-33.0,12.0,-6.0,-28.0,-977.0,-124.0
83,-9.0,-252.0,-64.0,-32.0,11.0,-6.0,-28.0,-975.0,-122.0
84,-9.0,-250.0,-66.0,-35.0,11.0,-5.0,-30.0,-970.0,-120.0
85,-11.0,-251.0,-65.0,-36.0,10.0,-5.0,-27.0,-971.0,-127.0
86,-7.0,-252.0,-66.0,-36.0,10.0,-5.0,-29.0,-974.0,-125.0
87,-7.0,-251.0,-65.0,-38.0,13.0,-5.0,-35.0,-974.0,-122.0
88,-9.0,-250.0,-61.0,-41.0,12.0,-5.0,-29.0,-975.0,-113.0
89,-9.0,-251.0,-62.0,-43.0,12.0,-5.0,-31.0,-974.0,-113.0
90,-7.0,-252.0,-61.0,-44.0,12.0,-5.0,-31.0,-978.0,-115.0
91,-10.0,-250.0,-57.0,-45.0,13.0,-5.0,-32.0,-972.0,-106.0
92,-9.0,-251.0,-61.0,-41.0,13.0,-6.0,-31.0,-978.0,-111.0
93,-7.0,-251.0,-60.0,-40.0,13.0,-4.0,-32.0,-975.0,-113.0
94,-8.0,-250.0,-60.0,-38.0,13.0,-6.0,-27.0,-975.0,-111.0
95,-8.0,-251.0,-59.0,-36.0,12.0,-7.0,-30.0,-977.0,-113.0
96,-9.0,-253.0,-60.0,-35.0,12.0,-5.0,-33.0,-978.0,-115.0
97,-11.0,-250.0,-64.0,-34.0,11.0,-5.0,-31.0,-979.0,-113.0
98,-7.0,-250.0,-61.0,-36.0,11.0,-4.0,-32.0,-972.0,-114.0
99,-6.0,-252.0,-62.0,-36.0,12.0,-4.0,-27.0,-974.0,-118.0
100,-10.0,-250.0,-64.0,-39.0,15.0,-5.0,-26.0,-970.0,-118.0
101,-7.0,-251.0,-63.0,-41.0,14.0,-4.0,-35.0,-972.0,-118.0
102,-7.0,-251.0,-63.0,-44.0,15.0,-4.0,-28.0,-974.0,-118.0
103,-9.0,-250.0,-61.0,-45.0,16.0,-4.0,-32.0,-976.0,-113.0
104,-6.0,-249.0,-65.0,-44.0,18.0,-3.0,-31.0,-974.0,-114.0
105,-8.0,-253.0,-61.0,-45.0,18.0,-2.0,-32.0,-975.0,-113.0
106,-10.0,-251.0,-60.0,-46.0,18.0,-3.0,-30.0,-976.0,-116.0
107,-7.0,-255.0,-59.0,-43.0,18.0,-4.0,-30.0,-972.0,-113.0
108,-8.0,-250.0,-63.0,-42.0,18.0,-4.0,-25.0,-974.0,-117.0
109,-8.0,-251.0,-61.0,-39.0,18.0,-5.0,-29.0,-968.0,-116.0
110,-8.0,-252.0,-60.0,-38.0,19.0,-4.0,-29.0,-978.0,-116.0
111,-10.0,-250.0,-62.0,-36.0,20.0,-5.0,-32.0,-978.0,-122.0
112,-8.0,-251.0,-64.0,-37.0,20.0,-6.0,-32.0,-974.0,-125.0
113,-8.0,-251.0,-64.0,-38.0,20.0,-5.0,-26.0,-976.0,-126.0
114,-8.0,-249.0,-67.0,-42.0,21.0,-6.0,-35.0,-975.0,-125.0
115,-5.0,-254.0,-64.0,-43.0,21.0,-6.0,-29.0,-970.0,-126.0
116,-10.0,-250.0,-63.0,-43.0,20.0,-6.0,-36.0,-978.0,-120.0
117,-11.0,-250.0,-66.0,-42.0,20.0,-5.0,-32.0,-974.0,-121.0
118,-11.0,-252.0,-62.0,-42.0,21.0,-3.0,-31.0,-975.0,-118.0
119,-10.0,-249.0,-66.0,-40.0,21.0,-4.0,-32.0,-981.0,-112.0
120,-8.0,-253.0,-65.0,-38.0,22.0,-4.0,-30.0,-987.0,-111.0
121,-9.0,-252.0,-56.0,-35.0,21.0,-3.0,-27.0,-973.0,-109.0
122,-10.0,-251.0,-61.0,-31.0,20.0,-3.0,-33.0,-975.0,-105.0
123,-9.0,-249.0,-58.0,-28.0,19.0,-3.0,-26.0,-975.0,-99.0
124,-8.0,-250.0,-64.0,-27.0,18.0,-4.0,-31.0,-974.0,-115.0
125,-7.0,-251.0,-64.0,-32.0,16.0,-2.0,-28.0,-971.0,-109.0
126,-9.0,-250.0,-62.0,-35.0,15.0,-2.0,-26.0,-970.0,-118.0
127,-8.0,-253.0,-65.0,-44.0,13.0,-4.0,-29.0,-970.0,-119.0
128,-10.0,-249.0,-65.0,-50.0,14.0,-4.0,-29.0,-970.0,-116.0
129,-8.0,-251.0,-64.0,-55.0,15.0,-5.0,-34.0,-969.0,-122.0
130,-10.0,-251.0,-61.0,-57.0,15.0,-4.0,-35.0,-974.0,-117.0
131,-7.0,-251.0,-62.0,-58.0,16.0,-3.0,-36.0,-973.0,-114.0
132,-11.0,-252.0,-60.0,-56.0,17.0,-4.0,-34.0,-976.0,-112.0
133,-10.0,-251.0,-61.0,-51.0,15.0,-4.0,-33.0,-976.0,-116.0
134,-11.0,-255.0,-59.0,-45.0,16.0,-4.0,-33.0,-971.0,-110.0
135,-11.0,-247.0,-60.0,-37.0,16.0,-4.0,-29.0,-977.0,-110.0
136,-6.0,-253.0,-63.0,-34.0,15.0,-4.0,-28.0,-981.0,-107.0
137,-7.0,-254.0,-58.0,-32.0,17.0,-5.0,-30.0,-977.0,-114.0
138,-9.0,-253.0,-60.0,-31.0,16.0,-5.0,-31.0,-973.0,-116.0
139,-8.0,-252.0,-63.0,-32.0,17.0,-5.0,-28.0,-975.0,-111.0
140,-9.0,-248.0,-64.0,-34.0,18.0,-4.0,-28.0,-973.0,-113.0
141,-8.0,-250.0,-62.0,-38.0,18.0,-6.0,-31.0,-972.0,-118.0
142,-10.0,-249.0,-61.0,-43.0,17.0,-4.0,-30.0,-973.0,-118.0
143,-5.0,-250.0,-62.0,-47.0,17.0,-5.0,-32.0,-972.0,-115.0
144,-10.0,-251.0,-61.0,-52.0,16.0,-5.0,-29.0,-973.0,-121.0
145,-10.0,-251.0,-61.0,-57.0,16.0,-4.0,-33.0,-975.0,-115.0
146,-10.0,-251.0,-60.0,-59.0,15.0,-4.0,-29.0,-973.0,-115.0
147,-10.0,-251.0,-62.0,-63.0,15.0,-5.0,-33.0,-974.0,-117.0
148,-11.0,-251.0,-61.0,-66.0,15.0,-6.0,-27.0,-979.0,-114.0
149,-12.0,-251.0,-62.0,-67.0,15.0,-4.0,-24.0,-980.0,-113.0
150,-6.0,-254.0,-63.0,-67.0,16.0,-4.0,-31.0,-982.0,-115.0
151,-9.0,-253.0,-63.0,-66.0,15.0,-4.0,-27.0,-975.0,-110.0
152,-7.0,-254.0,-61.0,-63.0,15.0,-3.0,-26.0,-984.0,-108.0
153,-10.0,-251.0,-58.0,-60.0,15.0,-2.0,-27.0,-982.0,-109.0
154,-9.0,-251.0,-62.0,-56.0,13.0,-1.0,-31.0,-979.0,-111.0
155,-7.0,-253.0,-65.0,-51.0,13.0,-3.0,-28.0,-981.0,-116.0
156,-8.0,-251.0,-62.0,-47.0,13.0,-1.0,-29.0,-978.0,-112.0
157,-9.0,-259.0,-66.0,-46.0,15.0,0.0,-31.0,-982.0,-112.0
158,-12.0,-251.0,-62.0,-46.0,13.0,-1.0,-27.0,-977.0,-113.0
159,-7.0,-251.0,-61.0,-45.0,14.0,0.0,-28.0,-977.0,-111.0
160,-9.0,-253.0,-59.0,-47.0,12.0,-1.0,-29.0,-975.0,-114.0
161,-9.0,-251.0,-61.0,-48.0,12.0,1.0,-35.0,-977.0,-119.0
162,-11.0,-250.0,-58.0,-51.0,11.0,0.0,-32.0,-972.0,-118.0
163,-10.0,-252.0,-60.0,-52.0,13.0,-1.0,-31.0,-975.0,-121.0
164,-7.0,-252.0,-61.0,-53.0,12.0,-1.0,-25.0,-975.0,-117.0
165,-6.0,-254.0,-64.0,-54.0,12.0,-2.0,-29.0,-975.0,-116.0
166,-9.0,-250.0,-61.0,-53.0,11.0,-2.0,-29.0,-970.0,-126.0
167,-8.0,-252.0,-63.0,-53.0,16.0,-3.0,-31.0,-976.0,-113.0
168,-7.0,-251.0,-59.0,-51.0,15.0,-4.0,-28.0,-977.0,-117.0
169,-7.0,-251.0,-59.0,-49.0,18.0,-3.0,-30.0,-979.0,-118.0
170,-9.0,-255.0,-62.0,-48.0,17.0,-4.0,-30.0,-976.0,-115.0
171,-10.0,-252.0,-61.0,-47.0,16.0,-6.0,-29.0,-978.0,-112.0
172,-7.0,-256.0,-57.0,-46.0,18.0,-4.0,-29.0,-979.0,-112.0
173,-9.0,-253.0,-62.0,-47.0,19.0,-3.0,-28.0,-977.0,-115.0
174,-10.0,-251.0,-59.0,-48.0,17.0,-4.0,-26.0,-974.0,-113.0
175,-9.0,-253.0,-62.0,-48.0,17.0,-3.0,-25.0,-976.0,-117.0
176,-7.0,-251.0,-63.0,-48.0,17.0,-3.0,-30.0,-976.0,-116.0
177,-6.0,-253.0,-61.0,-50.0,17.0,-2.0,-29.0,-975.0,-114.0
178,-7.0,-253.0,-61.0,-47.0,16.0,-3.0,-30.0,-978.0,-117.0
179,-8.0,-254.0,-65.0,-45.0,16.0,-4.0,-30.0,-971.0,-120.0
180,-9.0,-253.0,-65.0,-44.0,14.0,-4.0,-33.0,-971.0,-117.0
181,-9.0,-252.0,-61.0,-45.0,15.0,-4.0,-32.0,-970.0,-117.0
182,-11.0,-250.0,-64.0,-43.0,15.0,-4.0,-30.0,-969.0,-116.0
183,-7.0,-252.0,-68.0,-44.0,16.0,-3.0,-27.0,-974.0,-111.0
184,-7.0,-253.0,-64.0,-47.0,17.0,-3.0,-28.0,-976.0,-115.0
185,-10.0,-250.0,-63.0,-49.0,18.0,-2.0,-25.0,-975.0,-114.0
186,-8.0,-250.0,-62.0,-51.0,18.0,-2.0,-31.0,-974.0,-116.0
187,-9.0,-252.0,-61.0,-49.0,16.0,-3.0,-27.0,-970.0,-100.0
188,-8.0,-253.0,-59.0,-47.0,14.0,-2.0,-28.0,-975.0,-107.0
189,-9.0,-251.0,-60.0,-46.0,14.0,-2.0,-27.0,-974.0,-114.0
190,-8.0,-251.0,-61.0,-45.0,13.0,-1.0,-29.0,-976.0,-112.0
191,-8.0,-251.0,-60.0,-42.0,14.0,-3.0,-31.0,-976.0,-113.0
192,-8.0,-250.0,-63.0,-43.0,13.0,-3.0,-28.0,-977.0,-116.0
193,-11.0,-250.0,-63.0,-45.0,13.0,-2.0,-29.0,-973.0,-119.0
194,-8.0,-253.0,-61.0,-47.0,12.0,-2.0,-31.0,-975.0,-115.0
195,-10.0,-253.0,-63.0,-52.0,13.0,-1.0,-32.0,-972.0,-115.0
196,-12.0,-248.0,-62.0,-56.0,14.0,-1.0,-28.0,-974.0,-116.0
197,-6.0,-251.0,-62.0,-59.0,13.0,0.0,-26.0,-975.0,-115.0
198,-7.0,-253.0,-63.0,-60.0,13.0,-1.0,-29.0,-972.0,-117.0
199,-10.0,-253.0,-59.0,-63.0,13.0,-1.0,-30.0,-974.0,-117.0
200,-10.0,-251.0,-61.0,-63.0,13.0,-2.0,-30.0,-976.0,-112.0
201,-7.0,-246.0,-70.0,-63.0,13.0,-4.0,-29.0,-976.0,-113.0
202,-6.0,-253.0,-61.0,-62.0,15.0,-2.0,-29.0,-976.0,-117.0
203,-8.0,-252.0,-58.0,-61.0,16.0,-4.0,-28.0,-977.0,-115.0
204,-9.0,-253.0,-64.0,-58.0,14.0,-3.0,-24.0,-981.0,-116.0
205,-9.0,-249.0,-64.0,-58.0,15.0,-4.0,-27.0,-975.0,-115.0
206,-7.0,-252.0,-63.0,-57.0,14.0,-3.0,-23.0,-972.0,-117.0
207,-8.0,-252.0,-63.0,-57.0,15.0,-3.0,-30.0,-976.0,-120.0
208,-11.0,-250.0,-67.0,-59.0,16.0,-5.0,-28.0,-974.0,-123.0
209,-6.0,-250.0,-66.0,-61.0,17.0,-5.0,-28.0,-975.0,-126.0
210,-8.0,-250.0,-62.0,-64.0,18.0,-5.0,-26.0,-976.0,-124.0
211,-8.0,-253.0,-65.0,-65.0,17.0,-5.0,-24.0,-981.0,-123.0
212,-7.0,-251.0,-61.0,-64.0,19.0,-3.0,-25.0,-980.0,-120.0
213,-8.0,-251.0,-63.0,-63.0,18.0,-1.0,-23.0,-975.0,-116.0
214,-12.0,-250.0,-59.0,-61.0,18.0,-1.0,-25.0,-976.0,-122.0
215,-10.0,-250.0,-65.0,-60.0,18.0,-1.0,-27.0,-973.0,-114.0
216,-8.0,-253.0,-64.0,-58.0,15.0,-2.0,-32.0,-973.0,-113.0
217,-6.0,-251.0,-61.0,-55.0,15.0,-2.0,-30.0,-976.0,-118.0
218,-7.0,-254.0,-60.0,-54.0,15.0,-2.0,-29.0,-977.0,-117.0
219,-8.0,-250.0,-63.0,-53.0,14.0,-1.0,-31.0,-978.0,-115.0
220,-8.0,-253.0,-62.0,-56.0,13.0,-2.0,-33.0,-975.0,-121.0
221,-8.0,-250.0,-69.0,-59.0,13.0,-3.0,-31.0,-973.0,-128.0
222,-5.0,-252.0,-64.0,-64.0,13.0,-2.0,-33.0,-976.0,-125.0
223,-6.0,-250.0,-64.0,-67.0,15.0,-2.0,-28.0,-975.0,-127.0
224,-9.0,-254.0,-66.0,-71.0,14.0,-2.0,-30.0,-975.0,-120.0
225,-9.0,-249.0,-66.0,-74.0,17.0,-3.0,-27.0,-974.0,-121.0
226,-9.0,-251.0,-61.0,-74.0,19.0,-3.0,-32.0,-980.0,-117.0
227,-9.0,-250.0,-63.0,-72.0,19.0,-3.0,-32.0,-977.0,-119.0
228,-10.0,-252.0,-62.0,-68.0,19.0,-4.0,-32.0,-983.0,-117.0
229,-10.0,-255.0,-64.0,-64.0,20.0,-5.0,-32.0,-978.0,-117.0
230,-7.0,-253.0,-58.0,-55.0,19.0,-4.0,-29.0,-975.0,-112.0
231,-8.0,-254.0,-62.0,-48.0,18.0,-6.0,-31.0,-978.0,-120.0
232,-9.0,-249.0,-63.0,-43.0,16.0,-4.0,-28.0,-974.0,-125.0
233,-10.0,-251.0,-64.0,-39.0,14.0,-4.0,-31.0,-971.0,-123.0
234,-10.0,-250.0,-61.0,-40.0,14.0,-3.0,-28.0,-972.0,-122.0
235,-7.0,-249.0,-62.0,-43.0,15.0,-2.0,-33.0,-969.0,-124.0
236,-9.0,-251.0,-65.0,-48.0,15.0,-3.0,-31.0,-972.0,-126.0
237,-9.0,-251.0,-68.0,-53.0,16.0,-2.0,-30.0,-971.0,-125.0
238,-10.0,-253.0,-68.0,-58.0,17.0,-2.0,-30.0,-971.0,-125.0
239,-9.0,-252.0,-65.0,-59.0,19.0,-1.0,-29.0,-976.0,-124.0
240,-6.0,-252.0,-64.0,-60.0,20.0,0.0,-31.0,-979.0,-119.0
241,-7.0,-249.0,-66.0,-60.0,18.0,0.0,-26.0,-975.0,-116.0
242,-8.0,-256.0,-65.0,-60.0,19.0,0.0,-25.0,-975.0,-113.0
243,-5.0,-253.0,-62.0,-59.0,19.0,-1.0,-28.0,-974.0,-115.0
244,-13.0,-255.0,-63.0,-60.0,18.0,-1.0,-26.0,-977.0,-118.0
245,-9.0,-253.0,-62.0,-60.0,17.0,1.0,-25.0,-973.0,-120.0
246,-7.0,-255.0,-64.0,-60.0,15.0,1.0,-28.0,-976.0,-125.0
247,-6.0,-252.0,-67.0,-59.0,15.0,0.0,-28.0,-972.0,-121.0
248,-8.0,-252.0,-66.0,-59.0,13.0,0.0,-31.0,-971.0,-124.0
249,-5.0,-252.0,-68.0,-60.0,13.0,0.0,-30.0,-972.0,-130.0
250,-9.0,-250.0,-64.0,-57.0,13.0,0.0,-29.0,-969.0,-125.0
251,-6.0,-250.0,-65.0,-57.0,17.0,0.0,-31.0,-968.0,-127.0
252,-10.0,-249.0,-65.0,-57.0,19.0,0.0,-25.0,-970.0,-126.0
253,-9.0,-250.0,-63.0,-56.0,20.0,1.0,-32.0,-974.0,-120.0
254,-9.0,-249.0,-60.0,-55.0,20.0,1.0,-32.0,-969.0,-124.0
255,-9.0,-252.0,-64.0,-57.0,21.0,1.0,-28.0,-968.0,-117.0
256,-8.0,-249.0,-66.0,-60.0,19.0,0.0,-28.0,-972.0,-123.0
257,-8.0,-250.0,-62.0,-60.0,17.0,0.0,-33.0,-973.0,-116.0
258,-11.0,-250.0,-62.0,-61.0,16.0,0.0,-32.0,-974.0,-116.0
259,-10.0,-252.0,-63.0,-60.0,14.0,-2.0,-31.0,-978.0,-120.0
260,-8.0,-251.0,-65.0,-60.0,12.0,-3.0,-31.0,-973.0,-123.0
261,-9.0,-250.0,-65.0,-59.0,13.0,-1.0,-33.0,-973.0,-128.0
262,-8.0,-249.0,-69.0,-62.0,14.0,-2.0,-33.0,-972.0,-125.0
263,-12.0,-249.0,-64.0,-64.0,14.0,-3.0,-33.0,-968.0,-124.0
264,-10.0,-251.0,-67.0,-65.0,13.0,-4.0,-34.0,-971.0,-127.0
265,-13.0,-249.0,-66.0,-66.0,14.0,-4.0,-37.0,-974.0,-126.0
266,-11.0,-249.0,-68.0,-67.0,14.0,-4.0,-30.0,-970.0,-125.0
267,-12.0,-251.0,-65.0,-69.0,13.0,-5.0,-32.0,-970.0,-125.0
268,-7.0,-250.0,-63.0,-69.0,12.0,-6.0,-31.0,-981.0,-124.0
269,-8.0,-250.0,-60.0,-70.0,12.0,-4.0,-32.0,-975.0,-124.0
270,-10.0,-252.0,-61.0,-70.0,12.0,-5.0,-30.0,-975.0,-121.0
271,-11.0,-251.0,-68.0,-70.0,11.0,-7.0,-32.0,-977.0,-122.0
272,-9.0,-249.0,-66.0,-68.0,10.0,-6.0,-35.0,-977.0,-125.0
273,-7.0,-252.0,-63.0,-68.0,10.0,-7.0,-33.0,-974.0,-122.0
274,-8.0,-252.0,-62.0,-66.0,7.0,-6.0,-34.0,-975.0,-122.0
275,-11.0,-253.0,-66.0,-66.0,7.0,-6.0,-31.0,-973.0,-120.0
276,-12.0,-250.0,-66.0,-65.0,6.0,-8.0,-34.0,-973.0,-121.0
277,-9.0,-253.0,-65.0,-65.0,6.0,-7.0,-31.0,-976.0,-127.0
278,-11.0,-252.0,-68.0,-66.0,4.0,-6.0,-35.0,-977.0,-126.0
279,-9.0,-252.0,-67.0,-67.0,3.0,-7.0,-34.0,-974.0,-130.0
280,-8.0,-252.0,-66.0,-69.0,2.0,-4.0,-37.0,-978.0,-129.0
281,-10.0,-252.0,-66.0,-70.0,-1.0,-2.0,-34.0,-972.0,-130.0
282,-10.0,-250.0,-63.0,-73.0,-2.0,-4.0,-31.0,-974.0,-126.0
283,-10.0,-251.0,-65.0,-73.0,-3.0,-2.0,-32.0,-976.0,-124.0
284,-6.0,-254.0,-67.0,-72.0,-3.0,-2.0,-34.0,-973.0,-122.0
285,-9.0,-253.0,-67.0,-70.0,-5.0,-2.0,-35.0,-979.0,-120.0
286,-9.0,-254.0,-62.0,-65.0,-5.0,-2.0,-28.0,-978.0,-124.0
287,-8.0,-250.0,-68.0,-61.0,-6.0,0.0,-30.0,-984.0,-122.0
288,-14.0,-251.0,-66.0,-59.0,-4.0,-2.0,-31.0,-974.0,-121.0
289,-9.0,-253.0,-66.0,-56.0,-3.0,-1.0,-30.0,-977.0,-128.0
290,-8.0,-252.0,-64.0,-53.0,-2.0,-1.0,-24.0,-973.0,-124.0
291,-7.0,-249.0,-66.0,-51.0,-1.0,-2.0,-26.0,-971.0,-129.0
292,-9.0,-251.0,-68.0,-51.0,-1.0,-1.0,-28.0,-969.0,-127.0
293,-10.0,-250.0,-64.0,-54.0,0.0,-1.0,-26.0,-978.0,-133.0
294,-7.0,-250.0,-70.0,-56.0,2.0,-2.0,-25.0,-971.0,-134.0
295,-8.0,-250.0,-68.0,-58.0,4.0,-3.0,-28.0,-972.0,-130.0
296,-5.0,-252.0,-63.0,-62.0,6.0,-2.0,-25.0,-974.0,-128.0
297,-7.0,-251.0,-66.0,-65.0,7.0,-1.0,-24.0,-973.0,-129.0
298,-7.0,-250.0,-62.0,-67.0,7.0,-3.0,-28.0,-971.0,-125.0
299,-10.0,-251.0,-63.0,-67.0,7.0,-1.0,-26.0,-971.0,-126.0
300,-8.0,-253.0,-66.0,-67.0,6.0,0.0,-27.0,-981.0,-123.0
301,-8.0,-250.0,-65.0,-62.0,5.0,0.0,-30.0,-978.0,-127.0
302,-10.0,-252.0,-61.0,-60.0,3.0,0.0,-27.0,-975.0,-120.0
303,-4.0,-253.0,-65.0,-59.0,2.0,2.0,-26.0,-975.0,-120.0
304,-9.0,-252.0,-66.0,-54.0,3.0,2.0,-29.0,-982.0,-122.0
305,-8.0,-253.0,-68.0,-52.0,3.0,1.0,-33.0,-974.0,-119.0
306,-5.0,-250.0,-67.0,-50.0,4.0,1.0,-24.0,-974.0,-129.0
307,-7.0,-252.0,-67.0,-48.0,4.0,0.0,-27.0,-973.0,-126.0
308,-10.0,-249.0,-66.0,-49.0,6.0,0.0,-32.0,-975.0,-131.0
309,-11.0,-251.0,-64.0,-49.0,7.0,0.0,-30.0,-971.0,-132.0
310,-11.0,-250.0,-74.0,-51.0,8.0,0.0,-28.0,-967.0,-132.0
311,-7.0,-250.0,-64.0,-50.0,9.0,-1.0,-33.0,-971.0,-127.0
312,-8.0,-249.0,-65.0,-50.0,8.0,0.0,-31.0,-974.0,-129.0
313,-10.0,-254.0,-65.0,-49.0,8.0,-1.0,-32.0,-973.0,-122.0
314,-9.0,-249.0,-64.0,-48.0,9.0,-2.0,-32.0,-973.0,-128.0
315,-9.0,-251.0,-65.0,-46.0,10.0,0.0,-28.0,-975.0,-124.0
316,-6.0,-250.0,-64.0,-46.0,10.0,-3.0,-28.0,-968.0,-122.0
317,-7.0,-251.0,-59.0,-45.0,10.0,-2.0,-33.0,-972.0,-119.0
318,-11.0,-250.0,-63.0,-44.0,10.0,-3.0,-31.0,-968.0,-124.0
319,-8.0,-250.0,-62.0,-47.0,9.0,-3.0,-34.0,-970.0,-129.0
320,-9.0,-249.0,-69.0,-50.0,8.0,-2.0,-33.0,-972.0,-128.0
321,-11.0,-249.0,-65.0,-55.0,7.0,-2.0,-29.0,-970.0,-126.0
322,-7.0,-251.0,-64.0,-61.0,7.0,-5.0,-36.0,-969.0,-133.0
323,-10.0,-251.0,-64.0,-67.0,5.0,-5.0,-33.0,-966.0,-132.0
324,-9.0,-250.0,-68.0,-72.0,5.0,-5.0,-33.0,-972.0,-128.0
325,-10.0,-253.0,-68.0,-74.0,7.0,-4.0,-34.0,-976.0,-133.0
326,-12.0,-252.0,-64.0,-74.0,7.0,-6.0,-36.0,-976.0,-127.0
327,-12.0,-253.0,-66.0,-70.0,6.0,-6.0,-38.0,-977.0,-124.0
328,-12.0,-252.0,-64.0,-66.0,6.0,-7.0,-30.0,-977.0,-121.0
329,-11.0,-251.0,-64.0,-56.0,4.0,-6.0,-36.0,-979.0,-118.0
330,-11.0,-253.0,-64.0,-50.0,2.0,-6.0,-37.0,-973.0,-118.0
331,-8.0,-250.0,-57.0,-43.0,0.0,-6.0,-35.0,-974.0,-124.0
332,-11.0,-250.0,-65.0,-39.0,-3.0,-6.0,-35.0,-978.0,-123.0
333,-10.0,-251.0,-66.0,-39.0,-4.0,-5.0,-34.0,-972.0,-126.0
334,-8.0,-252.0,-64.0,-42.0,-3.0,-6.0,-29.0,-969.0,-128.0
335,-11.0,-250.0,-65.0,-45.0,-2.0,-7.0,-32.0,-968.0,-130.0
336,-10.0,-250.0,-66.0,-50.0,-3.0,-7.0,-30.0,-969.0,-135.0
337,-9.0,-250.0,-64.0,-55.0,-2.0,-6.0,-34.0,-968.0,-131.0
338,-9.0,-249.0,-69.0,-59.0,-1.0,-6.0,-29.0,-967.0,-129.0
339,-10.0,-251.0,-67.0,-63.0,-2.0,-5.0,-26.0,-973.0,-132.0
340,-11.0,-252.0,-67.0,-67.0,-2.0,-5.0,-34.0,-974.0,-130.0
341,-8.0,-251.0,-68.0,-68.0,-3.0,-4.0,-37.0,-975.0,-131.0
342,-8.0,-251.0,-64.0,-71.0,-3.0,-4.0,-27.0,-974.0,-131.0
343,-7.0,-251.0,-69.0,-73.0,-4.0,-5.0,-34.0,-975.0,-134.0
344,-11.0,-251.0,-65.0,-74.0,-2.0,-4.0,-34.0,-974.0,-127.0
345,-9.0,-252.0,-65.0,-73.0,-3.0,-4.0,-30.0,-975.0,-127.0
346,-9.0,-252.0,-65.0,-70.0,-5.0,-3.0,-33.0,-978.0,-129.0
347,-11.0,-250.0,-62.0,-65.0,-5.0,-3.0,-29.0,-977.0,-131.0
348,-10.0,-253.0,-67.0,-60.0,-6.0,-1.0,-29.0,-980.0,-128.0
349,-9.0,-254.0,-69.0,-53.0,-7.0,0.0,-27.0,-978.0,-133.0
350,-7.0,-252.0,-69.0,-49.0,-5.0,1.0,-30.0,-974.0,-128.0
351,-8.0,-251.0,-67.0,-47.0,-4.0,1.0,-29.0,-973.0,-131.0
352,-11.0,-250.0,-68.0,-45.0,-3.0,0.0,-29.0,-970.0,-134.0
353,-10.0,-253.0,-67.0,-45.0,-1.0,1.0,-30.0,-971.0,-137.0
354,-11.0,-252.0,-65.0,-47.0,1.0,1.0,-30.0,-970.0,-137.0
355,-9.0,-255.0,-71.0,-50.0,1.0,1.0,-26.0,-975.0,-132.0
356,-11.0,-251.0,-69.0,-49.0,0.0,-1.0,-29.0,-975.0,-133.0
357,-6.0,-252.0,-64.0,-52.0,1.0,-1.0,-32.0,-980.0,-133.0
358,-8.0,-252.0,-66.0,-54.0,0.0,-2.0,-32.0,-974.0,-129.0
359,-12.0,-250.0,-66.0,-54.0,1.0,-1.0,-36.0,-972.0,-132.0
360,-11.0,-250.0,-69.0,-53.0,2.0,-2.0,-31.0,-973.0,-134.0
361,-8.0,-254.0,-63.0,-52.0,3.0,-2.0,-36.0,-973.0,-135.0
362,-9.0,-251.0,-66.0,-52.0,3.0,-2.0,-32.0,-979.0,-127.0
363,-8.0,-251.0,-66.0,-51.0,3.0,-2.0,-27.0,-977.0,-132.0
364,-6.0,-253.0,-67.0,-51.0,5.0,-2.0,-27.0,-976.0,-135.0
365,-8.0,-250.0,-68.0,-50.0,5.0,-2.0,-34.0,-978.0,-134.0
366,-9.0,-252.0,-69.0,-50.0,6.0,-3.0,-35.0,-975.0,-129.0
367,-9.0,-249.0,-65.0,-51.0,6.0,-3.0,-34.0,-973.0,-131.0
368,-9.0,-249.0,-70.0,-51.0,6.0,-3.0,-34.0,-970.0,-135.0
369,-9.0,-250.0,-67.0,-51.0,7.0,-3.0,-37.0,-970.0,-129.0
370,-9.0,-250.0,-64.0,-53.0,6.0,-3.0,-35.0,-968.0,-134.0
371,-10.0,-250.0,-64.0,-55.0,5.0,-3.0,-35.0,-973.0,-133.0
372,-8.0,-250.0,-68.0,-55.0,5.0,-3.0,-32.0,-973.0,-125.0
373,-11.0,-250.0,-64.0,-57.0,4.0,-2.0,-36.0,-973.0,-127.0
374,-8.0,-250.0,-64.0,-57.0,4.0,-3.0,-34.0,-971.0,-133.0
375,-11.0,-255.0,-70.0,-57.0,1.0,-3.0,-35.0,-974.0,-127.0
376,-10.0,-251.0,-65.0,-56.0,1.0,-3.0,-38.0,-974.0,-125.0
377,-12.0,-248.0,-67.0,-54.0,0.0,-1.0,-36.0,-968.0,-126.0
378,-11.0,-249.0,-70.0,-53.0,1.0,-3.0,-35.0,-973.0,-132.0
379,-11.0,-248.0,-68.0,-53.0,1.0,-2.0,-32.0,-967.0,-135.0
380,-9.0,-251.0,-66.0,-54.0,0.0,-2.0,-37.0,-973.0,-128.0
381,-14.0,-249.0,-67.0,-56.0,-3.0,-5.0,-35.0,-970.0,-129.0
382,-10.0,-250.0,-65.0,-57.0,-1.0,-5.0,-39.0,-969.0,-137.0
383,-9.0,-249.0,-68.0,-61.0,-3.0,-4.0,-35.0,-967.0,-134.0
384,-10.0,-251.0,-67.0,-65.0,-3.0,-6.0,-37.0,-970.0,-134.0
385,-7.0,-252.0,-64.0,-66.0,-4.0,-5.0,-35.0,-971.0,-132.0
386,-9.0,-250.0,-67.0,-69.0,-4.0,-5.0,-35.0,-971.0,-133.0
387,-11.0,-249.0,-65.0,-71.0,-3.0,-5.0,-29.0,-973.0,-139.0
388,-11.0,-252.0,-69.0,-70.0,0.0,-6.0,-35.0,-972.0,-129.0
389,-12.0,-248.0,-70.0,-70.0,0.0,-4.0,-33.0,-973.0,-131.0
390,-8.0,-251.0,-69.0,-71.0,1.0,-5.0,-36.0,-975.0,-135.0
391,-10.0,-252.0,-63.0,-70.0,3.0,-4.0,-35.0,-970.0,-133.0
392,-10.0,-251.0,-66.0,-69.0,3.0,-5.0,-30.0,-971.0,-132.0
393,-9.0,-251.0,-66.0,-72.0,2.0,-4.0,-32.0,-974.0,-134.0
394,-11.0,-249.0,-68.0,-74.0,1.0,-5.0,-32.0,-974.0,-136.0
395,-10.0,-252.0,-69.0,-75.0,1.0,-5.0,-31.0,-974.0,-136.0
396,-8.0,-251.0,-66.0,-76.0,-1.0,-6.0,-33.0,-969.0,-127.0
397,-7.0,-248.0,-69.0,-78.0,-1.0,-5.0,-31.0,-976.0,-135.0
398,-10.0,-251.0,-66.0,-81.0,-2.0,-6.0,-29.0,-972.0,-134.0
399,-8.0,-252.0,-68.0,-84.0,-3.0,-6.0,-33.0,-971.0,-132.0
400,-10.0,-251.0,-71.0,-84.0,-2.0,-6.0,-32.0,-976.0,-139.0
401,-9.0,-252.0,-63.0,-87.0,-2.0,-6.0,-31.0,-975.0,-135.0
402,-9.0,-248.0,-67.0,-85.0,-2.0,-5.0,-34.0,-971.0,-133.0
403,-10.0,-252.0,-65.0,-84.0,-3.0,-6.0,-33.0,-973.0,-135.0
404,-10.0,-250.0,-67.0,-85.0,-4.0,-6.0,-29.0,-970.0,-135.0
405,-11.0,-251.0,-72.0,-85.0,-4.0,-4.0,-36.0,-966.0,-142.0
406,-10.0,-250.0,-68.0,-86.0,-4.0,-5.0,-33.0,-973.0,-136.0
407,-12.0,-251.0,-68.0,-87.0,-3.0,-3.0,-33.0,-971.0,-140.0
408,-10.0,-250.0,-66.0,-88.0,-1.0,-2.0,-36.0,-971.0,-135.0
409,-9.0,-249.0,-68.0,-89.0,-1.0,-2.0,-34.0,-971.0,-137.0
410,-11.0,-251.0,-64.0,-89.0,0.0,-3.0,-38.0,-970.0,-138.0
411,-11.0,-251.0,-68.0,-89.0,-1.0,-4.0,-32.0,-970.0,-137.0
412,-8.0,-251.0,-67.0,-88.0,-2.0,-4.0,-36.0,-969.0,-136.0
413,-9.0,-251.0,-72.0,-91.0,-2.0,-3.0,-31.0,-976.0,-139.0
414,-10.0,-251.0,-66.0,-92.0,-2.0,-4.0,-36.0,-973.0,-137.0
415,-9.0,-249.0,-66.0,-94.0,-2.0,-3.0,-36.0,-972.0,-138.0
416,-13.0,-251.0,-65.0,-93.0,-2.0,-5.0,-37.0,-971.0,-137.0
417,-12.0,-252.0,-66.0,-95.0,-1.0,-5.0,-36.0,-971.0,-138.0
418,-10.0,-252.0,-68.0,-96.0,-3.0,-5.0,-38.0,-967.0,-143.0
419,-12.0,-250.0,-67.0,-97.0,-2.0,-5.0,-32.0,-976.0,-138.0
420,-9.0,-250.0,-71.0,-98.0,-3.0,-7.0,-36.0,-972.0,-145.0
421,-9.0,-252.0,-68.0,-100.0,-4.0,-6.0,-38.0,-971.0,-149.0
422,-10.0,-250.0,-68.0,-98.0,-5.0,-5.0,-36.0,-970.0,-142.0
423,-10.0,-252.0,-71.0,-96.0,-5.0,-6.0,-39.0,-974.0,-142.0
424,-12.0,-251.0,-69.0,-91.0,-4.0,-7.0,-40.0,-974.0,-142.0
425,-11.0,-251.0,-69.0,-86.0,-5.0,-5.0,-38.0,-970.0,-146.0
426,-11.0,-252.0,-66.0,-82.0,-5.0,-6.0,-39.0,-967.0,-138.0
427,-10.0,-252.0,-70.0,-76.0,-5.0,-6.0,-36.0,-976.0,-138.0
428,-9.0,-251.0,-68.0,-70.0,-5.0,-6.0,-38.0,-974.0,-141.0
429,-11.0,-251.0,-67.0,-64.0,-6.0,-7.0,-32.0,-966.0,-134.0
430,-10.0,-250.0,-68.0,-63.0,-5.0,-6.0,-33.0,-967.0,-141.0
431,-8.0,-250.0,-70.0,-64.0,-5.0,-6.0,-30.0,-970.0,-142.0
432,-11.0,-250.0,-68.0,-66.0,-5.0,-5.0,-31.0,-967.0,-141.0
433,-8.0,-248.0,-67.0,-71.0,-4.0,-5.0,-35.0,-967.0,-143.0
434,-11.0,-249.0,-67.0,-75.0,-6.0,-5.0,-35.0,-969.0,-147.0
435,-12.0,-249.0,-69.0,-82.0,-4.0,-6.0,-36.0,-968.0,-152.0
436,-9.0,-252.0,-71.0,-86.0,-3.0,-5.0,-38.0,-968.0,-148.0
437,-8.0,-251.0,-69.0,-89.0,-4.0,-6.0,-34.0,-970.0,-147.0
438,-7.0,-249.0,-67.0,-93.0,-2.0,-6.0,-37.0,-967.0,-143.0
439,-9.0,-250.0,-74.0,-94.0,-3.0,-5.0,-34.0,-975.0,-145.0
440,-13.0,-251.0,-69.0,-96.0,-1.0,-5.0,-32.0,-968.0,-146.0
441,-11.0,-249.0,-70.0,-97.0,-1.0,-6.0,-33.0,-973.0,-143.0
442,-11.0,-250.0,-71.0,-97.0,-1.0,-5.0,-34.0,-969.0,-139.0
443,-11.0,-249.0,-70.0,-97.0,-2.0,-6.0,-35.0,-971.0,-138.0
444,-10.0,-249.0,-66.0,-97.0,-4.0,-7.0,-29.0,-969.0,-135.0
445,-10.0,-248.0,-70.0,-96.0,-4.0,-6.0,-38.0,-976.0,-141.0
446,-8.0,-251.0,-71.0,-93.0,-3.0,-6.0,-32.0,-972.0,-141.0
447,-11.0,-250.0,-69.0,-89.0,-4.0,-8.0,-31.0,-972.0,-145.0
448,-9.0,-250.0,-71.0,-87.0,-3.0,-7.0,-36.0,-971.0,-147.0
449,-9.0,-252.0,-71.0,-85.0,-2.0,-6.0,-33.0,-968.0,-149.0
450,-8.0,-250.0,-69.0,-83.0,-1.0,-7.0,-32.0,-966.0,-150.0
451,-13.0,-251.0,-72.0,-82.0,0.0,-6.0,-38.0,-963.0,-153.0
452,-11.0,-249.0,-71.0,-83.0,0.0,-7.0,-29.0,-966.0,-152.0
453,-8.0,-248.0,-69.0,-85.0,2.0,-6.0,-37.0,-971.0,-149.0
454,-9.0,-252.0,-70.0,-89.0,2.0,-6.0,-38.0,-970.0,-154.0
455,-10.0,-248.0,-72.0,-91.0,-1.0,-6.0,-38.0,-966.0,-150.0
456,-10.0,-247.0,-70.0,-95.0,-1.0,-5.0,-34.0,-969.0,-151.0
457,-11.0,-250.0,-71.0,-98.0,-1.0,-6.0,-33.0,-969.0,-156.0
458,-9.0,-250.0,-68.0,-100.0,-1.0,-6.0,-31.0,-970.0,-148.0
459,-10.0,-251.0,-75.0,-101.0,-1.0,-7.0,-36.0,-969.0,-151.0
460,-12.0,-251.0,-72.0,-100.0,-1.0,-7.0,-37.0,-971.0,-152.0
461,-9.0,-250.0,-72.0,-100.0,0.0,-8.0,-37.0,-970.0,-160.0
462,-7.0,-248.0,-76.0,-97.0,2.0,-7.0,-34.0,-971.0,-155.0
463,-12.0,-250.0,-74.0,-98.0,2.0,-6.0,-33.0,-974.0,-159.0
464,-12.0,-250.0,-75.0,-96.0,2.0,-7.0,-32.0,-974.0,-161.0
465,-8.0,-250.0,-74.0,-96.0,4.0,-7.0,-31.0,-970.0,-155.0
466,-10.0,-251.0,-70.0,-97.0,5.0,-8.0,-31.0,-969.0,-156.0
467,-9.0,-249.0,-73.0,-99.0,4.0,-6.0,-37.0,-969.0,-158.0
468,-10.0,-252.0,-77.0,-98.0,6.0,-7.0,-35.0,-969.0,-158.0
469,-11.0,-248.0,-68.0,-98.0,6.0,-6.0,-30.0,-965.0,-156.0
470,-9.0,-249.0,-72.0,-99.0,8.0,-8.0,-33.0,-968.0,-156.0
471,-10.0,-249.0,-72.0,-99.0,10.0,-7.0,-33.0,-966.0,-154.0
472,-9.0,-249.0,-74.0,-97.0,11.0,-7.0,-38.0,-969.0,-153.0
473,-9.0,-251.0,-73.0,-97.0,13.0,-8.0,-36.0,-967.0,-152.0
474,-9.0,-248.0,-74.0,-96.0,13.0,-7.0,-27.0,-967.0,-151.0
475,-11.0,-249.0,-72.0,-98.0,14.0,-6.0,-33.0,-964.0,-158.0
476,-9.0,-251.0,-73.0,-96.0,12.0,-6.0,-34.0,-968.0,-158.0
477,-10.0,-250.0,-75.0,-98.0,12.0,-7.0,-36.0,-969.0,-158.0
478,-8.0,-250.0,-74.0,-100.0,10.0,-6.0,-31.0,-966.0,-161.0
479,-13.0,-248.0,-73.0,-103.0,11.0,-7.0,-32.0,-971.0,-157.0
480,-9.0,-249.0,-69.0,-103.0,11.0,-5.0,-35.0,-967.0,-166.0
481,-10.0,-251.0,-71.0,-104.0,12.0,-6.0,-32.0,-972.0,-162.0
482,-8.0,-250.0,-74.0,-104.0,12.0,-6.0,-33.0,-966.0,-160.0
483,-8.0,-250.0,-74.0,-105.0,14.0,-7.0,-37.0,-967.0,-167.0
484,-9.0,-246.0,-78.0,-105.0,16.0,-7.0,-35.0,-963.0,-168.0
485,-12.0,-250.0,-76.0,-105.0,17.0,-9.0,-32.0,-968.0,-171.0
486,-10.0,-250.0,-71.0,-105.0,19.0,-7.0,-35.0,-967.0,-169.0
487,-10.0,-249.0,-75.0,-106.0,19.0,-8.0,-39.0,-964.0,-163.0
488,-9.0,-250.0,-72.0,-109.0,21.0,-7.0,-35.0,-964.0,-172.0
489,-9.0,-252.0,-74.0,-108.0,22.0,-7.0,-38.0,-969.0,-169.0
490,-10.0,-247.0,-74.0,-109.0,21.0,-6.0,-35.0,-962.0,-166.0
491,-10.0,-249.0,-72.0,-112.0,21.0,-6.0,-33.0,-961.0,-169.0
492,-10.0,-248.0,-72.0,-114.0,21.0,-7.0,-35.0,-964.0,-169.0
493,-11.0,-251.0,-74.0,-115.0,21.0,-7.0,-34.0,-968.0,-167.0
494,-9.0,-252.0,-70.0,-117.0,22.0,-7.0,-31.0,-967.0,-172.0
495,-9.0,-251.0,-74.0,-119.0,22.0,-7.0,-34.0,-967.0,-164.0
496,-11.0,-251.0,-73.0,-120.0,23.0,-6.0,-31.0,-965.0,-163.0
497,-10.0,-247.0,-77.0,-119.0,23.0,-6.0,-35.0,-966.0,-169.0
498,-8.0,-251.0,-73.0,-118.0,22.0,-5.0,-30.0,-967.0,-166.0
499,-10.0,-248.0,-81.0,-118.0,22.0,-6.0,-26.0,-964.0,-168.0
500,-10.0,-250.0,-75.0,-118.0,23.0,-5.0,-36.0,-960.0,-171.0
501,-9.0,-251.0,-77.0,-118.0,25.0,-4.0,-32.0,-959.0,-174.0
502,-13.0,-248.0,-79.0,-121.0,24.0,-5.0,-31.0,-964.0,-176.0
503,-12.0,-248.0,-77.0,-125.0,25.0,-3.0,-34.0,-963.0,-177.0
504,-10.0,-247.0,-78.0,-129.0,24.0,-4.0,-35.0,-962.0,-177.0
505,-11.0,-249.0,-78.0,-133.0,25.0,-4.0,-36.0,-964.0,-187.0
506,-11.0,-246.0,-78.0,-136.0,26.0,-4.0,-37.0,-965.0,-178.0
507,-11.0,-250.0,-77.0,-139.0,26.0,-3.0,-36.0,-967.0,-178.0
508,-11.0,-247.0,-76.0,-141.0,25.0,-3.0,-32.0,-964.0,-177.0
509,-10.0,-248.0,-77.0,-140.0,23.0,-2.0,-36.0,-963.0,-180.0
510,-10.0,-248.0,-78.0,-141.0,22.0,-2.0,-35.0,-964.0,-179.0
511,-9.0,-249.0,-79.0,-141.0,21.0,-2.0,-38.0,-967.0,-178.0
512,-10.0,-248.0,-79.0,-140.0,22.0,-2.0,-32.0,-964.0,-179.0
513,-11.0,-249.0,-80.0,-141.0,21.0,-2.0,-37.0,-963.0,-177.0
514,-9.0,-248.0,-76.0,-144.0,21.0,-2.0,-39.0,-958.0,-180.0
515,-12.0,-247.0,-80.0,-147.0,22.0,-1.0,-34.0,-963.0,-186.0
516,-10.0,-248.0,-80.0,-154.0,23.0,-1.0,-33.0,-958.0,-184.0
517,-12.0,-248.0,-83.0,-161.0,24.0,0.0,-34.0,-959.0,-186.0
518,-9.0,-250.0,-83.0,-171.0,24.0,-2.0,-41.0,-958.0,-187.0
519,-11.0,-249.0,-83.0,-179.0,22.0,-1.0,-38.0,-967.0,-194.0
520,-12.0,-251.0,-80.0,-188.0,22.0,-1.0,-38.0,-963.0,-185.0
521,-12.0,-247.0,-82.0,-191.0,21.0,0.0,-39.0,-963.0,-193.0
522,-9.0,-251.0,-83.0,-192.0,20.0,0.0,-39.0,-958.0,-196.0
523,-13.0,-249.0,-85.0,-193.0,21.0,2.0,-43.0,-964.0,-196.0
524,-13.0,-251.0,-85.0,-192.0,21.0,0.0,-39.0,-961.0,-195.0
525,-11.0,-249.0,-80.0,-189.0,22.0,2.0,-36.0,-964.0,-194.0
526,-11.0,-248.0,-83.0,-187.0,23.0,1.0,-39.0,-965.0,-191.0
527,-10.0,-254.0,-84.0,-185.0,24.0,0.0,-36.0,-959.0,-196.0
528,-9.0,-251.0,-84.0,-182.0,24.0,1.0,-34.0,-962.0,-196.0
529,-11.0,-248.0,-89.0,-184.0,25.0,1.0,-34.0,-952.0,-196.0
530,-10.0,-246.0,-88.0,-187.0,24.0,2.0,-36.0,-956.0,-203.0
531,-10.0,-248.0,-86.0,-192.0,24.0,0.0,-32.0,-955.0,-210.0
532,-10.0,-248.0,-88.0,-198.0,25.0,0.0,-34.0,-959.0,-211.0
533,-8.0,-250.0,-86.0,-204.0,26.0,0.0,-32.0,-957.0,-210.0
534,-10.0,-247.0,-85.0,-206.0,28.0,1.0,-40.0,-959.0,-208.0
535,-12.0,-248.0,-85.0,-206.0,28.0,0.0,-38.0,-962.0,-212.0
536,-12.0,-251.0,-86.0,-208.0,30.0,1.0,-36.0,-962.0,-213.0
537,-10.0,-249.0,-85.0,-207.0,29.0,1.0,-33.0,-964.0,-212.0
538,-9.0,-248.0,-85.0,-206.0,27.0,2.0,-35.0,-964.0,-204.0
539,-11.0,-247.0,-85.0,-204.0,27.0,3.0,-38.0,-963.0,-204.0
540,-9.0,-248.0,-86.0,-202.0,27.0,2.0,-36.0,-967.0,-211.0
541,-9.0,-250.0,-88.0,-200.0,26.0,2.0,-34.0,-962.0,-210.0
542,-9.0,-248.0,-89.0,-199.0,25.0,2.0,-38.0,-956.0,-210.0
543,-10.0,-247.0,-90.0,-198.0,24.0,2.0,-36.0,-956.0,-217.0
544,-11.0,-246.0,-89.0,-200.0,23.0,4.0,-38.0,-950.0,-218.0
545,-7.0,-248.0,-91.0,-204.0,22.0,5.0,-32.0,-950.0,-220.0
546,-7.0,-248.0,-91.0,-206.0,23.0,5.0,-39.0,-946.0,-221.0
547,-12.0,-243.0,-90.0,-210.0,23.0,7.0,-38.0,-945.0,-223.0
548,-11.0,-246.0,-87.0,-215.0,22.0,7.0,-37.0,-948.0,-219.0
549,-9.0,-246.0,-91.0,-221.0,23.0,6.0,-39.0,-947.0,-221.0
550,-10.0,-246.0,-90.0,-228.0,23.0,6.0,-41.0,-944.0,-221.0
551,-10.0,-245.0,-87.0,-235.0,24.0,8.0,-41.0,-940.0,-218.0
552,-10.0,-244.0,-88.0,-242.0,22.0,6.0,-39.0,-943.0,-220.0
553,-12.0,-244.0,-90.0,-251.0,22.0,7.0,-38.0,-938.0,-227.0
554,-13.0,-244.0,-89.0,-261.0,23.0,6.0,-35.0,-947.0,-228.0
555,-11.0,-245.0,-94.0,-271.0,23.0,5.0,-43.0,-945.0,-231.0
556,-12.0,-247.0,-93.0,-279.0,24.0,5.0,-41.0,-950.0,-235.0
557,-14.0,-246.0,-93.0,-287.0,25.0,4.0,-41.0,-947.0,-234.0
558,-12.0,-244.0,-93.0,-294.0,26.0,3.0,-41.0,-949.0,-239.0
559,-12.0,-246.0,-94.0,-297.0,28.0,3.0,-40.0,-952.0,-240.0
560,-10.0,-247.0,-96.0,-299.0,28.0,0.0,-36.0,-951.0,-243.0
561,-11.0,-248.0,-95.0,-301.0,27.0,0.0,-43.0,-952.0,-248.0
562,-10.0,-245.0,-95.0,-302.0,27.0,0.0,-39.0,-951.0,-246.0
563,-12.0,-248.0,-97.0,-301.0,29.0,-1.0,-43.0,-950.0,-246.0
564,-13.0,-246.0,-94.0,-300.0,30.0,0.0,-38.0,-952.0,-249.0
565,-13.0,-246.0,-99.0,-298.0,31.0,1.0,-40.0,-951.0,-253.0
566,-11.0,-246.0,-96.0,-296.0,30.0,0.0,-39.0,-949.0,-257.0
567,-12.0,-245.0,-98.0,-294.0,30.0,1.0,-37.0,-949.0,-251.0
568,-13.0,-248.0,-103.0,-296.0,31.0,2.0,-37.0,-947.0,-262.0
569,-9.0,-249.0,-103.0,-296.0,34.0,0.0,-39.0,-943.0,-266.0
570,-10.0,-243.0,-99.0,-299.0,35.0,2.0,-41.0,-947.0,-267.0
571,-13.0,-242.0,-105.0,-299.0,35.0,1.0,-40.0,-940.0,-266.0
572,-10.0,-246.0,-98.0,-303.0,36.0,1.0,-40.0,-942.0,-266.0
573,-8.0,-246.0,-103.0,-308.0,37.0,1.0,-38.0,-939.0,-267.0
574,-11.0,-245.0,-102.0,-315.0,38.0,0.0,-38.0,-942.0,-266.0
575,-9.0,-246.0,-101.0,-321.0,39.0,1.0,-37.0,-945.0,-271.0
576,-10.0,-247.0,-103.0,-328.0,38.0,2.0,-37.0,-940.0,-271.0
577,-14.0,-246.0,-99.0,-331.0,38.0,3.0,-38.0,-938.0,-275.0
578,-13.0,-243.0,-102.0,-336.0,35.0,3.0,-36.0,-940.0,-273.0
579,-11.0,-246.0,-105.0,-339.0,35.0,4.0,-34.0,-935.0,-276.0
580,-9.0,-245.0,-105.0,-343.0,36.0,3.0,-35.0,-945.0,-277.0
581,-12.0,-244.0,-105.0,-350.0,37.0,2.0,-36.0,-929.0,-287.0
582,-10.0,-245.0,-104.0,-356.0,38.0,2.0,-30.0,-938.0,-287.0
583,-10.0,-242.0,-107.0,-363.0,41.0,3.0,-30.0,-934.0,-291.0
584,-11.0,-242.0,-107.0,-372.0,45.0,3.0,-40.0,-927.0,-290.0
585,-11.0,-243.0,-110.0,-376.0,47.0,4.0,-37.0,-930.0,-296.0
586,-12.0,-243.0,-108.0,-383.0,48.0,3.0,-41.0,-932.0,-299.0
587,-12.0,-240.0,-111.0,-386.0,48.0,4.0,-42.0,-929.0,-299.0
588,-9.0,-242.0,-107.0,-389.0,50.0,4.0,-43.0,-923.0,-305.0
589,-12.0,-242.0,-111.0,-395.0,52.0,4.0,-40.0,-925.0,-301.0
590,-14.0,-238.0,-111.0,-398.0,55.0,4.0,-40.0,-926.0,-308.0
591,-11.0,-243.0,-109.0,-402.0,58.0,4.0,-41.0,-928.0,-314.0
592,-10.0,-240.0,-111.0,-404.0,61.0,3.0,-38.0,-927.0,-312.0
593,-10.0,-237.0,-116.0,-409.0,66.0,4.0,-37.0,-925.0,-316.0
594,-12.0,-239.0,-114.0,-414.0,70.0,2.0,-35.0,-924.0,-318.0
595,-11.0,-239.0,-115.0,-420.0,74.0,4.0,-33.0,-923.0,-323.0
596,-8.0,-237.0,-109.0,-429.0,76.0,3.0,-30.0,-922.0,-319.0
597,-7.0,-239.0,-115.0,-435.0,79.0,2.0,-28.0,-918.0,-326.0
598,-11.0,-240.0,-114.0,-443.0,81.0,1.0,-25.0,-919.0,-316.0
599,-5.0,-241.0,-109.0,-447.0,83.0,0.0,-25.0,-915.0,-317.0
600,-9.0,-237.0,-112.0,-451.0,84.0,0.0,-24.0,-916.0,-322.0
601,-7.0,-236.0,-113.0,-453.0,85.0,-2.0,-17.0,-907.0,-323.0
602,-9.0,-237.0,-119.0,-456.0,87.0,-4.0,-23.0,-914.0,-322.0
603,-6.0,-236.0,-116.0,-459.0,86.0,-6.0,-23.0,-914.0,-324.0
604,-5.0,-239.0,-119.0,-465.0,87.0,-6.0,-26.0,-912.0,-327.0
605,-8.0,-236.0,-120.0,-471.0,86.0,-6.0,-31.0,-915.0,-332.0
606,-9.0,-237.0,-118.0,-480.0,84.0,-7.0,-30.0,-913.0,-344.0
607,-13.0,-237.0,-121.0,-487.0,84.0,-6.0,-33.0,-914.0,-351.0
608,-11.0,-239.0,-123.0,-499.0,82.0,-7.0,-33.0,-915.0,-354.0
609,-6.0,-238.0,-123.0,-509.0,83.0,-6.0,-38.0,-915.0,-365.0
610,-10.0,-238.0,-121.0,-519.0,83.0,-5.0,-40.0,-916.0,-356.0
611,-9.0,-236.0,-125.0,-528.0,84.0,-4.0,-42.0,-912.0,-366.0
612,-10.0,-235.0,-121.0,-536.0,84.0,-2.0,-47.0,-905.0,-370.0
613,-13.0,-233.0,-124.0,-540.0,82.0,1.0,-49.0,-906.0,-367.0
614,-15.0,-232.0,-130.0,-541.0,79.0,6.0,-48.0,-903.0,-371.0
615,-14.0,-235.0,-124.0,-540.0,75.0,9.0,-58.0,-896.0,-370.0
616,-16.0,-232.0,-128.0,-542.0,72.0,13.0,-52.0,-894.0,-381.0
617,-16.0,-229.0,-133.0,-543.0,70.0,18.0,-58.0,-894.0,-381.0
618,-12.0,-230.0,-130.0,-547.0,66.0,20.0,-51.0,-895.0,-386.0
619,-14.0,-229.0,-132.0,-552.0,64.0,23.0,-57.0,-893.0,-392.0
620,-14.0,-231.0,-136.0,-560.0,62.0,25.0,-55.0,-899.0,-393.0
621,-15.0,-231.0,-130.0,-568.0,62.0,26.0,-54.0,-897.0,-402.0
622,-14.0,-234.0,-130.0,-576.0,61.0,27.0,-50.0,-895.0,-399.0
623,-14.0,-230.0,-128.0,-584.0,60.0,27.0,-59.0,-902.0,-398.0
624,-15.0,-233.0,-128.0,-588.0,58.0,24.0,-51.0,-899.0,-394.0
625,-14.0,-234.0,-129.0,-590.0,56.0,23.0,-51.0,-898.0,-393.0
626,-13.0,-233.0,-129.0,-592.0,53.0,21.0,-44.0,-899.0,-385.0
627,-14.0,-232.0,-131.0,-594.0,50.0,19.0,-44.0,-898.0,-382.0
628,-14.0,-233.0,-125.0,-598.0,45.0,19.0,-45.0,-894.0,-381.0
629,-13.0,-233.0,-127.0,-597.0,40.0,18.0,-44.0,-894.0,-379.0
630,-13.0,-233.0,-128.0,-595.0,36.0,18.0,-46.0,-891.0,-380.0
631,-13.0,-230.0,-130.0,-591.0,33.0,15.0,-49.0,-887.0,-384.0
632,-14.0,-234.0,-129.0,-588.0,29.0,14.0,-44.0,-892.0,-394.0
633,-16.0,-230.0,-133.0,-586.0,25.0,15.0,-48.0,-892.0,-397.0
634,-14.0,-229.0,-134.0,-586.0,22.0,17.0,-49.0,-893.0,-406.0
635,-13.0,-233.0,-136.0,-593.0,20.0,19.0,-53.0,-893.0,-419.0
636,-12.0,-235.0,-136.0,-599.0,16.0,20.0,-56.0,-895.0,-429.0
637,-14.0,-233.0,-144.0,-611.0,14.0,23.0,-48.0,-893.0,-435.0
638,-13.0,-231.0,-143.0,-620.0,10.0,24.0,-52.0,-898.0,-434.0
639,-13.0,-232.0,-147.0,-626.0,8.0,24.0,-47.0,-896.0,-443.0
640,-10.0,-232.0,-143.0,-633.0,6.0,25.0,-43.0,-896.0,-441.0
641,-12.0,-232.0,-142.0,-634.0,5.0,26.0,-45.0,-894.0,-445.0
642,-12.0,-230.0,-140.0,-627.0,2.0,27.0,-43.0,-896.0,-434.0
643,-12.0,-230.0,-141.0,-615.0,-1.0,28.0,-34.0,-888.0,-439.0
644,-12.0,-228.0,-144.0,-599.0,-5.0,30.0,-43.0,-874.0,-443.0
645,-9.0,-228.0,-144.0,-580.0,-11.0,32.0,-38.0,-870.0,-441.0
646,-10.0,-227.0,-143.0,-560.0,-15.0,34.0,-37.0,-863.0,-442.0
647,-11.0,-225.0,-147.0,-545.0,-18.0,37.0,-35.0,-860.0,-446.0
648,-12.0,-221.0,-146.0,-536.0,-20.0,37.0,-38.0,-858.0,-449.0
649,-9.0,-222.0,-147.0,-530.0,-21.0,40.0,-36.0,-852.0,-460.0
650,-14.0,-222.0,-146.0,-529.0,-20.0,39.0,-43.0,-853.0,-463.0
651,-13.0,-222.0,-150.0,-530.0,-19.0,38.0,-44.0,-854.0,-466.0
652,-14.0,-221.0,-155.0,-535.0,-17.0,40.0,-45.0,-852.0,-477.0
653,-13.0,-224.0,-154.0,-545.0,-16.0,38.0,-44.0,-852.0,-482.0
654,-15.0,-222.0,-157.0,-555.0,-18.0,37.0,-46.0,-853.0,-492.0
655,-14.0,-224.0,-160.0,-569.0,-16.0,35.0,-47.0,-857.0,-498.0
656,-12.0,-222.0,-158.0,-586.0,-13.0,33.0,-49.0,-857.0,-501.0
657,-11.0,-221.0,-157.0,-606.0,-6.0,31.0,-49.0,-849.0,-498.0
658,-11.0,-221.0,-153.0,-624.0,4.0,31.0,-42.0,-849.0,-495.0
659,-10.0,-221.0,-151.0,-637.0,16.0,30.0,-37.0,-847.0,-484.0
660,-9.0,-220.0,-146.0,-640.0,26.0,30.0,-31.0,-840.0,-463.0
661,-9.0,-220.0,-143.0,-625.0,34.0,29.0,-27.0,-834.0,-447.0
662,-8.0,-217.0,-144.0,-600.0,36.0,28.0,-28.0,-826.0,-434.0
663,-5.0,-216.0,-144.0,-569.0,35.0,29.0,-32.0,-821.0,-435.0
664,-10.0,-215.0,-146.0,-543.0,33.0,29.0,-38.0,-814.0,-440.0
665,-11.0,-213.0,-145.0,-528.0,31.0,32.0,-31.0,-816.0,-452.0
666,-11.0,-212.0,-151.0,-530.0,29.0,36.0,-35.0,-811.0,-466.0
667,-9.0,-212.0,-154.0,-550.0,27.0,40.0,-29.0,-819.0,-489.0
668,-7.0,-214.0,-160.0,-582.0,29.0,42.0,-30.0,-819.0,-505.0
669,-9.0,-216.0,-163.0,-623.0,31.0,42.0,-30.0,-833.0,-517.0
670,-5.0,-219.0,-164.0,-660.0,35.0,42.0,-27.0,-832.0,-524.0
671,-6.0,-219.0,-162.0,-686.0,40.0,42.0,-24.0,-835.0,-535.0
672,-8.0,-220.0,-169.0,-698.0,45.0,44.0,-31.0,-848.0,-548.0
673,-10.0,-222.0,-171.0,-698.0,50.0,43.0,-27.0,-846.0,-557.0
674,-6.0,-223.0,-173.0,-695.0,53.0,40.0,-27.0,-844.0,-556.0
675,-9.0,-217.0,-176.0,-695.0,57.0,40.0,-29.0,-840.0,-570.0
676,-7.0,-218.0,-179.0,-702.0,62.0,42.0,-35.0,-833.0,-573.0
677,-11.0,-215.0,-175.0,-714.0,68.0,44.0,-39.0,-813.0,-561.0
678,-9.0,-210.0,-168.0,-722.0,73.0,43.0,-39.0,-801.0,-548.0
679,-11.0,-207.0,-162.0,-722.0,82.0,41.0,-38.0,-792.0,-521.0
680,-8.0,-206.0,-159.0,-706.0,89.0,41.0,-35.0,-779.0,-497.0
681,-11.0,-200.0,-155.0,-678.0,98.0,37.0,-39.0,-777.0,-485.0
682,-11.0,-205.0,-153.0,-641.0,107.0,34.0,-37.0,-773.0,-471.0
683,-13.0,-201.0,-153.0,-609.0,118.0,33.0,-44.0,-782.0,-474.0
684,-13.0,-206.0,-158.0,-588.0,126.0,31.0,-41.0,-785.0,-493.0
685,-12.0,-206.0,-160.0,-588.0,133.0,29.0,-41.0,-792.0,-510.0
686,-15.0,-207.0,-171.0,-610.0,138.0,24.0,-44.0,-803.0,-542.0
687,-13.0,-210.0,-175.0,-645.0,140.0,19.0,-45.0,-808.0,-565.0
688,-12.0,-216.0,-182.0,-689.0,142.0,14.0,-46.0,-825.0,-584.0
689,-10.0,-219.0,-182.0,-726.0,142.0,6.0,-48.0,-833.0,-587.0
690,-14.0,-220.0,-182.0,-752.0,143.0,1.0,-55.0,-837.0,-599.0
691,-14.0,-222.0,-182.0,-761.0,150.0,-6.0,-48.0,-838.0,-601.0
692,-16.0,-222.0,-183.0,-751.0,156.0,-10.0,-57.0,-843.0,-600.0
693,-15.0,-221.0,-179.0,-726.0,162.0,-13.0,-60.0,-844.0,-597.0
694,-15.0,-221.0,-183.0,-690.0,169.0,-16.0,-62.0,-836.0,-600.0
695,-15.0,-218.0,-182.0,-651.0,173.0,-15.0,-61.0,-834.0,-597.0
696,-15.0,-220.0,-187.0,-610.0,179.0,-14.0,-64.0,-828.0,-601.0
697,-16.0,-218.0,-184.0,-573.0,181.0,-12.0,-62.0,-828.0,-610.0
698,-14.0,-215.0,-188.0,-546.0,184.0,-8.0,-60.0,-821.0,-617.0
699,-13.0,-213.0,-187.0,-529.0,188.0,-3.0,-54.0,-813.0,-622.0
700,-15.0,-211.0,-192.0,-516.0,190.0,2.0,-46.0,-809.0,-629.0
701,-12.0,-210.0,-191.0,-506.0,189.0,9.0,-40.0,-802.0,-636.0
702,-9.0,-209.0,-189.0,-496.0,185.0,13.0,-36.0,-797.0,-639.0
703,-8.0,-208.0,-190.0,-480.0,178.0,18.0,-32.0,-798.0,-632.0
704,-10.0,-211.0,-188.0,-458.0,165.0,19.0,-37.0,-793.0,-635.0
705,-10.0,-210.0,-192.0,-432.0,149.0,22.0,-34.0,-789.0,-627.0
706,-9.0,-209.0,-193.0,-403.0,131.0,25.0,-41.0,-790.0,-635.0
707,-12.0,-210.0,-192.0,-373.0,115.0,29.0,-39.0,-794.0,-646.0
708,-12.0,-206.0,-197.0,-347.0,104.0,32.0,-39.0,-794.0,-663.0
709,-9.0,-207.0,-201.0,-330.0,96.0,38.0,-39.0,-795.0,-682.0
710,-12.0,-210.0,-200.0,-322.0,95.0,45.0,-47.0,-790.0,-686.0
711,-14.0,-203.0,-202.0,-326.0,93.0,51.0,-49.0,-786.0,-689.0
712,-13.0,-203.0,-200.0,-338.0,87.0,49.0,-53.0,-776.0,-679.0
713,-14.0,-201.0,-196.0,-342.0,78.0,53.0,-66.0,-762.0,-658.0
714,-16.0,-195.0,-189.0,-333.0,73.0,54.0,-70.0,-752.0,-635.0
715,-17.0,-196.0,-182.0,-312.0,64.0,50.0,-74.0,-739.0,-607.0
716,-19.0,-191.0,-178.0,-283.0,58.0,50.0,-76.0,-732.0,-583.0
717,-16.0,-188.0,-173.0,-244.0,54.0,44.0,-84.0,-718.0,-558.0
718,-18.0,-185.0,-169.0,-206.0,55.0,36.0,-79.0,-706.0,-550.0
719,-19.0,-184.0,-170.0,-181.0,56.0,30.0,-87.0,-701.0,-547.0
720,-20.0,-182.0,-171.0,-175.0,58.0,27.0,-84.0,-694.0,-556.0
721,-19.0,-180.0,-176.0,-191.0,59.0,25.0,-85.0,-691.0,-569.0
722,-19.0,-179.0,-183.0,-231.0,57.0,22.0,-88.0,-691.0,-589.0
723,-24.0,-177.0,-183.0,-291.0,54.0,20.0,-88.0,-689.0,-609.0
724,-23.0,-180.0,-194.0,-367.0,50.0,16.0,-93.0,-690.0,-631.0
725,-24.0,-181.0,-197.0,-450.0,43.0,12.0,-99.0,-686.0,-657.0
726,-22.0,-179.0,-198.0,-536.0,39.0,10.0,-99.0,-689.0,-672.0
727,-21.0,-179.0,-202.0,-618.0,36.0,8.0,-94.0,-693.0,-686.0
728,-19.0,-179.0,-205.0,-692.0,37.0,4.0,-89.0,-694.0,-693.0
729,-16.0,-181.0,-209.0,-770.0,41.0,5.0,-81.0,-690.0,-697.0
730,-18.0,-180.0,-206.0,-820.0,49.0,12.0,-75.0,-684.0,-705.0
731,-16.0,-177.0,-206.0,-858.0,56.0,23.0,-65.0,-680.0,-700.0
732,-13.0,-176.0,-206.0,-886.0,62.0,32.0,-55.0,-678.0,-698.0
733,-15.0,-173.0,-200.0,-902.0,62.0,42.0,-60.0,-662.0,-672.0
734,-10.0,-173.0,-198.0,-902.0,59.0,51.0,-34.0,-643.0,-660.0
735,-6.0,-169.0,-193.0,-877.0,55.0,63.0,-26.0,-636.0,-634.0
736,-4.0,-171.0,-189.0,-839.0,48.0,73.0,-13.0,-635.0,-614.0
737,2.0,-174.0,-183.0,-784.0,40.0,85.0,0.0,-646.0,-601.0
738,4.0,-176.0,-184.0,-728.0,35.0,95.0,14.0,-651.0,-604.0
739,6.0,-180.0,-186.0,-676.0,36.0,103.0,23.0,-665.0,-610.0
740,9.0,-180.0,-193.0,-639.0,44.0,110.0,29.0,-680.0,-625.0
741,11.0,-182.0,-195.0,-627.0,57.0,119.0,37.0,-693.0,-658.0
742,12.0,-185.0,-200.0,-638.0,75.0,125.0,40.0,-705.0,-677.0
743,15.0,-189.0,-209.0,-667.0,96.0,132.0,40.0,-713.0,-703.0
744,12.0,-190.0,-212.0,-710.0,121.0,136.0,38.0,-723.0,-717.0
745,9.0,-194.0,-206.0,-756.0,143.0,138.0,36.0,-732.0,-731.0
746,8.0,-192.0,-212.0,-796.0,167.0,137.0,28.0,-740.0,-729.0
747,6.0,-193.0,-214.0,-822.0,188.0,137.0,25.0,-743.0,-727.0
748,3.0,-195.0,-215.0,-832.0,204.0,137.0,16.0,-750.0,-723.0
749,2.0,-198.0,-216.0,-822.0,220.0,140.0,9.0,-750.0,-734.0
750,3.0,-198.0,-215.0,-804.0,236.0,142.0,11.0,-749.0,-732.0
751,3.0,-198.0,-213.0,-774.0,251.0,148.0,5.0,-744.0,-733.0
752,2.0,-195.0,-215.0,-734.0,264.0,153.0,2.0,-740.0,-731.0
753,0.0,-189.0,-218.0,-692.0,272.0,159.0,-4.0,-728.0,-736.0
754,-5.0,-184.0,-212.0,-647.0,272.0,164.0,-8.0,-708.0,-739.0
755,-3.0,-184.0,-214.0,-602.0,266.0,169.0,-11.0,-697.0,-739.0
756,-5.0,-178.0,-217.0,-564.0,253.0,170.0,-21.0,-676.0,-740.0
757,-9.0,-172.0,-217.0,-530.0,240.0,171.0,-31.0,-648.0,-741.0
758,-8.0,-170.0,-213.0,-503.0,230.0,175.0,-33.0,-630.0,-740.0
759,-12.0,-163.0,-218.0,-483.0,226.0,179.0,-39.0,-621.0,-743.0
760,-10.0,-163.0,-214.0,-470.0,229.0,184.0,-43.0,-609.0,-737.0
761,-10.0,-160.0,-211.0,-466.0,238.0,187.0,-38.0,-610.0,-735.0
762,-12.0,-162.0,-213.0,-468.0,250.0,189.0,-46.0,-615.0,-734.0
763,-11.0,-165.0,-209.0,-480.0,260.0,190.0,-51.0,-628.0,-734.0
764,-15.0,-167.0,-216.0,-501.0,265.0,190.0,-53.0,-631.0,-738.0
765,-15.0,-172.0,-216.0,-536.0,262.0,187.0,-61.0,-642.0,-746.0
766,-16.0,-170.0,-221.0,-581.0,253.0,186.0,-69.0,-649.0,-755.0
767,-16.0,-171.0,-225.0,-636.0,236.0,183.0,-71.0,-648.0,-774.0
768,-16.0,-171.0,-225.0,-694.0,214.0,177.0,-76.0,-645.0,-780.0
769,-19.0,-168.0,-225.0,-750.0,191.0,168.0,-80.0,-642.0,-787.0
770,-20.0,-171.0,-229.0,-795.0,169.0,157.0,-81.0,-638.0,-783.0
771,-23.0,-170.0,-227.0,-826.0,150.0,150.0,-94.0,-636.0,-778.0
772,-26.0,-167.0,-225.0,-837.0,131.0,133.0,-94.0,-632.0,-776.0
773,-24.0,-169.0,-226.0,-829.0,115.0,120.0,-98.0,-641.0,-773.0
774,-28.0,-166.0,-226.0,-813.0,105.0,101.0,-109.0,-621.0,-771.0
775,-23.0,-166.0,-224.0,-784.0,100.0,94.0,-103.0,-625.0,-772.0
776,-24.0,-165.0,-223.0,-748.0,100.0,92.0,-106.0,-612.0,-778.0
777,-28.0,-163.0,-227.0,-706.0,101.0,91.0,-110.0,-610.0,-774.0
778,-29.0,-163.0,-229.0,-665.0,104.0,90.0,-111.0,-604.0,-777.0
779,-25.0,-157.0,-229.0,-625.0,108.0,90.0,-113.0,-594.0,-783.0
780,-25.0,-158.0,-227.0,-593.0,107.0,92.0,-103.0,-592.0,-787.0
781,-22.0,-155.0,-228.0,-567.0,102.0,97.0,-96.0,-587.0,-786.0
782,-18.0,-156.0,-229.0,-555.0,94.0,101.0,-75.0,-591.0,-792.0
783,-14.0,-153.0,-231.0,-553.0,85.0,103.0,-61.0,-589.0,-789.0
784,-13.0,-155.0,-232.0,-560.0,75.0,104.0,-44.0,-591.0,-786.0
785,-10.0,-155.0,-228.0,-581.0,66.0,100.0,-36.0,-596.0,-785.0
786,-6.0,-153.0,-230.0,-610.0,55.0,97.0,-22.0,-596.0,-788.0
787,-7.0,-158.0,-230.0,-643.0,41.0,93.0,-17.0,-592.0,-789.0
788,-1.0,-157.0,-230.0,-678.0,29.0,87.0,-13.0,-589.0,-791.0
789,2.0,-155.0,-235.0,-711.0,14.0,85.0,-13.0,-584.0,-796.0
790,0.0,-154.0,-231.0,-739.0,2.0,80.0,-10.0,-580.0,-800.0
791,-2.0,-148.0,-229.0,-764.0,-11.0,77.0,-7.0,-568.0,-803.0
792,-4.0,-143.0,-237.0,-786.0,-21.0,69.0,-8.0,-560.0,-811.0
793,-4.0,-140.0,-239.0,-796.0,-27.0,65.0,-9.0,-535.0,-811.0
794,-1.0,-140.0,-235.0,-799.0,-29.0,67.0,-14.0,-524.0,-810.0
795,-3.0,-137.0,-235.0,-794.0,-26.0,71.0,-18.0,-512.0,-822.0
796,-4.0,-134.0,-232.0,-785.0,-19.0,82.0,-19.0,-503.0,-822.0
797,-6.0,-134.0,-234.0,-773.0,-9.0,93.0,-25.0,-503.0,-821.0
798,-2.0,-133.0,-236.0,-759.0,2.0,103.0,-18.0,-498.0,-818.0
799,3.0,-135.0,-238.0,-741.0,15.0,112.0,-10.0,-502.0,-816.0
800,0.0,-137.0,-239.0,-726.0,28.0,123.0,-7.0,-510.0,-814.0
801,1.0,-138.0,-236.0,-718.0,37.0,131.0,2.0,-520.0,-815.0
802,1.0,-139.0,-236.0,-715.0,43.0,139.0,6.0,-529.0,-815.0
803,-1.0,-141.0,-237.0,-720.0,46.0,141.0,7.0,-539.0,-823.0
804,3.0,-143.0,-240.0,-735.0,42.0,141.0,3.0,-550.0,-833.0
805,1.0,-143.0,-241.0,-754.0,33.0,137.0,4.0,-545.0,-846.0
806,2.0,-139.0,-246.0,-777.0,21.0,134.0,-2.0,-543.0,-853.0
807,-1.0,-143.0,-249.0,-799.0,12.0,131.0,-4.0,-535.0,-865.0
808,-4.0,-138.0,-249.0,-815.0,5.0,124.0,-13.0,-525.0,-870.0
809,-5.0,-139.0,-253.0,-822.0,1.0,119.0,-16.0,-519.0,-876.0
810,-2.0,-139.0,-253.0,-819.0,6.0,117.0,-26.0,-515.0,-879.0
811,-9.0,-139.0,-250.0,-808.0,13.0,117.0,-30.0,-511.0,-871.0
812,-10.0,-133.0,-248.0,-786.0,24.0,121.0,-39.0,-506.0,-875.0
813,-9.0,-133.0,-249.0,-757.0,34.0,126.0,-40.0,-503.0,-881.0
814,-12.0,-130.0,-251.0,-725.0,44.0,135.0,-43.0,-498.0,-884.0
815,-9.0,-130.0,-251.0,-693.0,58.0,145.0,-44.0,-495.0,-889.0
816,-11.0,-133.0,-253.0,-665.0,72.0,153.0,-45.0,-489.0,-893.0
817,-11.0,-132.0,-257.0,-641.0,84.0,165.0,-45.0,-491.0,-903.0
818,-11.0,-131.0,-262.0,-624.0,98.0,175.0,-44.0,-485.0,-907.0
819,-10.0,-129.0,-260.0,-614.0,112.0,182.0,-44.0,-478.0,-916.0
820,-10.0,-127.0,-262.0,-612.0,120.0,189.0,-42.0,-473.0,-923.0
821,-10.0,-125.0,-263.0,-616.0,126.0,196.0,-39.0,-468.0,-930.0
822,-11.0,-120.0,-258.0,-626.0,126.0,198.0,-35.0,-452.0,-926.0
823,-8.0,-116.0,-261.0,-635.0,123.0,200.0,-36.0,-441.0,-933.0
824,-8.0,-115.0,-260.0,-646.0,115.0,200.0,-36.0,-434.0,-926.0
825,-5.0,-117.0,-258.0,-651.0,106.0,199.0,-24.0,-428.0,-919.0
826,-7.0,-116.0,-258.0,-655.0,95.0,197.0,-20.0,-426.0,-911.0
827,-5.0,-119.0,-257.0,-658.0,87.0,193.0,-13.0,-437.0,-908.0
828,-4.0,-119.0,-256.0,-659.0,83.0,189.0,-10.0,-436.0,-904.0
829,-5.0,-119.0,-256.0,-658.0,81.0,184.0,-16.0,-442.0,-907.0
830,-8.0,-117.0,-254.0,-653.0,82.0,178.0,-24.0,-446.0,-910.0
831,-8.0,-121.0,-259.0,-647.0,83.0,173.0,-30.0,-446.0,-911.0
832,-10.0,-120.0,-261.0,-637.0,85.0,168.0,-42.0,-449.0,-918.0
833,-15.0,-120.0,-261.0,-629.0,91.0,165.0,-54.0,-448.0,-924.0
834,-15.0,-120.0,-259.0,-615.0,96.0,163.0,-61.0,-442.0,-933.0
835,-16.0,-119.0,-263.0,-598.0,105.0,161.0,-71.0,-443.0,-938.0
836,-16.0,-119.0,-264.0,-573.0,112.0,161.0,-81.0,-442.0,-934.0
837,-17.0,-120.0,-263.0,-546.0,120.0,162.0,-83.0,-435.0,-935.0
838,-18.0,-115.0,-266.0,-521.0,126.0,164.0,-85.0,-434.0,-939.0
839,-18.0,-111.0,-271.0,-501.0,130.0,166.0,-88.0,-418.0,-944.0
840,-20.0,-112.0,-268.0,-489.0,132.0,168.0,-85.0,-402.0,-946.0
841,-19.0,-108.0,-274.0,-484.0,132.0,166.0,-88.0,-393.0,-945.0
842,-20.0,-105.0,-268.0,-489.0,129.0,165.0,-84.0,-378.0,-957.0
843,-21.0,-97.0,-265.0,-500.0,124.0,162.0,-92.0,-360.0,-959.0
844,-20.0,-94.0,-272.0,-516.0,118.0,157.0,-90.0,-348.0,-956.0
845,-22.0,-92.0,-268.0,-534.0,111.0,151.0,-87.0,-342.0,-954.0
846,-18.0,-97.0,-266.0,-549.0,104.0,145.0,-83.0,-339.0,-950.0
847,-18.0,-96.0,-263.0,-558.0,99.0,139.0,-80.0,-344.0,-949.0
848,-16.0,-99.0,-264.0,-564.0,97.0,133.0,-80.0,-354.0,-933.0
849,-16.0,-101.0,-264.0,-565.0,94.0,124.0,-77.0,-362.0,-923.0
850,-16.0,-100.0,-262.0,-561.0,94.0,112.0,-71.0,-372.0,-918.0
851,-14.0,-103.0,-263.0,-555.0,93.0,98.0,-71.0,-383.0,-916.0
852,-16.0,-103.0,-257.0,-545.0,93.0,83.0,-68.0,-388.0,-910.0
853,-16.0,-103.0,-257.0,-536.0,90.0,69.0,-74.0,-379.0,-915.0
854,-16.0,-102.0,-265.0,-529.0,89.0,55.0,-77.0,-381.0,-919.0
855,-21.0,-103.0,-261.0,-521.0,88.0,44.0,-82.0,-385.0,-929.0
856,-18.0,-102.0,-266.0,-515.0,88.0,35.0,-87.0,-380.0,-936.0
857,-19.0,-100.0,-266.0,-510.0,88.0,30.0,-91.0,-378.0,-943.0
858,-20.0,-98.0,-268.0,-501.0,87.0,31.0,-82.0,-359.0,-952.0
859,-16.0,-97.0,-270.0,-488.0,85.0,35.0,-81.0,-355.0,-959.0
860,-18.0,-93.0,-269.0,-476.0,83.0,39.0,-79.0,-350.0,-966.0
861,-16.0,-95.0,-278.0,-466.0,76.0,47.0,-73.0,-344.0,-972.0
862,-12.0,-91.0,-276.0,-457.0,66.0,52.0,-54.0,-338.0,-975.0
863,-12.0,-86.0,-280.0,-449.0,55.0,58.0,-53.0,-329.0,-981.0
864,-9.0,-85.0,-281.0,-446.0,43.0,62.0,-44.0,-322.0,-988.0
865,-9.0,-87.0,-279.0,-444.0,28.0,60.0,-39.0,-318.0,-993.0
866,-10.0,-86.0,-281.0,-444.0,14.0,59.0,-39.0,-321.0,-982.0
867,-11.0,-89.0,-275.0,-442.0,-1.0,56.0,-39.0,-317.0,-979.0
868,-8.0,-89.0,-270.0,-435.0,-11.0,50.0,-36.0,-321.0,-964.0
869,-11.0,-89.0,-270.0,-428.0,-17.0,43.0,-38.0,-330.0,-960.0
870,-15.0,-90.0,-267.0,-422.0,-21.0,33.0,-41.0,-336.0,-952.0
871,-11.0,-93.0,-272.0,-417.0,-21.0,24.0,-42.0,-334.0,-949.0
872,-10.0,-94.0,-269.0,-413.0,-20.0,16.0,-45.0,-337.0,-947.0
873,-12.0,-90.0,-271.0,-407.0,-17.0,9.0,-43.0,-338.0,-955.0
874,-11.0,-93.0,-271.0,-400.0,-11.0,2.0,-55.0,-336.0,-960.0
875,-10.0,-91.0,-272.0,-391.0,-4.0,-4.0,-56.0,-329.0,-970.0
876,-16.0,-89.0,-268.0,-379.0,5.0,-6.0,-70.0,-331.0,-972.0
877,-16.0,-91.0,-271.0,-365.0,12.0,-8.0,-75.0,-330.0,-975.0
878,-18.0,-89.0,-274.0,-352.0,17.0,-8.0,-80.0,-326.0,-966.0
879,-16.0,-88.0,-269.0,-340.0,17.0,-6.0,-75.0,-326.0,-965.0
880,-16.0,-85.0,-268.0,-326.0,14.0,-3.0,-67.0,-313.0,-966.0
881,-15.0,-88.0,-268.0,-313.0,9.0,1.0,-66.0,-312.0,-961.0
882,-14.0,-88.0,-274.0,-299.0,2.0,2.0,-58.0,-311.0,-967.0
883,-14.0,-84.0,-275.0,-287.0,-5.0,0.0,-45.0,-306.0,-970.0
884,-15.0,-83.0,-276.0,-282.0,-14.0,-1.0,-49.0,-309.0,-972.0
885,-12.0,-84.0,-274.0,-279.0,-22.0,-3.0,-47.0,-306.0,-966.0
886,-15.0,-83.0,-276.0,-282.0,-31.0,-5.0,-45.0,-309.0,-970.0
887,-14.0,-82.0,-274.0,-286.0,-37.0,-11.0,-54.0,-302.0,-980.0
888,-15.0,-87.0,-276.0,-290.0,-38.0,-15.0,-65.0,-300.0,-970.0
889,-15.0,-85.0,-279.0,-291.0,-38.0,-20.0,-68.0,-305.0,-984.0
890,-16.0,-85.0,-277.0,-287.0,-35.0,-22.0,-72.0,-304.0,-977.0
891,-16.0,-86.0,-276.0,-279.0,-29.0,-22.0,-73.0,-301.0,-973.0
892,-17.0,-82.0,-277.0,-266.0,-21.0,-23.0,-70.0,-294.0,-971.0
893,-16.0,-80.0,-274.0,-251.0,-11.0,-21.0,-68.0,-288.0,-971.0
894,-14.0,-79.0,-273.0,-239.0,-3.0,-19.0,-68.0,-278.0,-969.0
895,-16.0,-75.0,-273.0,-229.0,3.0,-16.0,-69.0,-278.0,-963.0
896,-16.0,-77.0,-276.0,-221.0,7.0,-13.0,-72.0,-277.0,-974.0
897,-15.0,-76.0,-271.0,-219.0,10.0,-7.0,-69.0,-278.0,-973.0
898,-12.0,-71.0,-275.0,-221.0,9.0,-3.0,-68.0,-277.0,-973.0
899,-16.0,-77.0,-274.0,-224.0,7.0,1.0,-68.0,-283.0,-977.0
900,-15.0,-77.0,-277.0,-227.0,7.0,4.0,-65.0,-282.0,-979.0
901,-15.0,-80.0,-277.0,-230.0,5.0,6.0,-61.0,-279.0,-985.0
902,-14.0,-76.0,-279.0,-228.0,7.0,8.0,-55.0,-278.0,-985.0
903,-11.0,-76.0,-279.0,-224.0,12.0,11.0,-54.0,-275.0,-987.0
904,-15.0,-74.0,-278.0,-214.0,14.0,13.0,-57.0,-267.0,-989.0
905,-11.0,-74.0,-274.0,-204.0,15.0,16.0,-47.0,-259.0,-988.0
906,-12.0,-71.0,-277.0,-194.0,19.0,16.0,-47.0,-254.0,-987.0
907,-14.0,-72.0,-279.0,-186.0,24.0,18.0,-51.0,-242.0,-988.0
908,-15.0,-70.0,-278.0,-182.0,26.0,21.0,-56.0,-245.0,-989.0
909,-14.0,-67.0,-280.0,-183.0,28.0,23.0,-59.0,-250.0,-985.0
910,-14.0,-69.0,-277.0,-186.0,30.0,27.0,-54.0,-245.0,-990.0
911,-12.0,-69.0,-279.0,-191.0,31.0,29.0,-53.0,-246.0,-986.0
912,-16.0,-69.0,-276.0,-193.0,31.0,33.0,-58.0,-244.0,-985.0
913,-14.0,-69.0,-279.0,-194.0,29.0,34.0,-64.0,-248.0,-990.0
914,-15.0,-69.0,-282.0,-197.0,26.0,37.0,-67.0,-248.0,-992.0
915,-16.0,-70.0,-276.0,-198.0,20.0,41.0,-70.0,-251.0,-993.0
916,-17.0,-70.0,-279.0,-197.0,12.0,45.0,-72.0,-255.0,-993.0
917,-16.0,-73.0,-278.0,-192.0,4.0,51.0,-68.0,-252.0,-998.0
918,-15.0,-70.0,-276.0,-182.0,-5.0,55.0,-66.0,-254.0,-991.0
919,-15.0,-69.0,-281.0,-169.0,-14.0,59.0,-63.0,-255.0,-984.0
920,-15.0,-73.0,-276.0,-156.0,-21.0,62.0,-61.0,-247.0,-987.0
921,-13.0,-65.0,-275.0,-145.0,-24.0,66.0,-53.0,-240.0,-987.0
922,-14.0,-66.0,-278.0,-133.0,-23.0,70.0,-55.0,-242.0,-984.0
923,-15.0,-65.0,-279.0,-123.0,-22.0,72.0,-56.0,-234.0,-989.0
924,-14.0,-65.0,-279.0,-115.0,-18.0,73.0,-50.0,-225.0,-990.0
925,-13.0,-66.0,-285.0,-108.0,-12.0,74.0,-56.0,-232.0,-989.0
926,-13.0,-64.0,-278.0,-102.0,-1.0,76.0,-61.0,-224.0,-992.0
927,-14.0,-62.0,-277.0,-99.0,9.0,77.0,-56.0,-222.0,-991.0
928,-15.0,-59.0,-278.0,-97.0,20.0,78.0,-65.0,-221.0,-986.0
929,-15.0,-60.0,-278.0,-93.0,31.0,80.0,-66.0,-218.0,-989.0
930,-16.0,-61.0,-282.0,-90.0,41.0,80.0,-69.0,-220.0,-990.0
931,-14.0,-59.0,-277.0,-88.0,47.0,80.0,-70.0,-213.0,-987.0
932,-15.0,-62.0,-280.0,-86.0,54.0,82.0,-70.0,-215.0,-989.0
933,-16.0,-60.0,-282.0,-81.0,58.0,80.0,-73.0,-214.0,-985.0
934,-15.0,-61.0,-277.0,-79.0,61.0,81.0,-71.0,-220.0,-989.0
935,-16.0,-60.0,-282.0,-76.0,62.0,80.0,-73.0,-216.0,-992.0
936,-16.0,-65.0,-276.0,-75.0,63.0,80.0,-66.0,-221.0,-988.0
937,-16.0,-63.0,-276.0,-74.0,62.0,78.0,-69.0,-225.0,-986.0
938,-16.0,-63.0,-275.0,-74.0,56.0,74.0,-67.0,-230.0,-985.0
939,-14.0,-64.0,-276.0,-73.0,50.0,73.0,-66.0,-227.0,-987.0
940,-13.0,-64.0,-278.0,-72.0,46.0,69.0,-66.0,-228.0,-987.0
941,-12.0,-68.0,-269.0,-71.0,38.0,64.0,-66.0,-223.0,-990.0
942,-16.0,-61.0,-283.0,-68.0,34.0,60.0,-62.0,-228.0,-989.0
943,-15.0,-58.0,-281.0,-63.0,28.0,56.0,-57.0,-219.0,-995.0
944,-13.0,-63.0,-277.0,-59.0,25.0,52.0,-56.0,-218.0,-993.0
945,-15.0,-60.0,-276.0,-53.0,22.0,49.0,-59.0,-217.0,-991.0
946,-13.0,-63.0,-281.0,-47.0,19.0,45.0,-54.0,-218.0,-991.0
947,-15.0,-59.0,-277.0,-40.0,17.0,42.0,-54.0,-219.0,-991.0
948,-15.0,-63.0,-279.0,-33.0,16.0,38.0,-60.0,-223.0,-987.0
949,-16.0,-62.0,-280.0,-24.0,13.0,36.0,-60.0,-220.0,-984.0
950,-15.0,-62.0,-276.0,-17.0,12.0,34.0,-66.0,-226.0,-981.0
951,-15.0,-62.0,-275.0,-13.0,8.0,31.0,-64.0,-223.0,-979.0
952,-15.0,-64.0,-274.0,-8.0,7.0,29.0,-72.0,-219.0,-982.0
953,-16.0,-58.0,-276.0,-4.0,5.0,28.0,-66.0,-226.0,-980.0
954,-17.0,-63.0,-278.0,-2.0,4.0,26.0,-69.0,-222.0,-984.0
955,-15.0,-62.0,-277.0,-3.0,4.0,27.0,-73.0,-219.0,-987.0
956,-18.0,-59.0,-282.0,-2.0,7.0,27.0,-72.0,-219.0,-988.0
957,-16.0,-62.0,-276.0,-5.0,8.0,28.0,-63.0,-225.0,-985.0
958,-14.0,-63.0,-279.0,-5.0,10.0,29.0,-68.0,-226.0,-987.0
959,-15.0,-64.0,-278.0,-6.0,13.0,27.0,-67.0,-231.0,-983.0
960,-15.0,-63.0,-279.0,-7.0,16.0,26.0,-61.0,-227.0,-980.0
961,-15.0,-64.0,-276.0,-9.0,16.0,25.0,-55.0,-235.0,-979.0
962,-13.0,-66.0,-276.0,-8.0,17.0,23.0,-60.0,-235.0,-982.0
963,-13.0,-60.0,-284.0,-10.0,20.0,21.0,-59.0,-233.0,-983.0
964,-14.0,-65.0,-278.0,-11.0,20.0,20.0,-59.0,-237.0,-989.0
965,-12.0,-64.0,-281.0,-10.0,22.0,19.0,-49.0,-227.0,-988.0
966,-13.0,-65.0,-279.0,-8.0,25.0,17.0,-51.0,-231.0,-994.0
967,-11.0,-64.0,-280.0,-2.0,27.0,16.0,-50.0,-226.0,-992.0
968,-11.0,-65.0,-280.0,3.0,30.0,14.0,-46.0,-224.0,-991.0
969,-11.0,-65.0,-278.0,8.0,30.0,13.0,-47.0,-231.0,-988.0
970,-13.0,-65.0,-278.0,14.0,31.0,12.0,-51.0,-223.0,-987.0
971,-12.0,-62.0,-279.0,18.0,31.0,9.0,-53.0,-224.0,-986.0
972,-13.0,-64.0,-280.0,23.0,29.0,8.0,-47.0,-228.0,-986.0
973,-14.0,-63.0,-277.0,26.0,26.0,8.0,-52.0,-218.0,-984.0
974,-15.0,-60.0,-272.0,29.0,23.0,8.0,-55.0,-224.0,-982.0
975,-15.0,-61.0,-272.0,31.0,20.0,10.0,-64.0,-218.0,-977.0
976,-14.0,-62.0,-274.0,33.0,17.0,10.0,-57.0,-223.0,-968.0
977,-15.0,-64.0,-278.0,35.0,15.0,10.0,-61.0,-225.0,-969.0
978,-13.0,-66.0,-272.0,33.0,14.0,11.0,-61.0,-225.0,-969.0
979,-14.0,-64.0,-274.0,35.0,14.0,12.0,-60.0,-227.0,-970.0
980,-13.0,-65.0,-274.0,34.0,13.0,14.0,-67.0,-229.0,-966.0
981,-14.0,-63.0,-274.0,39.0,13.0,14.0,-60.0,-225.0,-978.0
982,-12.0,-68.0,-276.0,42.0,13.0,15.0,-49.0,-231.0,-967.0
983,-14.0,-61.0,-272.0,42.0,14.0,17.0,-55.0,-233.0,-973.0
984,-14.0,-66.0,-275.0,45.0,19.0,16.0,-54.0,-234.0,-975.0
985,-6.0,-69.0,-280.0,45.0,23.0,16.0,-51.0,-229.0,-976.0
986,-12.0,-65.0,-272.0,45.0,26.0,15.0,-58.0,-228.0,-977.0
987,-14.0,-65.0,-277.0,42.0,28.0,14.0,-54.0,-226.0,-980.0
988,-15.0,-59.0,-276.0,38.0,30.0,13.0,-55.0,-232.0,-983.0
989,-15.0,-64.0,-278.0,33.0,32.0,11.0,-62.0,-223.0,-981.0
990,-14.0,-62.0,-276.0,29.0,35.0,9.0,-52.0,-219.0,-981.0
991,-15.0,-63.0,-277.0,25.0,37.0,9.0,-58.0,-214.0,-981.0
992,-14.0,-62.0,-278.0,22.0,37.0,8.0,-51.0,-218.0,-981.0
993,-12.0,-59.0,-278.0,19.0,39.0,7.0,-55.0,-216.0,-980.0
994,-14.0,-59.0,-273.0,14.0,38.0,5.0,-60.0,-217.0,-974.0
995,-14.0,-58.0,-272.0,9.0,36.0,6.0,-57.0,-216.0,-970.0
996,-11.0,-63.0,-273.0,6.0,32.0,5.0,-59.0,-216.0,-967.0
997,-14.0,-61.0,-276.0,-1.0,27.0,5.0,-65.0,-223.0,-970.0
998,-14.0,-67.0,-272.0,-4.0,22.0,4.0,-60.0,-224.0,-969.0
999,-15.0,-67.0,-277.0,-6.0,18.0,1.0,-68.0,-233.0,-972.0
1000,-16.0,-65.0,-276.0,-3.0,14.0,-2.0,-65.0,-237.0,-976.0
1001,-16.0,-66.0,-275.0,-1.0,10.0,-4.0,-69.0,-241.0,-973.0
1002,-15.0,-69.0,-274.0,1.0,8.0,-4.0,-71.0,-237.0,-974.0
1003,-16.0,-68.0,-276.0,7.0,9.0,-6.0,-71.0,-242.0,-977.0
1004,-15.0,-67.0,-276.0,12.0,9.0,-8.0,-72.0,-247.0,-980.0
1005,-16.0,-70.0,-274.0,17.0,9.0,-7.0,-70.0,-240.0,-978.0
1006,-15.0,-67.0,-274.0,22.0,12.0,-9.0,-70.0,-243.0,-978.0
1007,-14.0,-69.0,-274.0,27.0,15.0,-12.0,-62.0,-239.0,-983.0
1008,-18.0,-67.0,-262.0,29.0,15.0,-13.0,-66.0,-242.0,-980.0
1009,-15.0,-72.0,-288.0,27.0,17.0,-13.0,-61.0,-231.0,-982.0
1010,-8.0,-57.0,-277.0,26.0,17.0,-14.0,-65.0,-230.0,-981.0
1011,-9.0,-63.0,-269.0,22.0,17.0,-13.0,-61.0,-229.0,-973.0
1012,-10.0,-76.0,-263.0,19.0,17.0,-14.0,-54.0,-232.0,-984.0
1013,-9.0,-60.0,-280.0,10.0,16.0,-13.0,-54.0,-224.0,-981.0
1014,-13.0,-60.0,-279.0,2.0,13.0,-13.0,-59.0,-232.0,-983.0
1015,-13.0,-63.0,-281.0,-9.0,9.0,-13.0,-58.0,-226.0,-982.0
1016,-9.0,-61.0,-274.0,-16.0,7.0,-14.0,-51.0,-226.0,-980.0
1017,-14.0,-59.0,-267.0,-25.0,7.0,-13.0,-59.0,-233.0,-979.0
1018,-15.0,-64.0,-274.0,-32.0,5.0,-13.0,-57.0,-232.0,-976.0
1019,-13.0,-67.0,-273.0,-40.0,5.0,-14.0,-51.0,-232.0,-976.0
1020,-11.0,-68.0,-277.0,-45.0,6.0,-15.0,-64.0,-234.0,-977.0
1021,-15.0,-66.0,-275.0,-48.0,7.0,-15.0,-59.0,-241.0,-971.0
1022,-10.0,-68.0,-271.0,-47.0,8.0,-15.0,-62.0,-242.0,-971.0
1023,-16.0,-69.0,-287.0,-46.0,8.0,-14.0,-67.0,-245.0,-972.0
1024,-14.0,-73.0,-272.0,-43.0,11.0,-13.0,-61.0,-246.0,-970.0
1025,-14.0,-67.0,-268.0,-40.0,14.0,-13.0,-60.0,-243.0,-969.0
1026,-13.0,-66.0,-276.0,-34.0,18.0,-12.0,-58.0,-248.0,-972.0
1027,-15.0,-69.0,-276.0,-28.0,21.0,-11.0,-56.0,-247.0,-976.0
1028,-14.0,-70.0,-267.0,-22.0,25.0,-10.0,-54.0,-246.0,-977.0
1029,-17.0,-65.0,-277.0,-16.0,26.0,-9.0,-56.0,-244.0,-978.0
1030,-20.0,-67.0,-279.0,-12.0,28.0,-8.0,-58.0,-247.0,-983.0
1031,-6.0,-77.0,-278.0,-9.0,27.0,-10.0,-56.0,-245.0,-979.0
1032,-15.0,-75.0,-280.0,-7.0,27.0,-10.0,-53.0,-237.0,-981.0
1033,-13.0,-68.0,-275.0,-10.0,26.0,-13.0,-59.0,-239.0,-980.0
1034,-12.0,-65.0,-274.0,-13.0,24.0,-15.0,-54.0,-240.0,-980.0
1035,-11.0,-65.0,-276.0,-16.0,25.0,-17.0,-57.0,-235.0,-979.0
1036,-14.0,-67.0,-273.0,-20.0,24.0,-20.0,-60.0,-236.0,-974.0
1037,-30.0,-63.0,-277.0,-24.0,21.0,-22.0,-54.0,-237.0,-971.0
1038,-10.0,-69.0,-280.0,-30.0,20.0,-25.0,-60.0,-238.0,-966.0
1039,-23.0,-65.0,-262.0,-35.0,20.0,-26.0,-62.0,-232.0,-968.0
1040,-22.0,-51.0,-264.0,-38.0,19.0,-25.0,-66.0,-237.0,-963.0
1041,-15.0,-82.0,-266.0,-40.0,18.0,-24.0,-73.0,-237.0,-966.0
1042,-10.0,-86.0,-268.0,-41.0,17.0,-25.0,-68.0,-242.0,-973.0
1043,2.0,-78.0,-270.0,-41.0,18.0,-23.0,-69.0,-243.0,-958.0
1044,-14.0,-59.0,-261.0,-39.0,18.0,-21.0,-68.0,-246.0,-967.0
1045,-9.0,-72.0,-259.0,-40.0,18.0,-16.0,-68.0,-245.0,-966.0
1046,-26.0,-66.0,-275.0,-37.0,18.0,-14.0,-72.0,-247.0,-972.0
1047,-17.0,-76.0,-264.0,-37.0,16.0,-11.0,-71.0,-246.0,-968.0
1048,-17.0,-65.0,-275.0,-37.0,15.0,-9.0,-69.0,-248.0,-973.0
1049,-16.0,-72.0,-278.0,-38.0,12.0,-6.0,-67.0,-245.0,-975.0
1050,-16.0,-68.0,-275.0,-37.0,10.0,-5.0,-59.0,-246.0,-978.0
1051,-14.0,-67.0,-279.0,-39.0,9.0,-5.0,-65.0,-248.0,-976.0
1052,-6.0,-76.0,-285.0,-40.0,7.0,-4.0,-59.0,-245.0,-975.0
1053,-5.0,-64.0,-268.0,-41.0,8.0,-4.0,-58.0,-245.0,-982.0
1054,-17.0,-72.0,-284.0,-41.0,7.0,-6.0,-58.0,-243.0,-979.0
1055,-18.0,-75.0,-291.0,-40.0,8.0,-8.0,-54.0,-246.0,-980.0
1056,-2.0,-57.0,-307.0,-37.0,11.0,-9.0,-54.0,-249.0,-977.0
1057,0.0,-63.0,-290.0,-38.0,14.0,-13.0,-51.0,-255.0,-976.0
1058,-24.0,-73.0,-259.0,-36.0,17.0,-14.0,-51.0,-256.0,-979.0
1059,-23.0,-73.0,-264.0,-36.0,19.0,-15.0,-51.0,-260.0,-977.0
1060,5.0,-73.0,-270.0,-33.0,22.0,-17.0,-62.0,-259.0,-975.0
1061,-10.0,-77.0,-278.0,-34.0,22.0,-20.0,-66.0,-261.0,-975.0
1062,-13.0,-58.0,-275.0,-35.0,23.0,-21.0,-64.0,-257.0,-973.0
1063,-14.0,-73.0,-272.0,-37.0,22.0,-24.0,-59.0,-256.0,-973.0
1064,-13.0,-74.0,-278.0,-40.0,21.0,-25.0,-62.0,-253.0,-967.0
1065,-16.0,-70.0,-272.0,-39.0,19.0,-25.0,-64.0,-254.0,-972.0
1066,-16.0,-70.0,-275.0,-41.0,15.0,-23.0,-67.0,-251.0,-968.0
1067,-15.0,-70.0,-274.0,-42.0,13.0,-21.0,-68.0,-248.0,-973.0
1068,-17.0,-70.0,-278.0,-43.0,14.0,-19.0,-69.0,-250.0,-976.0
1069,-9.0,-69.0,-277.0,-44.0,14.0,-19.0,-73.0,-245.0,-974.0
1070,-17.0,-69.0,-272.0,-44.0,12.0,-18.0,-70.0,-241.0,-976.0
1071,-10.0,-69.0,-275.0,-45.0,13.0,-15.0,-68.0,-246.0,-975.0
1072,-14.0,-73.0,-275.0,-47.0,14.0,-14.0,-65.0,-246.0,-970.0
1073,-15.0,-68.0,-274.0,-48.0,14.0,-14.0,-68.0,-248.0,-966.0
1074,-15.0,-73.0,-276.0,-50.0,15.0,-11.0,-66.0,-248.0,-974.0
1075,-14.0,-70.0,-273.0,-50.0,15.0,-12.0,-64.0,-244.0,-971.0
1076,-12.0,-69.0,-270.0,-52.0,14.0,-13.0,-59.0,-255.0,-970.0
1077,-12.0,-71.0,-273.0,-53.0,12.0,-14.0,-59.0,-247.0,-971.0
1078,-17.0,-80.0,-270.0,-53.0,13.0,-14.0,-66.0,-249.0,-971.0
1079,-15.0,-70.0,-275.0,-53.0,13.0,-16.0,-53.0,-258.0,-973.0
1080,-13.0,-73.0,-272.0,-52.0,13.0,-15.0,-62.0,-259.0,-973.0
1081,-14.0,-70.0,-275.0,-52.0,15.0,-16.0,-55.0,-261.0,-968.0
1082,-13.0,-72.0,-272.0,-50.0,17.0,-16.0,-56.0,-254.0,-978.0
1083,-15.0,-75.0,-284.0,-48.0,17.0,-16.0,-68.0,-257.0,-976.0
1084,-12.0,-71.0,-274.0,-46.0,20.0,-16.0,-58.0,-257.0,-978.0
1085,-16.0,-71.0,-279.0,-46.0,21.0,-18.0,-64.0,-251.0,-982.0
1086,-16.0,-66.0,-274.0,-46.0,21.0,-18.0,-65.0,-242.0,-982.0
1087,-15.0,-69.0,-270.0,-45.0,20.0,-18.0,-63.0,-243.0,-979.0
1088,-9.0,-65.0,-272.0,-47.0,20.0,-17.0,-66.0,-241.0,-978.0
1089,-15.0,-61.0,-273.0,-49.0,22.0,-17.0,-65.0,-234.0,-970.0
1090,-15.0,-74.0,-279.0,-51.0,22.0,-15.0,-71.0,-235.0,-970.0
1091,-15.0,-67.0,-282.0,-54.0,23.0,-13.0,-66.0,-240.0,-970.0
1092,-12.0,-68.0,-267.0,-55.0,22.0,-11.0,-65.0,-240.0,-967.0
1093,-14.0,-70.0,-272.0,-57.0,20.0,-8.0,-63.0,-239.0,-965.0
1094,-16.0,-66.0,-272.0,-58.0,18.0,-5.0,-69.0,-242.0,-969.0
1095,-13.0,-68.0,-274.0,-59.0,15.0,-2.0,-60.0,-248.0,-972.0
1096,-16.0,-69.0,-273.0,-61.0,11.0,-1.0,-65.0,-244.0,-966.0
1097,-15.0,-75.0,-265.0,-61.0,7.0,-1.0,-65.0,-251.0,-976.0
1098,-14.0,-73.0,-276.0,-61.0,2.0,-2.0,-64.0,-251.0,-972.0
1099,-8.0,-68.0,-277.0,-61.0,1.0,-1.0,-63.0,-258.0,-975.0
1100,-12.0,-75.0,-268.0,-58.0,0.0,-1.0,-66.0,-253.0,-973.0
1101,-12.0,-72.0,-275.0,-58.0,-1.0,0.0,-63.0,-258.0,-977.0
1102,-16.0,-71.0,-273.0,-58.0,2.0,0.0,-66.0,-258.0,-977.0
1103,-15.0,-71.0,-276.0,-59.0,2.0,1.0,-68.0,-252.0,-966.0
1104,-16.0,-70.0,-270.0,-62.0,4.0,3.0,-69.0,-251.0,-984.0
1105,-16.0,-71.0,-273.0,-64.0,4.0,4.0,-70.0,-255.0,-973.0
1106,-17.0,-72.0,-274.0,-65.0,2.0,5.0,-64.0,-260.0,-972.0
1107,-16.0,-72.0,-274.0,-64.0,1.0,6.0,-71.0,-260.0,-975.0
1108,-16.0,-71.0,-278.0,-59.0,0.0,7.0,-70.0,-256.0,-976.0
1109,-16.0,-75.0,-275.0,-52.0,0.0,8.0,-73.0,-260.0,-976.0
1110,-15.0,-70.0,-274.0,-44.0,-1.0,9.0,-68.0,-256.0,-980.0
1111,-16.0,-74.0,-274.0,-35.0,1.0,9.0,-70.0,-256.0,-982.0
1112,-16.0,-73.0,-275.0,-26.0,2.0,11.0,-70.0,-265.0,-985.0
1113,-17.0,-73.0,-274.0,-18.0,3.0,12.0,-72.0,-259.0,-982.0
1114,-16.0,-71.0,-278.0,-11.0,4.0,13.0,-75.0,-251.0,-983.0
1115,-19.0,-72.0,-276.0,-4.0,6.0,14.0,-70.0,-248.0,-977.0
1116,-15.0,-75.0,-283.0,-5.0,8.0,15.0,-70.0,-249.0,-982.0
1117,-16.0,-70.0,-276.0,-5.0,10.0,17.0,-66.0,-250.0,-977.0
1118,-16.0,-70.0,-276.0,-5.0,12.0,18.0,-69.0,-243.0,-977.0
1119,-15.0,-69.0,-277.0,-7.0,13.0,19.0,-70.0,-242.0,-977.0
1120,-17.0,-67.0,-276.0,-9.0,12.0,20.0,-70.0,-243.0,-980.0
1121,-4.0,-85.0,-263.0,-14.0,13.0,22.0,-66.0,-240.0,-974.0
1122,-16.0,-67.0,-274.0,-18.0,14.0,25.0,-69.0,-238.0,-971.0
1123,-15.0,-68.0,-274.0,-21.0,14.0,27.0,-68.0,-242.0,-975.0
1124,-14.0,-68.0,-272.0,-24.0,14.0,30.0,-69.0,-241.0,-970.0
1125,-15.0,-68.0,-274.0,-26.0,14.0,30.0,-65.0,-243.0,-972.0
1126,-16.0,-68.0,-274.0,-30.0,15.0,31.0,-68.0,-244.0,-972.0
1127,-16.0,-69.0,-276.0,-32.0,15.0,33.0,-67.0,-243.0,-969.0
1128,-14.0,-72.0,-271.0,-36.0,16.0,32.0,-62.0,-255.0,-970.0
1129,-14.0,-69.0,-273.0,-35.0,16.0,34.0,-66.0,-252.0,-967.0
1130,-16.0,-72.0,-273.0,-34.0,17.0,34.0,-64.0,-260.0,-974.0
1131,-16.0,-70.0,-275.0,-31.0,20.0,33.0,-67.0,-258.0,-971.0
1132,-16.0,-73.0,-272.0,-28.0,22.0,33.0,-63.0,-266.0,-972.0
1133,-16.0,-71.0,-277.0,-21.0,24.0,32.0,-64.0,-266.0,-974.0
1134,-14.0,-72.0,-276.0,-15.0,28.0,31.0,-61.0,-265.0,-967.0
1135,-15.0,-72.0,-278.0,-12.0,32.0,31.0,-67.0,-255.0,-977.0
1136,-15.0,-69.0,-276.0,-11.0,36.0,29.0,-64.0,-256.0,-982.0
1137,-18.0,-69.0,-276.0,-7.0,39.0,28.0,-59.0,-245.0,-980.0
1138,-16.0,-67.0,-277.0,-7.0,42.0,26.0,-63.0,-243.0,-985.0
1139,-15.0,-71.0,-280.0,-8.0,43.0,25.0,-63.0,-243.0,-983.0
1140,-13.0,-68.0,-277.0,-9.0,43.0,25.0,-67.0,-242.0,-986.0
1141,-15.0,-69.0,-277.0,-12.0,41.0,24.0,-67.0,-242.0,-983.0
1142,-16.0,-66.0,-272.0,-13.0,39.0,25.0,-68.0,-237.0,-977.0
1143,-14.0,-66.0,-275.0,-14.0,37.0,27.0,-64.0,-232.0,-974.0
1144,-15.0,-65.0,-272.0,-15.0,35.0,29.0,-55.0,-241.0,-973.0
1145,-15.0,-70.0,-271.0,-15.0,31.0,30.0,-63.0,-239.0,-970.0
1146,-15.0,-67.0,-270.0,-15.0,29.0,31.0,-62.0,-246.0,-968.0
1147,-19.0,-69.0,-273.0,-16.0,26.0,32.0,-62.0,-250.0,-963.0
1148,-13.0,-71.0,-274.0,-18.0,24.0,33.0,-59.0,-251.0,-965.0
1149,-14.0,-70.0,-272.0,-18.0,22.0,33.0,-60.0,-251.0,-963.0
1150,-15.0,-72.0,-272.0,-19.0,21.0,33.0,-62.0,-254.0,-961.0
1151,-16.0,-71.0,-272.0,-19.0,22.0,32.0,-59.0,-259.0,-968.0
1152,-15.0,-72.0,-276.0,-17.0,23.0,33.0,-62.0,-257.0,-965.0
1153,-14.0,-71.0,-275.0,-15.0,26.0,31.0,-62.0,-266.0,-970.0
1154,-15.0,-71.0,-276.0,-15.0,28.0,31.0,-53.0,-259.0,-975.0
1155,-15.0,-69.0,-276.0,-13.0,31.0,33.0,-61.0,-256.0,-978.0
1156,-11.0,-72.0,-271.0,-12.0,34.0,33.0,-54.0,-257.0,-978.0
1157,-14.0,-72.0,-273.0,-11.0,35.0,32.0,-49.0,-258.0,-979.0
1158,-14.0,-71.0,-275.0,-11.0,35.0,31.0,-55.0,-255.0,-979.0
1159,-13.0,-72.0,-278.0,-9.0,36.0,31.0,-53.0,-256.0,-983.0
1160,-13.0,-70.0,-275.0,-6.0,35.0,29.0,-57.0,-255.0,-974.0
1161,-14.0,-70.0,-273.0,-3.0,34.0,27.0,-53.0,-252.0,-978.0
1162,-14.0,-72.0,-275.0,-3.0,31.0,26.0,-59.0,-254.0,-973.0
1163,-11.0,-73.0,-279.0,-1.0,32.0,25.0,-58.0,-256.0,-974.0
1164,-15.0,-71.0,-271.0,0.0,32.0,27.0,-54.0,-259.0,-974.0
1165,-15.0,-74.0,-273.0,2.0,33.0,26.0,-51.0,-258.0,-978.0
1166,-17.0,-71.0,-274.0,5.0,35.0,28.0,-49.0,-257.0,-968.0
1167,-12.0,-70.0,-272.0,6.0,37.0,28.0,-50.0,-260.0,-971.0
1168,-13.0,-71.0,-276.0,6.0,39.0,29.0,-46.0,-261.0,-972.0
1169,-13.0,-71.0,-271.0,6.0,38.0,29.0,-51.0,-265.0,-969.0
1170,-9.0,-72.0,-273.0,4.0,35.0,28.0,-51.0,-254.0,-974.0
1171,-11.0,-72.0,-274.0,2.0,34.0,30.0,-50.0,-256.0,-970.0
1172,-14.0,-69.0,-276.0,2.0,31.0,27.0,-50.0,-255.0,-971.0
1173,-14.0,-71.0,-277.0,-2.0,29.0,25.0,-53.0,-256.0,-970.0
1174,-13.0,-71.0,-272.0,-2.0,28.0,25.0,-51.0,-253.0,-970.0
1175,-14.0,-72.0,-276.0,-4.0,26.0,25.0,-51.0,-248.0,-971.0
1176,-13.0,-70.0,-276.0,-5.0,25.0,25.0,-54.0,-253.0,-971.0
1177,-15.0,-72.0,-277.0,-5.0,25.0,23.0,-57.0,-258.0,-973.0
1178,-14.0,-70.0,-276.0,-6.0,25.0,23.0,-53.0,-256.0,-973.0
1179,-14.0,-71.0,-271.0,-6.0,24.0,24.0,-50.0,-253.0,-971.0
1180,-11.0,-71.0,-273.0,-8.0,23.0,23.0,-48.0,-258.0,-970.0
1181,-11.0,-71.0,-276.0,-10.0,21.0,24.0,-51.0,-258.0,-969.0
1182,-15.0,-67.0,-273.0,-13.0,19.0,23.0,-46.0,-258.0,-972.0
1183,-14.0,-69.0,-271.0,-16.0,18.0,22.0,-41.0,-258.0,-968.0
1184,-14.0,-73.0,-274.0,-20.0,19.0,20.0,-44.0,-259.0,-966.0
1185,-11.0,-72.0,-271.0,-23.0,18.0,19.0,-46.0,-251.0,-972.0
1186,-14.0,-69.0,-271.0,-28.0,18.0,17.0,-47.0,-258.0,-969.0
1187,-12.0,-71.0,-274.0,-30.0,20.0,15.0,-44.0,-255.0,-972.0
1188,-13.0,-71.0,-276.0,-31.0,21.0,14.0,-50.0,-252.0,-966.0
1189,-13.0,-69.0,-272.0,-31.0,22.0,14.0,-47.0,-255.0,-973.0
1190,-16.0,-72.0,-272.0,-30.0,23.0,14.0,-53.0,-257.0,-974.0
1191,-14.0,-69.0,-271.0,-26.0,24.0,14.0,-57.0,-258.0,-968.0
1192,-14.0,-71.0,-275.0,-21.0,24.0,14.0,-53.0,-255.0,-974.0
1193,-14.0,-71.0,-275.0,-19.0,23.0,15.0,-50.0,-257.0,-973.0
1194,-13.0,-75.0,-273.0,-17.0,20.0,14.0,-50.0,-257.0,-972.0
1195,-12.0,-73.0,-276.0,-18.0,20.0,15.0,-56.0,-260.0,-983.0
1196,-13.0,-70.0,-276.0,-19.0,18.0,13.0,-60.0,-266.0,-968.0
1197,-14.0,-72.0,-268.0,-19.0,16.0,13.0,-51.0,-259.0,-966.0
1198,-15.0,-71.0,-273.0,-24.0,15.0,13.0,-54.0,-258.0,-971.0
1199,-14.0,-72.0,-271.0,-27.0,15.0,13.0,-54.0,-257.0,-970.0
1200,-12.0,-72.0,-271.0,-31.0,15.0,13.0,-51.0,-257.0,-966.0
1201,-13.0,-70.0,-269.0,-32.0,14.0,14.0,-45.0,-254.0,-965.0
1202,-11.0,-72.0,-273.0,-37.0,15.0,14.0,-51.0,-249.0,-965.0
1203,-10.0,-71.0,-276.0,-38.0,16.0,15.0,-47.0,-245.0,-968.0
1204,-12.0,-68.0,-274.0,-42.0,18.0,12.0,-47.0,-250.0,-966.0
1205,-13.0,-68.0,-272.0,-48.0,19.0,8.0,-42.0,-247.0,-959.0
1206,-11.0,-67.0,-274.0,-52.0,19.0,7.0,-42.0,-248.0,-966.0
1207,-13.0,-68.0,-273.0,-53.0,18.0,5.0,-47.0,-242.0,-958.0
1208,-12.0,-68.0,-269.0,-57.0,18.0,4.0,-49.0,-251.0,-962.0
1209,-13.0,-69.0,-271.0,-60.0,16.0,4.0,-46.0,-248.0,-954.0
1210,-13.0,-73.0,-276.0,-63.0,15.0,4.0,-53.0,-253.0,-957.0
1211,-13.0,-73.0,-273.0,-64.0,12.0,5.0,-51.0,-255.0,-960.0
1212,-15.0,-73.0,-274.0,-67.0,11.0,6.0,-53.0,-256.0,-963.0
1213,-15.0,-71.0,-269.0,-68.0,8.0,9.0,-60.0,-267.0,-958.0
1214,-14.0,-75.0,-272.0,-72.0,5.0,10.0,-51.0,-264.0,-970.0
1215,-15.0,-75.0,-274.0,-70.0,5.0,9.0,-56.0,-267.0,-973.0
1216,-16.0,-73.0,-276.0,-68.0,6.0,9.0,-59.0,-268.0,-980.0
1217,-14.0,-76.0,-273.0,-66.0,8.0,8.0,-55.0,-263.0,-973.0
1218,-14.0,-72.0,-274.0,-63.0,10.0,6.0,-55.0,-268.0,-978.0
1219,-11.0,-72.0,-278.0,-61.0,12.0,7.0,-49.0,-267.0,-975.0
1220,-15.0,-75.0,-272.0,-62.0,15.0,5.0,-57.0,-272.0,-973.0
1221,-14.0,-71.0,-275.0,-62.0,18.0,2.0,-47.0,-266.0,-972.0
1222,-13.0,-74.0,-271.0,-63.0,19.0,1.0,-56.0,-260.0,-972.0
1223,-14.0,-74.0,-272.0,-62.0,21.0,0.0,-56.0,-270.0,-974.0
1224,-13.0,-72.0,-276.0,-61.0,22.0,-3.0,-56.0,-276.0,-972.0
1225,-14.0,-71.0,-278.0,-56.0,22.0,-5.0,-57.0,-273.0,-972.0
1226,-15.0,-76.0,-275.0,-51.0,21.0,-6.0,-62.0,-272.0,-972.0
1227,-15.0,-75.0,-275.0,-42.0,21.0,-8.0,-59.0,-268.0,-971.0
1228,-13.0,-75.0,-276.0,-33.0,20.0,-11.0,-54.0,-270.0,-974.0
1229,-14.0,-75.0,-275.0,-28.0,18.0,-13.0,-58.0,-266.0,-975.0
1230,-15.0,-74.0,-279.0,-25.0,17.0,-15.0,-61.0,-260.0,-971.0
1231,-15.0,-69.0,-273.0,-26.0,15.0,-19.0,-62.0,-258.0,-971.0
1232,-14.0,-71.0,-272.0,-28.0,13.0,-17.0,-53.0,-255.0,-973.0
1233,-14.0,-71.0,-277.0,-33.0,15.0,-16.0,-57.0,-257.0,-963.0
1234,-15.0,-73.0,-270.0,-38.0,14.0,-16.0,-66.0,-256.0,-963.0
1235,-14.0,-73.0,-274.0,-41.0,17.0,-15.0,-55.0,-256.0,-966.0
1236,-15.0,-74.0,-271.0,-45.0,17.0,-12.0,-57.0,-256.0,-963.0
1237,-14.0,-69.0,-272.0,-49.0,18.0,-8.0,-59.0,-255.0,-965.0
1238,-14.0,-72.0,-272.0,-50.0,19.0,-6.0,-58.0,-262.0,-958.0
1239,-11.0,-73.0,-272.0,-53.0,18.0,-6.0,-53.0,-264.0,-962.0
1240,-14.0,-71.0,-273.0,-52.0,17.0,-5.0,-54.0,-262.0,-958.0
1241,-13.0,-75.0,-271.0,-52.0,15.0,-5.0,-48.0,-260.0,-970.0
1242,-15.0,-69.0,-274.0,-54.0,13.0,-5.0,-47.0,-263.0,-971.0
1243,-13.0,-73.0,-275.0,-56.0,12.0,-7.0,-49.0,-266.0,-972.0
1244,-14.0,-71.0,-275.0,-59.0,11.0,-9.0,-47.0,-272.0,-968.0
1245,-13.0,-77.0,-272.0,-63.0,12.0,-10.0,-51.0,-269.0,-980.0
1246,-9.0,-78.0,-274.0,-66.0,11.0,-13.0,-56.0,-268.0,-982.0
1247,-15.0,-73.0,-276.0,-69.0,12.0,-15.0,-54.0,-266.0,-976.0
1248,-13.0,-72.0,-280.0,-72.0,11.0,-15.0,-53.0,-261.0,-977.0
1249,-14.0,-72.0,-276.0,-72.0,12.0,-14.0,-65.0,-271.0,-978.0
1250,-14.0,-75.0,-273.0,-71.0,12.0,-15.0,-57.0,-265.0,-968.0
1251,-16.0,-71.0,-275.0,-69.0,15.0,-13.0,-61.0,-263.0,-972.0
1252,-15.0,-72.0,-275.0,-68.0,17.0,-10.0,-62.0,-267.0,-978.0
1253,-14.0,-71.0,-270.0,-64.0,20.0,-9.0,-59.0,-268.0,-971.0
1254,-14.0,-73.0,-273.0,-64.0,21.0,-8.0,-59.0,-260.0,-973.0
1255,-15.0,-74.0,-274.0,-60.0,22.0,-4.0,-48.0,-262.0,-975.0
1256,-15.0,-72.0,-279.0,-58.0,21.0,-5.0,-53.0,-258.0,-971.0
1257,-13.0,-73.0,-273.0,-55.0,20.0,-4.0,-53.0,-265.0,-965.0
1258,-15.0,-73.0,-272.0,-52.0,18.0,-2.0,-59.0,-266.0,-970.0
1259,-16.0,-70.0,-273.0,-51.0,17.0,-3.0,-57.0,-266.0,-967.0
1260,-15.0,-71.0,-274.0,-50.0,15.0,-3.0,-53.0,-268.0,-971.0
1261,-13.0,-75.0,-274.0,-47.0,14.0,-4.0,-50.0,-270.0,-969.0
1262,-16.0,-74.0,-277.0,-44.0,12.0,-4.0,-60.0,-265.0,-973.0
1263,-11.0,-75.0,-271.0,-44.0,14.0,-4.0,-57.0,-264.0,-970.0
1264,-15.0,-73.0,-274.0,-43.0,15.0,-4.0,-62.0,-271.0,-968.0
1265,-13.0,-73.0,-273.0,-41.0,14.0,-5.0,-60.0,-270.0,-971.0
1266,-16.0,-74.0,-279.0,-40.0,15.0,-6.0,-61.0,-263.0,-973.0
1267,-16.0,-74.0,-276.0,-39.0,15.0,-6.0,-62.0,-272.0,-972.0
1268,-13.0,-73.0,-279.0,-37.0,14.0,-5.0,-66.0,-267.0,-977.0
1269,-14.0,-74.0,-275.0,-38.0,13.0,-5.0,-66.0,-265.0,-979.0
1270,-16.0,-73.0,-277.0,-39.0,14.0,-6.0,-67.0,-260.0,-977.0
1271,-16.0,-71.0,-274.0,-41.0,14.0,-3.0,-67.0,-253.0,-976.0
1272,-17.0,-71.0,-277.0,-43.0,16.0,-1.0,-61.0,-254.0,-974.0
1273,-15.0,-72.0,-274.0,-43.0,17.0,0.0,-67.0,-254.0,-969.0
1274,-15.0,-69.0,-275.0,-48.0,18.0,2.0,-64.0,-255.0,-963.0
1275,-14.0,-73.0,-272.0,-47.0,17.0,4.0,-62.0,-253.0,-965.0
1276,-14.0,-73.0,-270.0,-46.0,14.0,4.0,-58.0,-256.0,-966.0
1277,-12.0,-74.0,-271.0,-44.0,14.0,3.0,-54.0,-260.0,-967.0
1278,-14.0,-72.0,-271.0,-43.0,13.0,4.0,-57.0,-257.0,-973.0
1279,-13.0,-74.0,-272.0,-40.0,13.0,3.0,-62.0,-259.0,-968.0
1280,-15.0,-72.0,-272.0,-38.0,12.0,4.0,-61.0,-264.0,-962.0
1281,-13.0,-77.0,-271.0,-34.0,14.0,5.0,-58.0,-266.0,-963.0
1282,-16.0,-75.0,-275.0,-30.0,16.0,3.0,-62.0,-266.0,-961.0
1283,-13.0,-76.0,-270.0,-25.0,16.0,3.0,-60.0,-267.0,-962.0
1284,-13.0,-76.0,-275.0,-22.0,17.0,3.0,-61.0,-266.0,-965.0
1285,-15.0,-74.0,-273.0,-19.0,17.0,2.0,-62.0,-266.0,-967.0
1286,-15.0,-74.0,-271.0,-19.0,16.0,2.0,-61.0,-271.0,-973.0
1287,-15.0,-76.0,-278.0,-19.0,15.0,2.0,-64.0,-259.0,-975.0
1288,-14.0,-75.0,-275.0,-22.0,15.0,3.0,-56.0,-267.0,-971.0
1289,-14.0,-74.0,-276.0,-23.0,15.0,3.0,-55.0,-270.0,-978.0
1290,-15.0,-74.0,-275.0,-23.0,16.0,2.0,-61.0,-264.0,-978.0
1291,-13.0,-73.0,-277.0,-23.0,15.0,2.0,-55.0,-262.0,-979.0
1292,-12.0,-74.0,-273.0,-22.0,17.0,0.0,-53.0,-258.0,-979.0
1293,-13.0,-72.0,-279.0,-22.0,15.0,1.0,-63.0,-257.0,-978.0
1294,-14.0,-71.0,-274.0,-22.0,15.0,1.0,-55.0,-249.0,-981.0
1295,-15.0,-71.0,-273.0,-24.0,15.0,0.0,-57.0,-254.0,-975.0
1296,-16.0,-71.0,-274.0,-24.0,14.0,1.0,-61.0,-255.0,-972.0
1297,-15.0,-71.0,-271.0,-26.0,14.0,1.0,-59.0,-262.0,-974.0
1298,-15.0,-73.0,-273.0,-30.0,15.0,1.0,-54.0,-258.0,-966.0
1299,-15.0,-75.0,-272.0,-29.0,16.0,3.0,-60.0,-259.0,-973.0
1300,-15.0,-72.0,-275.0,-31.0,18.0,3.0,-67.0,-262.0,-963.0
1301,-15.0,-74.0,-275.0,-29.0,19.0,3.0,-62.0,-265.0,-968.0
1302,-16.0,-74.0,-271.0,-27.0,22.0,4.0,-68.0,-267.0,-970.0
1303,-15.0,-76.0,-270.0,-26.0,23.0,5.0,-70.0,-270.0,-965.0
1304,-15.0,-73.0,-271.0,-21.0,24.0,5.0,-64.0,-277.0,-963.0
1305,-16.0,-75.0,-268.0,-16.0,23.0,4.0,-59.0,-277.0,-967.0
1306,-14.0,-78.0,-273.0,-13.0,23.0,3.0,-60.0,-278.0,-963.0
1307,-15.0,-76.0,-274.0,-11.0,21.0,1.0,-65.0,-283.0,-961.0
1308,-16.0,-75.0,-276.0,-11.0,22.0,-1.0,-63.0,-278.0,-968.0
1309,-14.0,-78.0,-273.0,-12.0,19.0,-4.0,-59.0,-277.0,-971.0
1310,-15.0,-77.0,-276.0,-14.0,18.0,-6.0,-58.0,-279.0,-975.0
1311,-15.0,-76.0,-277.0,-17.0,19.0,-9.0,-57.0,-278.0,-972.0
1312,-14.0,-77.0,-272.0,-18.0,17.0,-10.0,-59.0,-270.0,-980.0
1313,-13.0,-75.0,-279.0,-22.0,19.0,-13.0,-53.0,-271.0,-983.0
1314,-13.0,-72.0,-276.0,-26.0,20.0,-15.0,-60.0,-260.0,-985.0
1315,-14.0,-70.0,-280.0,-26.0,23.0,-15.0,-58.0,-260.0,-987.0
1316,-15.0,-70.0,-277.0,-26.0,23.0,-15.0,-61.0,-258.0,-988.0
1317,-14.0,-70.0,-280.0,-27.0,23.0,-14.0,-62.0,-251.0,-988.0
1318,-13.0,-69.0,-278.0,-28.0,24.0,-14.0,-53.0,-252.0,-988.0
1319,-15.0,-68.0,-279.0,-34.0,24.0,-13.0,-63.0,-253.0,-990.0
1320,-12.0,-71.0,-278.0,-42.0,23.0,-11.0,-60.0,-246.0,-986.0
1321,-16.0,-68.0,-278.0,-48.0,21.0,-8.0,-55.0,-247.0,-987.0
1322,-15.0,-71.0,-274.0,-57.0,20.0,-6.0,-56.0,-247.0,-986.0
1323,-16.0,-72.0,-275.0,-63.0,16.0,-4.0,-57.0,-259.0,-981.0
1324,-15.0,-74.0,-277.0,-67.0,13.0,-3.0,-53.0,-262.0,-980.0
1325,-13.0,-74.0,-276.0,-67.0,13.0,-2.0,-56.0,-268.0,-972.0
1326,-16.0,-74.0,-270.0,-62.0,13.0,-1.0,-57.0,-273.0,-959.0
1327,-14.0,-77.0,-271.0,-53.0,14.0,0.0,-57.0,-276.0,-953.0
1328,-11.0,-79.0,-268.0,-39.0,18.0,2.0,-59.0,-281.0,-949.0
1329,-15.0,-76.0,-265.0,-23.0,23.0,1.0,-59.0,-278.0,-942.0
1330,-14.0,-77.0,-266.0,-8.0,28.0,-1.0,-60.0,-278.0,-946.0
1331,-12.0,-80.0,-267.0,4.0,33.0,-1.0,-55.0,-282.0,-950.0
1332,-13.0,-79.0,-267.0,12.0,39.0,-3.0,-65.0,-274.0,-954.0
1333,-16.0,-72.0,-269.0,16.0,42.0,-4.0,-65.0,-270.0,-953.0
1334,-15.0,-73.0,-272.0,17.0,44.0,-5.0,-67.0,-266.0,-963.0
1335,-16.0,-72.0,-276.0,14.0,41.0,-10.0,-61.0,-262.0,-961.0
1336,-16.0,-68.0,-274.0,6.0,40.0,-11.0,-62.0,-253.0,-969.0
1337,-15.0,-71.0,-271.0,-1.0,36.0,-14.0,-67.0,-251.0,-971.0
1338,-13.0,-73.0,-273.0,-11.0,30.0,-15.0,-57.0,-254.0,-971.0
1339,-16.0,-65.0,-274.0,-19.0,26.0,-16.0,-64.0,-254.0,-966.0
1340,-15.0,-69.0,-273.0,-29.0,21.0,-19.0,-65.0,-250.0,-969.0
1341,-15.0,-69.0,-273.0,-36.0,16.0,-18.0,-59.0,-250.0,-962.0
1342,-16.0,-72.0,-270.0,-43.0,10.0,-18.0,-60.0,-258.0,-962.0
1343,-15.0,-74.0,-273.0,-46.0,6.0,-17.0,-62.0,-266.0,-957.0
1344,-15.0,-72.0,-266.0,-48.0,2.0,-16.0,-65.0,-273.0,-959.0
1345,-14.0,-79.0,-274.0,-48.0,0.0,-12.0,-61.0,-275.0,-957.0
1346,-13.0,-78.0,-269.0,-46.0,-1.0,-11.0,-67.0,-277.0,-961.0
1347,-15.0,-77.0,-271.0,-42.0,-2.0,-7.0,-65.0,-278.0,-956.0
1348,-13.0,-77.0,-272.0,-36.0,0.0,-7.0,-56.0,-284.0,-959.0
1349,-12.0,-78.0,-272.0,-28.0,1.0,-4.0,-60.0,-277.0,-962.0
1350,-15.0,-75.0,-271.0,-19.0,4.0,-3.0,-60.0,-278.0,-961.0
1351,-15.0,-78.0,-268.0,-10.0,7.0,-5.0,-59.0,-278.0,-958.0
1352,-16.0,-77.0,-273.0,-2.0,8.0,-4.0,-63.0,-275.0,-963.0
1353,-15.0,-74.0,-274.0,4.0,10.0,-5.0,-56.0,-274.0,-963.0
1354,-15.0,-76.0,-273.0,7.0,14.0,-7.0,-54.0,-270.0,-970.0
1355,-15.0,-73.0,-277.0,8.0,15.0,-7.0,-52.0,-265.0,-969.0
1356,-10.0,-72.0,-275.0,9.0,16.0,-9.0,-60.0,-265.0,-980.0
1357,-11.0,-74.0,-273.0,5.0,17.0,-9.0,-56.0,-256.0,-974.0
1358,-14.0,-71.0,-275.0,5.0,18.0,-11.0,-59.0,-265.0,-970.0
1359,-15.0,-71.0,-270.0,0.0,20.0,-10.0,-54.0,-263.0,-975.0
1360,-15.0,-71.0,-274.0,-3.0,21.0,-10.0,-57.0,-260.0,-968.0
1361,-13.0,-74.0,-270.0,-7.0,22.0,-10.0,-59.0,-259.0,-970.0
1362,-13.0,-74.0,-273.0,-9.0,24.0,-7.0,-53.0,-268.0,-968.0
1363,-14.0,-72.0,-271.0,-11.0,27.0,-6.0,-52.0,-264.0,-962.0
1364,-13.0,-72.0,-269.0,-13.0,28.0,-3.0,-54.0,-274.0,-965.0
1365,-13.0,-76.0,-270.0,-17.0,29.0,-3.0,-58.0,-271.0,-966.0
1366,-15.0,-76.0,-272.0,-18.0,30.0,0.0,-63.0,-268.0,-966.0
1367,-16.0,-75.0,-272.0,-18.0,29.0,2.0,-54.0,-267.0,-963.0
1368,-14.0,-73.0,-270.0,-17.0,26.0,3.0,-60.0,-265.0,-961.0
1369,-12.0,-76.0,-272.0,-16.0,23.0,2.0,-60.0,-268.0,-967.0
1370,-15.0,-75.0,-270.0,-18.0,21.0,0.0,-54.0,-271.0,-973.0
1371,-16.0,-74.0,-274.0,-17.0,19.0,-1.0,-62.0,-269.0,-965.0
1372,-16.0,-72.0,-274.0,-21.0,19.0,-3.0,-66.0,-263.0,-965.0
1373,-16.0,-75.0,-273.0,-23.0,19.0,-3.0,-74.0,-267.0,-968.0
1374,-16.0,-75.0,-273.0,-25.0,21.0,-2.0,-71.0,-264.0,-975.0
1375,-15.0,-74.0,-270.0,-26.0,21.0,-3.0,-71.0,-267.0,-976.0
1376,-16.0,-74.0,-275.0,-29.0,24.0,-2.0,-73.0,-261.0,-972.0
1377,-15.0,-75.0,-270.0,-30.0,24.0,-1.0,-77.0,-266.0,-969.0
1378,-15.0,-73.0,-275.0,-33.0,27.0,0.0,-67.0,-270.0,-972.0
1379,-14.0,-76.0,-275.0,-31.0,29.0,2.0,-66.0,-273.0,-962.0
1380,-15.0,-74.0,-271.0,-31.0,31.0,3.0,-64.0,-271.0,-968.0
1381,-15.0,-74.0,-268.0,-30.0,32.0,3.0,-56.0,-276.0,-965.0
1382,-14.0,-79.0,-272.0,-29.0,32.0,4.0,-54.0,-277.0,-960.0
1383,-15.0,-77.0,-271.0,-29.0,33.0,4.0,-51.0,-280.0,-958.0
1384,-15.0,-77.0,-272.0,-30.0,35.0,4.0,-50.0,-278.0,-958.0
1385,-15.0,-78.0,-268.0,-29.0,35.0,3.0,-56.0,-279.0,-957.0
1386,-14.0,-79.0,-270.0,-25.0,34.0,3.0,-49.0,-286.0,-958.0
1387,-13.0,-79.0,-271.0,-24.0,33.0,2.0,-58.0,-282.0,-953.0
1388,-14.0,-80.0,-271.0,-23.0,29.0,1.0,-59.0,-286.0,-962.0
1389,-16.0,-77.0,-274.0,-21.0,26.0,1.0,-61.0,-277.0,-958.0
1390,-14.0,-77.0,-275.0,-23.0,24.0,0.0,-65.0,-282.0,-963.0
1391,-15.0,-76.0,-274.0,-23.0,21.0,1.0,-61.0,-281.0,-962.0
1392,-16.0,-79.0,-270.0,-25.0,18.0,3.0,-67.0,-281.0,-957.0
1393,-15.0,-80.0,-273.0,-26.0,16.0,5.0,-67.0,-278.0,-964.0
1394,-14.0,-81.0,-271.0,-28.0,12.0,8.0,-72.0,-281.0,-960.0
1395,-16.0,-79.0,-273.0,-29.0,11.0,12.0,-72.0,-277.0,-955.0
1396,-15.0,-81.0,-269.0,-29.0,9.0,18.0,-74.0,-287.0,-962.0
1397,-17.0,-77.0,-271.0,-26.0,6.0,22.0,-74.0,-286.0,-964.0
1398,-18.0,-82.0,-273.0,-26.0,5.0,23.0,-72.0,-287.0,-962.0
1399,-17.0,-78.0,-274.0,-23.0,5.0,26.0,-70.0,-285.0,-971.0
1400,-16.0,-79.0,-276.0,-20.0,5.0,27.0,-74.0,-286.0,-975.0
1401,-16.0,-80.0,-274.0,-16.0,6.0,30.0,-71.0,-288.0,-973.0
1402,-14.0,-80.0,-276.0,-11.0,8.0,26.0,-67.0,-285.0,-976.0
1403,-16.0,-81.0,-277.0,-7.0,11.0,27.0,-72.0,-286.0,-980.0
1404,-17.0,-79.0,-276.0,0.0,13.0,25.0,-60.0,-284.0,-974.0
1405,-13.0,-80.0,-273.0,5.0,13.0,25.0,-62.0,-294.0,-980.0
1406,-12.0,-78.0,-273.0,12.0,16.0,22.0,-51.0,-287.0,-979.0
1407,-15.0,-78.0,-272.0,17.0,18.0,18.0,-51.0,-286.0,-972.0
1408,-14.0,-81.0,-271.0,21.0,19.0,15.0,-46.0,-291.0,-971.0
1409,-14.0,-80.0,-273.0,26.0,17.0,12.0,-47.0,-286.0,-970.0
1410,-11.0,-79.0,-275.0,29.0,16.0,9.0,-50.0,-288.0,-974.0
1411,-10.0,-83.0,-274.0,33.0,15.0,4.0,-50.0,-288.0,-966.0
1412,-13.0,-81.0,-275.0,36.0,14.0,0.0,-46.0,-293.0,-972.0
1413,-13.0,-78.0,-278.0,44.0,15.0,-5.0,-52.0,-287.0,-977.0
1414,-14.0,-84.0,-273.0,52.0,16.0,-7.0,-55.0,-289.0,-972.0
1415,-11.0,-83.0,-274.0,59.0,18.0,-8.0,-61.0,-291.0,-961.0
1416,-13.0,-82.0,-274.0,70.0,21.0,-10.0,-59.0,-295.0,-961.0
1417,-14.0,-79.0,-269.0,76.0,23.0,-9.0,-61.0,-291.0,-961.0
1418,-15.0,-79.0,-274.0,84.0,24.0,-9.0,-55.0,-298.0,-958.0
1419,-15.0,-82.0,-270.0,91.0,25.0,-7.0,-60.0,-300.0,-956.0
1420,-14.0,-83.0,-271.0,97.0,23.0,-6.0,-58.0,-292.0,-955.0
1421,-15.0,-82.0,-271.0,100.0,22.0,-7.0,-50.0,-297.0,-955.0
1422,-13.0,-83.0,-271.0,100.0,19.0,-6.0,-61.0,-297.0,-960.0
1423,-13.0,-84.0,-270.0,98.0,15.0,-7.0,-59.0,-293.0,-961.0
1424,-14.0,-81.0,-271.0,95.0,12.0,-7.0,-64.0,-293.0,-963.0
1425,-15.0,-81.0,-271.0,89.0,8.0,-8.0,-59.0,-290.0,-969.0
1426,-13.0,-81.0,-276.0,83.0,5.0,-9.0,-57.0,-293.0,-968.0
1427,-16.0,-80.0,-273.0,80.0,4.0,-10.0,-59.0,-294.0,-970.0
1428,-14.0,-81.0,-276.0,75.0,3.0,-15.0,-56.0,-289.0,-970.0
1429,-16.0,-79.0,-273.0,71.0,5.0,-16.0,-62.0,-290.0,-971.0
1430,-14.0,-80.0,-272.0,66.0,9.0,-20.0,-56.0,-290.0,-966.0
1431,-14.0,-79.0,-271.0,64.0,13.0,-21.0,-62.0,-295.0,-963.0
1432,-12.0,-83.0,-273.0,61.0,17.0,-25.0,-61.0,-288.0,-967.0
1433,-12.0,-80.0,-278.0,54.0,22.0,-28.0,-57.0,-290.0,-966.0
1434,-15.0,-80.0,-271.0,50.0,25.0,-31.0,-55.0,-303.0,-967.0
1435,-13.0,-82.0,-271.0,46.0,29.0,-32.0,-49.0,-293.0,-965.0
1436,-14.0,-81.0,-270.0,43.0,30.0,-35.0,-55.0,-295.0,-963.0
1437,-11.0,-82.0,-269.0,39.0,31.0,-40.0,-50.0,-304.0,-959.0
1438,-12.0,-83.0,-273.0,43.0,28.0,-41.0,-47.0,-300.0,-961.0
1439,-11.0,-82.0,-269.0,43.0,26.0,-44.0,-47.0,-297.0,-961.0
1440,-13.0,-84.0,-271.0,45.0,23.0,-47.0,-53.0,-308.0,-954.0
1441,-13.0,-83.0,-270.0,47.0,22.0,-50.0,-58.0,-312.0,-957.0
1442,-16.0,-86.0,-269.0,53.0,22.0,-51.0,-60.0,-308.0,-952.0
1443,-15.0,-86.0,-273.0,57.0,21.0,-52.0,-60.0,-313.0,-952.0
1444,-16.0,-83.0,-271.0,61.0,22.0,-52.0,-65.0,-315.0,-957.0
1445,-16.0,-85.0,-272.0,66.0,25.0,-51.0,-67.0,-311.0,-953.0
1446,-16.0,-85.0,-273.0,71.0,26.0,-50.0,-57.0,-317.0,-952.0
1447,-13.0,-84.0,-266.0,76.0,28.0,-47.0,-57.0,-311.0,-952.0
1448,-12.0,-90.0,-270.0,80.0,30.0,-46.0,-52.0,-311.0,-955.0
1449,-11.0,-86.0,-272.0,85.0,31.0,-46.0,-48.0,-318.0,-957.0
1450,-10.0,-87.0,-269.0,89.0,31.0,-46.0,-55.0,-317.0,-957.0
1451,-14.0,-86.0,-271.0,93.0,29.0,-45.0,-45.0,-315.0,-963.0
1452,-14.0,-88.0,-270.0,96.0,28.0,-44.0,-48.0,-319.0,-966.0
1453,-12.0,-86.0,-275.0,97.0,24.0,-45.0,-44.0,-309.0,-976.0
1454,-12.0,-87.0,-274.0,98.0,22.0,-47.0,-49.0,-311.0,-971.0
1455,-13.0,-83.0,-276.0,99.0,18.0,-48.0,-50.0,-314.0,-970.0
1456,-11.0,-87.0,-274.0,101.0,11.0,-47.0,-47.0,-319.0,-968.0
1457,-14.0,-88.0,-272.0,101.0,6.0,-48.0,-49.0,-318.0,-967.0
1458,-14.0,-89.0,-272.0,100.0,2.0,-51.0,-49.0,-324.0,-961.0
1459,-13.0,-93.0,-270.0,97.0,-3.0,-52.0,-52.0,-331.0,-960.0
1460,-14.0,-93.0,-274.0,97.0,-5.0,-51.0,-53.0,-330.0,-958.0
1461,-13.0,-92.0,-272.0,98.0,-6.0,-52.0,-50.0,-336.0,-960.0
1462,-13.0,-93.0,-270.0,99.0,-9.0,-50.0,-53.0,-340.0,-955.0
1463,-15.0,-94.0,-269.0,104.0,-8.0,-51.0,-48.0,-337.0,-954.0
1464,-15.0,-93.0,-271.0,110.0,-8.0,-52.0,-55.0,-346.0,-947.0
1465,-11.0,-91.0,-271.0,120.0,-4.0,-50.0,-48.0,-342.0,-950.0
1466,-9.0,-92.0,-269.0,130.0,-2.0,-49.0,-49.0,-340.0,-950.0
1467,-15.0,-90.0,-273.0,142.0,-2.0,-48.0,-47.0,-334.0,-949.0
1468,-15.0,-88.0,-270.0,151.0,1.0,-48.0,-56.0,-333.0,-956.0
1469,-12.0,-90.0,-268.0,158.0,1.0,-47.0,-49.0,-322.0,-951.0
1470,-12.0,-90.0,-271.0,163.0,1.0,-50.0,-46.0,-326.0,-955.0
1471,-15.0,-90.0,-272.0,166.0,2.0,-50.0,-51.0,-319.0,-957.0
1472,-16.0,-87.0,-268.0,164.0,2.0,-53.0,-50.0,-316.0,-958.0
1473,-13.0,-90.0,-269.0,157.0,2.0,-54.0,-57.0,-317.0,-953.0
1474,-13.0,-84.0,-268.0,153.0,2.0,-55.0,-51.0,-323.0,-950.0
1475,-10.0,-90.0,-267.0,150.0,2.0,-54.0,-55.0,-326.0,-945.0
1476,-13.0,-91.0,-266.0,144.0,5.0,-56.0,-50.0,-328.0,-949.0
1477,-13.0,-92.0,-264.0,142.0,10.0,-54.0,-58.0,-327.0,-942.0
1478,-11.0,-91.0,-265.0,137.0,12.0,-53.0,-56.0,-336.0,-943.0
1479,-11.0,-95.0,-267.0,137.0,15.0,-53.0,-60.0,-339.0,-939.0
1480,-12.0,-94.0,-266.0,137.0,18.0,-52.0,-55.0,-342.0,-941.0
1481,-12.0,-97.0,-266.0,140.0,22.0,-51.0,-51.0,-345.0,-940.0
1482,-11.0,-99.0,-269.0,145.0,25.0,-51.0,-55.0,-348.0,-940.0
1483,-10.0,-96.0,-268.0,150.0,26.0,-52.0,-51.0,-348.0,-943.0
1484,-13.0,-98.0,-270.0,156.0,27.0,-54.0,-50.0,-344.0,-943.0
1485,-12.0,-96.0,-271.0,163.0,27.0,-55.0,-50.0,-345.0,-944.0
1486,-14.0,-92.0,-264.0,171.0,27.0,-58.0,-47.0,-337.0,-942.0
1487,-12.0,-91.0,-270.0,178.0,25.0,-60.0,-45.0,-330.0,-947.0
1488,-13.0,-91.0,-265.0,184.0,25.0,-61.0,-51.0,-333.0,-953.0
1489,-13.0,-90.0,-273.0,187.0,24.0,-62.0,-53.0,-326.0,-953.0
1490,-15.0,-90.0,-274.0,189.0,25.0,-63.0,-58.0,-321.0,-953.0
1491,-16.0,-88.0,-269.0,188.0,25.0,-62.0,-64.0,-319.0,-949.0
1492,-14.0,-85.0,-272.0,184.0,25.0,-60.0,-64.0,-317.0,-952.0
1493,-16.0,-84.0,-265.0,178.0,25.0,-56.0,-68.0,-315.0,-953.0
1494,-17.0,-85.0,-268.0,172.0,25.0,-54.0,-66.0,-317.0,-947.0
1495,-15.0,-86.0,-266.0,166.0,25.0,-51.0,-64.0,-317.0,-943.0
1496,-16.0,-87.0,-262.0,158.0,25.0,-50.0,-63.0,-321.0,-941.0
1497,-15.0,-88.0,-264.0,151.0,22.0,-48.0,-61.0,-322.0,-935.0
1498,-12.0,-89.0,-260.0,141.0,20.0,-48.0,-56.0,-327.0,-934.0
1499,-14.0,-90.0,-262.0,130.0,19.0,-47.0,-44.0,-337.0,-926.0
1500,-10.0,-93.0,-261.0,122.0,16.0,-49.0,-49.0,-339.0,-921.0
1501,-11.0,-97.0,-258.0,115.0,16.0,-50.0,-45.0,-344.0,-918.0
1502,-10.0,-95.0,-259.0,109.0,16.0,-52.0,-43.0,-347.0,-913.0
1503,-11.0,-97.0,-258.0,106.0,19.0,-56.0,-41.0,-352.0,-914.0
1504,-10.0,-96.0,-263.0,103.0,22.0,-62.0,-44.0,-352.0,-910.0
1505,-11.0,-98.0,-257.0,100.0,23.0,-67.0,-43.0,-356.0,-913.0
1506,-14.0,-95.0,-258.0,102.0,23.0,-71.0,-43.0,-354.0,-915.0
1507,-9.0,-101.0,-251.0,105.0,22.0,-75.0,-45.0,-359.0,-915.0
1508,-12.0,-100.0,-258.0,108.0,22.0,-81.0,-46.0,-361.0,-913.0
1509,-14.0,-95.0,-259.0,108.0,21.0,-83.0,-47.0,-359.0,-917.0
1510,-15.0,-98.0,-260.0,108.0,20.0,-86.0,-53.0,-353.0,-921.0
1511,-13.0,-96.0,-263.0,106.0,17.0,-88.0,-54.0,-356.0,-925.0
1512,-13.0,-97.0,-260.0,104.0,13.0,-88.0,-63.0,-360.0,-922.0
1513,-14.0,-99.0,-261.0,99.0,9.0,-87.0,-54.0,-361.0,-925.0
1514,-16.0,-101.0,-258.0,91.0,5.0,-85.0,-58.0,-368.0,-920.0
1515,-15.0,-105.0,-259.0,87.0,4.0,-86.0,-66.0,-379.0,-924.0
1516,-15.0,-105.0,-259.0,83.0,1.0,-83.0,-63.0,-388.0,-919.0
1517,-16.0,-106.0,-258.0,82.0,-2.0,-78.0,-64.0,-391.0,-914.0
1518,-16.0,-105.0,-259.0,80.0,-3.0,-74.0,-60.0,-399.0,-922.0
1519,-13.0,-107.0,-258.0,81.0,-1.0,-72.0,-58.0,-402.0,-918.0
1520,-14.0,-110.0,-260.0,83.0,0.0,-67.0,-54.0,-408.0,-919.0
1521,-11.0,-113.0,-258.0,88.0,3.0,-66.0,-46.0,-410.0,-920.0
1522,-11.0,-108.0,-258.0,97.0,7.0,-62.0,-50.0,-409.0,-920.0
1523,-10.0,-110.0,-260.0,109.0,8.0,-61.0,-42.0,-403.0,-926.0
1524,-11.0,-111.0,-263.0,122.0,7.0,-63.0,-37.0,-404.0,-927.0
1525,-7.0,-110.0,-261.0,132.0,5.0,-65.0,-34.0,-405.0,-926.0
1526,-8.0,-109.0,-259.0,142.0,1.0,-67.0,-37.0,-402.0,-933.0
1527,-5.0,-110.0,-264.0,152.0,-1.0,-70.0,-36.0,-399.0,-935.0
1528,-9.0,-106.0,-266.0,161.0,-5.0,-74.0,-36.0,-397.0,-937.0
1529,-9.0,-109.0,-265.0,167.0,-9.0,-76.0,-37.0,-395.0,-936.0
1530,-12.0,-108.0,-267.0,170.0,-12.0,-77.0,-42.0,-400.0,-938.0
1531,-14.0,-109.0,-262.0,169.0,-15.0,-77.0,-45.0,-401.0,-937.0
1532,-10.0,-111.0,-265.0,166.0,-17.0,-74.0,-48.0,-407.0,-932.0
1533,-14.0,-111.0,-262.0,162.0,-18.0,-70.0,-42.0,-419.0,-930.0
1534,-11.0,-117.0,-264.0,159.0,-19.0,-66.0,-44.0,-426.0,-934.0
1535,-13.0,-117.0,-260.0,158.0,-18.0,-63.0,-40.0,-436.0,-927.0
1536,-10.0,-119.0,-263.0,158.0,-17.0,-58.0,-43.0,-446.0,-929.0
1537,-8.0,-122.0,-262.0,159.0,-15.0,-55.0,-30.0,-451.0,-930.0
1538,-4.0,-123.0,-264.0,162.0,-13.0,-54.0,-30.0,-457.0,-934.0
1539,-8.0,-118.0,-266.0,165.0,-11.0,-53.0,-27.0,-462.0,-932.0
1540,-4.0,-122.0,-263.0,172.0,-8.0,-55.0,-17.0,-458.0,-936.0
1541,-5.0,-123.0,-265.0,182.0,-5.0,-58.0,-14.0,-456.0,-935.0
1542,-3.0,-121.0,-263.0,198.0,-2.0,-62.0,-12.0,-454.0,-940.0
1543,-2.0,-121.0,-265.0,214.0,2.0,-64.0,-16.0,-454.0,-936.0
1544,-4.0,-121.0,-266.0,232.0,7.0,-68.0,-13.0,-452.0,-930.0
1545,-3.0,-122.0,-265.0,250.0,12.0,-73.0,-8.0,-448.0,-933.0
1546,-1.0,-119.0,-263.0,267.0,17.0,-78.0,-12.0,-447.0,-929.0
1547,-1.0,-120.0,-266.0,279.0,22.0,-79.0,-11.0,-449.0,-928.0
1548,-2.0,-118.0,-259.0,290.0,25.0,-83.0,-12.0,-449.0,-932.0
1549,-2.0,-121.0,-261.0,299.0,31.0,-84.0,-13.0,-454.0,-931.0
1550,-2.0,-121.0,-261.0,309.0,34.0,-85.0,-13.0,-450.0,-927.0
1551,-10.0,-119.0,-259.0,318.0,37.0,-85.0,-17.0,-455.0,-930.0
1552,-5.0,-124.0,-258.0,325.0,38.0,-86.0,-14.0,-456.0,-924.0
1553,-4.0,-123.0,-262.0,337.0,38.0,-84.0,-21.0,-456.0,-921.0
1554,-4.0,-125.0,-258.0,347.0,37.0,-84.0,-23.0,-459.0,-914.0
1555,-7.0,-123.0,-259.0,357.0,36.0,-81.0,-24.0,-463.0,-915.0
1556,-6.0,-125.0,-258.0,368.0,34.0,-80.0,-27.0,-462.0,-906.0
1557,-5.0,-125.0,-254.0,375.0,30.0,-81.0,-27.0,-466.0,-902.0
1558,-6.0,-126.0,-250.0,383.0,27.0,-83.0,-33.0,-468.0,-890.0
1559,-7.0,-125.0,-251.0,388.0,25.0,-81.0,-35.0,-467.0,-893.0
1560,-10.0,-124.0,-252.0,390.0,23.0,-85.0,-35.0,-469.0,-880.0
1561,-8.0,-124.0,-252.0,395.0,19.0,-88.0,-36.0,-470.0,-882.0
1562,-8.0,-124.0,-254.0,400.0,15.0,-95.0,-42.0,-472.0,-880.0
1563,-11.0,-124.0,-251.0,405.0,8.0,-102.0,-39.0,-474.0,-877.0
1564,-13.0,-127.0,-251.0,413.0,3.0,-106.0,-43.0,-472.0,-888.0
1565,-13.0,-128.0,-253.0,421.0,1.0,-110.0,-49.0,-478.0,-875.0
1566,-12.0,-126.0,-250.0,425.0,4.0,-111.0,-48.0,-474.0,-876.0
1567,-13.0,-123.0,-250.0,426.0,11.0,-109.0,-50.0,-471.0,-881.0
1568,-11.0,-126.0,-251.0,422.0,20.0,-107.0,-43.0,-469.0,-877.0
1569,-8.0,-122.0,-255.0,414.0,29.0,-103.0,-41.0,-464.0,-882.0
1570,-6.0,-124.0,-255.0,401.0,36.0,-97.0,-29.0,-463.0,-883.0
1571,-5.0,-123.0,-252.0,384.0,38.0,-94.0,-21.0,-461.0,-888.0
1572,-3.0,-121.0,-250.0,364.0,35.0,-90.0,-11.0,-462.0,-881.0
1573,1.0,-118.0,-249.0,343.0,31.0,-86.0,-8.0,-465.0,-873.0
1574,-1.0,-123.0,-248.0,324.0,21.0,-87.0,0.0,-470.0,-864.0
1575,-1.0,-126.0,-246.0,310.0,8.0,-91.0,6.0,-478.0,-864.0
1576,1.0,-128.0,-246.0,299.0,-10.0,-96.0,3.0,-477.0,-855.0
1577,2.0,-132.0,-246.0,293.0,-30.0,-105.0,-2.0,-491.0,-853.0
1578,-3.0,-132.0,-246.0,292.0,-51.0,-112.0,-11.0,-494.0,-852.0
1579,-5.0,-133.0,-243.0,294.0,-70.0,-117.0,-22.0,-496.0,-848.0
1580,-6.0,-133.0,-246.0,295.0,-83.0,-118.0,-33.0,-497.0,-842.0
1581,-12.0,-132.0,-248.0,297.0,-89.0,-115.0,-31.0,-503.0,-850.0
1582,-10.0,-136.0,-244.0,295.0,-88.0,-110.0,-42.0,-507.0,-853.0
1583,-12.0,-137.0,-243.0,294.0,-81.0,-103.0,-47.0,-513.0,-853.0
1584,-14.0,-136.0,-246.0,291.0,-68.0,-94.0,-52.0,-512.0,-860.0
1585,-14.0,-138.0,-248.0,286.0,-56.0,-86.0,-48.0,-512.0,-860.0
1586,-13.0,-139.0,-246.0,280.0,-45.0,-76.0,-41.0,-515.0,-856.0
1587,-11.0,-139.0,-246.0,277.0,-36.0,-68.0,-38.0,-516.0,-860.0
1588,-10.0,-140.0,-245.0,277.0,-30.0,-63.0,-36.0,-524.0,-858.0
1589,-9.0,-139.0,-246.0,279.0,-25.0,-58.0,-24.0,-527.0,-857.0
1590,-6.0,-140.0,-245.0,285.0,-23.0,-58.0,-16.0,-522.0,-853.0
1591,-1.0,-142.0,-243.0,294.0,-23.0,-62.0,-12.0,-525.0,-854.0
1592,-2.0,-141.0,-246.0,305.0,-25.0,-68.0,-12.0,-521.0,-850.0
1593,-3.0,-137.0,-243.0,317.0,-31.0,-76.0,-10.0,-517.0,-850.0
1594,-2.0,-139.0,-244.0,327.0,-39.0,-87.0,-5.0,-515.0,-852.0
1595,4.0,-134.0,-240.0,339.0,-44.0,-98.0,-10.0,-516.0,-853.0
1596,-5.0,-138.0,-248.0,343.0,-47.0,-110.0,-14.0,-511.0,-853.0
1597,-6.0,-136.0,-243.0,347.0,-48.0,-118.0,-27.0,-512.0,-852.0
1598,-6.0,-137.0,-243.0,349.0,-43.0,-125.0,-28.0,-509.0,-846.0
1599,-10.0,-136.0,-244.0,346.0,-36.0,-130.0,-43.0,-511.0,-850.0
1600,-10.0,-138.0,-245.0,340.0,-27.0,-132.0,-44.0,-511.0,-845.0
1601,-13.0,-135.0,-241.0,331.0,-18.0,-131.0,-49.0,-517.0,-850.0
1602,-12.0,-138.0,-245.0,323.0,-10.0,-128.0,-49.0,-525.0,-838.0
1603,-13.0,-140.0,-240.0,316.0,-2.0,-126.0,-49.0,-529.0,-840.0
1604,-14.0,-141.0,-238.0,312.0,1.0,-120.0,-49.0,-537.0,-832.0
1605,-15.0,-142.0,-237.0,310.0,-2.0,-116.0,-50.0,-545.0,-820.0
1606,-13.0,-146.0,-236.0,309.0,-11.0,-112.0,-47.0,-549.0,-822.0
1607,-11.0,-148.0,-239.0,313.0,-21.0,-113.0,-43.0,-557.0,-821.0
1608,-9.0,-149.0,-235.0,322.0,-37.0,-113.0,-43.0,-562.0,-821.0
1609,-10.0,-152.0,-238.0,330.0,-52.0,-115.0,-47.0,-562.0,-817.0
1610,-11.0,-152.0,-237.0,344.0,-65.0,-120.0,-44.0,-570.0,-821.0
1611,-13.0,-153.0,-237.0,360.0,-78.0,-122.0,-50.0,-571.0,-818.0
1612,-14.0,-153.0,-237.0,376.0,-88.0,-124.0,-49.0,-574.0,-818.0
1613,-13.0,-152.0,-238.0,391.0,-94.0,-127.0,-52.0,-571.0,-816.0
1614,-14.0,-152.0,-238.0,401.0,-97.0,-129.0,-51.0,-568.0,-817.0
1615,-15.0,-151.0,-238.0,411.0,-96.0,-130.0,-60.0,-572.0,-813.0
1616,-14.0,-150.0,-241.0,419.0,-93.0,-130.0,-60.0,-561.0,-820.0
1617,-13.0,-148.0,-239.0,424.0,-88.0,-133.0,-62.0,-559.0,-821.0
1618,-13.0,-147.0,-237.0,426.0,-83.0,-133.0,-60.0,-558.0,-818.0
1619,-14.0,-147.0,-237.0,426.0,-78.0,-133.0,-61.0,-562.0,-815.0
1620,-12.0,-148.0,-240.0,423.0,-74.0,-132.0,-54.0,-554.0,-814.0
1621,-14.0,-145.0,-236.0,419.0,-70.0,-130.0,-51.0,-560.0,-814.0
1622,-11.0,-146.0,-231.0,413.0,-67.0,-129.0,-45.0,-558.0,-800.0
1623,-13.0,-145.0,-233.0,407.0,-65.0,-128.0,-42.0,-563.0,-799.0
1624,-10.0,-151.0,-229.0,402.0,-62.0,-125.0,-36.0,-565.0,-794.0
1625,-10.0,-150.0,-227.0,393.0,-60.0,-123.0,-31.0,-570.0,-791.0
1626,-9.0,-147.0,-229.0,385.0,-59.0,-120.0,-30.0,-571.0,-784.0
1627,-4.0,-150.0,-226.0,372.0,-57.0,-118.0,-22.0,-570.0,-783.0
1628,-4.0,-151.0,-225.0,362.0,-56.0,-117.0,-18.0,-576.0,-786.0
1629,-4.0,-151.0,-224.0,346.0,-56.0,-116.0,-20.0,-572.0,-789.0
1630,-3.0,-150.0,-230.0,331.0,-56.0,-114.0,-18.0,-574.0,-782.0
1631,-4.0,-151.0,-231.0,315.0,-56.0,-112.0,-15.0,-575.0,-785.0
1632,-7.0,-150.0,-231.0,300.0,-57.0,-109.0,-15.0,-574.0,-776.0
1633,-4.0,-156.0,-224.0,287.0,-58.0,-107.0,-16.0,-577.0,-783.0
1634,-5.0,-152.0,-228.0,276.0,-58.0,-102.0,-19.0,-581.0,-777.0
1635,-7.0,-154.0,-224.0,264.0,-57.0,-101.0,-19.0,-583.0,-776.0
1636,-5.0,-156.0,-229.0,254.0,-58.0,-97.0,-21.0,-584.0,-769.0
1637,-7.0,-151.0,-227.0,247.0,-56.0,-91.0,-20.0,-586.0,-769.0
1638,-5.0,-154.0,-226.0,236.0,-55.0,-87.0,-28.0,-586.0,-764.0
1639,-6.0,-156.0,-222.0,230.0,-55.0,-80.0,-30.0,-585.0,-767.0
1640,-7.0,-157.0,-221.0,224.0,-53.0,-71.0,-30.0,-592.0,-761.0
1641,-5.0,-161.0,-216.0,220.0,-52.0,-63.0,-27.0,-593.0,-749.0
1642,-7.0,-159.0,-220.0,218.0,-50.0,-53.0,-29.0,-608.0,-748.0
1643,-5.0,-160.0,-221.0,211.0,-47.0,-45.0,-24.0,-608.0,-751.0
1644,-8.0,-163.0,-220.0,205.0,-42.0,-37.0,-24.0,-615.0,-755.0
1645,-7.0,-161.0,-223.0,195.0,-38.0,-31.0,-24.0,-619.0,-762.0
1646,-8.0,-161.0,-227.0,183.0,-35.0,-28.0,-26.0,-614.0,-759.0
1647,-8.0,-162.0,-222.0,169.0,-32.0,-26.0,-31.0,-610.0,-773.0
1648,-9.0,-160.0,-227.0,155.0,-32.0,-25.0,-33.0,-609.0,-781.0
1649,-9.0,-160.0,-231.0,140.0,-35.0,-24.0,-33.0,-604.0,-784.0
1650,-13.0,-161.0,-228.0,125.0,-36.0,-23.0,-36.0,-605.0,-785.0
1651,-9.0,-161.0,-229.0,113.0,-36.0,-24.0,-41.0,-604.0,-791.0
1652,-10.0,-161.0,-231.0,102.0,-35.0,-23.0,-47.0,-610.0,-787.0
1653,-12.0,-162.0,-232.0,97.0,-31.0,-24.0,-45.0,-611.0,-786.0
1654,-14.0,-163.0,-230.0,94.0,-25.0,-23.0,-49.0,-615.0,-783.0
1655,-13.0,-165.0,-226.0,94.0,-17.0,-22.0,-49.0,-626.0,-772.0
1656,-12.0,-171.0,-224.0,101.0,-9.0,-21.0,-53.0,-637.0,-770.0
1657,-13.0,-172.0,-220.0,108.0,0.0,-17.0,-45.0,-641.0,-770.0
1658,-13.0,-174.0,-219.0,122.0,10.0,-16.0,-48.0,-663.0,-755.0
1659,-11.0,-177.0,-220.0,135.0,17.0,-15.0,-43.0,-674.0,-757.0
1660,-11.0,-180.0,-230.0,147.0,23.0,-16.0,-41.0,-679.0,-760.0
1661,-11.0,-179.0,-223.0,159.0,27.0,-16.0,-39.0,-683.0,-764.0
1662,-10.0,-182.0,-223.0,172.0,27.0,-19.0,-37.0,-674.0,-760.0
1663,-12.0,-180.0,-223.0,184.0,24.0,-23.0,-36.0,-678.0,-767.0
1664,-11.0,-177.0,-224.0,194.0,17.0,-26.0,-30.0,-679.0,-772.0
1665,-10.0,-176.0,-224.0,208.0,6.0,-28.0,-37.0,-672.0,-775.0
1666,-10.0,-176.0,-225.0,219.0,-7.0,-32.0,-37.0,-661.0,-775.0
1667,-9.0,-174.0,-232.0,229.0,-19.0,-37.0,-36.0,-654.0,-775.0
1668,-13.0,-172.0,-225.0,239.0,-31.0,-38.0,-41.0,-642.0,-777.0
1669,-12.0,-172.0,-227.0,247.0,-39.0,-42.0,-46.0,-641.0,-771.0
1670,-12.0,-170.0,-223.0,257.0,-42.0,-42.0,-54.0,-635.0,-772.0
1671,-15.0,-171.0,-226.0,267.0,-41.0,-38.0,-64.0,-638.0,-759.0
1672,-16.0,-167.0,-218.0,275.0,-36.0,-34.0,-65.0,-641.0,-750.0
1673,-15.0,-172.0,-218.0,283.0,-30.0,-30.0,-68.0,-640.0,-745.0
1674,-14.0,-173.0,-218.0,291.0,-25.0,-26.0,-73.0,-650.0,-738.0
1675,-16.0,-175.0,-216.0,296.0,-21.0,-22.0,-70.0,-655.0,-734.0
1676,-16.0,-178.0,-215.0,299.0,-18.0,-19.0,-72.0,-666.0,-736.0
1677,-16.0,-177.0,-212.0,298.0,-15.0,-14.0,-73.0,-666.0,-731.0
1678,-16.0,-181.0,-218.0,295.0,-13.0,-12.0,-69.0,-679.0,-736.0
1679,-18.0,-180.0,-215.0,290.0,-12.0,-9.0,-67.0,-679.0,-736.0
1680,-16.0,-179.0,-213.0,283.0,-16.0,-9.0,-59.0,-682.0,-736.0
1681,-15.0,-180.0,-215.0,277.0,-20.0,-8.0,-57.0,-681.0,-734.0
1682,-13.0,-172.0,-214.0,271.0,-24.0,-10.0,-54.0,-685.0,-737.0
1683,-12.0,-182.0,-214.0,269.0,-29.0,-11.0,-45.0,-686.0,-736.0
1684,-8.0,-179.0,-217.0,270.0,-32.0,-14.0,-40.0,-683.0,-727.0
1685,-8.0,-181.0,-214.0,274.0,-33.0,-16.0,-37.0,-680.0,-727.0
1686,-7.0,-181.0,-213.0,279.0,-36.0,-18.0,-35.0,-680.0,-721.0
1687,-9.0,-180.0,-215.0,285.0,-33.0,-17.0,-29.0,-677.0,-725.0
1688,-6.0,-180.0,-214.0,295.0,-28.0,-17.0,-24.0,-680.0,-717.0
1689,-8.0,-181.0,-211.0,304.0,-24.0,-17.0,-25.0,-681.0,-715.0
1690,-5.0,-180.0,-209.0,314.0,-19.0,-17.0,-23.0,-685.0,-721.0
1691,-6.0,-179.0,-209.0,323.0,-15.0,-18.0,-24.0,-688.0,-711.0
1692,-6.0,-182.0,-206.0,329.0,-11.0,-17.0,-20.0,-688.0,-706.0
1693,-4.0,-183.0,-205.0,335.0,-7.0,-17.0,-24.0,-691.0,-703.0
1694,-7.0,-183.0,-204.0,340.0,-3.0,-12.0,-23.0,-692.0,-700.0
1695,-7.0,-184.0,-206.0,347.0,3.0,-10.0,-24.0,-694.0,-687.0
1696,-8.0,-183.0,-208.0,352.0,9.0,-4.0,-18.0,-692.0,-695.0
1697,-7.0,-180.0,-206.0,354.0,10.0,-3.0,-31.0,-692.0,-695.0
1698,-9.0,-182.0,-201.0,354.0,9.0,1.0,-28.0,-691.0,-694.0
1699,-7.0,-182.0,-206.0,348.0,12.0,5.0,-32.0,-692.0,-700.0
1700,-7.0,-183.0,-205.0,344.0,11.0,11.0,-28.0,-692.0,-696.0
1701,-8.0,-182.0,-206.0,337.0,9.0,17.0,-31.0,-687.0,-689.0
1702,-6.0,-183.0,-207.0,333.0,7.0,22.0,-34.0,-686.0,-701.0
1703,-9.0,-177.0,-205.0,325.0,5.0,26.0,-26.0,-687.0,-696.0
1704,-11.0,-177.0,-204.0,315.0,3.0,30.0,-33.0,-688.0,-693.0
1705,-7.0,-181.0,-209.0,307.0,1.0,34.0,-30.0,-681.0,-697.0
1706,-9.0,-182.0,-205.0,294.0,-2.0,37.0,-27.0,-685.0,-695.0
1707,-5.0,-181.0,-208.0,283.0,-3.0,39.0,-32.0,-684.0,-697.0
1708,-11.0,-180.0,-208.0,271.0,-4.0,40.0,-31.0,-687.0,-693.0
1709,-9.0,-181.0,-204.0,258.0,-4.0,42.0,-32.0,-687.0,-700.0
1710,-7.0,-183.0,-207.0,246.0,-3.0,41.0,-32.0,-689.0,-695.0
1711,-11.0,-184.0,-210.0,236.0,0.0,40.0,-33.0,-689.0,-697.0
1712,-8.0,-183.0,-205.0,225.0,4.0,40.0,-40.0,-698.0,-695.0
1713,-10.0,-183.0,-205.0,218.0,9.0,39.0,-40.0,-701.0,-695.0
1714,-11.0,-187.0,-203.0,211.0,16.0,39.0,-42.0,-701.0,-692.0
1715,-11.0,-184.0,-204.0,208.0,25.0,37.0,-45.0,-709.0,-687.0
1716,-11.0,-187.0,-201.0,204.0,31.0,40.0,-38.0,-717.0,-679.0
1717,-10.0,-189.0,-200.0,201.0,38.0,39.0,-46.0,-722.0,-678.0
1718,-11.0,-193.0,-201.0,199.0,42.0,38.0,-44.0,-728.0,-663.0
1719,-11.0,-195.0,-197.0,199.0,43.0,37.0,-44.0,-734.0,-654.0
1720,-12.0,-192.0,-195.0,200.0,44.0,35.0,-43.0,-746.0,-656.0
1721,-10.0,-196.0,-193.0,206.0,44.0,31.0,-39.0,-746.0,-654.0
1722,-10.0,-196.0,-196.0,210.0,45.0,27.0,-37.0,-747.0,-654.0
1723,-6.0,-195.0,-198.0,218.0,46.0,24.0,-37.0,-751.0,-658.0
1724,-10.0,-197.0,-197.0,228.0,48.0,22.0,-34.0,-742.0,-661.0
1725,-8.0,-195.0,-198.0,237.0,49.0,20.0,-38.0,-740.0,-667.0
1726,-1.0,-200.0,-201.0,248.0,48.0,19.0,-38.0,-741.0,-668.0
1727,-11.0,-195.0,-200.0,257.0,45.0,19.0,-39.0,-733.0,-674.0
1728,-9.0,-192.0,-204.0,265.0,43.0,21.0,-36.0,-734.0,-679.0
1729,-11.0,-188.0,-204.0,269.0,42.0,22.0,-33.0,-721.0,-679.0
1730,-9.0,-191.0,-202.0,273.0,41.0,24.0,-33.0,-722.0,-687.0
1731,-5.0,-189.0,-203.0,272.0,45.0,28.0,-37.0,-714.0,-688.0
1732,-9.0,-187.0,-202.0,270.0,50.0,28.0,-36.0,-713.0,-683.0
1733,-8.0,-188.0,-203.0,262.0,55.0,33.0,-31.0,-711.0,-680.0
1734,-7.0,-188.0,-203.0,252.0,58.0,39.0,-36.0,-707.0,-677.0
1735,-9.0,-186.0,-198.0,240.0,60.0,43.0,-36.0,-714.0,-678.0
1736,-8.0,-187.0,-198.0,231.0,61.0,47.0,-36.0,-713.0,-665.0
1737,-7.0,-188.0,-195.0,220.0,61.0,52.0,-31.0,-716.0,-661.0
1738,-6.0,-189.0,-197.0,210.0,61.0,56.0,-30.0,-724.0,-658.0
1739,-5.0,-191.0,-193.0,202.0,59.0,58.0,-24.0,-732.0,-645.0
1740,-6.0,-192.0,-192.0,195.0,59.0,59.0,-23.0,-739.0,-637.0
1741,-4.0,-197.0,-188.0,191.0,57.0,58.0,-15.0,-747.0,-635.0
1742,-4.0,-198.0,-193.0,189.0,54.0,54.0,-24.0,-754.0,-631.0
1743,-5.0,-198.0,-190.0,188.0,50.0,51.0,-22.0,-763.0,-635.0
1744,-7.0,-200.0,-189.0,190.0,47.0,47.0,-24.0,-766.0,-622.0
1745,-8.0,-200.0,-186.0,197.0,42.0,44.0,-31.0,-766.0,-621.0
1746,-9.0,-201.0,-185.0,208.0,36.0,42.0,-38.0,-773.0,-625.0
1747,-13.0,-203.0,-186.0,220.0,33.0,40.0,-34.0,-765.0,-619.0
1748,-11.0,-200.0,-187.0,234.0,35.0,39.0,-41.0,-772.0,-623.0
1749,-12.0,-202.0,-186.0,245.0,40.0,39.0,-42.0,-769.0,-629.0
1750,-13.0,-201.0,-190.0,255.0,47.0,40.0,-50.0,-768.0,-624.0
1751,-14.0,-199.0,-189.0,263.0,52.0,42.0,-61.0,-764.0,-630.0
1752,-13.0,-200.0,-191.0,268.0,56.0,44.0,-51.0,-757.0,-630.0
1753,-15.0,-198.0,-188.0,272.0,59.0,47.0,-63.0,-755.0,-633.0
1754,-15.0,-196.0,-193.0,274.0,58.0,50.0,-55.0,-750.0,-626.0
1755,-15.0,-197.0,-187.0,277.0,53.0,49.0,-56.0,-746.0,-627.0
1756,-14.0,-198.0,-186.0,280.0,46.0,48.0,-56.0,-752.0,-622.0
1757,-15.0,-194.0,-183.0,278.0,36.0,46.0,-56.0,-750.0,-619.0
1758,-15.0,-198.0,-186.0,275.0,25.0,43.0,-51.0,-752.0,-617.0
1759,-13.0,-196.0,-185.0,272.0,15.0,41.0,-51.0,-759.0,-615.0
1760,-12.0,-198.0,-186.0,267.0,9.0,38.0,-44.0,-763.0,-620.0
1761,-13.0,-201.0,-188.0,260.0,6.0,33.0,-45.0,-769.0,-619.0
1762,-11.0,-201.0,-186.0,254.0,6.0,29.0,-39.0,-775.0,-619.0
1763,-12.0,-201.0,-186.0,247.0,8.0,25.0,-38.0,-776.0,-618.0
1764,-11.0,-203.0,-185.0,241.0,12.0,20.0,-39.0,-783.0,-617.0
1765,-9.0,-206.0,-189.0,235.0,16.0,15.0,-37.0,-787.0,-618.0
1766,-10.0,-207.0,-185.0,233.0,21.0,10.0,-40.0,-792.0,-612.0
1767,-8.0,-206.0,-184.0,230.0,26.0,5.0,-36.0,-797.0,-610.0
1768,-7.0,-210.0,-186.0,232.0,31.0,2.0,-37.0,-794.0,-612.0
1769,-11.0,-207.0,-190.0,235.0,38.0,-2.0,-38.0,-800.0,-606.0
1770,-12.0,-209.0,-183.0,243.0,41.0,-7.0,-36.0,-795.0,-606.0
1771,-14.0,-208.0,-183.0,255.0,44.0,-8.0,-41.0,-798.0,-598.0
1772,-6.0,-214.0,-181.0,270.0,44.0,-11.0,-42.0,-800.0,-594.0
1773,-10.0,-212.0,-182.0,285.0,43.0,-16.0,-37.0,-800.0,-599.0
1774,-12.0,-211.0,-184.0,297.0,38.0,-17.0,-39.0,-809.0,-599.0
1775,-12.0,-212.0,-183.0,308.0,35.0,-20.0,-46.0,-809.0,-607.0
1776,-13.0,-214.0,-186.0,319.0,34.0,-19.0,-51.0,-808.0,-610.0
1777,-12.0,-212.0,-185.0,330.0,34.0,-22.0,-42.0,-803.0,-615.0
1778,-11.0,-211.0,-186.0,337.0,37.0,-23.0,-45.0,-809.0,-612.0
1779,-13.0,-211.0,-182.0,346.0,42.0,-22.0,-43.0,-806.0,-611.0
1780,-12.0,-210.0,-186.0,361.0,47.0,-23.0,-42.0,-806.0,-611.0
1781,-12.0,-216.0,-184.0,376.0,53.0,-23.0,-44.0,-803.0,-612.0
1782,-8.0,-212.0,-182.0,389.0,55.0,-23.0,-36.0,-801.0,-603.0
1783,-10.0,-211.0,-181.0,407.0,56.0,-20.0,-40.0,-799.0,-585.0
1784,-8.0,-213.0,-181.0,423.0,52.0,-19.0,-35.0,-804.0,-584.0
1785,-9.0,-208.0,-178.0,433.0,46.0,-18.0,-36.0,-805.0,-583.0
1786,-7.0,-214.0,-181.0,442.0,41.0,-18.0,-30.0,-808.0,-581.0
1787,-8.0,-210.0,-176.0,448.0,34.0,-18.0,-33.0,-810.0,-581.0
1788,-9.0,-213.0,-180.0,451.0,29.0,-17.0,-31.0,-806.0,-581.0
1789,-10.0,-211.0,-176.0,449.0,24.0,-17.0,-28.0,-812.0,-578.0
1790,-10.0,-212.0,-171.0,449.0,19.0,-18.0,-31.0,-812.0,-579.0
1791,-8.0,-214.0,-176.0,445.0,16.0,-16.0,-37.0,-808.0,-584.0
1792,-9.0,-210.0,-181.0,441.0,14.0,-15.0,-36.0,-801.0,-580.0
1793,-7.0,-210.0,-180.0,438.0,12.0,-12.0,-32.0,-800.0,-583.0
1794,-10.0,-207.0,-173.0,433.0,12.0,-12.0,-35.0,-794.0,-578.0
1795,-9.0,-212.0,-179.0,426.0,12.0,-11.0,-34.0,-795.0,-569.0
1796,-11.0,-208.0,-173.0,422.0,14.0,-9.0,-39.0,-793.0,-566.0
1797,-11.0,-205.0,-172.0,419.0,17.0,-8.0,-34.0,-793.0,-561.0
1798,-9.0,-208.0,-172.0,416.0,20.0,-8.0,-31.0,-791.0,-551.0
1799,-8.0,-204.0,-171.0,413.0,22.0,-7.0,-30.0,-794.0,-548.0
1800,-4.0,-212.0,-166.0,409.0,23.0,-8.0,-18.0,-801.0,-544.0
1801,-4.0,-210.0,-169.0,408.0,25.0,-10.0,-19.0,-803.0,-544.0
1802,-5.0,-212.0,-167.0,406.0,27.0,-10.0,-18.0,-810.0,-540.0
1803,-6.0,-214.0,-165.0,406.0,26.0,-12.0,-23.0,-821.0,-532.0
1804,-5.0,-215.0,-168.0,409.0,22.0,-12.0,-22.0,-823.0,-532.0
1805,-5.0,-216.0,-164.0,409.0,17.0,-13.0,-21.0,-825.0,-537.0
1806,-10.0,-215.0,-168.0,409.0,11.0,-13.0,-27.0,-829.0,-533.0
1807,-9.0,-215.0,-168.0,410.0,3.0,-13.0,-28.0,-832.0,-542.0
1808,-5.0,-215.0,-166.0,406.0,-4.0,-14.0,-36.0,-824.0,-547.0
1809,-14.0,-213.0,-173.0,401.0,-9.0,-14.0,-38.0,-820.0,-546.0
1810,-14.0,-213.0,-170.0,395.0,-12.0,-13.0,-44.0,-813.0,-557.0
1811,-13.0,-210.0,-175.0,383.0,-15.0,-11.0,-51.0,-807.0,-555.0
1812,-15.0,-210.0,-174.0,370.0,-17.0,-7.0,-46.0,-797.0,-567.0
1813,-15.0,-205.0,-169.0,355.0,-17.0,-4.0,-47.0,-800.0,-557.0
1814,-12.0,-210.0,-172.0,344.0,-16.0,-3.0,-51.0,-797.0,-550.0
1815,-12.0,-208.0,-168.0,334.0,-15.0,-1.0,-47.0,-797.0,-544.0
1816,-13.0,-209.0,-166.0,325.0,-13.0,-2.0,-46.0,-799.0,-531.0
1817,-11.0,-212.0,-161.0,326.0,-10.0,-3.0,-50.0,-810.0,-515.0
1818,-13.0,-215.0,-160.0,331.0,-7.0,-5.0,-40.0,-818.0,-501.0
1819,-10.0,-217.0,-159.0,342.0,-5.0,-6.0,-41.0,-826.0,-494.0
1820,-6.0,-219.0,-155.0,355.0,-4.0,-6.0,-31.0,-839.0,-485.0
1821,-7.0,-224.0,-153.0,371.0,-4.0,-10.0,-31.0,-848.0,-478.0
1822,-9.0,-223.0,-151.0,384.0,-6.0,-13.0,-28.0,-860.0,-481.0
1823,-9.0,-223.0,-155.0,394.0,-9.0,-17.0,-25.0,-866.0,-480.0
1824,-10.0,-224.0,-154.0,398.0,-11.0,-21.0,-33.0,-869.0,-484.0
1825,-10.0,-228.0,-152.0,397.0,-15.0,-25.0,-33.0,-876.0,-493.0
1826,-10.0,-228.0,-157.0,386.0,-21.0,-28.0,-32.0,-872.0,-494.0
1827,-11.0,-225.0,-158.0,374.0,-31.0,-32.0,-41.0,-870.0,-501.0
1828,-10.0,-225.0,-160.0,362.0,-42.0,-34.0,-39.0,-866.0,-500.0
1829,-10.0,-224.0,-159.0,347.0,-50.0,-34.0,-46.0,-860.0,-502.0
1830,-13.0,-220.0,-157.0,334.0,-59.0,-35.0,-49.0,-854.0,-496.0
1831,-14.0,-220.0,-159.0,329.0,-64.0,-35.0,-57.0,-848.0,-494.0
1832,-14.0,-221.0,-154.0,326.0,-70.0,-34.0,-53.0,-843.0,-484.0
1833,-14.0,-221.0,-151.0,329.0,-74.0,-32.0,-61.0,-842.0,-478.0
1834,-16.0,-219.0,-150.0,337.0,-75.0,-31.0,-60.0,-836.0,-471.0
1835,-13.0,-219.0,-150.0,346.0,-75.0,-28.0,-59.0,-841.0,-469.0
1836,-15.0,-221.0,-149.0,354.0,-72.0,-27.0,-54.0,-849.0,-468.0
1837,-13.0,-225.0,-150.0,359.0,-71.0,-25.0,-51.0,-850.0,-466.0
1838,-14.0,-227.0,-148.0,359.0,-71.0,-25.0,-48.0,-858.0,-466.0
1839,-14.0,-227.0,-152.0,356.0,-76.0,-26.0,-41.0,-868.0,-475.0
1840,-12.0,-228.0,-154.0,354.0,-80.0,-25.0,-42.0,-892.0,-477.0
1841,-10.0,-232.0,-152.0,350.0,-84.0,-26.0,-36.0,-893.0,-486.0
1842,-7.0,-235.0,-155.0,352.0,-85.0,-29.0,-28.0,-896.0,-486.0
1843,-7.0,-235.0,-155.0,355.0,-88.0,-31.0,-28.0,-901.0,-486.0
1844,-5.0,-234.0,-155.0,360.0,-87.0,-33.0,-25.0,-897.0,-479.0
1845,-8.0,-230.0,-150.0,369.0,-85.0,-37.0,-23.0,-892.0,-478.0
1846,-4.0,-229.0,-149.0,376.0,-84.0,-38.0,-20.0,-889.0,-472.0
1847,-7.0,-227.0,-150.0,384.0,-81.0,-41.0,-26.0,-875.0,-461.0
1848,-10.0,-225.0,-148.0,396.0,-80.0,-43.0,-26.0,-860.0,-448.0
1849,-10.0,-224.0,-146.0,407.0,-79.0,-45.0,-30.0,-857.0,-448.0
1850,-8.0,-221.0,-147.0,415.0,-79.0,-45.0,-36.0,-851.0,-442.0
1851,-13.0,-222.0,-144.0,418.0,-80.0,-44.0,-39.0,-852.0,-442.0
1852,-12.0,-224.0,-147.0,415.0,-85.0,-43.0,-50.0,-855.0,-448.0
1853,-15.0,-220.0,-147.0,406.0,-90.0,-42.0,-44.0,-855.0,-449.0
1854,-13.0,-224.0,-147.0,397.0,-95.0,-39.0,-57.0,-865.0,-456.0
1855,-14.0,-229.0,-149.0,384.0,-102.0,-37.0,-61.0,-868.0,-457.0
1856,-13.0,-227.0,-147.0,371.0,-108.0,-36.0,-61.0,-878.0,-456.0
1857,-16.0,-229.0,-145.0,360.0,-117.0,-35.0,-68.0,-889.0,-456.0
1858,-16.0,-228.0,-145.0,358.0,-125.0,-34.0,-62.0,-890.0,-453.0
1859,-16.0,-234.0,-148.0,361.0,-132.0,-32.0,-62.0,-895.0,-456.0
1860,-15.0,-231.0,-147.0,369.0,-137.0,-30.0,-67.0,-896.0,-460.0
1861,-14.0,-232.0,-144.0,377.0,-140.0,-31.0,-63.0,-892.0,-458.0
1862,-13.0,-232.0,-145.0,389.0,-141.0,-28.0,-54.0,-893.0,-461.0
1863,-15.0,-231.0,-151.0,403.0,-139.0,-32.0,-56.0,-891.0,-460.0
1864,-15.0,-229.0,-147.0,411.0,-136.0,-32.0,-55.0,-879.0,-457.0
1865,-13.0,-232.0,-145.0,419.0,-132.0,-37.0,-47.0,-884.0,-452.0
1866,-13.0,-230.0,-145.0,425.0,-126.0,-40.0,-47.0,-889.0,-442.0
1867,-14.0,-233.0,-143.0,429.0,-122.0,-41.0,-41.0,-887.0,-433.0
1868,-15.0,-228.0,-141.0,431.0,-120.0,-43.0,-48.0,-891.0,-423.0
1869,-16.0,-232.0,-139.0,434.0,-121.0,-46.0,-49.0,-893.0,-412.0
1870,-15.0,-235.0,-132.0,441.0,-125.0,-48.0,-62.0,-892.0,-412.0
1871,-18.0,-234.0,-134.0,447.0,-133.0,-48.0,-66.0,-893.0,-400.0
1872,-15.0,-234.0,-133.0,452.0,-143.0,-48.0,-65.0,-897.0,-407.0
1873,-16.0,-233.0,-134.0,454.0,-155.0,-47.0,-71.0,-901.0,-410.0
1874,-19.0,-231.0,-134.0,452.0,-166.0,-48.0,-80.0,-901.0,-415.0
1875,-17.0,-232.0,-135.0,452.0,-176.0,-47.0,-80.0,-891.0,-415.0
1876,-18.0,-232.0,-133.0,454.0,-186.0,-45.0,-79.0,-890.0,-410.0
1877,-17.0,-232.0,-132.0,455.0,-193.0,-43.0,-81.0,-892.0,-413.0
1878,-20.0,-229.0,-133.0,459.0,-195.0,-41.0,-78.0,-875.0,-401.0
1879,-19.0,-226.0,-132.0,461.0,-195.0,-40.0,-78.0,-867.0,-390.0
1880,-16.0,-225.0,-131.0,462.0,-194.0,-38.0,-74.0,-860.0,-389.0
1881,-18.0,-221.0,-130.0,452.0,-192.0,-41.0,-71.0,-853.0,-381.0
1882,-18.0,-219.0,-129.0,443.0,-191.0,-41.0,-61.0,-852.0,-379.0
1883,-15.0,-223.0,-129.0,430.0,-193.0,-41.0,-56.0,-858.0,-376.0
1884,-15.0,-224.0,-129.0,409.0,-194.0,-42.0,-53.0,-852.0,-379.0
1885,-12.0,-222.0,-124.0,382.0,-194.0,-46.0,-44.0,-853.0,-380.0
1886,-14.0,-222.0,-125.0,350.0,-191.0,-48.0,-43.0,-856.0,-377.0
1887,-11.0,-223.0,-127.0,314.0,-186.0,-52.0,-40.0,-858.0,-375.0
1888,-8.0,-227.0,-128.0,271.0,-182.0,-56.0,-37.0,-869.0,-379.0
1889,-5.0,-230.0,-125.0,228.0,-174.0,-61.0,-25.0,-872.0,-377.0
1890,-6.0,-230.0,-126.0,191.0,-165.0,-67.0,-22.0,-886.0,-376.0
1891,-7.0,-232.0,-125.0,163.0,-159.0,-72.0,-26.0,-893.0,-367.0
1892,-6.0,-234.0,-122.0,140.0,-151.0,-76.0,-23.0,-905.0,-362.0
1893,-6.0,-237.0,-122.0,130.0,-141.0,-83.0,-27.0,-908.0,-352.0
1894,-7.0,-238.0,-120.0,126.0,-133.0,-87.0,-24.0,-912.0,-345.0
1895,-7.0,-241.0,-121.0,129.0,-125.0,-90.0,-28.0,-920.0,-354.0
1896,-10.0,-237.0,-121.0,127.0,-115.0,-94.0,-35.0,-921.0,-342.0
1897,-9.0,-240.0,-116.0,134.0,-105.0,-101.0,-35.0,-922.0,-339.0
1898,-6.0,-243.0,-119.0,138.0,-96.0,-104.0,-34.0,-921.0,-343.0
1899,-7.0,-239.0,-120.0,140.0,-91.0,-106.0,-36.0,-919.0,-342.0
1900,-12.0,-236.0,-121.0,140.0,-90.0,-106.0,-34.0,-916.0,-341.0
1901,-11.0,-235.0,-121.0,132.0,-90.0,-109.0,-34.0,-913.0,-342.0
1902,-8.0,-232.0,-121.0,120.0,-90.0,-108.0,-36.0,-909.0,-347.0
1903,-9.0,-235.0,-119.0,104.0,-92.0,-105.0,-35.0,-908.0,-356.0
1904,-5.0,-236.0,-122.0,85.0,-92.0,-104.0,-32.0,-905.0,-340.0
1905,-9.0,-237.0,-119.0,68.0,-91.0,-101.0,-26.0,-908.0,-330.0
1906,-7.0,-235.0,-119.0,52.0,-88.0,-100.0,-19.0,-917.0,-329.0
1907,-4.0,-240.0,-113.0,41.0,-87.0,-96.0,-20.0,-926.0,-320.0
1908,-3.0,-242.0,-112.0,33.0,-86.0,-90.0,-14.0,-929.0,-310.0
1909,-2.0,-244.0,-113.0,32.0,-85.0,-86.0,-11.0,-934.0,-305.0
1910,0.0,-245.0,-109.0,34.0,-86.0,-82.0,-4.0,-933.0,-306.0
1911,2.0,-245.0,-112.0,43.0,-87.0,-78.0,-6.0,-935.0,-305.0
1912,-1.0,-240.0,-113.0,49.0,-91.0,-75.0,-4.0,-932.0,-306.0
1913,0.0,-240.0,-111.0,51.0,-90.0,-74.0,-7.0,-928.0,-306.0
1914,-1.0,-240.0,-108.0,52.0,-92.0,-71.0,-2.0,-924.0,-312.0
1915,0.0,-239.0,-110.0,47.0,-90.0,-68.0,-10.0,-923.0,-316.0
1916,-5.0,-235.0,-111.0,34.0,-89.0,-67.0,-12.0,-918.0,-312.0
1917,-2.0,-237.0,-109.0,18.0,-87.0,-64.0,-11.0,-912.0,-318.0
1918,-4.0,-237.0,-116.0,2.0,-84.0,-60.0,-17.0,-913.0,-312.0
1919,-7.0,-234.0,-111.0,-12.0,-82.0,-57.0,-21.0,-912.0,-309.0
1920,-9.0,-234.0,-109.0,-27.0,-83.0,-55.0,-20.0,-913.0,-309.0
1921,-9.0,-237.0,-112.0,-38.0,-86.0,-50.0,-30.0,-917.0,-301.0
1922,-12.0,-237.0,-109.0,-48.0,-90.0,-47.0,-31.0,-916.0,-305.0
1923,-11.0,-241.0,-107.0,-57.0,-95.0,-43.0,-38.0,-917.0,-300.0
1924,-12.0,-240.0,-105.0,-65.0,-105.0,-40.0,-38.0,-926.0,-296.0
1925,-14.0,-241.0,-107.0,-73.0,-113.0,-36.0,-47.0,-927.0,-295.0
1926,-15.0,-238.0,-108.0,-80.0,-121.0,-34.0,-49.0,-932.0,-295.0
1927,-15.0,-240.0,-106.0,-84.0,-127.0,-29.0,-53.0,-934.0,-291.0
1928,-16.0,-243.0,-108.0,-86.0,-127.0,-28.0,-56.0,-936.0,-294.0
1929,-15.0,-246.0,-107.0,-86.0,-125.0,-24.0,-61.0,-945.0,-297.0
1930,-14.0,-246.0,-108.0,-83.0,-122.0,-21.0,-62.0,-948.0,-297.0
1931,-15.0,-245.0,-111.0,-77.0,-115.0,-20.0,-58.0,-948.0,-292.0
1932,-12.0,-249.0,-105.0,-67.0,-107.0,-16.0,-50.0,-948.0,-288.0
1933,-11.0,-247.0,-107.0,-55.0,-95.0,-14.0,-44.0,-953.0,-283.0
1934,-12.0,-249.0,-105.0,-41.0,-85.0,-11.0,-34.0,-950.0,-283.0
1935,-11.0,-246.0,-111.0,-28.0,-72.0,-10.0,-34.0,-948.0,-289.0
1936,-4.0,-247.0,-107.0,-20.0,-61.0,-8.0,-27.0,-944.0,-286.0
1937,-2.0,-244.0,-108.0,-16.0,-52.0,-6.0,-18.0,-940.0,-297.0
1938,-2.0,-245.0,-108.0,-20.0,-38.0,-6.0,-16.0,-936.0,-298.0
1939,2.0,-243.0,-109.0,-27.0,-26.0,-6.0,-6.0,-938.0,-300.0
1940,-2.0,-239.0,-109.0,-40.0,-14.0,-6.0,4.0,-929.0,-299.0
1941,5.0,-244.0,-108.0,-54.0,0.0,-7.0,11.0,-926.0,-297.0
1942,0.0,-239.0,-111.0,-65.0,14.0,-8.0,13.0,-930.0,-298.0
1943,4.0,-244.0,-108.0,-75.0,26.0,-8.0,9.0,-937.0,-304.0
1944,1.0,-239.0,-109.0,-79.0,39.0,-8.0,2.0,-941.0,-298.0
1945,2.0,-246.0,-107.0,-82.0,47.0,-6.0,1.0,-947.0,-295.0
1946,0.0,-247.0,-105.0,-76.0,53.0,-6.0,7.0,-954.0,-284.0
1947,-1.0,-251.0,-103.0,-64.0,58.0,-6.0,-7.0,-964.0,-293.0
1948,-2.0,-252.0,-104.0,-47.0,63.0,-5.0,-7.0,-964.0,-281.0
1949,-6.0,-252.0,-107.0,-24.0,67.0,-3.0,-14.0,-966.0,-280.0
1950,-7.0,-250.0,-105.0,-1.0,72.0,-1.0,-21.0,-973.0,-279.0
1951,-8.0,-251.0,-103.0,22.0,75.0,2.0,-26.0,-968.0,-288.0
1952,-9.0,-251.0,-106.0,41.0,77.0,5.0,-31.0,-972.0,-285.0
1953,-9.0,-249.0,-105.0,58.0,76.0,8.0,-34.0,-962.0,-295.0
1954,-10.0,-250.0,-106.0,69.0,73.0,8.0,-38.0,-961.0,-296.0
1955,-10.0,-246.0,-108.0,77.0,69.0,10.0,-41.0,-950.0,-299.0
1956,-12.0,-248.0,-110.0,79.0,64.0,11.0,-40.0,-947.0,-299.0
1957,-15.0,-243.0,-104.0,81.0,57.0,12.0,-48.0,-948.0,-296.0
1958,-14.0,-245.0,-109.0,80.0,48.0,14.0,-51.0,-939.0,-298.0
1959,-13.0,-247.0,-108.0,80.0,39.0,14.0,-49.0,-940.0,-292.0
1960,-11.0,-246.0,-108.0,82.0,30.0,14.0,-47.0,-936.0,-292.0
1961,-16.0,-240.0,-104.0,84.0,21.0,12.0,-49.0,-938.0,-293.0
1962,-15.0,-242.0,-109.0,88.0,15.0,12.0,-49.0,-933.0,-289.0
1963,-14.0,-244.0,-105.0,91.0,10.0,12.0,-52.0,-935.0,-286.0
1964,-13.0,-243.0,-102.0,97.0,9.0,12.0,-57.0,-934.0,-277.0
1965,-10.0,-245.0,-102.0,103.0,5.0,11.0,-53.0,-931.0,-275.0
1966,-14.0,-244.0,-106.0,111.0,7.0,9.0,-50.0,-935.0,-277.0
1967,-13.0,-242.0,-103.0,114.0,8.0,6.0,-47.0,-928.0,-272.0
1968,-14.0,-242.0,-103.0,117.0,10.0,4.0,-46.0,-936.0,-270.0
1969,-10.0,-242.0,-102.0,117.0,13.0,1.0,-39.0,-938.0,-264.0
1970,-8.0,-244.0,-98.0,115.0,13.0,-2.0,-32.0,-932.0,-269.0
1971,-8.0,-243.0,-103.0,107.0,15.0,-6.0,-36.0,-930.0,-267.0
1972,-8.0,-241.0,-101.0,95.0,14.0,-11.0,-27.0,-933.0,-268.0
1973,-8.0,-241.0,-101.0,79.0,13.0,-16.0,-33.0,-929.0,-270.0
1974,-7.0,-243.0,-101.0,64.0,13.0,-20.0,-25.0,-928.0,-269.0
1975,-6.0,-243.0,-103.0,53.0,11.0,-22.0,-24.0,-934.0,-274.0
1976,-8.0,-241.0,-102.0,38.0,10.0,-27.0,-19.0,-936.0,-274.0
1977,-5.0,-243.0,-101.0,29.0,11.0,-31.0,-19.0,-936.0,-273.0
1978,-3.0,-244.0,-103.0,24.0,13.0,-33.0,-21.0,-936.0,-277.0
1979,-8.0,-245.0,-101.0,24.0,16.0,-35.0,-19.0,-944.0,-277.0
1980,-7.0,-244.0,-102.0,26.0,17.0,-38.0,-21.0,-944.0,-275.0
1981,-11.0,-244.0,-98.0,34.0,17.0,-38.0,-25.0,-939.0,-275.0
1982,-6.0,-247.0,-102.0,43.0,15.0,-37.0,-25.0,-940.0,-273.0
1983,-7.0,-242.0,-107.0,53.0,13.0,-38.0,-27.0,-933.0,-276.0
1984,-10.0,-241.0,-102.0,59.0,11.0,-37.0,-27.0,-930.0,-274.0
1985,-8.0,-241.0,-104.0,62.0,6.0,-39.0,-32.0,-926.0,-279.0
1986,-8.0,-240.0,-109.0,62.0,2.0,-39.0,-31.0,-927.0,-277.0
1987,-7.0,-242.0,-107.0,57.0,-3.0,-39.0,-32.0,-927.0,-274.0
1988,-8.0,-238.0,-105.0,54.0,-3.0,-39.0,-27.0,-925.0,-280.0
1989,-9.0,-240.0,-106.0,49.0,-5.0,-38.0,-30.0,-930.0,-284.0
1990,-7.0,-239.0,-101.0,39.0,-6.0,-38.0,-23.0,-923.0,-279.0
1991,-8.0,-240.0,-102.0,35.0,-5.0,-38.0,-29.0,-926.0,-273.0
1992,-5.0,-244.0,-105.0,34.0,-5.0,-37.0,-25.0,-927.0,-282.0
1993,-5.0,-241.0,-104.0,32.0,-4.0,-38.0,-15.0,-930.0,-274.0
1994,-4.0,-243.0,-103.0,26.0,-4.0,-40.0,-16.0,-931.0,-276.0
1995,-5.0,-243.0,-105.0,17.0,-4.0,-41.0,-18.0,-934.0,-275.0
1996,-3.0,-244.0,-107.0,9.0,-7.0,-42.0,-19.0,-936.0,-276.0
1997,-4.0,-243.0,-106.0,-1.0,-9.0,-44.0,-18.0,-936.0,-288.0
1998,-3.0,-244.0,-103.0,-7.0,-11.0,-43.0,-14.0,-938.0,-277.0
1999,-3.0,-245.0,-107.0,-9.0,-11.0,-45.0,-12.0,-944.0,-291.0
2000,-4.0,-246.0,-108.0,-12.0,-9.0,-47.0,-15.0,-950.0,-282.0
2001,-5.0,-245.0,-106.0,-14.0,-6.0,-51.0,-15.0,-947.0,-291.0
2002,-4.0,-246.0,-106.0,-12.0,-2.0,-52.0,-14.0,-944.0,-285.0
2003,-3.0,-248.0,-108.0,-12.0,5.0,-54.0,-14.0,-943.0,-284.0
2004,-5.0,-247.0,-108.0,-11.0,13.0,-56.0,-19.0,-953.0,-280.0
2005,-6.0,-247.0,-102.0,-9.0,24.0,-57.0,-20.0,-957.0,-281.0
2006,-6.0,-248.0,-106.0,-6.0,32.0,-59.0,-19.0,-953.0,-277.0
2007,-7.0,-249.0,-103.0,-2.0,40.0,-59.0,-18.0,-963.0,-287.0
2008,-6.0,-251.0,-106.0,4.0,43.0,-58.0,-24.0,-965.0,-291.0
2009,-7.0,-248.0,-102.0,10.0,45.0,-55.0,-26.0,-963.0,-297.0
2010,-8.0,-250.0,-108.0,18.0,43.0,-54.0,-22.0,-961.0,-295.0
2011,-6.0,-251.0,-110.0,24.0,41.0,-51.0,-21.0,-957.0,-299.0
2012,-6.0,-247.0,-109.0,29.0,39.0,-48.0,-26.0,-956.0,-297.0
2013,-3.0,-249.0,-106.0,33.0,34.0,-46.0,-26.0,-956.0,-295.0
2014,-10.0,-248.0,-108.0,39.0,30.0,-42.0,-24.0,-957.0,-294.0
2015,-5.0,-250.0,-108.0,42.0,26.0,-41.0,-24.0,-955.0,-293.0
2016,-6.0,-250.0,-103.0,45.0,24.0,-38.0,-22.0,-956.0,-289.0
2017,-7.0,-249.0,-103.0,51.0,24.0,-34.0,-23.0,-955.0,-279.0
2018,-6.0,-249.0,-104.0,58.0,26.0,-29.0,-21.0,-959.0,-275.0
2019,-4.0,-249.0,-103.0,68.0,30.0,-26.0,-20.0,-953.0,-273.0
2020,-4.0,-249.0,-104.0,80.0,33.0,-20.0,-22.0,-962.0,-268.0
2021,-4.0,-249.0,-103.0,92.0,35.0,-16.0,-22.0,-962.0,-270.0
2022,-6.0,-247.0,-102.0,103.0,38.0,-12.0,-18.0,-959.0,-263.0
2023,-3.0,-248.0,-98.0,113.0,39.0,-8.0,-14.0,-955.0,-267.0
2024,-3.0,-248.0,-102.0,118.0,40.0,-5.0,-14.0,-952.0,-263.0
2025,-3.0,-246.0,-100.0,117.0,38.0,-1.0,-17.0,-946.0,-262.0
2026,-4.0,-244.0,-100.0,110.0,36.0,1.0,-12.0,-944.0,-263.0
2027,-4.0,-242.0,-100.0,101.0,35.0,1.0,-9.0,-940.0,-264.0
2028,-3.0,-243.0,-97.0,88.0,34.0,1.0,-10.0,-933.0,-264.0
2029,-1.0,-243.0,-102.0,78.0,33.0,2.0,-8.0,-936.0,-260.0
2030,-3.0,-241.0,-101.0,67.0,34.0,2.0,-9.0,-935.0,-259.0
2031,0.0,-244.0,-95.0,57.0,34.0,1.0,-4.0,-933.0,-256.0
2032,-5.0,-242.0,-99.0,50.0,35.0,4.0,-7.0,-934.0,-254.0
2033,-2.0,-240.0,-97.0,43.0,36.0,3.0,-6.0,-928.0,-247.0
2034,-2.0,-242.0,-92.0,39.0,37.0,1.0,-8.0,-934.0,-246.0
2035,-2.0,-242.0,-97.0,32.0,39.0,0.0,-12.0,-934.0,-239.0
2036,-3.0,-245.0,-94.0,30.0,41.0,0.0,-13.0,-931.0,-243.0
2037,-3.0,-244.0,-91.0,25.0,41.0,0.0,-11.0,-939.0,-247.0
2038,-4.0,-246.0,-95.0,19.0,43.0,0.0,-11.0,-938.0,-242.0
2039,0.0,-243.0,-91.0,18.0,44.0,-1.0,-16.0,-939.0,-239.0
2040,-3.0,-244.0,-92.0,16.0,48.0,-2.0,-10.0,-939.0,-233.0
2041,-5.0,-247.0,-93.0,18.0,50.0,-3.0,-14.0,-943.0,-234.0
2042,-3.0,-247.0,-89.0,19.0,54.0,-3.0,-12.0,-946.0,-233.0
2043,-4.0,-246.0,-90.0,21.0,55.0,-3.0,-16.0,-944.0,-233.0
2044,-5.0,-246.0,-92.0,20.0,54.0,-3.0,-17.0,-942.0,-232.0
2045,-4.0,-244.0,-91.0,14.0,54.0,-3.0,-22.0,-942.0,-233.0
2046,-2.0,-245.0,-91.0,6.0,53.0,-2.0,-22.0,-943.0,-234.0
2047,-6.0,-241.0,-92.0,-3.0,52.0,-3.0,-20.0,-942.0,-239.0
2048,-6.0,-245.0,-94.0,-11.0,53.0,-1.0,-18.0,-944.0,-242.0
2049,-7.0,-247.0,-95.0,-17.0,53.0,1.0,-15.0,-950.0,-239.0
2050,-5.0,-247.0,-94.0,-21.0,52.0,-3.0,-25.0,-950.0,-246.0
2051,-6.0,-247.0,-94.0,-26.0,51.0,-4.0,-21.0,-952.0,-248.0
2052,-7.0,-244.0,-97.0,-28.0,49.0,-5.0,-20.0,-947.0,-249.0
2053,-5.0,-246.0,-97.0,-31.0,47.0,-6.0,-21.0,-955.0,-258.0
2054,-8.0,-246.0,-95.0,-35.0,47.0,-6.0,-18.0,-957.0,-246.0
2055,-8.0,-246.0,-96.0,-37.0,47.0,-5.0,-18.0,-953.0,-251.0
2056,-8.0,-245.0,-100.0,-35.0,50.0,-5.0,-25.0,-949.0,-254.0
2057,-6.0,-245.0,-100.0,-39.0,51.0,-5.0,-22.0,-952.0,-261.0
2058,-8.0,-246.0,-100.0,-43.0,54.0,-4.0,-16.0,-950.0,-262.0
2059,-5.0,-246.0,-100.0,-48.0,58.0,-4.0,-19.0,-948.0,-264.0
2060,-4.0,-248.0,-102.0,-52.0,59.0,-4.0,-20.0,-945.0,-253.0
2061,-10.0,-247.0,-99.0,-55.0,61.0,-2.0,-21.0,-952.0,-262.0
2062,-3.0,-248.0,-98.0,-58.0,63.0,-2.0,-17.0,-956.0,-252.0
2063,-5.0,-248.0,-99.0,-56.0,62.0,-1.0,-16.0,-952.0,-262.0
2064,-7.0,-248.0,-101.0,-55.0,59.0,0.0,-24.0,-955.0,-262.0
2065,-3.0,-248.0,-97.0,-49.0,59.0,0.0,-19.0,-963.0,-261.0
2066,-7.0,-247.0,-99.0,-43.0,59.0,1.0,-15.0,-960.0,-258.0
2067,-5.0,-251.0,-97.0,-34.0,59.0,2.0,-16.0,-957.0,-253.0
2068,-5.0,-250.0,-97.0,-25.0,59.0,3.0,-13.0,-965.0,-256.0
2069,-8.0,-248.0,-99.0,-16.0,60.0,4.0,-20.0,-959.0,-249.0
2070,-6.0,-248.0,-96.0,-8.0,64.0,5.0,-18.0,-958.0,-248.0
2071,-3.0,-249.0,-101.0,-2.0,67.0,6.0,-12.0,-963.0,-251.0
2072,-5.0,-247.0,-95.0,2.0,68.0,6.0,-14.0,-961.0,-255.0
2073,-7.0,-245.0,-99.0,3.0,73.0,7.0,-14.0,-951.0,-252.0
2074,-5.0,-246.0,-90.0,0.0,76.0,8.0,-15.0,-950.0,-252.0
2075,-2.0,-245.0,-94.0,-6.0,79.0,8.0,-12.0,-949.0,-251.0
2076,-5.0,-244.0,-94.0,-15.0,82.0,7.0,-9.0,-949.0,-245.0
2077,-3.0,-246.0,-91.0,-27.0,86.0,5.0,-9.0,-947.0,-244.0
2078,-3.0,-247.0,-96.0,-39.0,88.0,5.0,-14.0,-946.0,-247.0
2079,-5.0,-245.0,-92.0,-48.0,89.0,5.0,-10.0,-943.0,-242.0
2080,-5.0,-246.0,-94.0,-55.0,89.0,4.0,-15.0,-947.0,-248.0
2081,-1.0,-246.0,-95.0,-59.0,89.0,2.0,-15.0,-950.0,-244.0
2082,-8.0,-247.0,-95.0,-59.0,88.0,1.0,-21.0,-953.0,-240.0
2083,-6.0,-249.0,-96.0,-54.0,87.0,1.0,-17.0,-946.0,-249.0
2084,-6.0,-237.0,-94.0,-48.0,83.0,1.0,-21.0,-950.0,-253.0
2085,-7.0,-246.0,-97.0,-43.0,79.0,2.0,-24.0,-947.0,-245.0
2086,-5.0,-247.0,-93.0,-40.0,75.0,4.0,-24.0,-943.0,-248.0
2087,-8.0,-246.0,-93.0,-37.0,72.0,5.0,-29.0,-940.0,-250.0
2088,-9.0,-243.0,-96.0,-40.0,68.0,7.0,-31.0,-942.0,-251.0
2089,-8.0,-246.0,-97.0,-45.0,64.0,9.0,-25.0,-949.0,-255.0
2090,-6.0,-247.0,-97.0,-51.0,62.0,12.0,-25.0,-952.0,-248.0
2091,-9.0,-247.0,-99.0,-52.0,62.0,15.0,-26.0,-952.0,-249.0
2092,-5.0,-249.0,-97.0,-53.0,62.0,18.0,-30.0,-950.0,-245.0
2093,-7.0,-249.0,-94.0,-49.0,63.0,19.0,-27.0,-952.0,-246.0
2094,-9.0,-247.0,-96.0,-44.0,65.0,22.0,-24.0,-954.0,-245.0
2095,-6.0,-245.0,-96.0,-37.0,66.0,22.0,-24.0,-950.0,-241.0
2096,-9.0,-246.0,-94.0,-30.0,68.0,23.0,-27.0,-955.0,-239.0
2097,-9.0,-249.0,-92.0,-25.0,67.0,24.0,-27.0,-954.0,-238.0
2098,-8.0,-248.0,-92.0,-21.0,68.0,25.0,-23.0,-950.0,-235.0
2099,-6.0,-248.0,-92.0,-18.0,66.0,25.0,-23.0,-958.0,-239.0
2100,-3.0,-250.0,-96.0,-21.0,63.0,25.0,-20.0,-951.0,-239.0
2101,-7.0,-250.0,-95.0,-24.0,59.0,26.0,-20.0,-951.0,-241.0
2102,-7.0,-248.0,-94.0,-26.0,56.0,25.0,-22.0,-950.0,-247.0
2103,-10.0,-243.0,-94.0,-31.0,52.0,24.0,-26.0,-946.0,-249.0
2104,-5.0,-246.0,-96.0,-39.0,50.0,24.0,-21.0,-947.0,-248.0
2105,-4.0,-247.0,-92.0,-43.0,48.0,22.0,-21.0,-951.0,-247.0
2106,-5.0,-248.0,-96.0,-50.0,47.0,22.0,-22.0,-948.0,-245.0
2107,-6.0,-247.0,-94.0,-49.0,48.0,23.0,-19.0,-947.0,-246.0
2108,-3.0,-247.0,-98.0,-47.0,51.0,24.0,-22.0,-942.0,-246.0
2109,-7.0,-247.0,-98.0,-45.0,54.0,24.0,-18.0,-946.0,-248.0
2110,-7.0,-245.0,-94.0,-41.0,59.0,25.0,-19.0,-949.0,-244.0
2111,-9.0,-246.0,-93.0,-37.0,64.0,25.0,-20.0,-949.0,-235.0
2112,-6.0,-248.0,-94.0,-31.0,67.0,25.0,-16.0,-952.0,-236.0
2113,-7.0,-249.0,-90.0,-27.0,68.0,26.0,-18.0,-951.0,-237.0
2114,-5.0,-247.0,-97.0,-22.0,68.0,27.0,-18.0,-955.0,-237.0
2115,-5.0,-249.0,-97.0,-22.0,65.0,27.0,-23.0,-952.0,-243.0
2116,-5.0,-248.0,-92.0,-19.0,60.0,28.0,-21.0,-961.0,-243.0
2117,-4.0,-248.0,-96.0,-19.0,57.0,27.0,-22.0,-955.0,-246.0
2118,-5.0,-248.0,-96.0,-20.0,54.0,29.0,-20.0,-956.0,-244.0
2119,-9.0,-247.0,-100.0,-21.0,51.0,29.0,-21.0,-957.0,-254.0
2120,-9.0,-248.0,-99.0,-22.0,48.0,28.0,-22.0,-953.0,-257.0
2121,-8.0,-247.0,-98.0,-25.0,45.0,29.0,-26.0,-948.0,-256.0
2122,-10.0,-249.0,-102.0,-26.0,43.0,28.0,-26.0,-952.0,-258.0
2123,-7.0,-247.0,-98.0,-27.0,42.0,28.0,-28.0,-958.0,-252.0
2124,-8.0,-246.0,-100.0,-28.0,40.0,27.0,-27.0,-955.0,-247.0
2125,-7.0,-248.0,-95.0,-26.0,37.0,27.0,-25.0,-952.0,-248.0
2126,-9.0,-249.0,-96.0,-23.0,36.0,28.0,-25.0,-962.0,-251.0
2127,-8.0,-247.0,-96.0,-20.0,36.0,28.0,-24.0,-953.0,-249.0
2128,-8.0,-244.0,-102.0,-17.0,33.0,28.0,-24.0,-960.0,-250.0
2129,-5.0,-248.0,-91.0,-11.0,34.0,27.0,-22.0,-954.0,-242.0
2130,-8.0,-247.0,-94.0,-3.0,35.0,26.0,-14.0,-961.0,-244.0
2131,-7.0,-246.0,-95.0,-1.0,37.0,24.0,-24.0,-955.0,-240.0
2132,-8.0,-248.0,-95.0,0.0,38.0,23.0,-23.0,-953.0,-242.0
2133,-8.0,-247.0,-92.0,-2.0,40.0,21.0,-29.0,-952.0,-243.0
2134,-4.0,-247.0,-95.0,-6.0,39.0,20.0,-30.0,-947.0,-243.0
2135,-9.0,-246.0,-95.0,-10.0,35.0,19.0,-23.0,-952.0,-240.0
2136,-6.0,-248.0,-95.0,-17.0,31.0,17.0,-18.0,-951.0,-240.0
2137,-7.0,-246.0,-96.0,-23.0,28.0,15.0,-25.0,-951.0,-247.0
2138,-6.0,-247.0,-97.0,-30.0,25.0,14.0,-24.0,-949.0,-246.0
2139,-9.0,-246.0,-95.0,-36.0,21.0,12.0,-32.0,-949.0,-242.0
2140,3.0,-242.0,-90.0,-40.0,19.0,9.0,-30.0,-948.0,-244.0
2141,-9.0,-244.0,-95.0,-41.0,18.0,9.0,-29.0,-950.0,-248.0
2142,-8.0,-248.0,-97.0,-39.0,16.0,8.0,-32.0,-952.0,-241.0
2143,-9.0,-246.0,-94.0,-39.0,17.0,8.0,-32.0,-947.0,-246.0
2144,-10.0,-243.0,-91.0,-39.0,20.0,6.0,-31.0,-948.0,-240.0
2145,-8.0,-246.0,-93.0,-38.0,21.0,6.0,-30.0,-946.0,-237.0
2146,-10.0,-247.0,-95.0,-36.0,21.0,7.0,-34.0,-951.0,-235.0
2147,-8.0,-247.0,-92.0,-35.0,20.0,6.0,-27.0,-947.0,-237.0
2148,-9.0,-245.0,-88.0,-35.0,20.0,6.0,-31.0,-947.0,-231.0
2149,-8.0,-246.0,-93.0,-38.0,17.0,5.0,-31.0,-944.0,-233.0
2150,-10.0,-248.0,-93.0,-38.0,14.0,5.0,-34.0,-948.0,-234.0
2151,-10.0,-247.0,-95.0,-40.0,7.0,4.0,-31.0,-945.0,-232.0
2152,-9.0,-247.0,-91.0,-45.0,4.0,5.0,-31.0,-943.0,-238.0
2153,-10.0,-245.0,-92.0,-49.0,1.0,4.0,-30.0,-945.0,-234.0
2154,-7.0,-243.0,-94.0,-54.0,-2.0,3.0,-29.0,-947.0,-246.0
2155,-10.0,-246.0,-95.0,-59.0,-4.0,2.0,-31.0,-948.0,-240.0
2156,-7.0,-245.0,-93.0,-63.0,-4.0,2.0,-28.0,-949.0,-248.0
2157,-8.0,-245.0,-92.0,-68.0,-2.0,-1.0,-27.0,-948.0,-244.0
2158,-10.0,-245.0,-94.0,-72.0,-2.0,-1.0,-29.0,-950.0,-243.0
2159,-7.0,-246.0,-92.0,-71.0,-1.0,-3.0,-32.0,-952.0,-239.0
2160,-9.0,-249.0,-95.0,-68.0,1.0,-5.0,-30.0,-952.0,-243.0
2161,-10.0,-255.0,-95.0,-64.0,1.0,-5.0,-31.0,-957.0,-241.0
2162,-9.0,-248.0,-91.0,-60.0,0.0,-7.0,-32.0,-956.0,-240.0
2163,-7.0,-248.0,-96.0,-51.0,0.0,-8.0,-30.0,-958.0,-241.0
2164,-8.0,-249.0,-95.0,-41.0,-1.0,-6.0,-27.0,-956.0,-244.0
2165,-7.0,-248.0,-95.0,-34.0,0.0,-8.0,-20.0,-956.0,-249.0
2166,-8.0,-246.0,-97.0,-31.0,1.0,-8.0,-31.0,-953.0,-246.0
2167,-7.0,-248.0,-99.0,-28.0,3.0,-7.0,-23.0,-951.0,-246.0
2168,-9.0,-247.0,-99.0,-30.0,2.0,-7.0,-25.0,-953.0,-248.0
2169,-8.0,-247.0,-96.0,-29.0,4.0,-6.0,-27.0,-953.0,-247.0
2170,-9.0,-247.0,-95.0,-28.0,5.0,-7.0,-22.0,-954.0,-247.0
2171,-7.0,-250.0,-94.0,-24.0,6.0,-6.0,-28.0,-957.0,-244.0
2172,-8.0,-249.0,-97.0,-19.0,5.0,-4.0,-27.0,-955.0,-250.0
2173,-7.0,-248.0,-94.0,-13.0,3.0,-4.0,-29.0,-959.0,-250.0
2174,-10.0,-247.0,-97.0,-6.0,1.0,-2.0,-33.0,-956.0,-247.0
2175,-9.0,-248.0,-91.0,-2.0,-1.0,-1.0,-30.0,-954.0,-249.0
2176,-8.0,-248.0,-96.0,-2.0,-3.0,1.0,-35.0,-952.0,-242.0
2177,-11.0,-248.0,-94.0,0.0,-5.0,3.0,-36.0,-957.0,-242.0
2178,-11.0,-248.0,-94.0,-1.0,-5.0,3.0,-34.0,-955.0,-243.0
2179,-10.0,-245.0,-99.0,1.0,-6.0,3.0,-32.0,-956.0,-244.0
2180,-11.0,-246.0,-94.0,2.0,-5.0,6.0,-30.0,-950.0,-234.0
2181,-10.0,-247.0,-94.0,6.0,-6.0,7.0,-31.0,-954.0,-240.0
2182,-12.0,-247.0,-95.0,12.0,-7.0,8.0,-34.0,-957.0,-236.0
2183,-10.0,-242.0,-95.0,17.0,-6.0,10.0,-35.0,-964.0,-236.0
2184,-10.0,-248.0,-92.0,20.0,-6.0,11.0,-31.0,-956.0,-239.0
2185,-9.0,-247.0,-96.0,23.0,-6.0,13.0,-33.0,-953.0,-239.0
2186,-9.0,-251.0,-93.0,23.0,-7.0,15.0,-36.0,-956.0,-237.0
2187,-11.0,-246.0,-94.0,25.0,-8.0,16.0,-34.0,-955.0,-229.0
2188,-10.0,-247.0,-93.0,25.0,-7.0,17.0,-31.0,-952.0,-224.0
2189,-9.0,-248.0,-87.0,25.0,-7.0,18.0,-34.0,-958.0,-225.0
2190,-8.0,-250.0,-92.0,26.0,-8.0,18.0,-34.0,-960.0,-222.0
2191,-8.0,-248.0,-89.0,29.0,-8.0,18.0,-31.0,-963.0,-222.0
2192,-10.0,-249.0,-92.0,33.0,-8.0,18.0,-31.0,-960.0,-225.0
2193,-8.0,-251.0,-93.0,33.0,-7.0,20.0,-27.0,-961.0,-228.0
2194,-9.0,-248.0,-91.0,32.0,-6.0,22.0,-31.0,-952.0,-224.0
2195,-7.0,-251.0,-87.0,31.0,-5.0,21.0,-36.0,-952.0,-221.0
2196,-8.0,-248.0,-89.0,31.0,-3.0,22.0,-32.0,-957.0,-227.0
2197,-10.0,-248.0,-91.0,32.0,-2.0,22.0,-33.0,-959.0,-234.0
2198,-11.0,-247.0,-91.0,30.0,-3.0,23.0,-31.0,-953.0,-234.0
2199,-6.0,-248.0,-91.0,24.0,-2.0,26.0,-32.0,-953.0,-229.0
2200,-13.0,-248.0,-92.0,21.0,-2.0,28.0,-33.0,-949.0,-227.0
2201,-10.0,-247.0,-93.0,17.0,-1.0,31.0,-32.0,-953.0,-227.0
2202,-11.0,-247.0,-92.0,13.0,-3.0,31.0,-32.0,-954.0,-226.0
2203,-8.0,-248.0,-91.0,10.0,-3.0,30.0,-28.0,-957.0,-221.0
2204,-11.0,-249.0,-91.0,10.0,-4.0,30.0,-35.0,-961.0,-225.0
2205,-9.0,-246.0,-92.0,14.0,-6.0,30.0,-33.0,-955.0,-222.0
2206,-9.0,-248.0,-91.0,18.0,-6.0,30.0,-33.0,-953.0,-219.0
2207,-12.0,-248.0,-90.0,23.0,-7.0,30.0,-30.0,-955.0,-222.0
2208,-9.0,-249.0,-91.0,25.0,-6.0,29.0,-33.0,-960.0,-221.0
2209,-10.0,-250.0,-88.0,28.0,-4.0,28.0,-28.0,-957.0,-219.0
2210,-9.0,-249.0,-90.0,34.0,-2.0,26.0,-30.0,-955.0,-217.0
2211,-8.0,-248.0,-89.0,36.0,-1.0,26.0,-33.0,-958.0,-226.0
2212,-10.0,-246.0,-90.0,37.0,-1.0,25.0,-33.0,-954.0,-224.0
2213,-8.0,-247.0,-89.0,36.0,2.0,22.0,-33.0,-958.0,-220.0
2214,-8.0,-248.0,-89.0,34.0,4.0,23.0,-34.0,-960.0,-212.0
2215,-9.0,-249.0,-91.0,31.0,7.0,20.0,-34.0,-966.0,-224.0
2216,-10.0,-250.0,-88.0,23.0,7.0,18.0,-35.0,-959.0,-218.0
2217,-12.0,-249.0,-90.0,19.0,8.0,17.0,-29.0,-962.0,-209.0
2218,-11.0,-247.0,-89.0,19.0,8.0,16.0,-36.0,-966.0,-216.0
2219,-6.0,-250.0,-91.0,19.0,6.0,15.0,-32.0,-965.0,-220.0
2220,-10.0,-252.0,-88.0,19.0,5.0,13.0,-35.0,-964.0,-216.0
2221,-9.0,-250.0,-90.0,16.0,4.0,10.0,-28.0,-964.0,-219.0
2222,-8.0,-249.0,-89.0,14.0,5.0,10.0,-34.0,-965.0,-231.0
2223,-13.0,-248.0,-92.0,10.0,5.0,8.0,-42.0,-965.0,-225.0
2224,-5.0,-250.0,-89.0,6.0,6.0,10.0,-22.0,-959.0,-225.0
2225,-7.0,-248.0,-94.0,6.0,6.0,3.0,-28.0,-954.0,-230.0
2226,-9.0,-247.0,-93.0,4.0,7.0,0.0,-26.0,-963.0,-233.0
2227,-9.0,-244.0,-92.0,6.0,8.0,-3.0,-27.0,-953.0,-228.0
2228,-5.0,-249.0,-90.0,5.0,11.0,-4.0,-26.0,-957.0,-231.0
2229,-9.0,-248.0,-92.0,6.0,13.0,-8.0,-23.0,-953.0,-223.0
2230,-6.0,-247.0,-87.0,9.0,15.0,-8.0,-27.0,-953.0,-224.0
2231,-8.0,-248.0,-83.0,9.0,18.0,-10.0,-30.0,-952.0,-227.0
2232,-8.0,-248.0,-90.0,13.0,22.0,-13.0,-25.0,-952.0,-219.0
2233,-10.0,-247.0,-88.0,15.0,20.0,-13.0,-29.0,-953.0,-217.0
2234,-10.0,-248.0,-88.0,17.0,20.0,-14.0,-27.0,-954.0,-221.0
2235,-7.0,-248.0,-87.0,17.0,20.0,-15.0,-27.0,-955.0,-218.0
2236,-11.0,-249.0,-84.0,17.0,18.0,-14.0,-28.0,-958.0,-219.0
2237,-8.0,-247.0,-84.0,13.0,18.0,-14.0,-28.0,-955.0,-218.0
2238,-10.0,-245.0,-88.0,10.0,18.0,-15.0,-34.0,-955.0,-216.0
2239,-9.0,-246.0,-86.0,7.0,19.0,-14.0,-26.0,-956.0,-216.0
2240,-8.0,-248.0,-86.0,2.0,21.0,-13.0,-23.0,-955.0,-214.0
2241,-9.0,-247.0,-93.0,-3.0,22.0,-13.0,-28.0,-959.0,-214.0
2242,-7.0,-248.0,-88.0,-5.0,24.0,-14.0,-26.0,-953.0,-207.0
2243,-8.0,-248.0,-87.0,-7.0,24.0,-14.0,-29.0,-958.0,-214.0
2244,-6.0,-248.0,-85.0,-8.0,24.0,-14.0,-27.0,-963.0,-210.0
2245,-8.0,-248.0,-88.0,-8.0,24.0,-16.0,-24.0,-952.0,-209.0
2246,-7.0,-248.0,-88.0,-7.0,24.0,-17.0,-26.0,-961.0,-210.0
2247,-8.0,-249.0,-85.0,-6.0,24.0,-16.0,-29.0,-957.0,-213.0
2248,-8.0,-245.0,-85.0,-3.0,23.0,-17.0,-30.0,-947.0,-213.0
2249,-9.0,-246.0,-77.0,-4.0,20.0,-18.0,-30.0,-946.0,-212.0
2250,-10.0,-244.0,-86.0,-4.0,19.0,-18.0,-31.0,-942.0,-216.0
2251,-10.0,-243.0,-87.0,-9.0,19.0,-19.0,-35.0,-945.0,-220.0
2252,-10.0,-246.0,-91.0,-15.0,18.0,-19.0,-30.0,-942.0,-219.0
2253,-10.0,-244.0,-89.0,-22.0,19.0,-20.0,-31.0,-941.0,-221.0
2254,-9.0,-246.0,-90.0,-31.0,22.0,-21.0,-34.0,-946.0,-214.0
2255,-12.0,-245.0,-86.0,-35.0,23.0,-20.0,-31.0,-948.0,-215.0
2256,-9.0,-248.0,-84.0,-37.0,25.0,-19.0,-32.0,-952.0,-206.0
2257,-7.0,-247.0,-85.0,-36.0,27.0,-19.0,-30.0,-951.0,-204.0
2258,-9.0,-246.0,-87.0,-33.0,27.0,-18.0,-29.0,-952.0,-201.0
2259,-8.0,-248.0,-87.0,-30.0,27.0,-17.0,-35.0,-954.0,-204.0
2260,-6.0,-248.0,-86.0,-28.0,26.0,-18.0,-31.0,-950.0,-207.0
2261,-9.0,-247.0,-85.0,-30.0,25.0,-18.0,-31.0,-954.0,-206.0
2262,-6.0,-245.0,-87.0,-36.0,23.0,-18.0,-29.0,-949.0,-211.0
2263,-12.0,-247.0,-88.0,-43.0,21.0,-17.0,-31.0,-951.0,-211.0
2264,-11.0,-246.0,-88.0,-53.0,21.0,-19.0,-26.0,-958.0,-212.0
2265,-7.0,-248.0,-86.0,-60.0,21.0,-19.0,-26.0,-959.0,-215.0
2266,-9.0,-247.0,-89.0,-67.0,23.0,-20.0,-28.0,-952.0,-213.0
2267,-4.0,-249.0,-89.0,-70.0,25.0,-19.0,-29.0,-955.0,-214.0
2268,-8.0,-250.0,-89.0,-71.0,26.0,-18.0,-22.0,-953.0,-219.0
2269,-6.0,-249.0,-91.0,-69.0,26.0,-19.0,-23.0,-953.0,-214.0
2270,-5.0,-244.0,-87.0,-64.0,26.0,-19.0,-26.0,-949.0,-217.0
2271,-8.0,-248.0,-89.0,-60.0,27.0,-22.0,-24.0,-955.0,-215.0
2272,-8.0,-248.0,-84.0,-57.0,29.0,-20.0,-20.0,-952.0,-210.0
2273,-7.0,-247.0,-89.0,-54.0,31.0,-19.0,-24.0,-952.0,-205.0
2274,-4.0,-248.0,-85.0,-54.0,31.0,-20.0,-18.0,-950.0,-205.0
2275,-6.0,-248.0,-83.0,-55.0,32.0,-18.0,-19.0,-948.0,-208.0
2276,-5.0,-246.0,-84.0,-58.0,32.0,-17.0,-19.0,-946.0,-203.0
2277,-6.0,-247.0,-90.0,-63.0,32.0,-16.0,-21.0,-949.0,-209.0
2278,-9.0,-247.0,-84.0,-68.0,32.0,-15.0,-21.0,-950.0,-202.0
2279,-6.0,-247.0,-85.0,-72.0,33.0,-15.0,-20.0,-953.0,-206.0
2280,-8.0,-247.0,-88.0,-75.0,36.0,-15.0,-19.0,-961.0,-214.0
2281,-7.0,-248.0,-84.0,-78.0,39.0,-14.0,-20.0,-957.0,-206.0
2282,-6.0,-250.0,-87.0,-75.0,40.0,-13.0,-20.0,-954.0,-202.0
2283,-4.0,-249.0,-85.0,-75.0,43.0,-11.0,-16.0,-960.0,-212.0
2284,-7.0,-250.0,-87.0,-75.0,46.0,-11.0,-16.0,-962.0,-214.0
2285,-4.0,-251.0,-88.0,-77.0,48.0,-10.0,-19.0,-959.0,-210.0
2286,-7.0,-249.0,-88.0,-79.0,49.0,-12.0,-21.0,-961.0,-211.0
2287,-6.0,-246.0,-87.0,-85.0,50.0,-11.0,-18.0,-964.0,-211.0
2288,-5.0,-250.0,-89.0,-87.0,52.0,-11.0,-20.0,-961.0,-214.0
2289,-6.0,-249.0,-87.0,-90.0,53.0,-10.0,-19.0,-967.0,-215.0
2290,-7.0,-251.0,-87.0,-91.0,52.0,-10.0,-20.0,-965.0,-210.0
2291,-7.0,-249.0,-94.0,-88.0,51.0,-10.0,-24.0,-965.0,-217.0
2292,-10.0,-253.0,-81.0,-83.0,51.0,-9.0,-25.0,-964.0,-215.0
2293,-9.0,-248.0,-89.0,-78.0,52.0,-8.0,-30.0,-966.0,-217.0
2294,-5.0,-249.0,-89.0,-72.0,51.0,-8.0,-28.0,-963.0,-222.0
2295,-8.0,-247.0,-92.0,-67.0,54.0,-8.0,-27.0,-954.0,-218.0
2296,-10.0,-249.0,-87.0,-66.0,55.0,-8.0,-23.0,-953.0,-225.0
2297,-8.0,-247.0,-91.0,-65.0,56.0,-7.0,-28.0,-952.0,-224.0
2298,-8.0,-247.0,-90.0,-67.0,58.0,-7.0,-26.0,-951.0,-221.0
2299,-7.0,-249.0,-89.0,-71.0,61.0,-7.0,-23.0,-954.0,-218.0
2300,-9.0,-247.0,-84.0,-76.0,64.0,-6.0,-28.0,-955.0,-211.0
2301,-8.0,-250.0,-88.0,-81.0,66.0,-5.0,-23.0,-958.0,-209.0
2302,-7.0,-249.0,-87.0,-81.0,68.0,-6.0,-22.0,-964.0,-203.0
2303,-5.0,-249.0,-86.0,-80.0,68.0,-8.0,-22.0,-965.0,-200.0
2304,-5.0,-251.0,-83.0,-78.0,69.0,-7.0,-18.0,-969.0,-205.0
2305,-7.0,-249.0,-82.0,-74.0,69.0,-8.0,-21.0,-972.0,-201.0
2306,-7.0,-250.0,-88.0,-70.0,68.0,-8.0,-24.0,-967.0,-216.0
2307,-7.0,-249.0,-89.0,-64.0,67.0,-6.0,-19.0,-970.0,-211.0
2308,-7.0,-250.0,-88.0,-59.0,65.0,-6.0,-21.0,-970.0,-221.0
2309,-7.0,-250.0,-92.0,-54.0,64.0,-6.0,-24.0,-973.0,-223.0
2310,-6.0,-250.0,-91.0,-52.0,64.0,-5.0,-23.0,-968.0,-227.0
2311,-7.0,-249.0,-94.0,-51.0,64.0,-5.0,-17.0,-963.0,-225.0
2312,-8.0,-247.0,-93.0,-54.0,64.0,-5.0,-25.0,-954.0,-235.0
2313,-6.0,-247.0,-91.0,-55.0,64.0,-3.0,-19.0,-964.0,-230.0
2314,-7.0,-254.0,-95.0,-56.0,63.0,-3.0,-23.0,-963.0,-224.0
2315,-6.0,-250.0,-88.0,-57.0,63.0,-4.0,-18.0,-964.0,-228.0
2316,-7.0,-250.0,-88.0,-56.0,65.0,-2.0,-23.0,-963.0,-227.0
2317,-9.0,-250.0,-88.0,-53.0,64.0,-2.0,-23.0,-967.0,-220.0
2318,-6.0,-250.0,-90.0,-45.0,64.0,-2.0,-27.0,-967.0,-209.0
2319,-7.0,-250.0,-83.0,-37.0,64.0,-2.0,-27.0,-968.0,-215.0
2320,-5.0,-250.0,-86.0,-28.0,63.0,-3.0,-23.0,-967.0,-211.0
2321,-6.0,-252.0,-87.0,-17.0,64.0,-2.0,-22.0,-968.0,-212.0
2322,-5.0,-250.0,-87.0,-10.0,63.0,-1.0,-23.0,-963.0,-214.0
2323,-5.0,-251.0,-85.0,-3.0,62.0,-3.0,-20.0,-962.0,-218.0
2324,-6.0,-249.0,-86.0,-1.0,61.0,-3.0,-23.0,-963.0,-213.0
2325,-8.0,-247.0,-91.0,-1.0,60.0,-4.0,-27.0,-964.0,-217.0
2326,-7.0,-248.0,-88.0,-6.0,58.0,-6.0,-27.0,-959.0,-219.0
2327,-8.0,-246.0,-89.0,-12.0,57.0,-7.0,-23.0,-957.0,-218.0
2328,-8.0,-248.0,-90.0,-19.0,55.0,-7.0,-25.0,-951.0,-219.0
2329,-9.0,-248.0,-90.0,-22.0,52.0,-7.0,-25.0,-952.0,-217.0
2330,-8.0,-247.0,-88.0,-27.0,49.0,-7.0,-27.0,-954.0,-215.0
2331,-9.0,-247.0,-91.0,-26.0,47.0,-8.0,-26.0,-955.0,-218.0
2332,-6.0,-248.0,-90.0,-25.0,47.0,-7.0,-24.0,-952.0,-216.0
2333,-6.0,-250.0,-86.0,-24.0,46.0,-7.0,-29.0,-955.0,-210.0
2334,-5.0,-247.0,-87.0,-21.0,47.0,-8.0,-24.0,-951.0,-209.0
2335,-6.0,-248.0,-86.0,-16.0,48.0,-7.0,-26.0,-950.0,-212.0
2336,4.0,-240.0,-83.0,-15.0,48.0,-8.0,-26.0,-949.0,-204.0
2337,-5.0,-249.0,-87.0,-17.0,48.0,-8.0,-29.0,-945.0,-214.0
2338,-8.0,-246.0,-87.0,-24.0,48.0,-9.0,-29.0,-948.0,-216.0
2339,-8.0,-245.0,-90.0,-28.0,48.0,-8.0,-33.0,-946.0,-217.0
2340,-8.0,-248.0,-86.0,-36.0,46.0,-9.0,-28.0,-954.0,-213.0
2341,-7.0,-246.0,-90.0,-43.0,44.0,-9.0,-28.0,-962.0,-219.0
2342,-7.0,-248.0,-89.0,-51.0,42.0,-9.0,-30.0,-963.0,-219.0
2343,-8.0,-250.0,-90.0,-56.0,40.0,-9.0,-26.0,-965.0,-220.0
2344,-6.0,-251.0,-89.0,-58.0,38.0,-9.0,-25.0,-965.0,-223.0
2345,-8.0,-249.0,-90.0,-59.0,38.0,-10.0,-25.0,-963.0,-221.0
2346,-8.0,-250.0,-93.0,-53.0,36.0,-9.0,-29.0,-964.0,-221.0
2347,-8.0,-250.0,-88.0,-49.0,36.0,-9.0,-24.0,-964.0,-216.0
2348,-8.0,-250.0,-88.0,-43.0,35.0,-10.0,-26.0,-965.0,-223.0
2349,-9.0,-248.0,-91.0,-36.0,35.0,-11.0,-24.0,-964.0,-224.0
2350,-6.0,-251.0,-90.0,-30.0,34.0,-11.0,-26.0,-961.0,-223.0
2351,-6.0,-248.0,-92.0,-28.0,35.0,-12.0,-22.0,-959.0,-225.0
2352,-6.0,-251.0,-91.0,-27.0,35.0,-11.0,-18.0,-959.0,-227.0
2353,-3.0,-247.0,-89.0,-25.0,36.0,-13.0,-18.0,-962.0,-230.0
2354,-6.0,-247.0,-90.0,-28.0,37.0,-12.0,-17.0,-962.0,-227.0
2355,-6.0,-249.0,-91.0,-30.0,36.0,-12.0,-17.0,-958.0,-225.0
2356,-8.0,-248.0,-93.0,-32.0,37.0,-13.0,-19.0,-958.0,-227.0
2357,-6.0,-248.0,-89.0,-33.0,37.0,-12.0,-16.0,-960.0,-225.0
2358,-7.0,-256.0,-103.0,-33.0,37.0,-12.0,-16.0,-966.0,-219.0
2359,-6.0,-250.0,-90.0,-30.0,37.0,-13.0,-23.0,-965.0,-217.0
2360,-8.0,-249.0,-88.0,-28.0,36.0,-12.0,-18.0,-968.0,-216.0
2361,-4.0,-250.0,-91.0,-21.0,34.0,-12.0,-18.0,-964.0,-217.0
2362,-7.0,-249.0,-88.0,-14.0,32.0,-11.0,-22.0,-965.0,-217.0
2363,-7.0,-250.0,-89.0,-5.0,30.0,-12.0,-23.0,-964.0,-215.0
2364,-6.0,-248.0,-87.0,1.0,29.0,-11.0,-23.0,-957.0,-221.0
2365,-7.0,-248.0,-89.0,7.0,28.0,-10.0,-22.0,-959.0,-220.0
2366,-7.0,-246.0,-92.0,8.0,29.0,-10.0,-24.0,-952.0,-225.0
2367,-5.0,-247.0,-89.0,5.0,28.0,-10.0,-30.0,-954.0,-225.0
2368,-7.0,-247.0,-90.0,-4.0,27.0,-9.0,-28.0,-945.0,-231.0
2369,-6.0,-247.0,-90.0,-15.0,25.0,-8.0,-26.0,-952.0,-231.0
2370,-8.0,-244.0,-92.0,-29.0,23.0,-8.0,-27.0,-951.0,-232.0
2371,-5.0,-247.0,-91.0,-41.0,21.0,-9.0,-27.0,-954.0,-227.0
2372,-6.0,-248.0,-90.0,-46.0,20.0,-10.0,-26.0,-963.0,-225.0
2373,-7.0,-249.0,-88.0,-47.0,19.0,-10.0,-30.0,-958.0,-216.0
2374,-7.0,-249.0,-87.0,-40.0,19.0,-12.0,-28.0,-965.0,-212.0
2375,-8.0,-251.0,-86.0,-26.0,19.0,-12.0,-27.0,-962.0,-212.0
2376,-5.0,-249.0,-86.0,-7.0,19.0,-13.0,-26.0,-965.0,-211.0
2377,-5.0,-251.0,-82.0,11.0,19.0,-14.0,-19.0,-968.0,-207.0
2378,-9.0,-249.0,-84.0,24.0,22.0,-15.0,-25.0,-965.0,-209.0
2379,0.0,-247.0,-87.0,36.0,22.0,-15.0,-23.0,-957.0,-210.0
2380,-8.0,-246.0,-88.0,38.0,23.0,-16.0,-24.0,-953.0,-213.0
2381,-8.0,-248.0,-84.0,36.0,22.0,-15.0,-23.0,-954.0,-213.0
2382,-7.0,-247.0,-91.0,29.0,20.0,-16.0,-26.0,-953.0,-217.0
2383,-5.0,-248.0,-88.0,20.0,19.0,-17.0,-23.0,-950.0,-214.0
2384,-6.0,-248.0,-86.0,13.0,19.0,-17.0,-22.0,-956.0,-215.0
2385,-9.0,-246.0,-93.0,5.0,21.0,-16.0,-22.0,-954.0,-218.0
2386,-6.0,-246.0,-84.0,1.0,22.0,-17.0,-22.0,-951.0,-216.0
2387,-4.0,-248.0,-89.0,1.0,22.0,-17.0,-23.0,-952.0,-218.0
2388,-9.0,-247.0,-84.0,3.0,20.0,-16.0,-23.0,-959.0,-215.0
2389,-5.0,-248.0,-85.0,7.0,19.0,-17.0,-23.0,-955.0,-214.0
2390,-8.0,-252.0,-81.0,8.0,18.0,-17.0,-15.0,-961.0,-216.0
2391,-10.0,-246.0,-88.0,11.0,16.0,-17.0,-17.0,-958.0,-211.0
2392,-9.0,-247.0,-87.0,11.0,13.0,-16.0,-21.0,-954.0,-209.0
2393,-4.0,-248.0,-86.0,13.0,11.0,-17.0,-21.0,-952.0,-207.0
2394,-6.0,-248.0,-85.0,14.0,9.0,-16.0,-20.0,-959.0,-210.0
2395,-7.0,-248.0,-85.0,15.0,7.0,-15.0,-28.0,-952.0,-200.0
2396,-8.0,-248.0,-87.0,16.0,6.0,-14.0,-22.0,-951.0,-206.0
2397,-8.0,-247.0,-82.0,13.0,5.0,-13.0,-26.0,-951.0,-208.0
2398,-5.0,-247.0,-84.0,11.0,6.0,-13.0,-24.0,-961.0,-207.0
2399,-6.0,-248.0,-85.0,9.0,4.0,-11.0,-26.0,-953.0,-207.0
