,0,1,2,3,4,5,6,7,8
0,14.0,-248.0,-13.0,-10.0,60.0,-4.0,57.0,-953.0,61.0
1,15.0,-250.0,-10.0,-11.0,62.0,-6.0,56.0,-948.0,55.0
2,16.0,-247.0,-11.0,-12.0,62.0,-2.0,55.0,-948.0,53.0
3,16.0,-253.0,-10.0,-11.0,61.0,-6.0,55.0,-950.0,54.0
4,18.0,-249.0,-14.0,-10.0,60.0,-4.0,59.0,-950.0,52.0
5,13.0,-247.0,-15.0,-10.0,58.0,-4.0,56.0,-949.0,48.0
6,18.0,-250.0,-14.0,-11.0,54.0,-4.0,54.0,-953.0,46.0
7,18.0,-252.0,-14.0,-12.0,54.0,-6.0,57.0,-953.0,42.0
8,15.0,-251.0,-13.0,-13.0,52.0,-5.0,54.0,-951.0,48.0
9,18.0,-249.0,-18.0,-14.0,54.0,-7.0,53.0,-954.0,44.0
10,18.0,-252.0,-12.0,-15.0,54.0,-5.0,59.0,-962.0,49.0
11,19.0,-253.0,-12.0,-14.0,56.0,-6.0,54.0,-961.0,52.0
12,17.0,-252.0,-12.0,-13.0,56.0,-5.0,53.0,-953.0,54.0
13,15.0,-249.0,-11.0,-12.0,58.0,-5.0,53.0,-956.0,57.0
14,19.0,-260.0,-9.0,-9.0,57.0,-3.0,54.0,-961.0,52.0
15,17.0,-248.0,-17.0,-7.0,57.0,-4.0,53.0,-952.0,51.0
16,17.0,-257.0,-1.0,-10.0,56.0,-2.0,56.0,-953.0,50.0
17,17.0,-253.0,-13.0,-11.0,53.0,-2.0,54.0,-960.0,48.0
18,19.0,-248.0,-15.0,-13.0,52.0,0.0,56.0,-954.0,49.0
19,16.0,-253.0,-16.0,-13.0,50.0,-4.0,56.0,-953.0,46.0
20,17.0,-249.0,-15.0,-14.0,49.0,-2.0,54.0,-960.0,46.0
21,17.0,-252.0,-14.0,-14.0,47.0,-3.0,56.0,-960.0,50.0
22,18.0,-251.0,-14.0,-15.0,49.0,-1.0,53.0,-950.0,44.0
23,15.0,-255.0,-15.0,-15.0,49.0,-4.0,59.0,-948.0,45.0
24,22.0,-251.0,-16.0,-14.0,49.0,-3.0,60.0,-953.0,45.0
25,19.0,-252.0,-14.0,-14.0,50.0,-3.0,52.0,-952.0,48.0
26,37.0,-248.0,-23.0,-15.0,50.0,-2.0,53.0,-949.0,47.0
27,19.0,-248.0,-13.0,-17.0,51.0,-4.0,60.0,-944.0,48.0
28,20.0,-248.0,-11.0,-21.0,52.0,-3.0,55.0,-949.0,55.0
29,18.0,-251.0,-12.0,-21.0,52.0,-4.0,56.0,-947.0,51.0
30,20.0,-248.0,-12.0,-23.0,52.0,-1.0,58.0,-952.0,48.0
31,17.0,-251.0,-14.0,-25.0,52.0,-3.0,61.0,-950.0,50.0
32,19.0,-250.0,-10.0,-28.0,52.0,-1.0,51.0,-953.0,49.0
33,21.0,-253.0,-10.0,-29.0,53.0,-3.0,57.0,-953.0,48.0
34,17.0,-248.0,-11.0,-29.0,52.0,-1.0,59.0,-959.0,44.0
35,16.0,-252.0,-13.0,-29.0,51.0,-3.0,59.0,-952.0,49.0
36,18.0,-250.0,-12.0,-28.0,52.0,-3.0,60.0,-957.0,48.0
37,24.0,-245.0,-10.0,-27.0,53.0,-4.0,55.0,-953.0,45.0
38,19.0,-252.0,-16.0,-26.0,53.0,-1.0,56.0,-947.0,40.0
39,17.0,-252.0,-18.0,-27.0,54.0,-4.0,58.0,-947.0,44.0
40,18.0,-251.0,-17.0,-27.0,53.0,-2.0,60.0,-953.0,46.0
41,17.0,-249.0,-14.0,-30.0,52.0,-3.0,52.0,-948.0,44.0
42,17.0,-249.0,-12.0,-31.0,52.0,0.0,55.0,-957.0,42.0
43,20.0,-250.0,-16.0,-31.0,50.0,-2.0,61.0,-949.0,43.0
44,18.0,-251.0,-12.0,-30.0,51.0,-2.0,56.0,-951.0,44.0
45,17.0,-250.0,-13.0,-32.0,52.0,-5.0,65.0,-950.0,49.0
46,19.0,-250.0,-16.0,-34.0,52.0,-4.0,56.0,-958.0,49.0
47,16.0,-249.0,-14.0,-35.0,51.0,-5.0,51.0,-952.0,46.0
48,25.0,-245.0,-29.0,-35.0,51.0,-4.0,51.0,-951.0,47.0
49,18.0,-252.0,-11.0,-37.0,51.0,-6.0,55.0,-948.0,52.0
50,15.0,-247.0,-11.0,-39.0,50.0,-5.0,51.0,-946.0,51.0
51,16.0,-249.0,-10.0,-43.0,50.0,-7.0,52.0,-943.0,55.0
52,16.0,-249.0,-12.0,-46.0,50.0,-4.0,50.0,-946.0,50.0
53,18.0,-247.0,-10.0,-50.0,49.0,-7.0,54.0,-947.0,51.0
54,15.0,-246.0,-13.0,-54.0,50.0,-7.0,48.0,-949.0,54.0
55,19.0,-245.0,-15.0,-58.0,50.0,-9.0,49.0,-948.0,53.0
56,17.0,-249.0,-15.0,-63.0,51.0,-8.0,51.0,-944.0,51.0
57,20.0,-250.0,-12.0,-65.0,52.0,-8.0,56.0,-945.0,50.0
58,20.0,-248.0,-14.0,-68.0,53.0,-6.0,58.0,-945.0,51.0
59,20.0,-247.0,-19.0,-70.0,50.0,-7.0,54.0,-945.0,45.0
60,18.0,-251.0,-11.0,-71.0,48.0,-5.0,56.0,-949.0,47.0
61,16.0,-250.0,-12.0,-72.0,45.0,-4.0,57.0,-951.0,48.0
62,19.0,-250.0,-16.0,-72.0,43.0,-3.0,48.0,-954.0,46.0
63,19.0,-255.0,-10.0,-74.0,42.0,-5.0,58.0,-962.0,46.0
64,18.0,-252.0,-14.0,-72.0,42.0,-2.0,54.0,-963.0,44.0
65,16.0,-251.0,-15.0,-70.0,40.0,-3.0,50.0,-956.0,46.0
66,16.0,-253.0,-12.0,-67.0,39.0,-1.0,52.0,-956.0,44.0
67,15.0,-253.0,-16.0,-62.0,38.0,-2.0,53.0,-964.0,44.0
68,18.0,-253.0,-12.0,-59.0,37.0,0.0,48.0,-964.0,39.0
69,16.0,-253.0,-16.0,-56.0,36.0,-2.0,49.0,-963.0,44.0
70,20.0,-273.0,2.0,-53.0,36.0,0.0,47.0,-965.0,36.0
71,16.0,-253.0,-16.0,-51.0,35.0,0.0,44.0,-974.0,39.0
72,13.0,-253.0,-15.0,-50.0,36.0,1.0,49.0,-955.0,39.0
73,17.0,-250.0,-15.0,-49.0,36.0,-2.0,46.0,-963.0,36.0
74,13.0,-247.0,-16.0,-49.0,35.0,-1.0,49.0,-957.0,40.0
75,16.0,-249.0,-16.0,-52.0,34.0,-3.0,52.0,-951.0,36.0
76,19.0,-250.0,-17.0,-53.0,32.0,-1.0,51.0,-951.0,42.0
77,14.0,-254.0,-17.0,-54.0,30.0,-2.0,54.0,-947.0,38.0
78,15.0,-248.0,-16.0,-58.0,31.0,1.0,55.0,-949.0,35.0
79,19.0,-254.0,-17.0,-62.0,32.0,-1.0,63.0,-952.0,38.0
80,16.0,-248.0,-14.0,-66.0,32.0,1.0,56.0,-946.0,35.0
81,21.0,-246.0,-29.0,-67.0,32.0,-1.0,58.0,-950.0,32.0
82,18.0,-250.0,-16.0,-70.0,32.0,4.0,59.0,-953.0,31.0
83,17.0,-250.0,-17.0,-72.0,32.0,1.0,60.0,-953.0,32.0
84,20.0,-250.0,-17.0,-72.0,35.0,2.0,59.0,-960.0,28.0
85,24.0,-255.0,-19.0,-74.0,40.0,1.0,64.0,-962.0,27.0
86,19.0,-251.0,-19.0,-71.0,43.0,2.0,62.0,-969.0,30.0
87,18.0,-254.0,-20.0,-70.0,46.0,1.0,64.0,-965.0,26.0
88,22.0,-251.0,-17.0,-69.0,49.0,3.0,60.0,-958.0,28.0
89,21.0,-251.0,-23.0,-64.0,51.0,1.0,60.0,-969.0,24.0
90,20.0,-252.0,-18.0,-63.0,52.0,2.0,54.0,-957.0,27.0
91,17.0,-246.0,-16.0,-63.0,55.0,0.0,53.0,-970.0,27.0
92,10.0,-253.0,-12.0,-60.0,54.0,1.0,49.0,-969.0,25.0
93,18.0,-253.0,-20.0,-59.0,54.0,-1.0,50.0,-972.0,29.0
94,15.0,-252.0,-21.0,-58.0,55.0,1.0,54.0,-967.0,27.0
95,18.0,-252.0,-17.0,-56.0,56.0,-2.0,52.0,-972.0,26.0
96,16.0,-251.0,-19.0,-52.0,57.0,0.0,53.0,-973.0,25.0
97,17.0,-251.0,-15.0,-49.0,59.0,-3.0,58.0,-953.0,30.0
98,16.0,-249.0,-19.0,-46.0,60.0,-2.0,49.0,-950.0,28.0
99,18.0,-248.0,-16.0,-45.0,60.0,-6.0,48.0,-946.0,27.0
100,19.0,-249.0,-22.0,-45.0,62.0,-4.0,51.0,-950.0,32.0
101,16.0,-251.0,-12.0,-47.0,63.0,-6.0,50.0,-952.0,25.0
102,20.0,-250.0,-20.0,-49.0,64.0,-4.0,51.0,-951.0,25.0
103,17.0,-254.0,-13.0,-50.0,60.0,-5.0,50.0,-954.0,31.0
104,16.0,-250.0,-18.0,-54.0,58.0,-3.0,47.0,-956.0,24.0
105,17.0,-251.0,-17.0,-57.0,57.0,-3.0,47.0,-960.0,25.0
106,14.0,-249.0,-19.0,-58.0,56.0,-1.0,49.0,-963.0,27.0
107,16.0,-251.0,-14.0,-58.0,56.0,-3.0,52.0,-965.0,24.0
108,16.0,-252.0,-20.0,-59.0,56.0,0.0,52.0,-952.0,22.0
109,15.0,-249.0,-23.0,-61.0,59.0,-2.0,48.0,-959.0,25.0
110,16.0,-252.0,-21.0,-63.0,64.0,1.0,52.0,-970.0,23.0
111,19.0,-252.0,-18.0,-63.0,63.0,-2.0,54.0,-957.0,24.0
112,14.0,-255.0,-29.0,-63.0,66.0,0.0,54.0,-962.0,19.0
113,3.0,-252.0,-8.0,-61.0,67.0,-2.0,59.0,-962.0,13.0
114,18.0,-252.0,-20.0,-60.0,66.0,2.0,60.0,-964.0,16.0
115,16.0,-250.0,-23.0,-58.0,65.0,1.0,56.0,-966.0,14.0
116,15.0,-252.0,-24.0,-56.0,63.0,2.0,52.0,-964.0,10.0
117,16.0,-253.0,-26.0,-58.0,61.0,0.0,49.0,-963.0,12.0
118,17.0,-252.0,-25.0,-59.0,58.0,3.0,57.0,-968.0,6.0
119,16.0,-250.0,-23.0,-59.0,57.0,-2.0,51.0,-970.0,8.0
120,16.0,-252.0,-25.0,-60.0,58.0,0.0,47.0,-974.0,12.0
121,17.0,-251.0,-22.0,-58.0,59.0,-2.0,49.0,-957.0,10.0
122,17.0,-249.0,-21.0,-56.0,61.0,-1.0,52.0,-955.0,23.0
123,18.0,-251.0,-17.0,-53.0,65.0,-4.0,51.0,-959.0,21.0
124,11.0,-251.0,-17.0,-49.0,65.0,-2.0,48.0,-954.0,25.0
125,17.0,-251.0,-20.0,-47.0,68.0,-4.0,53.0,-951.0,20.0
126,18.0,-252.0,-19.0,-46.0,69.0,-1.0,50.0,-961.0,20.0
127,17.0,-252.0,-21.0,-46.0,67.0,-4.0,51.0,-953.0,25.0
128,15.0,-250.0,-22.0,-48.0,66.0,0.0,49.0,-963.0,22.0
129,14.0,-247.0,-20.0,-51.0,64.0,-1.0,51.0,-958.0,16.0
130,17.0,-250.0,-21.0,-55.0,64.0,1.0,50.0,-967.0,21.0
131,19.0,-252.0,-22.0,-57.0,68.0,0.0,50.0,-968.0,22.0
132,14.0,-250.0,-22.0,-58.0,70.0,-1.0,47.0,-955.0,24.0
133,17.0,-254.0,-23.0,-56.0,73.0,-3.0,53.0,-953.0,26.0
134,26.0,-246.0,-14.0,-55.0,76.0,-2.0,50.0,-955.0,29.0
135,13.0,-263.0,-1.0,-49.0,78.0,-5.0,52.0,-954.0,29.0
136,18.0,-252.0,-18.0,-46.0,80.0,-5.0,54.0,-954.0,30.0
137,19.0,-252.0,-22.0,-45.0,82.0,-8.0,53.0,-950.0,22.0
138,17.0,-248.0,-19.0,-45.0,82.0,-5.0,50.0,-949.0,23.0
139,18.0,-252.0,-19.0,-48.0,82.0,-7.0,48.0,-948.0,22.0
140,14.0,-250.0,-20.0,-51.0,80.0,-4.0,51.0,-950.0,18.0
141,15.0,-252.0,-18.0,-53.0,79.0,-6.0,44.0,-957.0,19.0
142,16.0,-252.0,-24.0,-53.0,79.0,-3.0,45.0,-955.0,14.0
143,12.0,-248.0,-22.0,-53.0,79.0,-6.0,45.0,-956.0,12.0
144,15.0,-254.0,-23.0,-51.0,78.0,-5.0,45.0,-961.0,15.0
145,16.0,-254.0,-23.0,-50.0,79.0,-6.0,43.0,-955.0,16.0
146,23.0,-243.0,-21.0,-48.0,78.0,-3.0,39.0,-964.0,11.0
147,15.0,-253.0,-23.0,-46.0,79.0,-5.0,44.0,-962.0,9.0
148,14.0,-252.0,-25.0,-46.0,77.0,-3.0,44.0,-958.0,10.0
149,16.0,-252.0,-21.0,-48.0,77.0,-4.0,43.0,-953.0,14.0
150,15.0,-252.0,-22.0,-50.0,78.0,0.0,45.0,-963.0,9.0
151,19.0,-252.0,-24.0,-52.0,77.0,0.0,45.0,-952.0,4.0
152,15.0,-252.0,-25.0,-52.0,77.0,3.0,44.0,-953.0,6.0
153,14.0,-251.0,-25.0,-55.0,76.0,2.0,49.0,-946.0,6.0
154,16.0,-254.0,-27.0,-55.0,74.0,4.0,53.0,-954.0,6.0
155,19.0,-251.0,-24.0,-59.0,73.0,3.0,52.0,-950.0,-1.0
156,16.0,-245.0,-34.0,-65.0,73.0,6.0,53.0,-948.0,2.0
157,20.0,-249.0,-29.0,-68.0,76.0,4.0,54.0,-951.0,1.0
158,20.0,-253.0,-20.0,-72.0,78.0,6.0,52.0,-954.0,9.0
159,20.0,-251.0,-23.0,-77.0,78.0,5.0,54.0,-949.0,5.0
160,18.0,-251.0,-25.0,-78.0,79.0,8.0,55.0,-950.0,6.0
161,18.0,-252.0,-21.0,-78.0,78.0,4.0,53.0,-954.0,14.0
162,20.0,-249.0,-23.0,-76.0,78.0,6.0,54.0,-958.0,14.0
163,18.0,-250.0,-22.0,-75.0,78.0,3.0,56.0,-955.0,16.0
164,18.0,-248.0,-18.0,-75.0,80.0,6.0,56.0,-951.0,10.0
165,18.0,-250.0,-20.0,-75.0,84.0,2.0,52.0,-949.0,16.0
166,12.0,-248.0,-22.0,-75.0,85.0,3.0,52.0,-951.0,13.0
167,18.0,-249.0,-26.0,-77.0,86.0,0.0,53.0,-948.0,15.0
168,18.0,-243.0,-28.0,-80.0,88.0,2.0,49.0,-947.0,9.0
169,17.0,-250.0,-19.0,-83.0,89.0,0.0,56.0,-947.0,12.0
170,19.0,-249.0,-22.0,-87.0,89.0,1.0,52.0,-947.0,14.0
171,20.0,-251.0,-25.0,-92.0,88.0,1.0,54.0,-952.0,9.0
172,16.0,-249.0,-26.0,-95.0,90.0,5.0,54.0,-950.0,13.0
173,19.0,-251.0,-25.0,-97.0,88.0,2.0,53.0,-951.0,13.0
174,19.0,-248.0,-23.0,-100.0,91.0,5.0,56.0,-952.0,20.0
175,18.0,-254.0,-20.0,-99.0,93.0,5.0,50.0,-951.0,10.0
176,13.0,-250.0,-18.0,-100.0,94.0,7.0,53.0,-950.0,12.0
177,16.0,-251.0,-26.0,-102.0,96.0,5.0,57.0,-960.0,6.0
178,19.0,-251.0,-22.0,-103.0,96.0,7.0,59.0,-955.0,12.0
179,31.0,-239.0,-28.0,-104.0,96.0,7.0,54.0,-964.0,9.0
180,17.0,-252.0,-26.0,-105.0,93.0,8.0,54.0,-969.0,4.0
181,16.0,-251.0,-24.0,-105.0,92.0,6.0,53.0,-964.0,6.0
182,16.0,-249.0,-23.0,-105.0,91.0,9.0,54.0,-954.0,8.0
183,17.0,-253.0,-26.0,-104.0,92.0,6.0,50.0,-970.0,7.0
184,20.0,-254.0,-28.0,-105.0,89.0,9.0,47.0,-963.0,5.0
185,17.0,-252.0,-24.0,-100.0,88.0,8.0,44.0,-963.0,6.0
186,18.0,-252.0,-25.0,-97.0,86.0,10.0,44.0,-957.0,2.0
187,15.0,-253.0,-26.0,-97.0,88.0,7.0,45.0,-967.0,-1.0
188,13.0,-253.0,-22.0,-96.0,86.0,9.0,43.0,-969.0,-3.0
189,14.0,-252.0,-25.0,-94.0,85.0,9.0,44.0,-961.0,-4.0
190,13.0,-250.0,-33.0,-90.0,87.0,10.0,42.0,-973.0,-2.0
191,13.0,-253.0,-27.0,-88.0,87.0,8.0,41.0,-971.0,-2.0
192,17.0,-256.0,-24.0,-82.0,87.0,9.0,43.0,-977.0,-8.0
193,16.0,-254.0,-28.0,-77.0,88.0,7.0,42.0,-972.0,-7.0
194,15.0,-256.0,-23.0,-70.0,88.0,9.0,44.0,-978.0,0.0
195,14.0,-252.0,-27.0,-63.0,85.0,6.0,41.0,-972.0,-1.0
196,14.0,-254.0,-27.0,-53.0,85.0,7.0,42.0,-975.0,7.0
197,12.0,-249.0,-24.0,-45.0,83.0,2.0,45.0,-967.0,3.0
198,18.0,-252.0,-21.0,-39.0,83.0,3.0,45.0,-971.0,4.0
199,17.0,-248.0,-24.0,-32.0,81.0,1.0,46.0,-951.0,6.0
200,15.0,-247.0,-24.0,-31.0,83.0,-1.0,46.0,-945.0,6.0
201,20.0,-247.0,-23.0,-32.0,82.0,-4.0,48.0,-941.0,12.0
202,16.0,-249.0,-23.0,-41.0,81.0,-2.0,45.0,-938.0,6.0
203,16.0,-246.0,-23.0,-53.0,80.0,-3.0,43.0,-944.0,7.0
204,13.0,-247.0,-23.0,-64.0,77.0,-1.0,42.0,-948.0,4.0
205,14.0,-248.0,-23.0,-76.0,76.0,-3.0,42.0,-948.0,6.0
206,15.0,-249.0,-23.0,-83.0,74.0,1.0,42.0,-950.0,6.0
207,14.0,-249.0,-30.0,-83.0,72.0,0.0,44.0,-955.0,8.0
208,16.0,-250.0,-25.0,-84.0,72.0,4.0,45.0,-955.0,4.0
209,19.0,-249.0,-26.0,-81.0,71.0,2.0,47.0,-960.0,1.0
210,16.0,-253.0,-26.0,-77.0,68.0,4.0,45.0,-951.0,-2.0
211,22.0,-237.0,-33.0,-72.0,67.0,3.0,49.0,-953.0,3.0
212,15.0,-251.0,-22.0,-69.0,66.0,5.0,46.0,-960.0,3.0
213,15.0,-253.0,-23.0,-64.0,66.0,4.0,43.0,-968.0,0.0
214,17.0,-252.0,-27.0,-62.0,67.0,7.0,45.0,-975.0,-4.0
215,14.0,-253.0,-25.0,-60.0,67.0,7.0,42.0,-976.0,-6.0
216,15.0,-253.0,-25.0,-60.0,66.0,9.0,46.0,-962.0,-5.0
217,16.0,-254.0,-30.0,-59.0,66.0,7.0,45.0,-973.0,-16.0
218,17.0,-254.0,-28.0,-57.0,64.0,9.0,43.0,-968.0,-5.0
219,12.0,-253.0,-28.0,-54.0,63.0,8.0,41.0,-963.0,-10.0
220,12.0,-256.0,-27.0,-51.0,63.0,9.0,40.0,-964.0,-11.0
221,16.0,-254.0,-28.0,-47.0,61.0,8.0,41.0,-972.0,-11.0
222,7.0,-250.0,-22.0,-48.0,62.0,10.0,39.0,-956.0,-10.0
223,16.0,-248.0,-23.0,-49.0,62.0,8.0,42.0,-948.0,-9.0
224,14.0,-253.0,-28.0,-53.0,62.0,11.0,43.0,-959.0,-8.0
225,17.0,-251.0,-27.0,-53.0,61.0,10.0,43.0,-953.0,-5.0
226,15.0,-251.0,-26.0,-50.0,60.0,11.0,46.0,-953.0,-4.0
227,18.0,-251.0,-31.0,-46.0,60.0,7.0,47.0,-951.0,-6.0
228,15.0,-250.0,-28.0,-42.0,59.0,8.0,44.0,-959.0,-13.0
229,19.0,-252.0,-27.0,-39.0,59.0,5.0,40.0,-955.0,-10.0
230,17.0,-248.0,-25.0,-38.0,60.0,5.0,44.0,-954.0,-8.0
231,15.0,-252.0,-26.0,-38.0,61.0,2.0,37.0,-963.0,-10.0
232,17.0,-246.0,-30.0,-37.0,62.0,3.0,44.0,-952.0,-5.0
233,13.0,-247.0,-34.0,-36.0,64.0,-1.0,40.0,-962.0,-4.0
234,15.0,-250.0,-33.0,-35.0,66.0,1.0,42.0,-951.0,-10.0
235,15.0,-247.0,-30.0,-34.0,66.0,1.0,45.0,-954.0,-7.0
236,15.0,-251.0,-25.0,-33.0,65.0,3.0,45.0,-952.0,-6.0
237,16.0,-250.0,-28.0,-31.0,64.0,4.0,45.0,-955.0,-12.0
238,14.0,-249.0,-27.0,-29.0,60.0,8.0,43.0,-960.0,-12.0
239,15.0,-250.0,-28.0,-28.0,56.0,9.0,44.0,-956.0,-15.0
240,17.0,-252.0,-27.0,-30.0,54.0,12.0,40.0,-966.0,-21.0
241,15.0,-254.0,-34.0,-31.0,53.0,13.0,44.0,-956.0,-23.0
242,14.0,-251.0,-36.0,-33.0,52.0,16.0,46.0,-963.0,-22.0
243,14.0,-253.0,-32.0,-35.0,51.0,16.0,46.0,-958.0,-24.0
244,14.0,-250.0,-39.0,-39.0,50.0,16.0,39.0,-961.0,-25.0
245,13.0,-251.0,-33.0,-40.0,51.0,12.0,43.0,-957.0,-31.0
246,15.0,-251.0,-32.0,-42.0,50.0,11.0,45.0,-957.0,-27.0
247,14.0,-250.0,-33.0,-42.0,50.0,11.0,45.0,-953.0,-23.0
248,17.0,-251.0,-31.0,-44.0,51.0,11.0,43.0,-956.0,-27.0
249,16.0,-250.0,-33.0,-43.0,51.0,8.0,44.0,-965.0,-28.0
250,17.0,-251.0,-35.0,-44.0,51.0,9.0,42.0,-961.0,-29.0
251,17.0,-251.0,-33.0,-44.0,51.0,7.0,41.0,-957.0,-30.0
252,17.0,-252.0,-35.0,-47.0,52.0,10.0,41.0,-954.0,-32.0
253,9.0,-249.0,-31.0,-47.0,49.0,6.0,37.0,-962.0,-28.0
254,7.0,-251.0,-31.0,-47.0,49.0,8.0,41.0,-952.0,-30.0
255,26.0,-266.0,-13.0,-46.0,48.0,5.0,37.0,-954.0,-26.0
256,14.0,-250.0,-33.0,-45.0,47.0,6.0,40.0,-954.0,-27.0
257,14.0,-250.0,-33.0,-43.0,46.0,6.0,38.0,-962.0,-29.0
258,16.0,-251.0,-37.0,-42.0,46.0,9.0,42.0,-952.0,-30.0
259,13.0,-253.0,-32.0,-41.0,47.0,7.0,39.0,-960.0,-30.0
260,14.0,-252.0,-33.0,-41.0,49.0,10.0,39.0,-959.0,-29.0
261,14.0,-250.0,-30.0,-42.0,50.0,7.0,39.0,-965.0,-23.0
262,13.0,-250.0,-27.0,-46.0,52.0,9.0,40.0,-964.0,-23.0
263,15.0,-255.0,-33.0,-48.0,53.0,8.0,44.0,-975.0,-22.0
264,16.0,-251.0,-27.0,-52.0,50.0,10.0,40.0,-976.0,-6.0
265,10.0,-255.0,-29.0,-52.0,49.0,8.0,41.0,-971.0,-8.0
266,23.0,-246.0,-24.0,-51.0,47.0,7.0,39.0,-958.0,-8.0
267,14.0,-251.0,-30.0,-50.0,45.0,4.0,37.0,-955.0,-16.0
268,12.0,-250.0,-28.0,-49.0,44.0,6.0,38.0,-950.0,-7.0
269,13.0,-249.0,-31.0,-49.0,42.0,4.0,42.0,-950.0,-12.0
270,16.0,-247.0,-29.0,-51.0,40.0,5.0,37.0,-946.0,-16.0
271,14.0,-247.0,-28.0,-52.0,36.0,0.0,39.0,-945.0,-21.0
272,13.0,-246.0,-32.0,-53.0,32.0,0.0,39.0,-942.0,-19.0
273,17.0,-251.0,-31.0,-58.0,31.0,-5.0,41.0,-938.0,-18.0
274,15.0,-245.0,-27.0,-62.0,31.0,-4.0,41.0,-937.0,-23.0
275,15.0,-247.0,-31.0,-66.0,27.0,-6.0,42.0,-943.0,-19.0
276,16.0,-247.0,-27.0,-73.0,24.0,-5.0,42.0,-937.0,-17.0
277,28.0,-241.0,-39.0,-75.0,22.0,-8.0,43.0,-935.0,-12.0
278,14.0,-245.0,-24.0,-76.0,22.0,-4.0,47.0,-942.0,-12.0
279,12.0,-246.0,-28.0,-78.0,21.0,-5.0,44.0,-948.0,-12.0
280,14.0,-248.0,-26.0,-80.0,23.0,-3.0,46.0,-946.0,-14.0
281,17.0,-250.0,-29.0,-84.0,27.0,-4.0,49.0,-946.0,-16.0
282,17.0,-250.0,-30.0,-89.0,28.0,-2.0,50.0,-951.0,-16.0
283,16.0,-249.0,-32.0,-97.0,28.0,-2.0,47.0,-956.0,-23.0
284,14.0,-250.0,-34.0,-103.0,26.0,0.0,47.0,-958.0,-28.0
285,15.0,-252.0,-32.0,-105.0,26.0,-1.0,47.0,-973.0,-27.0
286,17.0,-255.0,-36.0,-105.0,24.0,0.0,47.0,-959.0,-28.0
287,20.0,-254.0,-38.0,-103.0,22.0,-2.0,49.0,-975.0,-34.0
288,26.0,-254.0,-28.0,-97.0,21.0,-3.0,50.0,-973.0,-33.0
289,17.0,-252.0,-35.0,-87.0,22.0,-3.0,50.0,-975.0,-29.0
290,17.0,-251.0,-33.0,-78.0,23.0,-1.0,55.0,-982.0,-32.0
291,18.0,-255.0,-29.0,-66.0,26.0,-5.0,55.0,-978.0,-30.0
292,19.0,-254.0,-33.0,-55.0,28.0,-3.0,47.0,-976.0,-25.0
293,18.0,-251.0,-33.0,-46.0,30.0,-6.0,50.0,-974.0,-23.0
294,19.0,-252.0,-31.0,-41.0,28.0,-5.0,52.0,-967.0,-23.0
295,20.0,-248.0,-32.0,-37.0,27.0,-7.0,49.0,-963.0,-23.0
296,15.0,-250.0,-31.0,-36.0,27.0,-5.0,43.0,-954.0,-24.0
297,18.0,-251.0,-33.0,-37.0,24.0,-6.0,44.0,-955.0,-25.0
298,14.0,-251.0,-34.0,-38.0,24.0,-4.0,45.0,-951.0,-26.0
299,10.0,-241.0,-43.0,-39.0,22.0,-5.0,40.0,-951.0,-29.0
300,12.0,-249.0,-30.0,-38.0,23.0,-3.0,43.0,-950.0,-27.0
301,15.0,-249.0,-28.0,-38.0,23.0,-5.0,42.0,-956.0,-27.0
302,15.0,-253.0,-32.0,-36.0,25.0,-1.0,40.0,-954.0,-27.0
303,13.0,-252.0,-36.0,-37.0,22.0,-4.0,38.0,-963.0,-26.0
304,16.0,-251.0,-33.0,-34.0,23.0,-2.0,36.0,-965.0,-26.0
305,15.0,-252.0,-32.0,-34.0,23.0,-2.0,41.0,-962.0,-27.0
306,8.0,-252.0,-31.0,-29.0,24.0,-2.0,35.0,-958.0,-22.0
307,14.0,-254.0,-33.0,-27.0,24.0,-4.0,38.0,-966.0,-31.0
308,13.0,-252.0,-35.0,-24.0,25.0,-1.0,38.0,-958.0,-27.0
309,15.0,-252.0,-33.0,-21.0,27.0,-4.0,43.0,-968.0,-35.0
310,17.0,-253.0,-41.0,-19.0,27.0,-3.0,49.0,-964.0,-31.0
311,14.0,-251.0,-34.0,-17.0,30.0,-5.0,45.0,-974.0,-33.0
312,15.0,-252.0,-36.0,-15.0,33.0,-4.0,49.0,-964.0,-37.0
313,16.0,-254.0,-33.0,-14.0,36.0,-8.0,46.0,-965.0,-28.0
314,15.0,-252.0,-32.0,-12.0,39.0,-8.0,50.0,-971.0,-35.0
315,19.0,-252.0,-35.0,-8.0,42.0,-12.0,46.0,-972.0,-30.0
316,21.0,-253.0,-29.0,-5.0,50.0,-14.0,45.0,-974.0,-33.0
317,17.0,-253.0,-27.0,-1.0,52.0,-15.0,43.0,-975.0,-25.0
318,12.0,-254.0,-26.0,4.0,54.0,-15.0,40.0,-966.0,-28.0
319,15.0,-254.0,-32.0,7.0,56.0,-17.0,41.0,-972.0,-27.0
320,14.0,-253.0,-28.0,11.0,57.0,-14.0,36.0,-962.0,-25.0
321,20.0,-249.0,-44.0,12.0,56.0,-17.0,37.0,-958.0,-25.0
322,3.0,-252.0,-61.0,12.0,55.0,-15.0,37.0,-955.0,-20.0
323,10.0,-251.0,-33.0,12.0,54.0,-16.0,31.0,-956.0,-26.0
324,12.0,-251.0,-32.0,9.0,53.0,-14.0,33.0,-960.0,-28.0
325,14.0,-250.0,-36.0,6.0,52.0,-15.0,36.0,-953.0,-25.0
326,12.0,-251.0,-32.0,-1.0,52.0,-13.0,36.0,-955.0,-27.0
327,12.0,-253.0,-36.0,-6.0,51.0,-14.0,32.0,-957.0,-30.0
328,11.0,-251.0,-30.0,-10.0,47.0,-13.0,27.0,-955.0,-31.0
329,13.0,-255.0,-35.0,-10.0,43.0,-13.0,33.0,-969.0,-31.0
330,15.0,-255.0,-34.0,-9.0,40.0,-11.0,32.0,-960.0,-36.0
331,20.0,-243.0,-37.0,-8.0,37.0,-11.0,37.0,-958.0,-38.0
332,11.0,-248.0,-35.0,-8.0,36.0,-10.0,35.0,-955.0,-39.0
333,13.0,-249.0,-38.0,-9.0,39.0,-13.0,32.0,-949.0,-37.0
334,14.0,-250.0,-36.0,-8.0,39.0,-12.0,39.0,-950.0,-38.0
335,15.0,-248.0,-37.0,-10.0,40.0,-14.0,40.0,-950.0,-40.0
336,19.0,-248.0,-36.0,-10.0,38.0,-14.0,43.0,-945.0,-39.0
337,14.0,-248.0,-39.0,-11.0,37.0,-14.0,44.0,-950.0,-41.0
338,13.0,-249.0,-36.0,-12.0,36.0,-10.0,43.0,-950.0,-39.0
339,16.0,-250.0,-36.0,-8.0,32.0,-12.0,45.0,-953.0,-44.0
340,14.0,-253.0,-38.0,-3.0,29.0,-10.0,41.0,-951.0,-44.0
341,14.0,-252.0,-37.0,-1.0,26.0,-12.0,42.0,-953.0,-38.0
342,22.0,-252.0,-40.0,2.0,25.0,-9.0,41.0,-957.0,-38.0
343,15.0,-251.0,-34.0,0.0,26.0,-12.0,40.0,-959.0,-41.0
344,14.0,-249.0,-34.0,-3.0,27.0,-12.0,39.0,-955.0,-34.0
345,15.0,-250.0,-33.0,-9.0,30.0,-14.0,36.0,-956.0,-28.0
346,13.0,-252.0,-38.0,-12.0,33.0,-13.0,38.0,-950.0,-37.0
347,14.0,-248.0,-33.0,-17.0,37.0,-15.0,41.0,-951.0,-32.0
348,15.0,-251.0,-35.0,-19.0,38.0,-13.0,36.0,-957.0,-35.0
349,14.0,-250.0,-30.0,-20.0,38.0,-13.0,39.0,-955.0,-28.0
350,16.0,-252.0,-35.0,-18.0,39.0,-10.0,44.0,-955.0,-31.0
351,15.0,-250.0,-32.0,-15.0,38.0,-9.0,44.0,-954.0,-26.0
352,17.0,-249.0,-35.0,-11.0,36.0,-6.0,44.0,-960.0,-28.0
353,15.0,-248.0,-30.0,-9.0,35.0,-7.0,44.0,-952.0,-29.0
354,14.0,-249.0,-31.0,-8.0,35.0,-5.0,46.0,-951.0,-27.0
355,18.0,-254.0,-37.0,-6.0,32.0,-4.0,48.0,-957.0,-31.0
356,17.0,-248.0,-34.0,-6.0,30.0,-6.0,50.0,-954.0,-35.0
357,16.0,-249.0,-36.0,-8.0,27.0,-7.0,48.0,-954.0,-41.0
358,17.0,-249.0,-39.0,-12.0,22.0,-6.0,45.0,-952.0,-43.0
359,16.0,-249.0,-36.0,-18.0,19.0,-8.0,47.0,-953.0,-45.0
360,20.0,-251.0,-37.0,-22.0,16.0,-7.0,44.0,-950.0,-42.0
361,16.0,-252.0,-38.0,-24.0,15.0,-10.0,47.0,-960.0,-46.0
362,14.0,-253.0,-36.0,-22.0,16.0,-10.0,40.0,-967.0,-41.0
363,12.0,-251.0,-34.0,-20.0,19.0,-12.0,35.0,-963.0,-44.0
364,14.0,-258.0,-21.0,-12.0,25.0,-11.0,41.0,-976.0,-37.0
365,24.0,-245.0,-44.0,-4.0,31.0,-11.0,35.0,-964.0,-42.0
366,13.0,-254.0,-35.0,2.0,39.0,-12.0,36.0,-974.0,-39.0
367,14.0,-254.0,-33.0,6.0,44.0,-15.0,38.0,-969.0,-35.0
368,8.0,-251.0,-34.0,8.0,46.0,-13.0,36.0,-975.0,-36.0
369,16.0,-252.0,-31.0,13.0,48.0,-15.0,36.0,-975.0,-33.0
370,12.0,-251.0,-39.0,17.0,50.0,-14.0,38.0,-962.0,-34.0
371,13.0,-251.0,-31.0,18.0,50.0,-16.0,36.0,-962.0,-34.0
372,16.0,-253.0,-36.0,19.0,52.0,-14.0,38.0,-953.0,-36.0
373,12.0,-249.0,-34.0,19.0,51.0,-15.0,35.0,-953.0,-28.0
374,8.0,-252.0,-45.0,18.0,52.0,-12.0,39.0,-954.0,-37.0
375,10.0,-242.0,-42.0,13.0,49.0,-13.0,38.0,-956.0,-31.0
376,15.0,-251.0,-38.0,10.0,50.0,-11.0,38.0,-953.0,-31.0
377,18.0,-248.0,-33.0,9.0,50.0,-11.0,45.0,-954.0,-32.0
378,15.0,-249.0,-34.0,7.0,49.0,-9.0,41.0,-952.0,-33.0
379,12.0,-248.0,-35.0,6.0,49.0,-8.0,43.0,-958.0,-29.0
380,17.0,-248.0,-33.0,4.0,48.0,-7.0,49.0,-961.0,-33.0
381,18.0,-249.0,-33.0,1.0,47.0,-8.0,44.0,-948.0,-34.0
382,17.0,-252.0,-36.0,0.0,48.0,-6.0,46.0,-952.0,-30.0
383,20.0,-250.0,-37.0,-1.0,49.0,-8.0,47.0,-952.0,-37.0
384,15.0,-251.0,-28.0,-6.0,52.0,-10.0,46.0,-953.0,-38.0
385,18.0,-250.0,-38.0,-8.0,54.0,-11.0,45.0,-961.0,-38.0
386,3.0,-262.0,-29.0,-9.0,57.0,-10.0,45.0,-964.0,-35.0
387,17.0,-252.0,-34.0,-8.0,58.0,-12.0,48.0,-964.0,-32.0
388,14.0,-252.0,-33.0,-6.0,58.0,-10.0,49.0,-966.0,-36.0
389,14.0,-250.0,-32.0,-2.0,60.0,-11.0,43.0,-959.0,-30.0
390,15.0,-252.0,-35.0,0.0,60.0,-10.0,41.0,-963.0,-31.0
391,14.0,-253.0,-29.0,3.0,63.0,-12.0,46.0,-962.0,-27.0
392,16.0,-251.0,-34.0,5.0,64.0,-10.0,49.0,-963.0,-27.0
393,16.0,-253.0,-28.0,7.0,66.0,-11.0,47.0,-961.0,-27.0
394,20.0,-253.0,-30.0,9.0,68.0,-11.0,43.0,-954.0,-22.0
395,14.0,-249.0,-34.0,9.0,70.0,-11.0,47.0,-953.0,-21.0
396,16.0,-251.0,-30.0,9.0,74.0,-11.0,46.0,-955.0,-23.0
397,15.0,-250.0,-45.0,6.0,76.0,-13.0,43.0,-952.0,-23.0
398,19.0,-251.0,-29.0,4.0,77.0,-12.0,48.0,-952.0,-25.0
399,16.0,-249.0,-30.0,2.0,77.0,-14.0,43.0,-952.0,-25.0
400,14.0,-250.0,-29.0,-2.0,75.0,-12.0,44.0,-950.0,-26.0
401,16.0,-250.0,-33.0,-1.0,73.0,-12.0,41.0,-966.0,-26.0
402,17.0,-252.0,-34.0,0.0,70.0,-10.0,45.0,-957.0,-28.0
403,15.0,-252.0,-32.0,2.0,69.0,-10.0,44.0,-958.0,-27.0
404,19.0,-252.0,-28.0,4.0,67.0,-10.0,44.0,-960.0,-26.0
405,17.0,-248.0,-33.0,7.0,69.0,-11.0,44.0,-970.0,-30.0
406,19.0,-253.0,-31.0,9.0,69.0,-10.0,44.0,-968.0,-25.0
407,14.0,-253.0,-29.0,10.0,68.0,-11.0,46.0,-966.0,-27.0
408,13.0,-245.0,-31.0,13.0,67.0,-10.0,45.0,-973.0,-29.0
409,17.0,-254.0,-39.0,15.0,65.0,-11.0,43.0,-974.0,-29.0
410,14.0,-254.0,-35.0,15.0,64.0,-11.0,47.0,-968.0,-23.0
411,17.0,-251.0,-34.0,18.0,63.0,-13.0,43.0,-976.0,-27.0
412,14.0,-253.0,-33.0,19.0,62.0,-11.0,45.0,-969.0,-30.0
413,14.0,-253.0,-33.0,19.0,59.0,-11.0,46.0,-972.0,-27.0
414,17.0,-253.0,-28.0,22.0,57.0,-10.0,43.0,-971.0,-22.0
415,16.0,-255.0,-31.0,26.0,56.0,-10.0,44.0,-957.0,-26.0
416,17.0,-251.0,-30.0,30.0,56.0,-8.0,45.0,-958.0,-28.0
417,15.0,-252.0,-35.0,32.0,57.0,-9.0,49.0,-955.0,-23.0
418,15.0,-247.0,-34.0,33.0,59.0,-8.0,45.0,-962.0,-22.0
419,17.0,-250.0,-35.0,35.0,59.0,-11.0,52.0,-952.0,-20.0
420,14.0,-250.0,-30.0,34.0,59.0,-10.0,47.0,-957.0,-17.0
421,19.0,-249.0,-33.0,33.0,59.0,-12.0,49.0,-954.0,-21.0
422,15.0,-250.0,-27.0,31.0,58.0,-10.0,49.0,-953.0,-17.0
423,16.0,-252.0,-30.0,29.0,59.0,-11.0,48.0,-952.0,-21.0
424,17.0,-250.0,-28.0,29.0,58.0,-12.0,49.0,-959.0,-21.0
425,15.0,-249.0,-33.0,31.0,57.0,-14.0,47.0,-957.0,-23.0
426,20.0,-249.0,-29.0,32.0,60.0,-13.0,52.0,-954.0,-19.0
427,14.0,-254.0,-27.0,32.0,61.0,-14.0,54.0,-954.0,-17.0
428,21.0,-247.0,-33.0,31.0,61.0,-13.0,52.0,-950.0,-24.0
429,2.0,-243.0,-32.0,31.0,64.0,-14.0,49.0,-951.0,-16.0
430,19.0,-251.0,-30.0,28.0,63.0,-12.0,48.0,-955.0,-26.0
431,16.0,-248.0,-34.0,23.0,64.0,-14.0,48.0,-951.0,-20.0
432,17.0,-248.0,-35.0,18.0,65.0,-13.0,48.0,-952.0,-22.0
433,17.0,-252.0,-30.0,15.0,64.0,-13.0,50.0,-951.0,-19.0
434,17.0,-251.0,-30.0,12.0,66.0,-13.0,50.0,-961.0,-19.0
435,18.0,-251.0,-29.0,10.0,68.0,-14.0,49.0,-955.0,-24.0
436,22.0,-245.0,-30.0,11.0,68.0,-14.0,53.0,-955.0,-22.0
437,15.0,-252.0,-26.0,10.0,67.0,-17.0,53.0,-954.0,-24.0
438,20.0,-247.0,-28.0,8.0,68.0,-15.0,56.0,-950.0,-21.0
439,19.0,-253.0,-31.0,6.0,68.0,-16.0,56.0,-951.0,-21.0
440,21.0,-253.0,-26.0,4.0,71.0,-16.0,55.0,-952.0,-20.0
441,19.0,-251.0,-30.0,4.0,74.0,-16.0,54.0,-960.0,-20.0
442,17.0,-251.0,-27.0,2.0,76.0,-15.0,54.0,-956.0,-15.0
443,16.0,-249.0,-29.0,1.0,79.0,-16.0,51.0,-956.0,-16.0
444,16.0,-250.0,-31.0,-1.0,79.0,-15.0,51.0,-956.0,-18.0
445,16.0,-253.0,-31.0,-3.0,78.0,-15.0,47.0,-965.0,-14.0
446,17.0,-254.0,-26.0,-2.0,76.0,-12.0,50.0,-963.0,-19.0
447,17.0,-254.0,-30.0,-3.0,77.0,-14.0,47.0,-953.0,-16.0
448,16.0,-252.0,-28.0,-4.0,78.0,-12.0,47.0,-953.0,-17.0
449,18.0,-253.0,-29.0,-5.0,79.0,-12.0,46.0,-961.0,-21.0
450,18.0,-253.0,-28.0,-7.0,82.0,-11.0,51.0,-956.0,-19.0
451,2.0,-249.0,-15.0,-8.0,84.0,-13.0,48.0,-955.0,-22.0
452,18.0,-253.0,-27.0,-8.0,86.0,-14.0,51.0,-953.0,-22.0
453,16.0,-252.0,-34.0,-9.0,88.0,-14.0,50.0,-962.0,-25.0
454,19.0,-252.0,-32.0,-6.0,91.0,-15.0,50.0,-959.0,-26.0
455,18.0,-251.0,-35.0,-1.0,90.0,-15.0,56.0,-963.0,-30.0
456,19.0,-252.0,-33.0,2.0,92.0,-15.0,50.0,-961.0,-26.0
457,18.0,-250.0,-33.0,3.0,91.0,-15.0,48.0,-966.0,-29.0
458,17.0,-250.0,-31.0,2.0,90.0,-15.0,53.0,-964.0,-29.0
459,16.0,-251.0,-33.0,0.0,89.0,-16.0,53.0,-958.0,-28.0
460,15.0,-251.0,-32.0,-1.0,88.0,-15.0,44.0,-952.0,-25.0
461,16.0,-252.0,-33.0,-4.0,87.0,-16.0,45.0,-957.0,-24.0
462,5.0,-250.0,-35.0,-4.0,85.0,-15.0,44.0,-957.0,-23.0
463,16.0,-249.0,-30.0,-4.0,85.0,-15.0,47.0,-953.0,-24.0
464,14.0,-250.0,-26.0,-3.0,84.0,-15.0,43.0,-955.0,-16.0
465,14.0,-252.0,-32.0,-3.0,84.0,-12.0,44.0,-962.0,-12.0
466,15.0,-249.0,-25.0,-1.0,82.0,-11.0,47.0,-951.0,-9.0
467,17.0,-252.0,-28.0,1.0,80.0,-11.0,45.0,-956.0,-6.0
468,15.0,-249.0,-28.0,2.0,80.0,-11.0,43.0,-951.0,-5.0
469,14.0,-250.0,-28.0,1.0,79.0,-11.0,40.0,-951.0,-6.0
470,18.0,-248.0,-26.0,0.0,79.0,-8.0,42.0,-955.0,-8.0
471,14.0,-248.0,-27.0,-2.0,77.0,-7.0,47.0,-953.0,-5.0
472,14.0,-249.0,-25.0,-6.0,80.0,-6.0,47.0,-949.0,-5.0
473,0.0,-237.0,-35.0,-10.0,81.0,-8.0,49.0,-949.0,-3.0
474,16.0,-252.0,-25.0,-13.0,81.0,-7.0,44.0,-950.0,-1.0
475,19.0,-254.0,-27.0,-15.0,80.0,-8.0,44.0,-949.0,-3.0
476,17.0,-250.0,-26.0,-16.0,82.0,-7.0,46.0,-950.0,-1.0
477,15.0,-253.0,-26.0,-16.0,83.0,-9.0,45.0,-960.0,-5.0
478,17.0,-248.0,-26.0,-17.0,83.0,-8.0,46.0,-955.0,3.0
479,14.0,-250.0,-27.0,-18.0,86.0,-9.0,45.0,-956.0,-2.0
480,13.0,-251.0,-22.0,-19.0,86.0,-9.0,45.0,-951.0,-7.0
481,17.0,-249.0,-30.0,-21.0,87.0,-11.0,38.0,-952.0,-5.0
482,15.0,-252.0,-27.0,-21.0,87.0,-10.0,44.0,-955.0,-3.0
483,11.0,-248.0,-28.0,-23.0,85.0,-11.0,39.0,-953.0,-1.0
484,17.0,-251.0,-31.0,-22.0,84.0,-11.0,40.0,-952.0,-5.0
485,16.0,-251.0,-25.0,-20.0,81.0,-11.0,42.0,-951.0,-3.0
486,13.0,-251.0,-29.0,-18.0,77.0,-8.0,39.0,-950.0,-3.0
487,14.0,-251.0,-31.0,-16.0,73.0,-10.0,34.0,-946.0,-6.0
488,14.0,-250.0,-31.0,-14.0,72.0,-9.0,39.0,-961.0,-6.0
489,14.0,-245.0,-28.0,-16.0,71.0,-9.0,40.0,-953.0,-7.0
490,14.0,-248.0,-31.0,-18.0,71.0,-8.0,41.0,-949.0,-16.0
491,14.0,-252.0,-24.0,-22.0,70.0,-8.0,43.0,-950.0,-14.0
492,17.0,-249.0,-27.0,-25.0,68.0,-6.0,43.0,-956.0,-13.0
493,12.0,-249.0,-29.0,-25.0,68.0,-8.0,45.0,-959.0,-16.0
494,19.0,-255.0,-33.0,-26.0,66.0,-7.0,40.0,-958.0,-9.0
495,12.0,-248.0,-2.0,-26.0,63.0,-7.0,44.0,-963.0,-12.0
496,14.0,-252.0,-34.0,-24.0,62.0,-6.0,41.0,-959.0,-13.0
497,14.0,-254.0,-28.0,-21.0,59.0,-8.0,44.0,-964.0,-12.0
498,15.0,-255.0,-27.0,-19.0,56.0,-7.0,44.0,-970.0,-8.0
499,13.0,-252.0,-25.0,-15.0,55.0,-9.0,43.0,-961.0,-12.0
500,15.0,-251.0,-30.0,-13.0,53.0,-8.0,43.0,-965.0,-13.0
501,16.0,-252.0,-30.0,-12.0,52.0,-8.0,44.0,-971.0,-12.0
502,14.0,-252.0,-29.0,-10.0,51.0,-9.0,44.0,-968.0,-13.0
503,16.0,-253.0,-27.0,-11.0,49.0,-10.0,43.0,-961.0,-14.0
504,14.0,-252.0,-23.0,-13.0,47.0,-8.0,44.0,-953.0,-11.0
505,15.0,-249.0,-30.0,-13.0,45.0,-9.0,44.0,-953.0,-9.0
506,19.0,-244.0,-35.0,-14.0,44.0,-9.0,43.0,-949.0,-10.0
507,15.0,-249.0,-28.0,-14.0,40.0,-9.0,45.0,-949.0,-1.0
508,14.0,-248.0,-28.0,-15.0,40.0,-8.0,44.0,-951.0,-8.0
509,17.0,-249.0,-28.0,-16.0,39.0,-11.0,45.0,-948.0,-8.0
510,15.0,-249.0,-31.0,-17.0,39.0,-10.0,45.0,-952.0,-14.0
511,16.0,-249.0,-30.0,-19.0,40.0,-10.0,44.0,-950.0,-15.0
512,16.0,-250.0,-30.0,-23.0,39.0,-10.0,44.0,-949.0,-14.0
513,16.0,-247.0,-28.0,-25.0,38.0,-10.0,47.0,-954.0,-10.0
514,16.0,-250.0,-27.0,-25.0,36.0,-10.0,43.0,-963.0,-18.0
515,13.0,-252.0,-28.0,-24.0,34.0,-8.0,45.0,-962.0,-11.0
516,16.0,-258.0,-29.0,-22.0,33.0,-6.0,46.0,-972.0,-16.0
517,18.0,-243.0,-62.0,-22.0,32.0,-7.0,42.0,-968.0,-15.0
518,16.0,-251.0,-34.0,-19.0,32.0,-4.0,47.0,-964.0,-17.0
519,17.0,-250.0,-29.0,-18.0,31.0,-4.0,47.0,-955.0,-19.0
520,19.0,-251.0,-31.0,-16.0,33.0,-4.0,53.0,-962.0,-18.0
521,16.0,-249.0,-28.0,-14.0,32.0,-4.0,45.0,-954.0,-20.0
522,17.0,-251.0,-33.0,-16.0,33.0,-4.0,50.0,-954.0,-20.0
523,18.0,-253.0,-28.0,-17.0,33.0,-4.0,52.0,-953.0,-21.0
524,22.0,-250.0,-31.0,-20.0,34.0,-3.0,52.0,-955.0,-21.0
525,16.0,-252.0,-32.0,-22.0,35.0,-3.0,52.0,-958.0,-27.0
526,17.0,-250.0,-28.0,-24.0,34.0,-2.0,53.0,-963.0,-25.0
527,12.0,-255.0,-29.0,-25.0,36.0,-3.0,55.0,-965.0,-21.0
528,18.0,-252.0,-33.0,-25.0,37.0,-1.0,59.0,-970.0,-18.0
529,17.0,-256.0,-27.0,-25.0,36.0,-4.0,53.0,-969.0,-16.0
530,19.0,-252.0,-29.0,-21.0,36.0,-3.0,51.0,-962.0,-19.0
531,17.0,-253.0,-28.0,-18.0,36.0,-4.0,50.0,-962.0,-19.0
532,17.0,-253.0,-31.0,-17.0,38.0,-4.0,50.0,-967.0,-16.0
533,19.0,-252.0,-32.0,-15.0,40.0,-4.0,48.0,-958.0,-15.0
534,14.0,-251.0,-30.0,-13.0,40.0,-5.0,53.0,-954.0,-19.0
535,18.0,-253.0,-27.0,-12.0,42.0,-6.0,49.0,-955.0,-16.0
536,15.0,-249.0,-31.0,-12.0,43.0,-6.0,47.0,-955.0,-18.0
537,18.0,-253.0,-30.0,-13.0,45.0,-7.0,50.0,-960.0,-21.0
538,3.0,-252.0,-30.0,-12.0,44.0,-5.0,48.0,-961.0,-22.0
539,16.0,-252.0,-30.0,-11.0,44.0,-4.0,45.0,-957.0,-21.0
540,16.0,-252.0,-28.0,-10.0,44.0,-4.0,45.0,-965.0,-24.0
541,17.0,-251.0,-33.0,-8.0,44.0,-4.0,45.0,-958.0,-20.0
542,18.0,-254.0,-28.0,-8.0,44.0,-3.0,50.0,-964.0,-17.0
543,15.0,-251.0,-31.0,-7.0,42.0,-2.0,47.0,-962.0,-17.0
544,17.0,-254.0,-31.0,-7.0,42.0,-1.0,47.0,-966.0,-17.0
545,20.0,-253.0,-29.0,-5.0,44.0,-1.0,52.0,-969.0,-19.0
546,17.0,-251.0,-29.0,-5.0,44.0,-1.0,50.0,-958.0,-18.0
547,16.0,-253.0,-33.0,-4.0,45.0,-1.0,48.0,-974.0,-21.0
548,18.0,-251.0,-32.0,-4.0,46.0,-1.0,51.0,-971.0,-18.0
549,19.0,-245.0,-30.0,-3.0,45.0,-1.0,44.0,-961.0,-19.0
550,20.0,-251.0,-29.0,-2.0,44.0,-2.0,45.0,-962.0,-20.0
551,16.0,-251.0,-31.0,-2.0,43.0,-2.0,43.0,-955.0,-18.0
552,16.0,-251.0,-31.0,-1.0,40.0,-2.0,48.0,-953.0,-19.0
553,16.0,-251.0,-28.0,-3.0,41.0,-3.0,48.0,-950.0,-21.0
554,17.0,-248.0,-29.0,-4.0,39.0,-3.0,45.0,-950.0,-19.0
555,18.0,-248.0,-31.0,-4.0,41.0,-5.0,44.0,-955.0,-16.0
556,17.0,-248.0,-29.0,-6.0,44.0,-5.0,46.0,-955.0,-19.0
557,14.0,-252.0,-29.0,-9.0,45.0,-7.0,47.0,-952.0,-25.0
558,13.0,-248.0,-34.0,-13.0,47.0,-8.0,47.0,-951.0,-25.0
559,20.0,-251.0,-30.0,-16.0,48.0,-9.0,45.0,-951.0,-25.0
560,8.0,-226.0,-34.0,-19.0,49.0,-9.0,48.0,-956.0,-21.0
561,15.0,-251.0,-26.0,-19.0,52.0,-7.0,47.0,-953.0,-19.0
562,17.0,-254.0,-29.0,-20.0,52.0,-7.0,46.0,-954.0,-14.0
563,15.0,-249.0,-28.0,-20.0,53.0,-6.0,47.0,-955.0,-22.0
564,17.0,-252.0,-26.0,-19.0,53.0,-3.0,48.0,-957.0,-12.0
565,15.0,-252.0,-30.0,-20.0,52.0,-5.0,44.0,-966.0,-17.0
566,17.0,-252.0,-30.0,-20.0,52.0,-4.0,50.0,-965.0,-18.0
567,16.0,-250.0,-28.0,-19.0,49.0,-4.0,45.0,-963.0,-22.0
568,17.0,-253.0,-32.0,-16.0,49.0,-2.0,49.0,-970.0,-20.0
569,13.0,-252.0,-33.0,-15.0,48.0,-2.0,44.0,-963.0,-21.0
570,19.0,-251.0,-31.0,-15.0,49.0,-2.0,47.0,-955.0,-23.0
571,26.0,-254.0,-27.0,-17.0,49.0,-2.0,50.0,-952.0,-26.0
572,19.0,-251.0,-32.0,-18.0,50.0,-2.0,53.0,-954.0,-22.0
573,19.0,-249.0,-34.0,-19.0,50.0,-3.0,51.0,-955.0,-24.0
574,18.0,-251.0,-32.0,-20.0,54.0,-3.0,51.0,-957.0,-28.0
575,17.0,-249.0,-28.0,-18.0,55.0,-3.0,52.0,-952.0,-24.0
576,19.0,-252.0,-34.0,-16.0,55.0,-2.0,51.0,-965.0,-25.0
577,18.0,-250.0,-29.0,-13.0,55.0,-3.0,54.0,-957.0,-26.0
578,18.0,-252.0,-33.0,-14.0,56.0,-6.0,50.0,-957.0,-27.0
579,13.0,-252.0,-31.0,-16.0,58.0,-6.0,47.0,-967.0,-25.0
580,15.0,-251.0,-30.0,-17.0,61.0,-8.0,47.0,-964.0,-24.0
581,16.0,-253.0,-33.0,-17.0,63.0,-9.0,46.0,-957.0,-20.0
582,14.0,-254.0,-25.0,-18.0,67.0,-8.0,46.0,-971.0,-23.0
583,16.0,-252.0,-28.0,-18.0,70.0,-8.0,44.0,-959.0,-17.0
584,17.0,-253.0,-29.0,-16.0,70.0,-6.0,47.0,-955.0,-12.0
585,17.0,-249.0,-26.0,-13.0,72.0,-7.0,47.0,-956.0,-13.0
586,18.0,-252.0,-24.0,-10.0,69.0,-5.0,46.0,-947.0,-10.0
587,16.0,-254.0,-27.0,-7.0,67.0,-6.0,50.0,-954.0,-12.0
588,17.0,-251.0,-27.0,-3.0,65.0,-5.0,47.0,-960.0,-9.0
589,15.0,-251.0,-28.0,-3.0,62.0,-6.0,46.0,-964.0,-7.0
590,15.0,-253.0,-25.0,-3.0,62.0,-4.0,49.0,-959.0,-9.0
591,15.0,-254.0,-30.0,-5.0,61.0,-5.0,51.0,-948.0,-11.0
592,19.0,-249.0,-32.0,-9.0,60.0,-5.0,48.0,-949.0,-10.0
593,5.0,-258.0,-20.0,-13.0,61.0,-7.0,49.0,-950.0,-8.0
594,17.0,-249.0,-30.0,-15.0,61.0,-5.0,46.0,-950.0,-9.0
595,17.0,-251.0,-29.0,-16.0,60.0,-6.0,48.0,-950.0,-16.0
596,16.0,-252.0,-27.0,-18.0,59.0,-5.0,48.0,-951.0,-15.0
597,16.0,-252.0,-28.0,-19.0,60.0,-4.0,46.0,-950.0,-15.0
598,15.0,-251.0,-32.0,-22.0,62.0,-6.0,44.0,-957.0,-16.0
599,15.0,-252.0,-30.0,-23.0,62.0,-4.0,47.0,-961.0,-16.0
600,13.0,-254.0,-29.0,-23.0,63.0,-5.0,43.0,-962.0,-22.0
601,16.0,-253.0,-30.0,-24.0,63.0,-4.0,43.0,-963.0,-16.0
602,13.0,-253.0,-28.0,-24.0,62.0,-3.0,45.0,-957.0,-23.0
603,13.0,-253.0,-31.0,-23.0,59.0,-5.0,43.0,-959.0,-21.0
604,11.0,-263.0,-16.0,-21.0,57.0,-4.0,43.0,-956.0,-19.0
605,18.0,-254.0,-30.0,-21.0,56.0,-6.0,44.0,-964.0,-15.0
606,15.0,-251.0,-32.0,-21.0,54.0,-5.0,46.0,-962.0,-19.0
607,16.0,-250.0,-31.0,-20.0,50.0,-5.0,44.0,-961.0,-21.0
608,13.0,-253.0,-30.0,-18.0,50.0,-5.0,45.0,-968.0,-21.0
609,16.0,-252.0,-31.0,-19.0,49.0,-4.0,44.0,-963.0,-22.0
610,15.0,-252.0,-35.0,-19.0,49.0,-4.0,48.0,-970.0,-25.0
611,18.0,-253.0,-31.0,-18.0,47.0,-5.0,43.0,-966.0,-22.0
612,17.0,-251.0,-29.0,-17.0,46.0,-4.0,45.0,-964.0,-25.0
613,13.0,-249.0,-34.0,-15.0,45.0,-3.0,49.0,-960.0,-23.0
614,15.0,-248.0,-30.0,-13.0,43.0,-3.0,47.0,-953.0,-22.0
615,22.0,-242.0,-49.0,-10.0,41.0,-4.0,54.0,-955.0,-20.0
616,16.0,-254.0,-33.0,-10.0,43.0,-4.0,44.0,-957.0,-19.0
617,17.0,-250.0,-29.0,-10.0,41.0,-5.0,47.0,-953.0,-24.0
618,18.0,-250.0,-29.0,-11.0,41.0,-4.0,50.0,-954.0,-17.0
619,19.0,-251.0,-32.0,-11.0,42.0,-5.0,48.0,-956.0,-18.0
620,20.0,-253.0,-29.0,-13.0,43.0,-5.0,48.0,-952.0,-16.0
621,14.0,-247.0,-30.0,-14.0,43.0,-5.0,47.0,-952.0,-18.0
622,17.0,-250.0,-30.0,-18.0,43.0,-4.0,46.0,-951.0,-16.0
623,15.0,-251.0,-26.0,-19.0,45.0,-5.0,48.0,-956.0,-23.0
624,18.0,-252.0,-31.0,-22.0,45.0,-4.0,50.0,-963.0,-21.0
625,9.0,-248.0,-27.0,-21.0,48.0,-6.0,47.0,-960.0,-16.0
626,17.0,-251.0,-31.0,-22.0,49.0,-7.0,51.0,-956.0,-14.0
627,18.0,-254.0,-28.0,-21.0,50.0,-6.0,49.0,-964.0,-11.0
628,18.0,-251.0,-29.0,-19.0,52.0,-7.0,53.0,-963.0,-8.0
629,16.0,-252.0,-30.0,-18.0,52.0,-8.0,51.0,-966.0,-8.0
630,18.0,-253.0,-27.0,-16.0,53.0,-9.0,48.0,-952.0,-7.0
631,16.0,-251.0,-28.0,-13.0,53.0,-9.0,48.0,-950.0,-10.0
632,14.0,-249.0,-23.0,-10.0,51.0,-8.0,52.0,-954.0,-6.0
633,21.0,-246.0,-23.0,-11.0,49.0,-9.0,49.0,-951.0,-16.0
634,17.0,-250.0,-28.0,-12.0,48.0,-8.0,49.0,-944.0,-13.0
635,12.0,-247.0,-28.0,-15.0,47.0,-6.0,47.0,-950.0,-9.0
636,20.0,-231.0,-37.0,-20.0,43.0,-5.0,52.0,-947.0,-9.0
637,14.0,-248.0,-27.0,-23.0,43.0,-5.0,45.0,-949.0,-18.0
638,17.0,-253.0,-29.0,-25.0,45.0,-5.0,46.0,-948.0,-9.0
639,15.0,-248.0,-29.0,-27.0,46.0,-4.0,48.0,-944.0,-9.0
640,17.0,-248.0,-27.0,-27.0,47.0,-4.0,47.0,-951.0,-17.0
641,15.0,-250.0,-28.0,-27.0,48.0,-4.0,46.0,-952.0,-17.0
642,17.0,-250.0,-28.0,-28.0,50.0,-5.0,49.0,-950.0,-18.0
643,18.0,-251.0,-29.0,-29.0,51.0,-4.0,49.0,-953.0,-18.0
644,15.0,-252.0,-29.0,-32.0,49.0,-3.0,43.0,-957.0,-23.0
645,19.0,-251.0,-32.0,-33.0,47.0,-4.0,49.0,-963.0,-21.0
646,16.0,-249.0,-30.0,-35.0,48.0,-4.0,46.0,-956.0,-25.0
647,29.0,-255.0,-29.0,-33.0,47.0,-4.0,48.0,-955.0,-26.0
648,17.0,-251.0,-31.0,-32.0,47.0,-5.0,52.0,-952.0,-27.0
649,21.0,-253.0,-33.0,-30.0,48.0,-7.0,52.0,-957.0,-21.0
650,19.0,-254.0,-33.0,-31.0,50.0,-7.0,52.0,-962.0,-25.0
651,16.0,-250.0,-29.0,-28.0,50.0,-7.0,54.0,-963.0,-22.0
652,18.0,-254.0,-33.0,-27.0,49.0,-6.0,50.0,-965.0,-20.0
653,19.0,-253.0,-29.0,-24.0,47.0,-7.0,48.0,-969.0,-18.0
654,16.0,-252.0,-28.0,-21.0,47.0,-6.0,51.0,-966.0,-27.0
655,17.0,-254.0,-34.0,-20.0,49.0,-6.0,50.0,-954.0,-21.0
656,15.0,-251.0,-30.0,-17.0,47.0,-6.0,50.0,-962.0,-26.0
657,16.0,-250.0,-31.0,-17.0,48.0,-7.0,45.0,-961.0,-23.0
658,31.0,-252.0,-26.0,-16.0,48.0,-7.0,50.0,-960.0,-25.0
659,15.0,-250.0,-32.0,-16.0,47.0,-7.0,49.0,-961.0,-23.0
660,15.0,-252.0,-31.0,-17.0,48.0,-7.0,45.0,-955.0,-19.0
661,16.0,-251.0,-30.0,-17.0,48.0,-8.0,52.0,-952.0,-21.0
662,16.0,-248.0,-34.0,-17.0,48.0,-7.0,47.0,-963.0,-20.0
663,17.0,-250.0,-30.0,-17.0,49.0,-5.0,48.0,-958.0,-17.0
664,20.0,-252.0,-34.0,-17.0,48.0,-6.0,49.0,-955.0,-22.0
665,21.0,-250.0,-30.0,-19.0,48.0,-4.0,51.0,-961.0,-20.0
666,17.0,-253.0,-28.0,-20.0,50.0,-5.0,54.0,-972.0,-20.0
667,20.0,-252.0,-32.0,-20.0,52.0,-5.0,53.0,-969.0,-19.0
668,19.0,-254.0,-29.0,-22.0,52.0,-7.0,53.0,-964.0,-22.0
669,25.0,-242.0,-32.0,-22.0,52.0,-5.0,49.0,-971.0,-25.0
670,17.0,-252.0,-36.0,-21.0,51.0,-5.0,53.0,-971.0,-19.0
671,16.0,-253.0,-33.0,-19.0,53.0,-4.0,52.0,-971.0,-20.0
672,15.0,-252.0,-29.0,-17.0,52.0,-3.0,48.0,-973.0,-23.0
673,18.0,-254.0,-31.0,-13.0,51.0,-3.0,48.0,-958.0,-24.0
674,16.0,-254.0,-31.0,-10.0,48.0,-2.0,45.0,-967.0,-20.0
675,16.0,-252.0,-29.0,-5.0,50.0,-1.0,48.0,-962.0,-17.0
676,17.0,-251.0,-29.0,-2.0,48.0,-2.0,48.0,-957.0,-21.0
677,17.0,-250.0,-33.0,-1.0,48.0,-2.0,47.0,-950.0,-22.0
678,17.0,-251.0,-34.0,0.0,49.0,-3.0,44.0,-949.0,-28.0
679,18.0,-251.0,-32.0,0.0,48.0,-4.0,46.0,-960.0,-22.0
680,24.0,-255.0,-25.0,-1.0,49.0,-5.0,48.0,-961.0,-20.0
681,17.0,-253.0,-32.0,-3.0,50.0,-6.0,47.0,-950.0,-20.0
682,16.0,-251.0,-31.0,-3.0,53.0,-7.0,44.0,-950.0,-20.0
683,16.0,-250.0,-30.0,-2.0,53.0,-8.0,49.0,-950.0,-19.0
684,18.0,-250.0,-31.0,-1.0,55.0,-9.0,46.0,-950.0,-22.0
685,16.0,-249.0,-28.0,-3.0,55.0,-8.0,53.0,-950.0,-15.0
686,16.0,-247.0,-33.0,-3.0,56.0,-9.0,46.0,-946.0,-18.0
687,18.0,-251.0,-34.0,-6.0,58.0,-8.0,44.0,-947.0,-20.0
688,16.0,-248.0,-32.0,-11.0,59.0,-8.0,45.0,-946.0,-19.0
689,13.0,-251.0,-29.0,-16.0,59.0,-8.0,48.0,-949.0,-17.0
690,17.0,-249.0,-31.0,-20.0,60.0,-8.0,45.0,-949.0,-23.0
691,17.0,-246.0,-36.0,-26.0,57.0,-8.0,44.0,-954.0,-19.0
692,15.0,-253.0,-31.0,-27.0,56.0,-7.0,45.0,-961.0,-18.0
693,17.0,-253.0,-29.0,-27.0,57.0,-6.0,43.0,-956.0,-24.0
694,17.0,-253.0,-29.0,-26.0,56.0,-6.0,43.0,-955.0,-23.0
695,16.0,-249.0,-35.0,-27.0,56.0,-6.0,46.0,-957.0,-18.0
696,17.0,-249.0,-30.0,-29.0,57.0,-6.0,43.0,-948.0,-20.0
697,17.0,-249.0,-32.0,-30.0,59.0,-5.0,44.0,-960.0,-23.0
698,16.0,-251.0,-31.0,-32.0,56.0,-5.0,51.0,-953.0,-19.0
699,16.0,-251.0,-33.0,-34.0,55.0,-4.0,46.0,-951.0,-22.0
700,15.0,-255.0,-31.0,-32.0,54.0,-4.0,48.0,-954.0,-25.0
701,16.0,-251.0,-32.0,-30.0,53.0,-4.0,49.0,-955.0,-25.0
702,21.0,-249.0,-37.0,-25.0,52.0,-3.0,48.0,-963.0,-27.0
703,12.0,-251.0,-36.0,-20.0,50.0,-2.0,40.0,-965.0,-30.0
704,13.0,-253.0,-34.0,-19.0,47.0,-3.0,45.0,-961.0,-28.0
705,12.0,-252.0,-32.0,-20.0,48.0,-4.0,40.0,-957.0,-24.0
706,14.0,-254.0,-29.0,-22.0,50.0,-6.0,41.0,-972.0,-25.0
707,13.0,-250.0,-32.0,-25.0,50.0,-6.0,36.0,-964.0,-24.0
708,12.0,-248.0,-34.0,-24.0,51.0,-8.0,37.0,-963.0,-22.0
709,12.0,-252.0,-27.0,-23.0,53.0,-7.0,42.0,-962.0,-21.0
710,14.0,-251.0,-30.0,-23.0,54.0,-8.0,42.0,-957.0,-19.0
711,15.0,-249.0,-29.0,-21.0,54.0,-8.0,41.0,-953.0,-18.0
712,17.0,-251.0,-28.0,-18.0,53.0,-7.0,43.0,-954.0,-20.0
713,20.0,-248.0,-24.0,-16.0,52.0,-5.0,43.0,-953.0,-21.0
714,9.0,-245.0,-33.0,-16.0,50.0,-5.0,46.0,-953.0,-23.0
715,16.0,-249.0,-31.0,-16.0,48.0,-2.0,46.0,-963.0,-17.0
716,14.0,-251.0,-32.0,-17.0,46.0,-2.0,43.0,-951.0,-19.0
717,17.0,-249.0,-29.0,-20.0,45.0,0.0,44.0,-957.0,-21.0
718,17.0,-251.0,-31.0,-24.0,45.0,-1.0,49.0,-951.0,-26.0
719,15.0,-248.0,-32.0,-30.0,49.0,-1.0,48.0,-952.0,-23.0
720,18.0,-250.0,-34.0,-34.0,49.0,-2.0,49.0,-954.0,-26.0
721,18.0,-249.0,-29.0,-37.0,53.0,-1.0,51.0,-957.0,-26.0
722,15.0,-253.0,-36.0,-37.0,55.0,-1.0,46.0,-959.0,-28.0
723,3.0,-260.0,-28.0,-37.0,57.0,0.0,47.0,-965.0,-28.0
724,13.0,-251.0,-34.0,-33.0,58.0,-1.0,45.0,-958.0,-31.0
725,16.0,-253.0,-31.0,-30.0,59.0,0.0,43.0,-965.0,-25.0
726,15.0,-255.0,-32.0,-26.0,61.0,-1.0,40.0,-954.0,-28.0
727,15.0,-253.0,-30.0,-24.0,61.0,-2.0,37.0,-961.0,-28.0
728,15.0,-250.0,-36.0,-21.0,60.0,-2.0,39.0,-963.0,-29.0
729,15.0,-252.0,-32.0,-20.0,60.0,-2.0,41.0,-957.0,-27.0
730,18.0,-249.0,-34.0,-17.0,60.0,-2.0,45.0,-967.0,-28.0
731,16.0,-249.0,-32.0,-16.0,59.0,-2.0,40.0,-969.0,-28.0
732,13.0,-254.0,-32.0,-17.0,56.0,-2.0,45.0,-952.0,-26.0
733,13.0,-252.0,-33.0,-16.0,56.0,-2.0,40.0,-961.0,-30.0
734,8.0,-249.0,-6.0,-17.0,54.0,-2.0,41.0,-954.0,-30.0
735,13.0,-249.0,-31.0,-18.0,54.0,-2.0,41.0,-956.0,-32.0
736,16.0,-249.0,-30.0,-19.0,54.0,-2.0,43.0,-954.0,-28.0
737,16.0,-252.0,-31.0,-21.0,55.0,-1.0,44.0,-958.0,-28.0
738,15.0,-250.0,-35.0,-23.0,56.0,-1.0,44.0,-954.0,-29.0
739,15.0,-250.0,-31.0,-26.0,58.0,-1.0,45.0,-954.0,-27.0
740,14.0,-250.0,-31.0,-26.0,59.0,-1.0,45.0,-954.0,-26.0
741,17.0,-247.0,-34.0,-30.0,58.0,0.0,45.0,-967.0,-28.0
742,17.0,-249.0,-29.0,-33.0,58.0,-2.0,46.0,-953.0,-30.0
743,14.0,-252.0,-31.0,-35.0,57.0,-2.0,46.0,-958.0,-28.0
744,18.0,-252.0,-31.0,-37.0,57.0,-3.0,44.0,-954.0,-25.0
745,21.0,-250.0,-33.0,-38.0,58.0,-1.0,43.0,-955.0,-27.0
746,15.0,-249.0,-33.0,-40.0,58.0,-3.0,45.0,-950.0,-25.0
747,13.0,-251.0,-31.0,-41.0,58.0,-2.0,42.0,-952.0,-25.0
748,14.0,-249.0,-31.0,-44.0,57.0,-2.0,42.0,-956.0,-25.0
749,14.0,-250.0,-35.0,-45.0,58.0,-1.0,43.0,-958.0,-28.0
750,16.0,-253.0,-38.0,-43.0,56.0,-1.0,44.0,-956.0,-30.0
751,15.0,-251.0,-31.0,-42.0,52.0,1.0,39.0,-956.0,-25.0
752,18.0,-253.0,-33.0,-38.0,50.0,0.0,46.0,-959.0,-25.0
753,17.0,-252.0,-33.0,-36.0,53.0,3.0,46.0,-954.0,-24.0
754,15.0,-250.0,-33.0,-34.0,50.0,2.0,45.0,-962.0,-23.0
755,22.0,-248.0,-30.0,-33.0,49.0,2.0,44.0,-969.0,-25.0
756,7.0,-239.0,-31.0,-33.0,49.0,2.0,43.0,-969.0,-24.0
757,16.0,-251.0,-31.0,-36.0,48.0,4.0,41.0,-974.0,-29.0
758,16.0,-254.0,-29.0,-38.0,49.0,5.0,43.0,-969.0,-27.0
759,15.0,-252.0,-29.0,-38.0,48.0,3.0,43.0,-964.0,-27.0
760,18.0,-251.0,-32.0,-36.0,49.0,2.0,49.0,-967.0,-24.0
761,20.0,-253.0,-33.0,-36.0,51.0,4.0,55.0,-964.0,-28.0
762,16.0,-249.0,-33.0,-34.0,54.0,0.0,52.0,-956.0,-25.0
763,23.0,-248.0,-29.0,-33.0,56.0,1.0,56.0,-953.0,-23.0
764,20.0,-251.0,-33.0,-31.0,56.0,1.0,52.0,-954.0,-24.0
765,18.0,-248.0,-33.0,-30.0,56.0,0.0,51.0,-956.0,-11.0
766,20.0,-250.0,-31.0,-29.0,57.0,1.0,50.0,-949.0,-19.0
767,23.0,-244.0,-30.0,-27.0,60.0,1.0,48.0,-952.0,-19.0
768,20.0,-252.0,-29.0,-28.0,58.0,-1.0,52.0,-954.0,-18.0
769,18.0,-250.0,-28.0,-30.0,60.0,1.0,50.0,-955.0,-17.0
770,17.0,-248.0,-32.0,-33.0,63.0,0.0,50.0,-948.0,-16.0
771,17.0,-249.0,-25.0,-36.0,68.0,0.0,46.0,-945.0,-19.0
772,18.0,-249.0,-33.0,-38.0,74.0,-2.0,47.0,-950.0,-15.0
773,19.0,-250.0,-29.0,-40.0,75.0,-1.0,56.0,-946.0,-20.0
774,20.0,-249.0,-26.0,-39.0,80.0,-4.0,57.0,-947.0,-7.0
775,20.0,-249.0,-33.0,-40.0,87.0,-3.0,56.0,-944.0,-14.0
776,19.0,-250.0,-25.0,-40.0,92.0,-5.0,61.0,-950.0,-14.0
777,21.0,-248.0,-29.0,-40.0,101.0,-6.0,64.0,-951.0,-14.0
778,24.0,-242.0,-55.0,-43.0,108.0,-8.0,66.0,-952.0,-17.0
779,24.0,-249.0,-29.0,-47.0,115.0,-7.0,66.0,-951.0,-22.0
780,25.0,-250.0,-33.0,-51.0,121.0,-12.0,67.0,-953.0,-22.0
781,22.0,-249.0,-28.0,-57.0,130.0,-11.0,68.0,-951.0,-26.0
782,20.0,-250.0,-34.0,-61.0,137.0,-13.0,72.0,-950.0,-27.0
783,21.0,-250.0,-32.0,-65.0,142.0,-13.0,64.0,-950.0,-37.0
784,21.0,-247.0,-33.0,-66.0,148.0,-15.0,63.0,-949.0,-32.0
785,21.0,-251.0,-31.0,-66.0,152.0,-12.0,61.0,-951.0,-33.0
786,22.0,-250.0,-34.0,-66.0,158.0,-11.0,58.0,-958.0,-28.0
787,18.0,-248.0,-31.0,-68.0,163.0,-11.0,57.0,-952.0,-34.0
788,19.0,-253.0,-34.0,-70.0,168.0,-12.0,62.0,-955.0,-37.0
789,12.0,-246.0,-53.0,-70.0,171.0,-11.0,58.0,-953.0,-35.0
790,19.0,-252.0,-34.0,-72.0,175.0,-12.0,56.0,-962.0,-35.0
791,23.0,-251.0,-36.0,-74.0,176.0,-9.0,54.0,-955.0,-37.0
792,21.0,-255.0,-32.0,-74.0,176.0,-9.0,55.0,-980.0,-37.0
793,20.0,-254.0,-39.0,-74.0,174.0,-8.0,51.0,-973.0,-39.0
794,20.0,-252.0,-31.0,-73.0,171.0,-6.0,54.0,-962.0,-41.0
795,19.0,-252.0,-35.0,-72.0,173.0,-5.0,57.0,-976.0,-38.0
796,18.0,-251.0,-40.0,-72.0,174.0,-3.0,64.0,-974.0,-41.0
797,16.0,-253.0,-33.0,-73.0,175.0,-1.0,60.0,-974.0,-43.0
798,21.0,-254.0,-32.0,-73.0,177.0,0.0,61.0,-969.0,-46.0
799,15.0,-255.0,-35.0,-73.0,179.0,4.0,62.0,-971.0,-42.0
800,24.0,-233.0,-45.0,-74.0,183.0,3.0,63.0,-975.0,-47.0
801,21.0,-253.0,-38.0,-74.0,187.0,9.0,64.0,-974.0,-45.0
802,21.0,-256.0,-39.0,-77.0,192.0,9.0,64.0,-976.0,-53.0
803,20.0,-254.0,-39.0,-79.0,195.0,14.0,66.0,-976.0,-54.0
804,20.0,-256.0,-41.0,-80.0,201.0,15.0,62.0,-981.0,-59.0
805,22.0,-255.0,-39.0,-79.0,205.0,18.0,63.0,-970.0,-55.0
806,22.0,-255.0,-41.0,-77.0,208.0,18.0,67.0,-983.0,-58.0
807,22.0,-255.0,-38.0,-75.0,213.0,20.0,72.0,-977.0,-59.0
808,23.0,-254.0,-45.0,-74.0,221.0,21.0,66.0,-978.0,-59.0
809,24.0,-255.0,-34.0,-71.0,230.0,22.0,79.0,-983.0,-60.0
810,24.0,-255.0,-43.0,-68.0,244.0,19.0,78.0,-981.0,-61.0
811,37.0,-258.0,-34.0,-63.0,254.0,19.0,83.0,-979.0,-58.0
812,23.0,-255.0,-44.0,-60.0,262.0,15.0,80.0,-977.0,-56.0
813,26.0,-254.0,-46.0,-56.0,266.0,16.0,81.0,-977.0,-59.0
814,23.0,-253.0,-42.0,-53.0,267.0,17.0,85.0,-973.0,-62.0
815,26.0,-252.0,-41.0,-50.0,270.0,19.0,81.0,-965.0,-56.0
816,26.0,-252.0,-37.0,-45.0,274.0,21.0,81.0,-958.0,-55.0
817,25.0,-249.0,-39.0,-38.0,277.0,27.0,81.0,-950.0,-51.0
818,22.0,-245.0,-41.0,-32.0,277.0,32.0,78.0,-941.0,-54.0
819,19.0,-244.0,-37.0,-26.0,270.0,41.0,73.0,-929.0,-57.0
820,23.0,-242.0,-39.0,-30.0,260.0,44.0,72.0,-911.0,-57.0
821,19.0,-236.0,-41.0,-39.0,247.0,51.0,70.0,-898.0,-59.0
822,11.0,-233.0,-36.0,-52.0,236.0,57.0,58.0,-881.0,-59.0
823,17.0,-227.0,-41.0,-69.0,226.0,68.0,56.0,-869.0,-63.0
824,16.0,-223.0,-40.0,-89.0,210.0,76.0,44.0,-855.0,-60.0
825,11.0,-218.0,-42.0,-112.0,190.0,89.0,30.0,-838.0,-66.0
826,6.0,-215.0,-44.0,-139.0,163.0,101.0,19.0,-830.0,-69.0
827,1.0,-210.0,-44.0,-169.0,127.0,112.0,0.0,-821.0,-72.0
828,-3.0,-207.0,-43.0,-197.0,81.0,121.0,-14.0,-804.0,-73.0
829,-9.0,-203.0,-44.0,-234.0,22.0,128.0,-25.0,-791.0,-64.0
830,-6.0,-203.0,-39.0,-266.0,-31.0,132.0,-33.0,-780.0,-60.0
831,-10.0,-202.0,-36.0,-296.0,-85.0,136.0,-52.0,-757.0,-54.0
832,-36.0,-204.0,-25.0,-322.0,-136.0,134.0,-66.0,-755.0,-43.0
833,-16.0,-192.0,-32.0,-342.0,-185.0,133.0,-73.0,-732.0,-20.0
834,-17.0,-189.0,-27.0,-350.0,-230.0,126.0,-81.0,-719.0,2.0
835,-15.0,-191.0,-23.0,-345.0,-271.0,119.0,-74.0,-722.0,15.0
836,-13.0,-187.0,-16.0,-338.0,-306.0,105.0,-65.0,-716.0,21.0
837,-11.0,-189.0,-17.0,-325.0,-331.0,91.0,-58.0,-710.0,30.0
838,-11.0,-191.0,-18.0,-306.0,-347.0,67.0,-43.0,-718.0,28.0
839,-7.0,-191.0,-23.0,-281.0,-345.0,39.0,-34.0,-720.0,23.0
840,-2.0,-188.0,-26.0,-268.0,-338.0,6.0,-22.0,-723.0,2.0
841,-3.0,-185.0,-38.0,-260.0,-323.0,-22.0,-13.0,-713.0,-31.0
842,6.0,-181.0,-50.0,-272.0,-311.0,-55.0,-11.0,-696.0,-80.0
843,0.0,-171.0,-72.0,-304.0,-299.0,-84.0,-9.0,-683.0,-149.0
844,5.0,-171.0,-75.0,-355.0,-278.0,-111.0,-4.0,-668.0,-194.0
845,7.0,-166.0,-83.0,-420.0,-245.0,-129.0,2.0,-640.0,-238.0
846,11.0,-155.0,-90.0,-491.0,-209.0,-143.0,22.0,-608.0,-271.0
847,16.0,-140.0,-94.0,-565.0,-162.0,-147.0,37.0,-552.0,-292.0
848,18.0,-129.0,-102.0,-641.0,-96.0,-142.0,37.0,-499.0,-293.0
849,18.0,-119.0,-94.0,-696.0,-36.0,-130.0,48.0,-462.0,-276.0
850,19.0,-113.0,-78.0,-732.0,25.0,-118.0,55.0,-434.0,-227.0
851,21.0,-115.0,-63.0,-742.0,85.0,-93.0,71.0,-436.0,-177.0
852,31.0,-119.0,-46.0,-726.0,139.0,-69.0,86.0,-454.0,-114.0
853,35.0,-130.0,-39.0,-676.0,197.0,-37.0,95.0,-479.0,-44.0
854,39.0,-141.0,-14.0,-605.0,255.0,-3.0,119.0,-513.0,18.0
855,41.0,-153.0,-11.0,-524.0,309.0,37.0,141.0,-563.0,48.0
856,46.0,-158.0,-8.0,-462.0,357.0,67.0,158.0,-608.0,49.0
857,45.0,-158.0,-14.0,-427.0,396.0,96.0,163.0,-618.0,43.0
858,47.0,-157.0,-17.0,-439.0,420.0,115.0,172.0,-619.0,21.0
859,42.0,-153.0,-29.0,-500.0,419.0,132.0,157.0,-609.0,-15.0
860,37.0,-142.0,-40.0,-602.0,390.0,137.0,132.0,-565.0,-61.0
861,29.0,-131.0,-56.0,-739.0,333.0,139.0,103.0,-516.0,-115.0
862,12.0,-115.0,-65.0,-903.0,245.0,138.0,54.0,-460.0,-165.0
863,-1.0,-99.0,-74.0,-1061.0,138.0,151.0,4.0,-407.0,-189.0
864,-16.0,-85.0,-78.0,-1192.0,14.0,157.0,-54.0,-354.0,-224.0
865,-16.0,-77.0,-84.0,-1298.0,-115.0,150.0,-103.0,-316.0,-234.0
866,-38.0,-68.0,-86.0,-1378.0,-241.0,129.0,-145.0,-285.0,-237.0
867,-52.0,-66.0,-79.0,-1428.0,-366.0,106.0,-183.0,-262.0,-225.0
868,-49.0,-73.0,-77.0,-1460.0,-444.0,83.0,-206.0,-287.0,-216.0
869,-58.0,-90.0,-74.0,-1470.0,-495.0,58.0,-237.0,-350.0,-198.0
870,-60.0,-111.0,-71.0,-1467.0,-513.0,47.0,-255.0,-430.0,-169.0
871,-61.0,-144.0,-65.0,-1443.0,-499.0,62.0,-256.0,-538.0,-145.0
872,-53.0,-182.0,-53.0,-1394.0,-460.0,86.0,-237.0,-688.0,-104.0
873,-51.0,-223.0,-52.0,-1320.0,-400.0,115.0,-231.0,-825.0,-91.0
874,-38.0,-259.0,-39.0,-1229.0,-326.0,157.0,-183.0,-958.0,-61.0
875,-26.0,-290.0,-35.0,-1121.0,-246.0,207.0,-137.0,-1094.0,-43.0
876,-17.0,-330.0,-8.0,-1006.0,-156.0,282.0,-66.0,-1243.0,-27.0
877,21.0,-365.0,-37.0,-876.0,-32.0,342.0,38.0,-1381.0,-28.0
878,43.0,-409.0,-38.0,-761.0,103.0,397.0,115.0,-1530.0,-56.0
879,59.0,-450.0,-47.0,-625.0,244.0,451.0,188.0,-1691.0,-75.0
880,82.0,-494.0,-64.0,-455.0,339.0,487.0,270.0,-1841.0,-141.0
881,110.0,-524.0,-79.0,-239.0,364.0,489.0,364.0,-1957.0,-212.0
882,128.0,-536.0,-93.0,28.0,343.0,432.0,447.0,-2008.0,-296.0
883,118.0,-522.0,-147.0,345.0,321.0,332.0,417.0,-1917.0,-342.0
884,129.0,-487.0,-109.0,684.0,348.0,202.0,451.0,-1806.0,-375.0
885,113.0,-443.0,-124.0,1003.0,429.0,60.0,379.0,-1676.0,-401.0
886,88.0,-401.0,-146.0,1245.0,517.0,-93.0,289.0,-1560.0,-448.0
887,54.0,-371.0,-151.0,1359.0,571.0,-177.0,194.0,-1463.0,-498.0
888,15.0,-349.0,-148.0,1277.0,576.0,-205.0,51.0,-1393.0,-497.0
889,-17.0,-343.0,-125.0,1090.0,569.0,-155.0,-72.0,-1360.0,-413.0
890,-41.0,-352.0,-97.0,892.0,569.0,-88.0,-201.0,-1373.0,-287.0
891,-67.0,-373.0,-71.0,772.0,595.0,-16.0,-290.0,-1430.0,-183.0
892,-83.0,-400.0,-62.0,758.0,630.0,20.0,-326.0,-1517.0,-127.0
893,-95.0,-419.0,-55.0,785.0,643.0,26.0,-402.0,-1611.0,-109.0
894,-78.0,-450.0,-50.0,783.0,625.0,40.0,-348.0,-1722.0,-101.0
895,-58.0,-491.0,-46.0,737.0,579.0,54.0,-232.0,-1907.0,-88.0
896,-32.0,-544.0,-39.0,673.0,474.0,50.0,-135.0,-2085.0,-87.0
897,-17.0,-588.0,-53.0,563.0,368.0,34.0,-105.0,-2280.0,-76.0
898,-6.0,-648.0,-45.0,436.0,276.0,23.0,-55.0,-2529.0,-65.0
899,6.0,-720.0,-35.0,296.0,228.0,30.0,-13.0,-2779.0,-41.0
900,41.0,-791.0,-32.0,174.0,225.0,37.0,105.0,-3036.0,-20.0
901,65.0,-839.0,-39.0,100.0,217.0,-6.0,218.0,-3217.0,-57.0
902,80.0,-882.0,-63.0,50.0,194.0,-118.0,256.0,-3370.0,-150.0
903,78.0,-926.0,-83.0,-5.0,194.0,-223.0,233.0,-3545.0,-233.0
904,87.0,-959.0,-78.0,-54.0,231.0,-270.0,258.0,-3649.0,-230.0
905,98.0,-968.0,-66.0,-13.0,275.0,-265.0,321.0,-3695.0,-181.0
906,82.0,-974.0,-69.0,177.0,268.0,-275.0,284.0,-3720.0,-177.0
907,67.0,-966.0,-69.0,353.0,222.0,-258.0,242.0,-3706.0,-174.0
908,54.0,-955.0,-59.0,486.0,152.0,-200.0,158.0,-3637.0,-171.0
909,36.0,-933.0,-70.0,584.0,49.0,-107.0,100.0,-3574.0,-186.0
910,21.0,-892.0,-72.0,646.0,-45.0,-28.0,47.0,-3442.0,-184.0
911,7.0,-865.0,-78.0,657.0,-144.0,55.0,-14.0,-3334.0,-220.0
912,-13.0,-836.0,-81.0,600.0,-212.0,90.0,-93.0,-3213.0,-225.0
913,-28.0,-800.0,-92.0,510.0,-230.0,83.0,-159.0,-3073.0,-260.0
914,-47.0,-754.0,-101.0,387.0,-230.0,50.0,-231.0,-2920.0,-304.0
915,-63.0,-720.0,-102.0,254.0,-257.0,19.0,-273.0,-2765.0,-299.0
916,-58.0,-677.0,-100.0,172.0,-337.0,-2.0,-264.0,-2598.0,-280.0
917,-62.0,-619.0,-101.0,185.0,-414.0,-7.0,-266.0,-2396.0,-295.0
918,-66.0,-568.0,-92.0,228.0,-483.0,-1.0,-267.0,-2179.0,-318.0
919,-49.0,-495.0,-93.0,277.0,-539.0,12.0,-247.0,-1946.0,-272.0
920,-46.0,-443.0,-77.0,352.0,-573.0,-7.0,-203.0,-1699.0,-220.0
921,-41.0,-377.0,-79.0,464.0,-574.0,-60.0,-187.0,-1375.0,-211.0
922,-33.0,-307.0,-68.0,598.0,-564.0,-132.0,-137.0,-1143.0,-178.0
923,-15.0,-243.0,-97.0,726.0,-588.0,-197.0,-88.0,-909.0,-285.0
924,-6.0,-156.0,-117.0,794.0,-612.0,-257.0,-42.0,-608.0,-360.0
925,8.0,-86.0,-120.0,825.0,-635.0,-314.0,4.0,-345.0,-403.0
926,38.0,-20.0,-84.0,873.0,-637.0,-349.0,109.0,-84.0,-249.0
927,50.0,16.0,-97.0,1060.0,-614.0,-392.0,184.0,102.0,-313.0
928,68.0,84.0,-124.0,1214.0,-577.0,-428.0,252.0,313.0,-394.0
929,85.0,150.0,-143.0,1205.0,-561.0,-438.0,264.0,543.0,-439.0
930,82.0,205.0,-130.0,1107.0,-543.0,-412.0,290.0,745.0,-434.0
931,71.0,238.0,-142.0,974.0,-514.0,-373.0,264.0,853.0,-485.0
932,74.0,252.0,-158.0,802.0,-462.0,-348.0,264.0,927.0,-528.0
933,48.0,258.0,-175.0,628.0,-387.0,-340.0,183.0,953.0,-619.0
934,14.0,253.0,-198.0,461.0,-295.0,-314.0,32.0,928.0,-679.0
935,-8.0,241.0,-196.0,249.0,-167.0,-233.0,-77.0,903.0,-692.0
936,-31.0,235.0,-195.0,98.0,-51.0,-123.0,-159.0,875.0,-668.0
937,-47.0,221.0,-190.0,-18.0,50.0,-11.0,-209.0,837.0,-655.0
938,-56.0,208.0,-183.0,-128.0,121.0,78.0,-233.0,768.0,-635.0
939,-57.0,179.0,-165.0,-255.0,166.0,154.0,-240.0,668.0,-574.0
940,-46.0,141.0,-169.0,-405.0,186.0,210.0,-204.0,528.0,-526.0
941,-38.0,95.0,-132.0,-583.0,190.0,243.0,-166.0,370.0,-452.0
942,-30.0,51.0,-113.0,-758.0,188.0,243.0,-133.0,177.0,-368.0
943,-22.0,-10.0,-96.0,-898.0,187.0,219.0,-101.0,-49.0,-295.0
944,-16.0,-70.0,-78.0,-988.0,174.0,167.0,-64.0,-242.0,-217.0
945,-8.0,-119.0,-61.0,-989.0,138.0,108.0,-36.0,-413.0,-147.0
946,0.0,-151.0,-47.0,-875.0,89.0,34.0,-5.0,-554.0,-82.0
947,7.0,-174.0,-34.0,-663.0,37.0,-35.0,20.0,-631.0,-43.0
948,15.0,-177.0,-29.0,-372.0,-3.0,-90.0,45.0,-633.0,-18.0
949,19.0,-161.0,-28.0,-28.0,-33.0,-136.0,56.0,-581.0,-14.0
950,15.0,-141.0,-31.0,302.0,-57.0,-184.0,60.0,-489.0,-27.0
951,16.0,-104.0,-28.0,564.0,-73.0,-219.0,65.0,-370.0,-26.0
952,13.0,-52.0,-29.0,735.0,-78.0,-245.0,81.0,-236.0,-12.0
953,24.0,-19.0,-33.0,824.0,-76.0,-257.0,85.0,-116.0,11.0
954,22.0,2.0,-8.0,841.0,-60.0,-267.0,81.0,-14.0,47.0
955,16.0,24.0,-3.0,786.0,-43.0,-262.0,64.0,77.0,80.0
956,9.0,44.0,5.0,709.0,-29.0,-247.0,42.0,146.0,109.0
957,0.0,55.0,6.0,622.0,-22.0,-222.0,6.0,201.0,128.0
958,-12.0,67.0,10.0,534.0,-18.0,-199.0,-34.0,236.0,144.0
959,-15.0,64.0,17.0,453.0,-20.0,-166.0,-55.0,253.0,169.0
960,-19.0,62.0,19.0,395.0,-33.0,-134.0,-63.0,240.0,182.0
961,-21.0,57.0,21.0,355.0,-47.0,-98.0,-67.0,206.0,181.0
962,-15.0,37.0,32.0,316.0,-63.0,-71.0,-66.0,170.0,183.0
963,-16.0,33.0,17.0,282.0,-78.0,-46.0,-60.0,141.0,180.0
964,-15.0,25.0,12.0,241.0,-104.0,-45.0,-62.0,99.0,155.0
965,-13.0,13.0,8.0,189.0,-122.0,-42.0,-48.0,53.0,135.0
966,-11.0,4.0,5.0,129.0,-136.0,-43.0,-29.0,24.0,124.0
967,-2.0,3.0,2.0,80.0,-148.0,-46.0,-8.0,15.0,100.0
968,1.0,1.0,-4.0,48.0,-150.0,-60.0,3.0,6.0,72.0
969,5.0,1.0,-16.0,26.0,-140.0,-69.0,7.0,-2.0,45.0
970,5.0,2.0,-20.0,12.0,-114.0,-75.0,6.0,1.0,25.0
971,0.0,0.0,-27.0,8.0,-80.0,-72.0,8.0,2.0,8.0
972,2.0,0.0,-27.0,22.0,-41.0,-75.0,-4.0,12.0,-11.0
973,-6.0,16.0,-42.0,47.0,8.0,-68.0,-11.0,24.0,-16.0
974,-2.0,3.0,-33.0,85.0,51.0,-59.0,-10.0,30.0,-26.0
975,-2.0,9.0,-31.0,118.0,90.0,-40.0,-10.0,37.0,-35.0
976,4.0,11.0,-39.0,143.0,128.0,-28.0,-6.0,50.0,-45.0
977,2.0,14.0,-40.0,159.0,169.0,-20.0,-6.0,64.0,-57.0
978,1.0,19.0,-38.0,165.0,207.0,-14.0,-5.0,73.0,-60.0
979,2.0,18.0,-44.0,167.0,249.0,-5.0,-9.0,82.0,-67.0
980,-1.0,20.0,-42.0,166.0,291.0,2.0,-11.0,85.0,-60.0
981,-2.0,20.0,-44.0,162.0,334.0,12.0,-7.0,80.0,-63.0
982,0.0,17.0,-43.0,154.0,375.0,20.0,-8.0,76.0,-62.0
983,1.0,15.0,-40.0,143.0,423.0,30.0,-4.0,53.0,-70.0
984,-3.0,6.0,-33.0,116.0,459.0,31.0,-7.0,50.0,-82.0
985,-2.0,10.0,-52.0,79.0,489.0,35.0,-16.0,41.0,-106.0
986,0.0,11.0,-57.0,28.0,511.0,34.0,-14.0,39.0,-129.0
987,-1.0,15.0,-62.0,-36.0,524.0,38.0,-17.0,54.0,-155.0
988,-3.0,22.0,-67.0,-108.0,529.0,37.0,-24.0,78.0,-181.0
989,-5.0,27.0,-73.0,-184.0,521.0,39.0,-26.0,84.0,-194.0
990,-7.0,28.0,-72.0,-254.0,501.0,40.0,-31.0,93.0,-203.0
991,-8.0,24.0,-71.0,-304.0,471.0,45.0,-42.0,90.0,-209.0
992,-14.0,21.0,-68.0,-330.0,434.0,50.0,-53.0,90.0,-186.0
993,-16.0,16.0,-68.0,-304.0,384.0,62.0,-65.0,82.0,-180.0
994,-23.0,16.0,-68.0,-238.0,335.0,71.0,-90.0,81.0,-191.0
995,-21.0,5.0,-72.0,-147.0,278.0,89.0,-113.0,75.0,-220.0
996,-33.0,18.0,-93.0,-49.0,210.0,105.0,-132.0,77.0,-261.0
997,-40.0,17.0,-102.0,37.0,139.0,120.0,-153.0,77.0,-308.0
998,-47.0,21.0,-107.0,89.0,74.0,130.0,-198.0,85.0,-337.0
999,-72.0,29.0,-116.0,96.0,7.0,141.0,-286.0,99.0,-388.0
1000,-56.0,28.0,-138.0,39.0,-56.0,160.0,-243.0,81.0,-452.0
1001,-10.0,2.0,-157.0,-69.0,-60.0,207.0,-106.0,-3.0,-509.0
1002,36.0,-32.0,-158.0,-200.0,85.0,264.0,95.0,-153.0,-532.0
1003,80.0,-100.0,-151.0,-350.0,335.0,264.0,240.0,-415.0,-509.0
1004,81.0,-175.0,-120.0,-433.0,626.0,217.0,256.0,-676.0,-409.0
1005,40.0,-236.0,-94.0,-463.0,803.0,196.0,176.0,-908.0,-327.0
1006,7.0,-293.0,-53.0,-484.0,712.0,224.0,74.0,-1107.0,-147.0
1007,-2.0,-377.0,3.0,-459.0,395.0,291.0,6.0,-1356.0,65.0
1008,2.0,-488.0,58.0,-297.0,121.0,374.0,-25.0,-1690.0,278.0
1009,13.0,-574.0,81.0,109.0,132.0,502.0,-17.0,-2097.0,433.0
1010,25.0,-657.0,20.0,694.0,407.0,653.0,10.0,-2496.0,125.0
1011,35.0,-669.0,-138.0,1070.0,739.0,774.0,67.0,-2648.0,-479.0
1012,43.0,-682.0,-272.0,776.0,968.0,789.0,102.0,-2753.0,-1025.0
1013,37.0,-727.0,-282.0,17.0,986.0,674.0,102.0,-2919.0,-1068.0
1014,27.0,-818.0,-197.0,-728.0,870.0,478.0,86.0,-3150.0,-726.0
1015,13.0,-930.0,-113.0,-1099.0,638.0,283.0,51.0,-3471.0,-377.0
1016,-33.0,-1061.0,-41.0,-1069.0,379.0,81.0,-114.0,-3936.0,-135.0
1017,-38.0,-1130.0,33.0,-780.0,192.0,-94.0,-196.0,-4241.0,228.0
1018,-17.0,-1140.0,134.0,-212.0,119.0,-213.0,-104.0,-4208.0,623.0
1019,9.0,-1038.0,126.0,702.0,125.0,-272.0,4.0,-3861.0,634.0
1020,21.0,-927.0,62.0,1620.0,152.0,-253.0,34.0,-3556.0,387.0
1021,18.0,-818.0,15.0,2132.0,199.0,-158.0,41.0,-3209.0,201.0
1022,18.0,-724.0,17.0,2208.0,272.0,-77.0,32.0,-2882.0,165.0
1023,25.0,-653.0,42.0,2027.0,326.0,5.0,58.0,-2531.0,264.0
1024,33.0,-613.0,65.0,1810.0,364.0,75.0,115.0,-2316.0,352.0
1025,39.0,-560.0,70.0,1631.0,385.0,127.0,148.0,-2129.0,370.0
1026,46.0,-505.0,59.0,1496.0,381.0,149.0,161.0,-1943.0,331.0
1027,44.0,-447.0,47.0,1384.0,344.0,169.0,168.0,-1737.0,267.0
1028,39.0,-401.0,25.0,1284.0,269.0,185.0,152.0,-1552.0,192.0
1029,40.0,-362.0,-2.0,1151.0,182.0,219.0,151.0,-1434.0,94.0
1030,40.0,-330.0,-15.0,908.0,92.0,252.0,149.0,-1333.0,44.0
1031,38.0,-327.0,-18.0,567.0,-14.0,261.0,133.0,-1313.0,19.0
1032,30.0,-337.0,-14.0,86.0,-87.0,220.0,103.0,-1346.0,52.0
1033,23.0,-371.0,2.0,-291.0,-126.0,162.0,71.0,-1443.0,92.0
1034,16.0,-413.0,15.0,-598.0,-124.0,82.0,41.0,-1567.0,146.0
1035,17.0,-441.0,27.0,-787.0,-62.0,-10.0,30.0,-1661.0,205.0
1036,20.0,-461.0,31.0,-818.0,54.0,-109.0,50.0,-1741.0,228.0
1037,20.0,-457.0,42.0,-712.0,198.0,-194.0,41.0,-1715.0,229.0
1038,0.0,-434.0,26.0,-513.0,330.0,-254.0,-12.0,-1637.0,219.0
1039,-15.0,-411.0,22.0,-268.0,404.0,-273.0,-71.0,-1521.0,193.0
1040,-33.0,-368.0,11.0,-51.0,393.0,-273.0,-134.0,-1386.0,144.0
1041,-42.0,-327.0,3.0,110.0,286.0,-241.0,-159.0,-1249.0,113.0
1042,-45.0,-291.0,-6.0,148.0,155.0,-197.0,-170.0,-1126.0,84.0
1043,-49.0,-253.0,-8.0,124.0,19.0,-139.0,-180.0,-989.0,74.0
1044,-44.0,-221.0,-11.0,69.0,-107.0,-88.0,-186.0,-872.0,50.0
1045,-45.0,-200.0,-19.0,-13.0,-215.0,-49.0,-161.0,-786.0,30.0
1046,-45.0,-177.0,-28.0,-106.0,-301.0,-40.0,-184.0,-701.0,7.0
1047,-35.0,-163.0,-26.0,-204.0,-366.0,-28.0,-160.0,-632.0,-14.0
1048,-39.0,-150.0,-40.0,-288.0,-420.0,-30.0,-143.0,-584.0,-37.0
1049,-21.0,-140.0,-39.0,-354.0,-463.0,-38.0,-88.0,-542.0,-63.0
1050,-16.0,-133.0,-41.0,-404.0,-490.0,-66.0,-70.0,-515.0,-59.0
1051,-6.0,-130.0,-41.0,-437.0,-504.0,-94.0,-35.0,-503.0,-50.0
1052,-2.0,-130.0,-38.0,-446.0,-504.0,-127.0,-18.0,-501.0,-44.0
1053,8.0,-129.0,-32.0,-443.0,-506.0,-146.0,10.0,-491.0,-29.0
1054,12.0,-129.0,-30.0,-438.0,-504.0,-165.0,49.0,-495.0,-20.0
1055,22.0,-128.0,-30.0,-441.0,-509.0,-179.0,66.0,-500.0,-13.0
1056,25.0,-134.0,-32.0,-455.0,-512.0,-200.0,93.0,-515.0,-10.0
1057,33.0,-136.0,-30.0,-487.0,-511.0,-210.0,99.0,-520.0,-15.0
1058,35.0,-137.0,-28.0,-529.0,-504.0,-206.0,110.0,-526.0,-15.0
1059,44.0,-139.0,-33.0,-570.0,-493.0,-191.0,122.0,-546.0,-20.0
1060,42.0,-140.0,-36.0,-603.0,-473.0,-169.0,139.0,-547.0,-29.0
1061,47.0,-148.0,-37.0,-619.0,-446.0,-151.0,160.0,-571.0,-42.0
1062,49.0,-157.0,-38.0,-615.0,-406.0,-140.0,165.0,-613.0,-67.0
1063,50.0,-168.0,-45.0,-604.0,-352.0,-123.0,171.0,-649.0,-78.0
1064,48.0,-177.0,-50.0,-583.0,-291.0,-111.0,162.0,-680.0,-92.0
1065,46.0,-190.0,-52.0,-551.0,-230.0,-100.0,149.0,-706.0,-99.0
1066,37.0,-193.0,-47.0,-511.0,-168.0,-93.0,132.0,-736.0,-110.0
1067,36.0,-200.0,-49.0,-465.0,-109.0,-81.0,108.0,-778.0,-111.0
1068,26.0,-218.0,-50.0,-422.0,-60.0,-65.0,82.0,-814.0,-111.0
1069,19.0,-224.0,-53.0,-381.0,-19.0,-42.0,55.0,-850.0,-116.0
1070,2.0,-232.0,-43.0,-342.0,20.0,-17.0,34.0,-887.0,-128.0
1071,15.0,-242.0,-59.0,-322.0,50.0,3.0,21.0,-914.0,-126.0
1072,10.0,-247.0,-57.0,-303.0,78.0,11.0,11.0,-938.0,-119.0
1073,9.0,-255.0,-52.0,-282.0,99.0,21.0,8.0,-970.0,-115.0
1074,10.0,-258.0,-49.0,-256.0,115.0,22.0,10.0,-994.0,-89.0
1075,7.0,-262.0,-41.0,-225.0,121.0,21.0,10.0,-1010.0,-65.0
1076,11.0,-267.0,-33.0,-192.0,125.0,13.0,11.0,-1022.0,-44.0
1077,8.0,-271.0,-34.0,-157.0,122.0,6.0,17.0,-1043.0,-28.0
1078,12.0,-275.0,-27.0,-122.0,111.0,-9.0,20.0,-1051.0,4.0
1079,10.0,-278.0,-18.0,-86.0,95.0,-24.0,25.0,-1066.0,26.0
1080,16.0,-277.0,-14.0,-39.0,69.0,-40.0,30.0,-1072.0,40.0
1081,24.0,-284.0,-3.0,2.0,42.0,-46.0,42.0,-1080.0,43.0
1082,13.0,-281.0,-18.0,35.0,14.0,-54.0,44.0,-1089.0,41.0
1083,16.0,-283.0,-24.0,48.0,-10.0,-54.0,50.0,-1090.0,23.0
1084,18.0,-281.0,-29.0,45.0,-25.0,-57.0,49.0,-1085.0,10.0
1085,17.0,-280.0,-26.0,22.0,-28.0,-51.0,48.0,-1078.0,-11.0
1086,20.0,-281.0,-30.0,-9.0,-24.0,-50.0,48.0,-1080.0,-14.0
1087,20.0,-281.0,-25.0,-37.0,-15.0,-40.0,61.0,-1087.0,-9.0
1088,16.0,-282.0,-26.0,-54.0,-7.0,-32.0,64.0,-1091.0,-2.0
1089,19.0,-284.0,-24.0,-56.0,2.0,-14.0,70.0,-1095.0,6.0
1090,25.0,-279.0,-23.0,-49.0,9.0,-2.0,65.0,-1080.0,2.0
1091,17.0,-269.0,-34.0,-46.0,18.0,16.0,69.0,-1068.0,3.0
1092,25.0,-272.0,-26.0,-51.0,28.0,27.0,71.0,-1052.0,0.0
1093,23.0,-269.0,-29.0,-58.0,44.0,39.0,71.0,-1028.0,-2.0
1094,23.0,-262.0,-27.0,-65.0,64.0,44.0,72.0,-1017.0,-5.0
1095,21.0,-260.0,-26.0,-70.0,91.0,49.0,73.0,-1001.0,1.0
1096,21.0,-254.0,-25.0,-75.0,116.0,41.0,66.0,-985.0,-4.0
1097,20.0,-249.0,-23.0,-84.0,141.0,35.0,63.0,-966.0,-6.0
1098,24.0,-245.0,-25.0,-95.0,165.0,18.0,62.0,-946.0,-4.0
1099,17.0,-246.0,-27.0,-117.0,192.0,2.0,47.0,-937.0,-7.0
1100,16.0,-242.0,-28.0,-137.0,207.0,-23.0,35.0,-923.0,-7.0
1101,10.0,-240.0,-25.0,-162.0,217.0,-44.0,23.0,-924.0,-2.0
1102,3.0,-234.0,-45.0,-177.0,217.0,-65.0,10.0,-915.0,0.0
1103,3.0,-237.0,-28.0,-182.0,211.0,-78.0,5.0,-902.0,-9.0
1104,2.0,-230.0,-33.0,-179.0,198.0,-92.0,4.0,-882.0,-28.0
1105,6.0,-227.0,-39.0,-175.0,186.0,-99.0,-3.0,-872.0,-44.0
1106,3.0,-221.0,-43.0,-174.0,177.0,-110.0,0.0,-853.0,-63.0
1107,2.0,-214.0,-44.0,-173.0,169.0,-114.0,3.0,-828.0,-74.0
1108,4.0,-208.0,-48.0,-172.0,165.0,-121.0,7.0,-807.0,-83.0
1109,6.0,-206.0,-50.0,-166.0,163.0,-119.0,4.0,-789.0,-97.0
1110,4.0,-198.0,-54.0,-165.0,162.0,-116.0,4.0,-770.0,-103.0
1111,5.0,-195.0,-50.0,-162.0,161.0,-110.0,11.0,-764.0,-100.0
1112,10.0,-195.0,-46.0,-159.0,162.0,-107.0,19.0,-755.0,-96.0
1113,6.0,-201.0,-36.0,-155.0,168.0,-97.0,25.0,-757.0,-100.0
1114,14.0,-193.0,-53.0,-155.0,177.0,-91.0,32.0,-756.0,-100.0
1115,15.0,-198.0,-50.0,-159.0,188.0,-80.0,35.0,-762.0,-101.0
1116,15.0,-198.0,-51.0,-169.0,200.0,-73.0,42.0,-774.0,-98.0
1117,17.0,-206.0,-51.0,-189.0,213.0,-63.0,45.0,-803.0,-100.0
1118,17.0,-213.0,-48.0,-218.0,228.0,-58.0,50.0,-822.0,-101.0
1119,16.0,-218.0,-53.0,-251.0,236.0,-53.0,49.0,-841.0,-97.0
1120,20.0,-226.0,-51.0,-268.0,242.0,-50.0,57.0,-868.0,-98.0
1121,19.0,-232.0,-51.0,-278.0,243.0,-46.0,51.0,-890.0,-106.0
1122,17.0,-241.0,-52.0,-277.0,241.0,-42.0,44.0,-923.0,-103.0
1123,19.0,-249.0,-51.0,-267.0,241.0,-31.0,47.0,-946.0,-100.0
1124,36.0,-253.0,-64.0,-243.0,245.0,-26.0,50.0,-972.0,-99.0
1125,19.0,-261.0,-53.0,-211.0,243.0,-17.0,49.0,-986.0,-108.0
1126,18.0,-257.0,-53.0,-172.0,239.0,-13.0,43.0,-992.0,-104.0
1127,19.0,-259.0,-52.0,-130.0,233.0,-3.0,45.0,-995.0,-107.0
1128,15.0,-261.0,-53.0,-79.0,227.0,-2.0,46.0,-997.0,-109.0
1129,14.0,-261.0,-56.0,-46.0,227.0,0.0,44.0,-999.0,-116.0
1130,17.0,-261.0,-54.0,-19.0,232.0,-4.0,44.0,-1001.0,-111.0
1131,13.0,-258.0,-58.0,2.0,240.0,-7.0,39.0,-997.0,-115.0
1132,14.0,-258.0,-56.0,19.0,248.0,-18.0,38.0,-989.0,-112.0
1133,17.0,-254.0,-57.0,31.0,251.0,-27.0,35.0,-987.0,-112.0
1134,10.0,-252.0,-55.0,38.0,250.0,-39.0,26.0,-977.0,-111.0
1135,9.0,-254.0,-45.0,40.0,244.0,-47.0,28.0,-964.0,-111.0
1136,7.0,-247.0,-55.0,34.0,236.0,-62.0,22.0,-952.0,-112.0
1137,8.0,-243.0,-55.0,19.0,225.0,-71.0,16.0,-937.0,-110.0
1138,11.0,-240.0,-52.0,1.0,206.0,-82.0,21.0,-912.0,-105.0
1139,9.0,-235.0,-49.0,-14.0,190.0,-84.0,28.0,-906.0,-106.0
1140,8.0,-234.0,-52.0,-26.0,174.0,-88.0,20.0,-894.0,-94.0
1141,8.0,-235.0,-48.0,-36.0,160.0,-86.0,20.0,-893.0,-93.0
1142,11.0,-233.0,-51.0,-53.0,147.0,-85.0,24.0,-894.0,-89.0
1143,11.0,-236.0,-47.0,-68.0,136.0,-77.0,22.0,-900.0,-90.0
1144,9.0,-239.0,-49.0,-88.0,129.0,-71.0,22.0,-915.0,-93.0
1145,11.0,-240.0,-53.0,-113.0,124.0,-60.0,30.0,-930.0,-98.0
1146,25.0,-253.0,-46.0,-141.0,119.0,-51.0,29.0,-954.0,-103.0
1147,13.0,-255.0,-53.0,-173.0,115.0,-29.0,21.0,-989.0,-114.0
1148,11.0,-260.0,-57.0,-205.0,104.0,-15.0,26.0,-1011.0,-120.0
1149,8.0,-265.0,-58.0,-218.0,87.0,5.0,23.0,-1026.0,-126.0
1150,8.0,-272.0,-60.0,-219.0,70.0,22.0,17.0,-1044.0,-132.0
1151,7.0,-272.0,-60.0,-214.0,53.0,44.0,18.0,-1060.0,-137.0
1152,9.0,-279.0,-59.0,-202.0,37.0,57.0,8.0,-1065.0,-143.0
1153,4.0,-278.0,-60.0,-186.0,24.0,72.0,11.0,-1066.0,-144.0
1154,7.0,-274.0,-62.0,-163.0,13.0,77.0,12.0,-1068.0,-142.0
1155,8.0,-278.0,-62.0,-141.0,1.0,84.0,19.0,-1070.0,-147.0
1156,20.0,-273.0,-61.0,-121.0,-13.0,80.0,30.0,-1061.0,-140.0
1157,16.0,-273.0,-58.0,-94.0,-26.0,75.0,34.0,-1051.0,-135.0
1158,18.0,-265.0,-57.0,-65.0,-34.0,62.0,47.0,-1031.0,-131.0
1159,20.0,-264.0,-58.0,-39.0,-39.0,53.0,56.0,-1021.0,-116.0
1160,20.0,-262.0,-51.0,-13.0,-37.0,41.0,62.0,-1004.0,-107.0
1161,23.0,-257.0,-52.0,7.0,-27.0,32.0,73.0,-993.0,-104.0
1162,26.0,-256.0,-53.0,22.0,-14.0,20.0,74.0,-991.0,-98.0
1163,25.0,-256.0,-48.0,36.0,0.0,14.0,79.0,-993.0,-89.0
1164,22.0,-253.0,-47.0,45.0,8.0,4.0,73.0,-992.0,-83.0
1165,24.0,-257.0,-46.0,45.0,12.0,-2.0,68.0,-993.0,-76.0
1166,23.0,-255.0,-39.0,40.0,11.0,-11.0,72.0,-989.0,-68.0
1167,5.0,-233.0,-57.0,29.0,11.0,-14.0,62.0,-976.0,-58.0
1168,16.0,-253.0,-34.0,31.0,17.0,-21.0,58.0,-967.0,-50.0
1169,16.0,-247.0,-36.0,40.0,20.0,-21.0,50.0,-946.0,-39.0
1170,16.0,-244.0,-33.0,57.0,25.0,-27.0,43.0,-933.0,-30.0
1171,13.0,-241.0,-31.0,74.0,27.0,-25.0,31.0,-920.0,-27.0
1172,10.0,-238.0,-28.0,89.0,29.0,-29.0,24.0,-902.0,-19.0
1173,13.0,-237.0,-29.0,97.0,30.0,-28.0,21.0,-898.0,-22.0
1174,8.0,-233.0,-28.0,94.0,30.0,-30.0,16.0,-891.0,-22.0
1175,10.0,-233.0,-30.0,82.0,31.0,-28.0,12.0,-893.0,-20.0
1176,8.0,-234.0,-30.0,63.0,31.0,-30.0,12.0,-896.0,-19.0
1177,7.0,-232.0,-29.0,38.0,28.0,-26.0,14.0,-901.0,-19.0
1178,6.0,-242.0,-21.0,20.0,22.0,-27.0,17.0,-903.0,-20.0
1179,13.0,-240.0,-33.0,5.0,17.0,-22.0,22.0,-910.0,-26.0
1180,10.0,-239.0,-32.0,-7.0,11.0,-23.0,29.0,-928.0,-27.0
1181,13.0,-240.0,-33.0,-18.0,6.0,-19.0,32.0,-929.0,-35.0
1182,15.0,-243.0,-33.0,-27.0,-1.0,-19.0,40.0,-929.0,-40.0
1183,15.0,-244.0,-39.0,-38.0,-6.0,-13.0,44.0,-932.0,-50.0
1184,16.0,-245.0,-41.0,-50.0,-12.0,-11.0,44.0,-932.0,-59.0
1185,19.0,-245.0,-42.0,-61.0,-19.0,-3.0,47.0,-931.0,-62.0
1186,12.0,-245.0,-47.0,-80.0,-28.0,2.0,40.0,-938.0,-73.0
1187,15.0,-247.0,-44.0,-96.0,-38.0,10.0,33.0,-937.0,-82.0
1188,14.0,-246.0,-46.0,-115.0,-49.0,10.0,36.0,-939.0,-84.0
1189,4.0,-257.0,-33.0,-132.0,-56.0,14.0,29.0,-950.0,-83.0
1190,10.0,-249.0,-49.0,-145.0,-61.0,11.0,27.0,-950.0,-89.0
1191,12.0,-253.0,-52.0,-152.0,-61.0,11.0,30.0,-958.0,-95.0
1192,15.0,-252.0,-50.0,-153.0,-59.0,5.0,37.0,-971.0,-98.0
1193,16.0,-254.0,-53.0,-149.0,-52.0,5.0,42.0,-968.0,-100.0
1194,18.0,-256.0,-54.0,-142.0,-43.0,-2.0,45.0,-958.0,-103.0
1195,17.0,-253.0,-54.0,-131.0,-37.0,-2.0,50.0,-961.0,-108.0
1196,18.0,-253.0,-53.0,-119.0,-30.0,-5.0,48.0,-953.0,-112.0
1197,17.0,-252.0,-51.0,-109.0,-23.0,-1.0,50.0,-956.0,-116.0
1198,22.0,-251.0,-59.0,-108.0,-19.0,0.0,45.0,-968.0,-115.0
1199,17.0,-254.0,-54.0,-107.0,-17.0,6.0,49.0,-953.0,-113.0
1200,11.0,-257.0,-43.0,-110.0,-18.0,8.0,55.0,-954.0,-115.0
1201,22.0,-252.0,-52.0,-112.0,-16.0,17.0,56.0,-957.0,-112.0
1202,20.0,-250.0,-51.0,-113.0,-10.0,19.0,54.0,-975.0,-114.0
1203,18.0,-251.0,-57.0,-111.0,1.0,24.0,55.0,-956.0,-107.0
1204,19.0,-250.0,-53.0,-105.0,17.0,24.0,66.0,-968.0,-108.0
1205,23.0,-252.0,-54.0,-97.0,36.0,26.0,58.0,-965.0,-111.0
1206,21.0,-254.0,-53.0,-90.0,52.0,24.0,63.0,-975.0,-117.0
1207,23.0,-253.0,-52.0,-85.0,63.0,24.0,62.0,-979.0,-119.0
1208,20.0,-251.0,-57.0,-80.0,69.0,18.0,61.0,-975.0,-130.0
1209,21.0,-252.0,-59.0,-79.0,70.0,13.0,62.0,-971.0,-129.0
1210,19.0,-249.0,-56.0,-75.0,71.0,4.0,57.0,-961.0,-125.0
1211,40.0,-232.0,-72.0,-75.0,71.0,1.0,56.0,-955.0,-120.0
1212,18.0,-250.0,-58.0,-75.0,71.0,-7.0,49.0,-950.0,-124.0
1213,16.0,-250.0,-52.0,-78.0,74.0,-8.0,43.0,-953.0,-110.0
1214,20.0,-254.0,-53.0,-80.0,78.0,-14.0,41.0,-955.0,-108.0
1215,14.0,-254.0,-53.0,-75.0,80.0,-13.0,34.0,-976.0,-102.0
1216,13.0,-257.0,-52.0,-68.0,82.0,-14.0,34.0,-981.0,-101.0
1217,13.0,-256.0,-48.0,-55.0,84.0,-9.0,31.0,-989.0,-102.0
1218,12.0,-256.0,-48.0,-35.0,85.0,-10.0,32.0,-994.0,-105.0
1219,10.0,-257.0,-53.0,-12.0,87.0,-7.0,28.0,-992.0,-104.0
1220,14.0,-257.0,-53.0,11.0,87.0,-6.0,29.0,-989.0,-105.0
1221,14.0,-255.0,-56.0,35.0,86.0,-1.0,30.0,-991.0,-106.0
1222,13.0,-253.0,-61.0,53.0,85.0,-1.0,30.0,-984.0,-116.0
1223,9.0,-253.0,-54.0,67.0,79.0,4.0,17.0,-977.0,-113.0
1224,12.0,-253.0,-58.0,76.0,70.0,2.0,21.0,-975.0,-122.0
1225,10.0,-251.0,-58.0,83.0,63.0,5.0,22.0,-956.0,-118.0
1226,10.0,-253.0,-57.0,84.0,56.0,4.0,15.0,-959.0,-122.0
1227,7.0,-248.0,-57.0,83.0,47.0,7.0,20.0,-952.0,-114.0
1228,10.0,-247.0,-52.0,79.0,39.0,6.0,15.0,-947.0,-121.0
1229,11.0,-245.0,-55.0,73.0,33.0,8.0,14.0,-940.0,-117.0
1230,9.0,-244.0,-58.0,64.0,27.0,7.0,14.0,-931.0,-116.0
1231,10.0,-245.0,-54.0,50.0,20.0,9.0,17.0,-930.0,-117.0
1232,17.0,-250.0,-41.0,34.0,16.0,6.0,19.0,-929.0,-111.0
1233,11.0,-246.0,-56.0,18.0,14.0,9.0,19.0,-926.0,-105.0
1234,11.0,-244.0,-54.0,4.0,9.0,6.0,20.0,-934.0,-102.0
1235,12.0,-244.0,-48.0,-9.0,7.0,9.0,23.0,-935.0,-95.0
1236,10.0,-246.0,-49.0,-17.0,4.0,9.0,19.0,-940.0,-91.0
1237,8.0,-247.0,-46.0,-19.0,-1.0,10.0,18.0,-945.0,-82.0
1238,11.0,-248.0,-47.0,-21.0,-6.0,6.0,24.0,-944.0,-75.0
1239,11.0,-249.0,-49.0,-20.0,-10.0,7.0,25.0,-945.0,-80.0
1240,15.0,-247.0,-47.0,-19.0,-11.0,4.0,35.0,-952.0,-89.0
1241,15.0,-248.0,-51.0,-22.0,-12.0,5.0,42.0,-947.0,-93.0
1242,16.0,-246.0,-52.0,-25.0,-11.0,2.0,39.0,-945.0,-99.0
1243,12.0,-248.0,-34.0,-31.0,-8.0,3.0,46.0,-951.0,-106.0
1244,18.0,-251.0,-51.0,-34.0,-5.0,0.0,52.0,-947.0,-113.0
1245,18.0,-250.0,-51.0,-33.0,-4.0,2.0,54.0,-952.0,-118.0
1246,18.0,-248.0,-58.0,-33.0,-3.0,-2.0,53.0,-950.0,-120.0
1247,19.0,-250.0,-52.0,-31.0,-1.0,-1.0,56.0,-949.0,-113.0
1248,18.0,-245.0,-55.0,-21.0,-1.0,-3.0,56.0,-945.0,-112.0
1249,18.0,-248.0,-55.0,-8.0,1.0,-2.0,50.0,-940.0,-120.0
1250,19.0,-248.0,-58.0,4.0,3.0,-4.0,48.0,-934.0,-111.0
1251,16.0,-248.0,-51.0,11.0,5.0,-4.0,48.0,-941.0,-109.0
1252,18.0,-246.0,-57.0,11.0,6.0,-9.0,45.0,-933.0,-112.0
1253,16.0,-244.0,-51.0,8.0,11.0,-7.0,44.0,-946.0,-110.0
1254,32.0,-240.0,-46.0,1.0,14.0,-10.0,51.0,-933.0,-108.0
1255,15.0,-244.0,-55.0,-8.0,18.0,-7.0,44.0,-937.0,-114.0
1256,14.0,-250.0,-57.0,-15.0,20.0,-9.0,40.0,-945.0,-111.0
1257,15.0,-250.0,-54.0,-22.0,21.0,-7.0,42.0,-951.0,-110.0
1258,14.0,-252.0,-53.0,-24.0,21.0,-13.0,46.0,-962.0,-112.0
1259,17.0,-253.0,-53.0,-24.0,20.0,-12.0,42.0,-975.0,-111.0
1260,15.0,-252.0,-57.0,-21.0,18.0,-15.0,41.0,-977.0,-111.0
1261,13.0,-252.0,-54.0,-16.0,12.0,-14.0,38.0,-974.0,-118.0
1262,11.0,-253.0,-54.0,-11.0,6.0,-16.0,32.0,-966.0,-114.0
1263,16.0,-253.0,-57.0,-6.0,-2.0,-16.0,29.0,-963.0,-115.0
1264,8.0,-249.0,-59.0,-1.0,-7.0,-19.0,27.0,-961.0,-126.0
1265,12.0,-241.0,-66.0,-1.0,-13.0,-19.0,33.0,-950.0,-121.0
1266,11.0,-249.0,-56.0,-1.0,-15.0,-22.0,28.0,-948.0,-114.0
1267,11.0,-243.0,-56.0,-1.0,-18.0,-20.0,22.0,-939.0,-122.0
1268,12.0,-246.0,-55.0,-4.0,-19.0,-24.0,27.0,-942.0,-125.0
1269,11.0,-243.0,-58.0,-9.0,-19.0,-21.0,27.0,-940.0,-129.0
1270,13.0,-245.0,-54.0,-13.0,-18.0,-24.0,28.0,-941.0,-133.0
1271,13.0,-246.0,-58.0,-20.0,-16.0,-22.0,36.0,-941.0,-132.0
1272,13.0,-249.0,-59.0,-21.0,-13.0,-24.0,39.0,-946.0,-125.0
1273,15.0,-244.0,-63.0,-20.0,-9.0,-22.0,43.0,-948.0,-130.0
1274,15.0,-249.0,-59.0,-19.0,-5.0,-24.0,42.0,-958.0,-132.0
1275,14.0,-250.0,-56.0,-14.0,-1.0,-22.0,44.0,-957.0,-136.0
1276,28.0,-256.0,-49.0,-4.0,1.0,-23.0,45.0,-959.0,-123.0
1277,18.0,-254.0,-54.0,5.0,2.0,-20.0,49.0,-965.0,-124.0
1278,17.0,-255.0,-57.0,13.0,1.0,-21.0,50.0,-976.0,-121.0
1279,17.0,-254.0,-57.0,23.0,2.0,-17.0,45.0,-962.0,-111.0
1280,17.0,-253.0,-52.0,31.0,1.0,-16.0,47.0,-955.0,-109.0
1281,19.0,-252.0,-55.0,36.0,3.0,-14.0,52.0,-959.0,-104.0
1282,18.0,-251.0,-49.0,38.0,5.0,-12.0,49.0,-952.0,-104.0
1283,19.0,-247.0,-52.0,34.0,9.0,-8.0,50.0,-946.0,-100.0
1284,16.0,-244.0,-52.0,25.0,10.0,-9.0,46.0,-943.0,-105.0
1285,14.0,-247.0,-50.0,14.0,14.0,-7.0,43.0,-941.0,-100.0
1286,18.0,-245.0,-52.0,1.0,19.0,-8.0,43.0,-938.0,-99.0
1287,9.0,-234.0,-71.0,-12.0,23.0,-5.0,43.0,-940.0,-98.0
1288,17.0,-246.0,-51.0,-24.0,27.0,-8.0,44.0,-944.0,-97.0
1289,14.0,-246.0,-49.0,-31.0,31.0,-8.0,38.0,-939.0,-94.0
1290,13.0,-248.0,-49.0,-36.0,34.0,-12.0,38.0,-943.0,-89.0
1291,15.0,-245.0,-49.0,-39.0,36.0,-10.0,34.0,-941.0,-90.0
1292,12.0,-248.0,-43.0,-36.0,40.0,-12.0,31.0,-945.0,-94.0
1293,11.0,-245.0,-51.0,-32.0,42.0,-10.0,30.0,-939.0,-91.0
1294,11.0,-250.0,-50.0,-28.0,45.0,-11.0,30.0,-945.0,-98.0
1295,13.0,-247.0,-53.0,-23.0,48.0,-10.0,24.0,-942.0,-104.0
1296,9.0,-248.0,-49.0,-21.0,50.0,-12.0,29.0,-949.0,-98.0
1297,11.0,-247.0,-53.0,-19.0,51.0,-8.0,24.0,-953.0,-102.0
1298,13.0,-263.0,-46.0,-16.0,53.0,-9.0,26.0,-949.0,-105.0
1299,11.0,-252.0,-54.0,-18.0,51.0,-6.0,26.0,-962.0,-104.0
1300,13.0,-253.0,-52.0,-22.0,51.0,-7.0,27.0,-958.0,-106.0
1301,14.0,-249.0,-52.0,-26.0,50.0,-5.0,25.0,-954.0,-104.0
1302,9.0,-249.0,-53.0,-29.0,49.0,-6.0,26.0,-957.0,-98.0
1303,10.0,-252.0,-52.0,-34.0,48.0,-3.0,20.0,-961.0,-104.0
1304,7.0,-251.0,-53.0,-37.0,45.0,-4.0,18.0,-957.0,-110.0
1305,8.0,-253.0,-52.0,-39.0,41.0,-2.0,20.0,-961.0,-107.0
1306,6.0,-254.0,-57.0,-37.0,35.0,-5.0,17.0,-962.0,-111.0
1307,11.0,-248.0,-55.0,-36.0,30.0,-4.0,18.0,-962.0,-115.0
1308,10.0,-248.0,-56.0,-35.0,24.0,-7.0,24.0,-958.0,-119.0
1309,12.0,-244.0,-67.0,-37.0,24.0,-6.0,21.0,-952.0,-121.0
1310,11.0,-249.0,-59.0,-42.0,23.0,-11.0,20.0,-956.0,-126.0
1311,11.0,-249.0,-58.0,-50.0,24.0,-11.0,20.0,-950.0,-120.0
1312,10.0,-249.0,-60.0,-56.0,26.0,-16.0,23.0,-951.0,-117.0
1313,12.0,-248.0,-57.0,-62.0,27.0,-16.0,22.0,-950.0,-108.0
1314,11.0,-249.0,-55.0,-61.0,26.0,-18.0,21.0,-953.0,-104.0
1315,10.0,-253.0,-52.0,-58.0,27.0,-15.0,20.0,-954.0,-98.0
1316,11.0,-250.0,-50.0,-53.0,28.0,-19.0,22.0,-953.0,-99.0
1317,10.0,-248.0,-48.0,-47.0,29.0,-15.0,22.0,-947.0,-103.0
1318,13.0,-252.0,-48.0,-39.0,30.0,-17.0,27.0,-955.0,-103.0
1319,13.0,-250.0,-56.0,-34.0,30.0,-14.0,30.0,-961.0,-109.0
1320,22.0,-246.0,-74.0,-31.0,32.0,-15.0,32.0,-964.0,-105.0
1321,16.0,-249.0,-58.0,-29.0,32.0,-12.0,33.0,-954.0,-114.0
1322,14.0,-251.0,-53.0,-29.0,32.0,-14.0,33.0,-953.0,-108.0
1323,13.0,-250.0,-54.0,-29.0,31.0,-11.0,38.0,-958.0,-108.0
1324,13.0,-250.0,-53.0,-30.0,32.0,-11.0,35.0,-958.0,-111.0
1325,11.0,-252.0,-52.0,-29.0,33.0,-8.0,38.0,-964.0,-113.0
1326,13.0,-251.0,-51.0,-27.0,32.0,-10.0,30.0,-955.0,-104.0
1327,13.0,-250.0,-52.0,-25.0,31.0,-8.0,31.0,-961.0,-111.0
1328,14.0,-253.0,-55.0,-24.0,29.0,-9.0,29.0,-951.0,-110.0
1329,12.0,-248.0,-53.0,-22.0,29.0,-9.0,25.0,-945.0,-113.0
1330,13.0,-251.0,-59.0,-22.0,29.0,-12.0,28.0,-941.0,-114.0
1331,0.0,-242.0,-53.0,-24.0,28.0,-11.0,26.0,-943.0,-118.0
1332,14.0,-245.0,-59.0,-27.0,30.0,-13.0,26.0,-942.0,-118.0
1333,11.0,-247.0,-55.0,-30.0,32.0,-13.0,33.0,-939.0,-124.0
1334,10.0,-247.0,-53.0,-33.0,35.0,-13.0,37.0,-945.0,-122.0
1335,15.0,-249.0,-57.0,-37.0,38.0,-11.0,39.0,-944.0,-116.0
1336,15.0,-249.0,-55.0,-40.0,44.0,-13.0,48.0,-945.0,-118.0
1337,17.0,-244.0,-59.0,-40.0,49.0,-11.0,47.0,-951.0,-117.0
1338,19.0,-251.0,-55.0,-38.0,54.0,-13.0,51.0,-953.0,-117.0
1339,14.0,-252.0,-52.0,-36.0,59.0,-9.0,51.0,-952.0,-117.0
1340,18.0,-253.0,-55.0,-33.0,63.0,-9.0,51.0,-964.0,-117.0
1341,19.0,-244.0,-64.0,-31.0,64.0,-5.0,49.0,-959.0,-116.0
1342,18.0,-251.0,-54.0,-30.0,64.0,-4.0,49.0,-974.0,-120.0
1343,19.0,-255.0,-58.0,-31.0,61.0,0.0,52.0,-976.0,-120.0
1344,18.0,-250.0,-58.0,-34.0,58.0,1.0,47.0,-973.0,-127.0
1345,18.0,-252.0,-63.0,-34.0,55.0,7.0,42.0,-971.0,-133.0
1346,18.0,-252.0,-56.0,-37.0,52.0,6.0,40.0,-960.0,-131.0
1347,15.0,-252.0,-59.0,-40.0,50.0,12.0,41.0,-954.0,-128.0
1348,13.0,-247.0,-59.0,-43.0,48.0,11.0,39.0,-957.0,-136.0
1349,13.0,-250.0,-61.0,-45.0,46.0,14.0,38.0,-954.0,-131.0
1350,21.0,-245.0,-56.0,-47.0,48.0,14.0,41.0,-947.0,-135.0
1351,19.0,-253.0,-56.0,-45.0,51.0,14.0,31.0,-948.0,-131.0
1352,39.0,-265.0,-62.0,-43.0,54.0,12.0,39.0,-943.0,-134.0
1353,18.0,-248.0,-59.0,-40.0,59.0,12.0,44.0,-942.0,-124.0
1354,16.0,-249.0,-56.0,-35.0,62.0,10.0,45.0,-947.0,-132.0
1355,16.0,-248.0,-59.0,-31.0,65.0,10.0,40.0,-950.0,-123.0
1356,18.0,-250.0,-60.0,-29.0,65.0,6.0,40.0,-946.0,-132.0
1357,18.0,-249.0,-54.0,-24.0,67.0,7.0,43.0,-948.0,-128.0
1358,14.0,-247.0,-57.0,-21.0,68.0,5.0,42.0,-944.0,-131.0
1359,18.0,-251.0,-57.0,-18.0,69.0,3.0,42.0,-946.0,-129.0
1360,17.0,-247.0,-60.0,-16.0,71.0,3.0,41.0,-948.0,-134.0
1361,15.0,-244.0,-61.0,-17.0,72.0,3.0,40.0,-947.0,-130.0
1362,15.0,-245.0,-57.0,-17.0,71.0,0.0,37.0,-942.0,-128.0
1363,7.0,-245.0,-50.0,-20.0,73.0,0.0,37.0,-947.0,-132.0
1364,15.0,-248.0,-59.0,-20.0,75.0,-1.0,37.0,-949.0,-129.0
1365,16.0,-247.0,-56.0,-19.0,75.0,0.0,38.0,-947.0,-131.0
1366,13.0,-246.0,-56.0,-20.0,73.0,-2.0,30.0,-949.0,-129.0
1367,15.0,-248.0,-60.0,-21.0,74.0,-2.0,34.0,-944.0,-131.0
1368,14.0,-248.0,-57.0,-20.0,76.0,-3.0,32.0,-948.0,-129.0
1369,12.0,-247.0,-57.0,-17.0,73.0,-2.0,33.0,-950.0,-127.0
1370,13.0,-250.0,-60.0,-19.0,70.0,-4.0,30.0,-947.0,-121.0
1371,14.0,-249.0,-54.0,-18.0,66.0,-3.0,29.0,-946.0,-123.0
1372,13.0,-248.0,-55.0,-17.0,62.0,-6.0,29.0,-944.0,-126.0
1373,12.0,-250.0,-57.0,-15.0,59.0,-5.0,31.0,-948.0,-126.0
1374,10.0,-250.0,-58.0,-13.0,56.0,-7.0,29.0,-950.0,-117.0
1375,13.0,-250.0,-58.0,-10.0,55.0,-6.0,35.0,-947.0,-126.0
1376,12.0,-248.0,-56.0,-9.0,55.0,-8.0,35.0,-950.0,-128.0
1377,10.0,-245.0,-59.0,-11.0,54.0,-6.0,33.0,-949.0,-125.0
1378,13.0,-248.0,-57.0,-12.0,50.0,-9.0,31.0,-945.0,-124.0
1379,13.0,-248.0,-58.0,-10.0,48.0,-6.0,36.0,-950.0,-116.0
1380,13.0,-250.0,-53.0,-10.0,44.0,-7.0,35.0,-952.0,-123.0
1381,10.0,-247.0,-54.0,-8.0,38.0,-4.0,41.0,-950.0,-120.0
1382,11.0,-249.0,-58.0,-7.0,33.0,-4.0,32.0,-968.0,-123.0
1383,11.0,-248.0,-53.0,-6.0,31.0,0.0,32.0,-948.0,-126.0
1384,17.0,-249.0,-57.0,-6.0,27.0,-2.0,38.0,-957.0,-123.0
1385,22.0,-252.0,-51.0,-4.0,26.0,-1.0,36.0,-948.0,-118.0
1386,16.0,-248.0,-57.0,-2.0,25.0,-1.0,39.0,-954.0,-122.0
1387,15.0,-249.0,-57.0,-1.0,21.0,0.0,38.0,-963.0,-130.0
1388,14.0,-248.0,-56.0,1.0,22.0,-2.0,43.0,-950.0,-126.0
1389,15.0,-249.0,-54.0,4.0,23.0,-1.0,44.0,-957.0,-128.0
1390,17.0,-252.0,-57.0,7.0,27.0,-3.0,44.0,-951.0,-124.0
1391,15.0,-249.0,-58.0,8.0,30.0,-3.0,41.0,-953.0,-125.0
1392,17.0,-253.0,-57.0,9.0,34.0,-5.0,46.0,-954.0,-121.0
1393,15.0,-241.0,-62.0,8.0,36.0,-4.0,45.0,-950.0,-130.0
1394,14.0,-245.0,-59.0,7.0,40.0,-7.0,45.0,-944.0,-125.0
1395,16.0,-245.0,-57.0,3.0,44.0,-6.0,44.0,-951.0,-121.0
1396,14.0,-250.0,-53.0,1.0,45.0,-8.0,42.0,-956.0,-128.0
1397,15.0,-250.0,-60.0,-3.0,47.0,-7.0,40.0,-950.0,-125.0
1398,14.0,-249.0,-52.0,-3.0,47.0,-7.0,41.0,-951.0,-123.0
1399,15.0,-252.0,-58.0,-5.0,46.0,-5.0,37.0,-954.0,-122.0
1400,13.0,-252.0,-59.0,-3.0,45.0,-8.0,42.0,-962.0,-123.0
1401,14.0,-252.0,-57.0,-1.0,43.0,-6.0,37.0,-957.0,-121.0
1402,14.0,-252.0,-56.0,5.0,44.0,-8.0,38.0,-955.0,-129.0
1403,15.0,-253.0,-59.0,9.0,45.0,-6.0,38.0,-954.0,-124.0
1404,16.0,-251.0,-55.0,13.0,46.0,-9.0,43.0,-951.0,-118.0
1405,11.0,-249.0,-55.0,15.0,48.0,-9.0,41.0,-950.0,-126.0
1406,14.0,-250.0,-54.0,14.0,51.0,-11.0,37.0,-946.0,-113.0
1407,5.0,-246.0,-50.0,12.0,52.0,-12.0,38.0,-943.0,-110.0
1408,21.0,-249.0,-40.0,8.0,55.0,-13.0,40.0,-953.0,-111.0
1409,14.0,-251.0,-53.0,3.0,55.0,-13.0,34.0,-954.0,-112.0
1410,14.0,-250.0,-53.0,1.0,57.0,-15.0,34.0,-962.0,-112.0
1411,13.0,-250.0,-53.0,-3.0,58.0,-16.0,39.0,-960.0,-111.0
1412,13.0,-251.0,-56.0,-4.0,59.0,-18.0,33.0,-956.0,-107.0
1413,13.0,-248.0,-53.0,-5.0,61.0,-16.0,36.0,-952.0,-104.0
1414,14.0,-250.0,-54.0,-5.0,65.0,-20.0,37.0,-947.0,-108.0
1415,21.0,-248.0,-54.0,-7.0,70.0,-17.0,40.0,-947.0,-102.0
1416,14.0,-249.0,-53.0,-7.0,77.0,-18.0,39.0,-945.0,-100.0
1417,17.0,-247.0,-52.0,-8.0,81.0,-17.0,38.0,-943.0,-105.0
1418,20.0,-251.0,-51.0,-8.0,85.0,-19.0,44.0,-938.0,-104.0
1419,15.0,-248.0,-55.0,-9.0,85.0,-18.0,36.0,-946.0,-112.0
1420,12.0,-249.0,-51.0,-7.0,84.0,-18.0,38.0,-946.0,-114.0
1421,13.0,-248.0,-54.0,-5.0,79.0,-16.0,33.0,-943.0,-121.0
1422,13.0,-250.0,-54.0,-4.0,71.0,-17.0,28.0,-956.0,-123.0
1423,15.0,-252.0,-55.0,-2.0,63.0,-14.0,29.0,-960.0,-119.0
1424,15.0,-251.0,-58.0,-1.0,58.0,-14.0,29.0,-954.0,-127.0
1425,16.0,-251.0,-60.0,4.0,54.0,-12.0,28.0,-958.0,-119.0
1426,13.0,-252.0,-52.0,10.0,53.0,-14.0,25.0,-966.0,-112.0
1427,16.0,-249.0,-56.0,13.0,54.0,-14.0,28.0,-964.0,-107.0
1428,12.0,-248.0,-49.0,17.0,54.0,-15.0,32.0,-956.0,-111.0
1429,3.0,-258.0,-41.0,20.0,55.0,-13.0,29.0,-956.0,-103.0
1430,16.0,-253.0,-53.0,24.0,55.0,-14.0,31.0,-957.0,-100.0
1431,14.0,-250.0,-47.0,24.0,55.0,-11.0,32.0,-954.0,-98.0
1432,14.0,-249.0,-53.0,27.0,57.0,-12.0,28.0,-953.0,-99.0
1433,11.0,-249.0,-52.0,26.0,56.0,-7.0,29.0,-953.0,-103.0
1434,13.0,-251.0,-52.0,27.0,54.0,-9.0,35.0,-948.0,-101.0
1435,13.0,-248.0,-48.0,24.0,53.0,-7.0,31.0,-950.0,-103.0
1436,15.0,-250.0,-52.0,21.0,52.0,-8.0,32.0,-953.0,-108.0
1437,13.0,-252.0,-56.0,17.0,51.0,-6.0,35.0,-948.0,-102.0
1438,13.0,-253.0,-55.0,14.0,51.0,-6.0,32.0,-950.0,-104.0
1439,19.0,-246.0,-64.0,12.0,51.0,-6.0,33.0,-952.0,-104.0
1440,15.0,-250.0,-52.0,11.0,51.0,-6.0,32.0,-950.0,-105.0
1441,13.0,-251.0,-56.0,10.0,52.0,-5.0,29.0,-954.0,-111.0
1442,13.0,-250.0,-54.0,13.0,51.0,-8.0,31.0,-956.0,-109.0
1443,13.0,-248.0,-54.0,14.0,52.0,-6.0,33.0,-954.0,-108.0
1444,12.0,-252.0,-53.0,16.0,53.0,-8.0,31.0,-961.0,-108.0
1445,11.0,-249.0,-54.0,18.0,53.0,-7.0,33.0,-960.0,-109.0
1446,11.0,-252.0,-52.0,18.0,52.0,-7.0,35.0,-960.0,-111.0
1447,11.0,-248.0,-56.0,20.0,51.0,-7.0,33.0,-950.0,-109.0
1448,15.0,-248.0,-60.0,21.0,52.0,-8.0,34.0,-952.0,-111.0
1449,13.0,-250.0,-57.0,22.0,53.0,-8.0,37.0,-953.0,-112.0
1450,14.0,-261.0,-39.0,24.0,53.0,-10.0,37.0,-955.0,-111.0
1451,14.0,-250.0,-53.0,24.0,54.0,-8.0,35.0,-958.0,-110.0
1452,13.0,-247.0,-51.0,26.0,55.0,-8.0,33.0,-958.0,-109.0
1453,13.0,-251.0,-59.0,28.0,56.0,-8.0,31.0,-948.0,-105.0
1454,14.0,-250.0,-54.0,30.0,56.0,-9.0,30.0,-950.0,-106.0
1455,11.0,-251.0,-53.0,29.0,56.0,-8.0,32.0,-950.0,-104.0
1456,16.0,-249.0,-50.0,30.0,55.0,-6.0,39.0,-949.0,-110.0
1457,14.0,-248.0,-56.0,30.0,55.0,-4.0,35.0,-950.0,-108.0
1458,13.0,-248.0,-53.0,30.0,55.0,-5.0,39.0,-948.0,-110.0
1459,13.0,-246.0,-51.0,30.0,53.0,-3.0,36.0,-951.0,-108.0
1460,14.0,-247.0,-55.0,25.0,52.0,-4.0,33.0,-949.0,-111.0
1461,12.0,-248.0,-59.0,21.0,52.0,-1.0,37.0,-947.0,-104.0
1462,15.0,-247.0,-52.0,17.0,49.0,-1.0,41.0,-946.0,-110.0
1463,12.0,-248.0,-53.0,12.0,45.0,1.0,37.0,-947.0,-110.0
1464,13.0,-247.0,-52.0,8.0,42.0,1.0,38.0,-948.0,-113.0
1465,14.0,-248.0,-55.0,6.0,38.0,1.0,38.0,-946.0,-107.0
1466,13.0,-243.0,-52.0,4.0,36.0,1.0,41.0,-945.0,-110.0
1467,14.0,-250.0,-57.0,6.0,30.0,3.0,41.0,-951.0,-115.0
1468,14.0,-248.0,-57.0,6.0,24.0,4.0,36.0,-941.0,-117.0
1469,14.0,-249.0,-57.0,5.0,19.0,5.0,31.0,-945.0,-110.0
1470,14.0,-248.0,-55.0,3.0,14.0,4.0,35.0,-947.0,-111.0
1471,12.0,-250.0,-57.0,0.0,10.0,4.0,31.0,-945.0,-116.0
1472,21.0,-252.0,-48.0,-5.0,6.0,2.0,31.0,-949.0,-104.0
1473,14.0,-250.0,-57.0,-11.0,4.0,2.0,27.0,-943.0,-104.0
1474,11.0,-246.0,-54.0,-19.0,0.0,2.0,29.0,-950.0,-101.0
1475,11.0,-249.0,-51.0,-29.0,-1.0,2.0,26.0,-945.0,-104.0
1476,10.0,-248.0,-48.0,-37.0,-1.0,0.0,30.0,-946.0,-100.0
1477,11.0,-248.0,-47.0,-46.0,-3.0,1.0,31.0,-948.0,-96.0
1478,13.0,-248.0,-53.0,-51.0,-1.0,0.0,28.0,-948.0,-98.0
1479,12.0,-253.0,-51.0,-55.0,0.0,2.0,31.0,-947.0,-92.0
1480,11.0,-249.0,-49.0,-57.0,2.0,0.0,35.0,-951.0,-90.0
1481,16.0,-251.0,-52.0,-57.0,4.0,1.0,33.0,-953.0,-89.0
1482,15.0,-248.0,-49.0,-53.0,8.0,-1.0,40.0,-949.0,-86.0
1483,16.0,-239.0,-64.0,-51.0,14.0,1.0,44.0,-949.0,-84.0
1484,20.0,-250.0,-47.0,-45.0,18.0,1.0,47.0,-946.0,-85.0
1485,17.0,-251.0,-46.0,-42.0,22.0,1.0,47.0,-951.0,-91.0
1486,18.0,-247.0,-50.0,-38.0,26.0,-1.0,52.0,-953.0,-87.0
1487,16.0,-252.0,-46.0,-35.0,31.0,-2.0,44.0,-950.0,-91.0
1488,18.0,-249.0,-51.0,-34.0,34.0,-2.0,48.0,-954.0,-96.0
1489,17.0,-251.0,-49.0,-33.0,36.0,-2.0,44.0,-950.0,-102.0
1490,15.0,-252.0,-47.0,-31.0,38.0,-5.0,44.0,-962.0,-103.0
1491,14.0,-248.0,-51.0,-27.0,38.0,-6.0,42.0,-958.0,-105.0
1492,16.0,-253.0,-54.0,-24.0,39.0,-7.0,43.0,-964.0,-107.0
1493,13.0,-253.0,-52.0,-19.0,43.0,-9.0,41.0,-966.0,-110.0
1494,1.0,-260.0,-37.0,-16.0,46.0,-11.0,42.0,-963.0,-106.0
1495,12.0,-250.0,-52.0,-13.0,51.0,-14.0,42.0,-957.0,-109.0
1496,16.0,-254.0,-51.0,-11.0,55.0,-14.0,36.0,-953.0,-103.0
1497,16.0,-250.0,-51.0,-11.0,61.0,-14.0,40.0,-950.0,-103.0
1498,14.0,-252.0,-54.0,-11.0,66.0,-17.0,40.0,-952.0,-103.0
1499,12.0,-247.0,-47.0,-13.0,70.0,-16.0,41.0,-949.0,-101.0
1500,13.0,-249.0,-52.0,-15.0,72.0,-18.0,41.0,-953.0,-104.0
1501,16.0,-246.0,-53.0,-17.0,75.0,-16.0,44.0,-955.0,-101.0
1502,15.0,-250.0,-53.0,-18.0,77.0,-16.0,40.0,-955.0,-102.0
1503,14.0,-253.0,-52.0,-19.0,77.0,-14.0,39.0,-954.0,-99.0
1504,15.0,-248.0,-49.0,-18.0,74.0,-13.0,39.0,-951.0,-98.0
1505,22.0,-243.0,-62.0,-17.0,72.0,-11.0,39.0,-955.0,-100.0
1506,16.0,-251.0,-49.0,-14.0,69.0,-10.0,39.0,-952.0,-100.0
1507,15.0,-249.0,-48.0,-11.0,64.0,-9.0,41.0,-953.0,-101.0
1508,15.0,-251.0,-52.0,-8.0,63.0,-8.0,44.0,-953.0,-101.0
1509,15.0,-252.0,-52.0,-6.0,60.0,-8.0,42.0,-952.0,-100.0
1510,13.0,-249.0,-51.0,-6.0,59.0,-8.0,42.0,-952.0,-108.0
1511,15.0,-248.0,-54.0,-5.0,57.0,-6.0,38.0,-950.0,-109.0
1512,15.0,-246.0,-59.0,-5.0,57.0,-8.0,36.0,-948.0,-109.0
1513,13.0,-253.0,-55.0,-3.0,61.0,-7.0,40.0,-952.0,-104.0
1514,13.0,-250.0,-48.0,-1.0,63.0,-7.0,35.0,-956.0,-105.0
1515,20.0,-252.0,-59.0,1.0,65.0,-8.0,39.0,-954.0,-106.0
1516,24.0,-254.0,-33.0,4.0,67.0,-11.0,38.0,-956.0,-109.0
1517,15.0,-254.0,-50.0,6.0,70.0,-10.0,36.0,-953.0,-101.0
1518,12.0,-248.0,-51.0,8.0,74.0,-12.0,40.0,-953.0,-105.0
1519,16.0,-249.0,-53.0,11.0,79.0,-11.0,41.0,-955.0,-103.0
1520,14.0,-248.0,-54.0,11.0,81.0,-12.0,42.0,-946.0,-106.0
1521,15.0,-247.0,-50.0,12.0,84.0,-12.0,40.0,-942.0,-102.0
1522,15.0,-249.0,-53.0,9.0,87.0,-13.0,46.0,-951.0,-102.0
1523,17.0,-250.0,-52.0,5.0,87.0,-14.0,44.0,-945.0,-104.0
1524,13.0,-249.0,-51.0,-2.0,87.0,-12.0,44.0,-951.0,-105.0
1525,11.0,-249.0,-51.0,-8.0,85.0,-12.0,41.0,-946.0,-103.0
1526,14.0,-248.0,-48.0,-13.0,84.0,-10.0,42.0,-947.0,-102.0
1527,29.0,-245.0,-54.0,-14.0,83.0,-9.0,45.0,-953.0,-101.0
1528,14.0,-249.0,-50.0,-15.0,80.0,-9.0,44.0,-953.0,-102.0
1529,14.0,-248.0,-52.0,-16.0,79.0,-9.0,46.0,-950.0,-102.0
1530,14.0,-251.0,-50.0,-14.0,79.0,-9.0,44.0,-946.0,-94.0
1531,16.0,-249.0,-52.0,-10.0,78.0,-8.0,38.0,-948.0,-104.0
1532,17.0,-250.0,-53.0,-7.0,80.0,-11.0,42.0,-942.0,-104.0
1533,20.0,-244.0,-58.0,-3.0,82.0,-12.0,41.0,-943.0,-106.0
1534,16.0,-246.0,-53.0,-2.0,82.0,-13.0,43.0,-943.0,-108.0
1535,11.0,-250.0,-55.0,-3.0,83.0,-14.0,43.0,-950.0,-117.0
1536,16.0,-247.0,-56.0,-8.0,84.0,-14.0,42.0,-945.0,-117.0
1537,20.0,-255.0,-61.0,-14.0,83.0,-15.0,38.0,-953.0,-120.0
1538,16.0,-252.0,-53.0,-19.0,82.0,-16.0,41.0,-953.0,-118.0
1539,14.0,-250.0,-53.0,-22.0,82.0,-14.0,37.0,-959.0,-113.0
1540,14.0,-251.0,-56.0,-22.0,83.0,-16.0,37.0,-962.0,-111.0
1541,13.0,-254.0,-53.0,-19.0,84.0,-15.0,36.0,-971.0,-105.0
1542,12.0,-254.0,-54.0,-12.0,87.0,-14.0,39.0,-968.0,-103.0
1543,14.0,-253.0,-51.0,-6.0,90.0,-15.0,33.0,-956.0,-100.0
1544,16.0,-253.0,-52.0,0.0,90.0,-13.0,36.0,-957.0,-105.0
1545,17.0,-251.0,-54.0,4.0,91.0,-14.0,40.0,-954.0,-96.0
1546,13.0,-247.0,-51.0,8.0,90.0,-13.0,39.0,-950.0,-99.0
1547,17.0,-250.0,-49.0,9.0,88.0,-12.0,41.0,-955.0,-106.0
1548,24.0,-243.0,-59.0,9.0,88.0,-12.0,44.0,-945.0,-102.0
1549,18.0,-246.0,-50.0,3.0,85.0,-11.0,41.0,-950.0,-102.0
1550,18.0,-249.0,-52.0,-3.0,84.0,-12.0,45.0,-944.0,-102.0
1551,17.0,-248.0,-49.0,-8.0,80.0,-11.0,44.0,-945.0,-103.0
1552,16.0,-248.0,-49.0,-10.0,80.0,-11.0,40.0,-947.0,-102.0
1553,17.0,-248.0,-54.0,-13.0,79.0,-11.0,40.0,-950.0,-103.0
1554,15.0,-250.0,-48.0,-12.0,76.0,-10.0,43.0,-951.0,-109.0
1555,15.0,-251.0,-54.0,-11.0,75.0,-10.0,39.0,-955.0,-109.0
1556,17.0,-248.0,-51.0,-11.0,77.0,-11.0,41.0,-950.0,-102.0
1557,14.0,-248.0,-55.0,-10.0,77.0,-9.0,34.0,-949.0,-105.0
1558,14.0,-248.0,-55.0,-10.0,77.0,-10.0,38.0,-952.0,-106.0
1559,23.0,-252.0,-56.0,-10.0,78.0,-9.0,37.0,-950.0,-107.0
1560,13.0,-248.0,-52.0,-11.0,79.0,-9.0,34.0,-953.0,-101.0
1561,13.0,-251.0,-54.0,-12.0,79.0,-9.0,36.0,-953.0,-104.0
1562,14.0,-251.0,-52.0,-12.0,78.0,-9.0,38.0,-955.0,-102.0
1563,14.0,-247.0,-48.0,-12.0,77.0,-11.0,37.0,-951.0,-97.0
1564,14.0,-251.0,-51.0,-12.0,76.0,-10.0,40.0,-953.0,-93.0
1565,13.0,-253.0,-50.0,-11.0,73.0,-8.0,42.0,-954.0,-101.0
1566,13.0,-247.0,-54.0,-11.0,70.0,-8.0,44.0,-952.0,-93.0
1567,18.0,-249.0,-49.0,-9.0,70.0,-9.0,45.0,-954.0,-97.0
1568,16.0,-249.0,-53.0,-10.0,67.0,-10.0,37.0,-953.0,-96.0
1569,13.0,-249.0,-54.0,-9.0,67.0,-7.0,45.0,-950.0,-99.0
1570,4.0,-263.0,-55.0,-10.0,65.0,-9.0,41.0,-954.0,-100.0
1571,15.0,-251.0,-52.0,-11.0,65.0,-9.0,40.0,-950.0,-91.0
1572,16.0,-249.0,-48.0,-11.0,64.0,-10.0,42.0,-951.0,-98.0
1573,16.0,-247.0,-51.0,-11.0,65.0,-10.0,43.0,-956.0,-97.0
1574,18.0,-251.0,-49.0,-10.0,65.0,-10.0,45.0,-950.0,-95.0
1575,17.0,-251.0,-51.0,-10.0,65.0,-9.0,43.0,-947.0,-93.0
1576,15.0,-249.0,-50.0,-11.0,65.0,-9.0,41.0,-949.0,-95.0
1577,13.0,-244.0,-47.0,-11.0,65.0,-9.0,43.0,-945.0,-98.0
1578,14.0,-249.0,-48.0,-14.0,65.0,-10.0,40.0,-945.0,-98.0
1579,15.0,-252.0,-51.0,-17.0,65.0,-9.0,40.0,-945.0,-99.0
1580,14.0,-250.0,-51.0,-19.0,66.0,-8.0,43.0,-947.0,-95.0
1581,15.0,-248.0,-47.0,-23.0,68.0,-9.0,44.0,-948.0,-98.0
1582,11.0,-246.0,-51.0,-26.0,69.0,-8.0,45.0,-951.0,-93.0
1583,9.0,-247.0,-44.0,-27.0,70.0,-7.0,43.0,-947.0,-96.0
1584,17.0,-252.0,-49.0,-29.0,69.0,-9.0,41.0,-949.0,-95.0
1585,12.0,-249.0,-51.0,-30.0,69.0,-11.0,39.0,-948.0,-94.0
1586,17.0,-250.0,-52.0,-28.0,69.0,-9.0,39.0,-955.0,-88.0
1587,15.0,-249.0,-53.0,-28.0,69.0,-8.0,40.0,-954.0,-96.0
1588,14.0,-252.0,-50.0,-27.0,68.0,-8.0,40.0,-962.0,-95.0
1589,15.0,-251.0,-49.0,-26.0,70.0,-9.0,41.0,-952.0,-94.0
1590,16.0,-253.0,-54.0,-24.0,69.0,-7.0,42.0,-954.0,-96.0
1591,15.0,-248.0,-48.0,-25.0,69.0,-7.0,43.0,-955.0,-95.0
1592,23.0,-243.0,-68.0,-24.0,72.0,-7.0,46.0,-954.0,-98.0
1593,16.0,-249.0,-50.0,-24.0,73.0,-8.0,44.0,-954.0,-99.0
1594,18.0,-253.0,-48.0,-23.0,75.0,-8.0,46.0,-954.0,-97.0
1595,17.0,-250.0,-55.0,-24.0,76.0,-9.0,48.0,-956.0,-103.0
1596,18.0,-253.0,-48.0,-25.0,78.0,-10.0,46.0,-956.0,-99.0
1597,19.0,-251.0,-47.0,-27.0,79.0,-11.0,50.0,-957.0,-103.0
1598,16.0,-248.0,-53.0,-27.0,81.0,-10.0,49.0,-953.0,-103.0
1599,18.0,-251.0,-53.0,-25.0,85.0,-13.0,44.0,-956.0,-102.0
1600,17.0,-250.0,-54.0,-21.0,87.0,-15.0,42.0,-957.0,-102.0
1601,14.0,-251.0,-49.0,-17.0,90.0,-15.0,45.0,-951.0,-107.0
1602,16.0,-248.0,-56.0,-14.0,92.0,-16.0,49.0,-955.0,-102.0
1603,13.0,-239.0,-51.0,-12.0,95.0,-17.0,43.0,-953.0,-97.0
1604,17.0,-251.0,-55.0,-9.0,99.0,-18.0,43.0,-950.0,-99.0
1605,16.0,-248.0,-50.0,-8.0,99.0,-19.0,42.0,-954.0,-97.0
1606,14.0,-248.0,-51.0,-8.0,100.0,-19.0,42.0,-953.0,-97.0
1607,14.0,-248.0,-52.0,-7.0,100.0,-18.0,42.0,-947.0,-98.0
1608,16.0,-251.0,-51.0,-6.0,98.0,-15.0,42.0,-953.0,-97.0
1609,17.0,-250.0,-52.0,-7.0,94.0,-16.0,41.0,-947.0,-95.0
1610,17.0,-248.0,-52.0,-5.0,93.0,-13.0,40.0,-947.0,-94.0
1611,17.0,-249.0,-48.0,-4.0,92.0,-13.0,43.0,-946.0,-94.0
1612,16.0,-247.0,-47.0,-3.0,92.0,-11.0,43.0,-954.0,-96.0
1613,17.0,-249.0,-50.0,-2.0,93.0,-11.0,45.0,-949.0,-89.0
1614,14.0,-254.0,-39.0,1.0,94.0,-10.0,40.0,-947.0,-94.0
1615,17.0,-248.0,-51.0,1.0,95.0,-10.0,40.0,-946.0,-92.0
1616,15.0,-248.0,-49.0,1.0,97.0,-7.0,41.0,-946.0,-90.0
1617,16.0,-248.0,-51.0,1.0,97.0,-6.0,41.0,-944.0,-95.0
1618,14.0,-248.0,-52.0,-1.0,98.0,-5.0,43.0,-947.0,-93.0
1619,19.0,-248.0,-51.0,-3.0,100.0,-6.0,41.0,-945.0,-95.0
1620,15.0,-246.0,-50.0,-3.0,103.0,-6.0,43.0,-950.0,-94.0
1621,13.0,-250.0,-52.0,-3.0,104.0,-7.0,42.0,-947.0,-96.0
1622,16.0,-248.0,-47.0,-6.0,107.0,-7.0,51.0,-943.0,-94.0
1623,15.0,-251.0,-49.0,-6.0,109.0,-8.0,47.0,-950.0,-93.0
1624,17.0,-248.0,-46.0,-6.0,109.0,-8.0,48.0,-948.0,-93.0
1625,20.0,-253.0,-40.0,-9.0,109.0,-7.0,48.0,-951.0,-91.0
1626,16.0,-250.0,-51.0,-10.0,110.0,-7.0,43.0,-951.0,-93.0
1627,17.0,-250.0,-51.0,-12.0,112.0,-7.0,51.0,-952.0,-97.0
1628,16.0,-251.0,-49.0,-15.0,112.0,-7.0,46.0,-953.0,-96.0
1629,19.0,-252.0,-49.0,-19.0,115.0,-7.0,56.0,-956.0,-96.0
1630,21.0,-251.0,-48.0,-21.0,118.0,-6.0,42.0,-967.0,-99.0
1631,16.0,-252.0,-50.0,-23.0,125.0,-6.0,50.0,-974.0,-102.0
1632,20.0,-254.0,-52.0,-25.0,129.0,-5.0,43.0,-973.0,-94.0
1633,17.0,-254.0,-49.0,-24.0,130.0,-4.0,46.0,-972.0,-92.0
1634,19.0,-252.0,-47.0,-23.0,130.0,1.0,45.0,-978.0,-92.0
1635,16.0,-252.0,-55.0,-19.0,129.0,3.0,49.0,-978.0,-83.0
1636,-4.0,-263.0,-33.0,-17.0,134.0,8.0,62.0,-984.0,-79.0
1637,20.0,-256.0,-41.0,-17.0,141.0,10.0,55.0,-986.0,-76.0
1638,19.0,-255.0,-46.0,-21.0,150.0,13.0,56.0,-987.0,-81.0
1639,21.0,-256.0,-47.0,-27.0,153.0,17.0,60.0,-982.0,-91.0
1640,20.0,-256.0,-48.0,-40.0,156.0,23.0,57.0,-982.0,-98.0
1641,21.0,-256.0,-52.0,-59.0,158.0,26.0,60.0,-984.0,-102.0
1642,19.0,-255.0,-52.0,-80.0,157.0,31.0,52.0,-982.0,-101.0
1643,18.0,-256.0,-49.0,-97.0,153.0,36.0,55.0,-983.0,-100.0
1644,18.0,-254.0,-51.0,-111.0,145.0,43.0,49.0,-982.0,-99.0
1645,14.0,-256.0,-50.0,-122.0,137.0,48.0,51.0,-978.0,-97.0
1646,23.0,-254.0,-38.0,-127.0,137.0,53.0,49.0,-978.0,-95.0
1647,20.0,-252.0,-51.0,-128.0,148.0,54.0,48.0,-970.0,-98.0
1648,18.0,-250.0,-52.0,-132.0,162.0,56.0,54.0,-959.0,-103.0
1649,18.0,-246.0,-55.0,-139.0,178.0,52.0,47.0,-950.0,-118.0
1650,16.0,-246.0,-59.0,-153.0,192.0,49.0,44.0,-937.0,-128.0
1651,14.0,-244.0,-62.0,-167.0,200.0,42.0,43.0,-933.0,-141.0
1652,16.0,-245.0,-59.0,-180.0,204.0,38.0,39.0,-928.0,-143.0
1653,12.0,-243.0,-62.0,-189.0,203.0,31.0,37.0,-928.0,-149.0
1654,15.0,-245.0,-59.0,-193.0,196.0,26.0,38.0,-927.0,-150.0
1655,15.0,-242.0,-62.0,-190.0,185.0,22.0,37.0,-926.0,-148.0
1656,14.0,-246.0,-65.0,-183.0,175.0,17.0,32.0,-931.0,-144.0
1657,5.0,-233.0,-64.0,-170.0,162.0,9.0,42.0,-924.0,-148.0
1658,18.0,-243.0,-62.0,-156.0,156.0,6.0,40.0,-926.0,-143.0
1659,16.0,-241.0,-58.0,-143.0,157.0,1.0,45.0,-927.0,-141.0
1660,14.0,-241.0,-56.0,-134.0,157.0,-2.0,42.0,-919.0,-128.0
1661,13.0,-241.0,-55.0,-123.0,156.0,-6.0,40.0,-915.0,-113.0
1662,10.0,-239.0,-52.0,-109.0,155.0,-8.0,37.0,-910.0,-98.0
1663,14.0,-240.0,-50.0,-90.0,149.0,-7.0,34.0,-907.0,-86.0
1664,13.0,-238.0,-45.0,-70.0,140.0,-5.0,34.0,-905.0,-70.0
1665,14.0,-240.0,-40.0,-48.0,131.0,-1.0,33.0,-905.0,-60.0
1666,11.0,-234.0,-43.0,-25.0,118.0,7.0,32.0,-901.0,-55.0
1667,10.0,-237.0,-32.0,1.0,112.0,13.0,22.0,-893.0,-49.0
1668,9.0,-233.0,-24.0,21.0,107.0,21.0,13.0,-887.0,-41.0
1669,5.0,-233.0,-34.0,39.0,102.0,28.0,2.0,-886.0,-38.0
1670,-1.0,-231.0,-34.0,55.0,98.0,39.0,-8.0,-884.0,-33.0
1671,-3.0,-228.0,-34.0,67.0,89.0,48.0,-14.0,-880.0,-29.0
1672,-5.0,-230.0,-35.0,73.0,77.0,58.0,-23.0,-878.0,-39.0
1673,-7.0,-227.0,-36.0,71.0,63.0,66.0,-38.0,-871.0,-50.0
1674,-8.0,-225.0,-37.0,62.0,43.0,74.0,-41.0,-866.0,-55.0
1675,-10.0,-224.0,-45.0,45.0,20.0,82.0,-46.0,-862.0,-75.0
1676,-3.0,-223.0,-46.0,18.0,-7.0,90.0,-39.0,-850.0,-85.0
1677,-7.0,-219.0,-50.0,-10.0,-26.0,90.0,-36.0,-844.0,-97.0
1678,-7.0,-217.0,-54.0,-37.0,-45.0,90.0,-31.0,-838.0,-100.0
1679,-6.0,-221.0,-42.0,-66.0,-61.0,84.0,-24.0,-831.0,-98.0
1680,2.0,-216.0,-51.0,-85.0,-80.0,80.0,-15.0,-829.0,-98.0
1681,-1.0,-211.0,-51.0,-97.0,-99.0,73.0,-6.0,-824.0,-101.0
1682,5.0,-213.0,-50.0,-100.0,-122.0,68.0,4.0,-817.0,-104.0
1683,9.0,-209.0,-52.0,-95.0,-146.0,62.0,20.0,-815.0,-105.0
1684,10.0,-206.0,-52.0,-87.0,-171.0,58.0,29.0,-798.0,-113.0
1685,10.0,-197.0,-57.0,-80.0,-203.0,50.0,22.0,-776.0,-129.0
1686,8.0,-196.0,-61.0,-71.0,-234.0,45.0,25.0,-755.0,-138.0
1687,7.0,-188.0,-61.0,-72.0,-272.0,36.0,12.0,-726.0,-154.0
1688,0.0,-182.0,-65.0,-76.0,-313.0,33.0,0.0,-699.0,-159.0
1689,1.0,-174.0,-72.0,-83.0,-354.0,30.0,-13.0,-661.0,-182.0
1690,3.0,-170.0,-70.0,-92.0,-396.0,29.0,-23.0,-635.0,-196.0
1691,-2.0,-152.0,-80.0,-105.0,-431.0,25.0,-26.0,-600.0,-218.0
1692,-4.0,-142.0,-86.0,-125.0,-461.0,24.0,-18.0,-557.0,-236.0
1693,-1.0,-128.0,-87.0,-148.0,-481.0,21.0,-10.0,-510.0,-258.0
1694,10.0,-123.0,-91.0,-172.0,-486.0,18.0,15.0,-484.0,-267.0
1695,14.0,-114.0,-92.0,-201.0,-474.0,7.0,34.0,-444.0,-270.0
1696,15.0,-110.0,-89.0,-221.0,-451.0,-6.0,40.0,-417.0,-267.0
1697,26.0,-104.0,-83.0,-240.0,-424.0,-22.0,70.0,-399.0,-242.0
1698,23.0,-103.0,-71.0,-247.0,-393.0,-34.0,81.0,-396.0,-203.0
1699,34.0,-105.0,-65.0,-237.0,-360.0,-44.0,103.0,-404.0,-168.0
1700,29.0,-110.0,-50.0,-215.0,-324.0,-55.0,105.0,-419.0,-112.0
1701,40.0,-117.0,-43.0,-178.0,-293.0,-70.0,100.0,-438.0,-60.0
1702,25.0,-122.0,-34.0,-139.0,-262.0,-75.0,92.0,-468.0,-36.0
1703,27.0,-128.0,-26.0,-101.0,-232.0,-76.0,90.0,-485.0,-16.0
1704,21.0,-133.0,-28.0,-75.0,-202.0,-68.0,64.0,-504.0,-9.0
1705,10.0,-136.0,-30.0,-61.0,-195.0,-63.0,20.0,-515.0,-29.0
1706,-5.0,-137.0,-35.0,-75.0,-212.0,-51.0,-11.0,-535.0,-44.0
1707,-10.0,-141.0,-44.0,-105.0,-251.0,-44.0,-40.0,-550.0,-60.0
1708,-10.0,-145.0,-52.0,-149.0,-291.0,-25.0,-62.0,-562.0,-103.0
1709,-11.0,-148.0,-61.0,-216.0,-320.0,1.0,-61.0,-596.0,-133.0
1710,-12.0,-159.0,-64.0,-305.0,-336.0,27.0,-52.0,-621.0,-167.0
1711,-1.0,-167.0,-69.0,-413.0,-324.0,51.0,-28.0,-657.0,-183.0
1712,6.0,-184.0,-69.0,-518.0,-281.0,76.0,-7.0,-702.0,-194.0
1713,7.0,-197.0,-70.0,-604.0,-216.0,97.0,2.0,-767.0,-181.0
1714,13.0,-219.0,-63.0,-670.0,-139.0,125.0,20.0,-836.0,-152.0
1715,14.0,-252.0,-54.0,-683.0,-92.0,145.0,31.0,-948.0,-116.0
1716,19.0,-278.0,-36.0,-648.0,-75.0,169.0,61.0,-1063.0,-67.0
1717,25.0,-314.0,-35.0,-562.0,-89.0,181.0,79.0,-1175.0,-35.0
1718,35.0,-340.0,-28.0,-428.0,-115.0,195.0,120.0,-1315.0,-12.0
1719,47.0,-383.0,-24.0,-271.0,-138.0,200.0,158.0,-1448.0,10.0
1720,53.0,-416.0,-16.0,-93.0,-137.0,203.0,195.0,-1576.0,33.0
1721,68.0,-449.0,-22.0,101.0,-109.0,196.0,232.0,-1680.0,11.0
1722,77.0,-471.0,-40.0,278.0,-67.0,177.0,260.0,-1760.0,-57.0
1723,78.0,-495.0,-67.0,418.0,-29.0,140.0,277.0,-1827.0,-167.0
1724,78.0,-493.0,-103.0,510.0,15.0,121.0,257.0,-1873.0,-286.0
1725,73.0,-502.0,-117.0,547.0,64.0,114.0,226.0,-1914.0,-367.0
1726,65.0,-509.0,-118.0,607.0,139.0,125.0,202.0,-1945.0,-388.0
1727,68.0,-528.0,-106.0,730.0,241.0,126.0,210.0,-1997.0,-322.0
1728,69.0,-535.0,-85.0,934.0,360.0,105.0,209.0,-2025.0,-237.0
1729,72.0,-535.0,-66.0,1185.0,500.0,79.0,231.0,-2036.0,-163.0
1730,72.0,-540.0,-52.0,1424.0,651.0,55.0,241.0,-2051.0,-112.0
1731,73.0,-536.0,-42.0,1585.0,779.0,14.0,240.0,-2060.0,-67.0
1732,69.0,-540.0,-29.0,1628.0,871.0,-34.0,230.0,-2110.0,-42.0
1733,69.0,-553.0,-22.0,1552.0,942.0,-96.0,218.0,-2176.0,18.0
1734,48.0,-588.0,0.0,1354.0,992.0,-133.0,151.0,-2283.0,88.0
1735,51.0,-622.0,17.0,1155.0,1048.0,-146.0,166.0,-2392.0,171.0
1736,36.0,-660.0,33.0,972.0,1098.0,-162.0,107.0,-2539.0,220.0
1737,28.0,-702.0,38.0,812.0,1141.0,-173.0,79.0,-2679.0,265.0
1738,17.0,-741.0,38.0,670.0,1159.0,-181.0,61.0,-2812.0,264.0
1739,7.0,-775.0,37.0,536.0,1142.0,-196.0,29.0,-2954.0,253.0
1740,2.0,-798.0,28.0,399.0,1090.0,-189.0,-11.0,-3083.0,207.0
1741,-8.0,-824.0,16.0,265.0,1005.0,-159.0,-51.0,-3202.0,157.0
1742,-12.0,-854.0,10.0,144.0,901.0,-85.0,-66.0,-3289.0,143.0
1743,-12.0,-872.0,14.0,55.0,741.0,-23.0,-63.0,-3347.0,141.0
1744,-12.0,-883.0,-1.0,47.0,593.0,35.0,-64.0,-3380.0,143.0
1745,-14.0,-887.0,1.0,86.0,445.0,80.0,-74.0,-3391.0,120.0
1746,-15.0,-867.0,-18.0,148.0,310.0,120.0,-87.0,-3331.0,48.0
1747,-15.0,-834.0,-44.0,186.0,205.0,133.0,-94.0,-3222.0,-45.0
1748,-16.0,-804.0,-43.0,194.0,131.0,121.0,-100.0,-3083.0,-63.0
1749,-22.0,-764.0,-41.0,216.0,70.0,86.0,-112.0,-2906.0,-51.0
1750,-29.0,-699.0,-37.0,264.0,0.0,55.0,-128.0,-2689.0,-44.0
1751,-19.0,-634.0,-50.0,340.0,-88.0,30.0,-118.0,-2468.0,-74.0
1752,-22.0,-567.0,-70.0,394.0,-215.0,-2.0,-118.0,-2225.0,-159.0
1753,-16.0,-497.0,-67.0,392.0,-295.0,-44.0,-111.0,-1903.0,-163.0
1754,-16.0,-429.0,-69.0,421.0,-356.0,-79.0,-80.0,-1654.0,-148.0
1755,-15.0,-341.0,-79.0,497.0,-395.0,-127.0,-73.0,-1222.0,-180.0
1756,-34.0,-261.0,-88.0,674.0,-429.0,-208.0,-177.0,-894.0,-265.0
1757,-51.0,-204.0,-129.0,854.0,-482.0,-266.0,-215.0,-794.0,-411.0
1758,-64.0,-168.0,-135.0,839.0,-568.0,-297.0,-267.0,-674.0,-445.0
1759,-79.0,-121.0,-118.0,650.0,-658.0,-268.0,-314.0,-522.0,-384.0
1760,-71.0,-64.0,-64.0,448.0,-740.0,-171.0,-288.0,-270.0,-182.0
1761,-68.0,-18.0,-37.0,444.0,-818.0,-73.0,-254.0,-62.0,-63.0
1762,-45.0,23.0,-50.0,652.0,-891.0,-36.0,-211.0,83.0,-66.0
1763,-38.0,54.0,-66.0,780.0,-910.0,-25.0,-165.0,198.0,-145.0
1764,-21.0,87.0,-80.0,764.0,-881.0,-22.0,-124.0,306.0,-204.0
1765,-49.0,120.0,-90.0,625.0,-789.0,-28.0,-118.0,427.0,-237.0
1766,-13.0,144.0,-102.0,469.0,-647.0,-14.0,-88.0,534.0,-303.0
1767,15.0,170.0,-124.0,339.0,-475.0,11.0,23.0,631.0,-384.0
1768,42.0,189.0,-142.0,246.0,-284.0,39.0,122.0,700.0,-472.0
1769,68.0,200.0,-162.0,169.0,-92.0,50.0,221.0,749.0,-544.0
1770,84.0,219.0,-168.0,104.0,83.0,62.0,296.0,823.0,-591.0
1771,114.0,220.0,-171.0,66.0,216.0,59.0,408.0,843.0,-615.0
1772,145.0,210.0,-182.0,48.0,344.0,20.0,518.0,780.0,-653.0
1773,153.0,180.0,-190.0,-7.0,463.0,-67.0,540.0,649.0,-671.0
1774,137.0,129.0,-176.0,-154.0,610.0,-158.0,497.0,473.0,-642.0
1775,127.0,77.0,-141.0,-373.0,761.0,-237.0,470.0,303.0,-510.0
1776,107.0,18.0,-93.0,-575.0,874.0,-290.0,397.0,112.0,-363.0
1777,59.0,-28.0,-57.0,-713.0,919.0,-316.0,280.0,-63.0,-181.0
1778,29.0,-67.0,-24.0,-754.0,896.0,-279.0,121.0,-235.0,-17.0
1779,-11.0,-116.0,2.0,-696.0,823.0,-205.0,-11.0,-455.0,103.0
1780,-53.0,-149.0,17.0,-590.0,712.0,-106.0,-196.0,-561.0,165.0
1781,-85.0,-169.0,33.0,-464.0,543.0,30.0,-318.0,-618.0,227.0
1782,-113.0,-165.0,38.0,-293.0,364.0,161.0,-409.0,-604.0,260.0
1783,-128.0,-145.0,51.0,-140.0,165.0,292.0,-454.0,-541.0,289.0
1784,-130.0,-116.0,49.0,31.0,-20.0,411.0,-496.0,-421.0,302.0
1785,-138.0,-85.0,51.0,208.0,-173.0,488.0,-510.0,-287.0,306.0
1786,-133.0,-45.0,50.0,365.0,-294.0,517.0,-526.0,-144.0,310.0
1787,-136.0,12.0,32.0,466.0,-391.0,493.0,-509.0,-12.0,307.0
1788,-127.0,32.0,46.0,487.0,-474.0,430.0,-490.0,101.0,282.0
1789,-107.0,51.0,38.0,419.0,-534.0,335.0,-428.0,185.0,254.0
1790,-86.0,69.0,29.0,272.0,-569.0,193.0,-355.0,246.0,233.0
1791,-67.0,80.0,19.0,43.0,-577.0,50.0,-280.0,288.0,185.0
1792,-35.0,81.0,2.0,-154.0,-552.0,-87.0,-157.0,293.0,105.0
1793,-16.0,73.0,-11.0,-338.0,-493.0,-223.0,-59.0,270.0,57.0
1794,10.0,65.0,-27.0,-495.0,-406.0,-340.0,34.0,238.0,4.0
1795,35.0,56.0,-31.0,-614.0,-298.0,-437.0,113.0,201.0,-25.0
1796,50.0,39.0,-33.0,-670.0,-191.0,-498.0,186.0,156.0,-55.0
1797,65.0,23.0,-44.0,-671.0,-90.0,-524.0,233.0,105.0,-78.0
1798,75.0,13.0,-55.0,-640.0,-7.0,-509.0,271.0,70.0,-97.0
1799,75.0,5.0,-53.0,-587.0,49.0,-464.0,286.0,39.0,-110.0
1800,76.0,3.0,-53.0,-515.0,77.0,-377.0,282.0,28.0,-117.0
1801,71.0,2.0,-51.0,-415.0,89.0,-298.0,261.0,23.0,-115.0
1802,57.0,5.0,-54.0,-329.0,91.0,-219.0,214.0,24.0,-128.0
1803,45.0,1.0,-62.0,-252.0,86.0,-146.0,167.0,9.0,-146.0
1804,34.0,-1.0,-61.0,-205.0,79.0,-74.0,115.0,-5.0,-158.0
1805,21.0,-2.0,-61.0,-183.0,83.0,-22.0,51.0,-17.0,-167.0
1806,0.0,-5.0,-70.0,-176.0,100.0,19.0,-9.0,-23.0,-164.0
1807,-19.0,-8.0,-61.0,-170.0,116.0,42.0,-71.0,-26.0,-168.0
1808,-25.0,-10.0,-64.0,-165.0,129.0,63.0,-122.0,-40.0,-169.0
1809,-27.0,-8.0,-76.0,-162.0,130.0,74.0,-157.0,-48.0,-164.0
1810,-46.0,-16.0,-63.0,-159.0,112.0,81.0,-195.0,-59.0,-158.0
1811,-52.0,-20.0,-63.0,-157.0,79.0,81.0,-211.0,-60.0,-152.0
1812,-54.0,-18.0,-61.0,-152.0,31.0,80.0,-220.0,-72.0,-140.0
1813,-58.0,-20.0,-56.0,-142.0,-24.0,69.0,-219.0,-68.0,-122.0
1814,-56.0,-19.0,-52.0,-117.0,-81.0,60.0,-223.0,-72.0,-118.0
1815,-52.0,-17.0,-56.0,-84.0,-136.0,44.0,-207.0,-66.0,-121.0
1816,-49.0,-15.0,-64.0,-52.0,-181.0,27.0,-193.0,-50.0,-132.0
1817,-41.0,-6.0,-64.0,-33.0,-213.0,8.0,-170.0,-31.0,-159.0
1818,-32.0,-4.0,-68.0,-27.0,-228.0,-8.0,-142.0,-8.0,-174.0
1819,-28.0,4.0,-71.0,-31.0,-230.0,-27.0,-125.0,11.0,-184.0
1820,-29.0,12.0,-67.0,-50.0,-221.0,-34.0,-112.0,48.0,-192.0
1821,-23.0,18.0,-75.0,-66.0,-210.0,-38.0,-109.0,66.0,-212.0
1822,-19.0,22.0,-80.0,-83.0,-197.0,-28.0,-93.0,85.0,-220.0
1823,-16.0,22.0,-81.0,-105.0,-191.0,-13.0,-86.0,101.0,-233.0
1824,-16.0,26.0,-88.0,-127.0,-190.0,9.0,-78.0,97.0,-244.0
1825,-17.0,23.0,-85.0,-150.0,-193.0,29.0,-78.0,96.0,-250.0
1826,-16.0,24.0,-82.0,-170.0,-201.0,55.0,-66.0,90.0,-228.0
1827,-14.0,19.0,-87.0,-182.0,-212.0,71.0,-74.0,69.0,-265.0
1828,-2.0,7.0,-89.0,-199.0,-219.0,93.0,-52.0,26.0,-265.0
1829,37.0,-25.0,-81.0,-231.0,-184.0,127.0,55.0,-58.0,-240.0
1830,67.0,-49.0,-73.0,-240.0,-93.0,152.0,230.0,-183.0,-178.0
1831,79.0,-119.0,-33.0,-204.0,46.0,145.0,328.0,-405.0,-112.0
1832,76.0,-158.0,-36.0,-122.0,201.0,136.0,238.0,-596.0,-35.0
1833,65.0,-213.0,-31.0,1.0,344.0,159.0,218.0,-800.0,-17.0
1834,90.0,-273.0,-30.0,131.0,457.0,221.0,316.0,-1035.0,-30.0
1835,111.0,-348.0,-17.0,240.0,505.0,259.0,395.0,-1288.0,27.0
1836,124.0,-433.0,-27.0,387.0,542.0,265.0,421.0,-1592.0,-6.0
1837,118.0,-498.0,-93.0,553.0,669.0,270.0,403.0,-1896.0,-218.0
1838,122.0,-542.0,-155.0,555.0,831.0,321.0,409.0,-2159.0,-539.0
1839,109.0,-614.0,-217.0,160.0,949.0,332.0,357.0,-2433.0,-776.0
1840,88.0,-687.0,-210.0,-362.0,975.0,312.0,312.0,-2659.0,-762.0
1841,34.0,-764.0,-185.0,-800.0,886.0,250.0,151.0,-2914.0,-683.0
1842,-40.0,-853.0,-146.0,-1079.0,691.0,217.0,-106.0,-3208.0,-539.0
1843,-112.0,-944.0,-91.0,-1170.0,444.0,210.0,-420.0,-3574.0,-250.0
1844,-138.0,-1031.0,-3.0,-1029.0,218.0,255.0,-566.0,-3860.0,60.0
1845,-78.0,-1046.0,89.0,-624.0,37.0,309.0,-241.0,-3827.0,520.0
1846,-16.0,-980.0,154.0,161.0,-96.0,265.0,-76.0,-3576.0,738.0
1847,33.0,-901.0,156.0,1164.0,-136.0,168.0,78.0,-3341.0,733.0
1848,61.0,-808.0,122.0,1993.0,13.0,103.0,198.0,-3079.0,601.0
1849,77.0,-706.0,80.0,2429.0,185.0,51.0,262.0,-2765.0,430.0
1850,92.0,-616.0,41.0,2297.0,304.0,21.0,315.0,-2462.0,271.0
1851,84.0,-546.0,42.0,1870.0,378.0,47.0,305.0,-2195.0,270.0
1852,57.0,-498.0,37.0,1408.0,418.0,129.0,258.0,-1987.0,333.0
1853,48.0,-478.0,65.0,1075.0,418.0,213.0,174.0,-1847.0,349.0
1854,20.0,-441.0,55.0,873.0,386.0,260.0,81.0,-1694.0,310.0
1855,8.0,-401.0,31.0,757.0,314.0,263.0,25.0,-1555.0,225.0
1856,-7.0,-362.0,5.0,682.0,245.0,248.0,-22.0,-1393.0,113.0
1857,-4.0,-326.0,-15.0,574.0,184.0,222.0,-26.0,-1288.0,47.0
1858,2.0,-313.0,-21.0,363.0,123.0,194.0,-2.0,-1233.0,24.0
1859,4.0,-312.0,-18.0,136.0,75.0,132.0,7.0,-1227.0,11.0
1860,4.0,-314.0,-18.0,-116.0,33.0,56.0,5.0,-1247.0,14.0
1861,0.0,-332.0,-18.0,-371.0,-14.0,-18.0,-13.0,-1318.0,25.0
1862,-10.0,-355.0,-8.0,-592.0,-61.0,-72.0,-48.0,-1381.0,57.0
1863,-16.0,-385.0,1.0,-731.0,-95.0,-117.0,-86.0,-1440.0,104.0
1864,-32.0,-399.0,14.0,-770.0,-117.0,-148.0,-144.0,-1514.0,145.0
1865,-46.0,-425.0,21.0,-725.0,-127.0,-159.0,-180.0,-1598.0,182.0
1866,-46.0,-447.0,23.0,-627.0,-135.0,-147.0,-199.0,-1672.0,205.0
1867,-48.0,-459.0,28.0,-494.0,-145.0,-126.0,-200.0,-1718.0,211.0
1868,-41.0,-458.0,21.0,-309.0,-159.0,-111.0,-188.0,-1732.0,202.0
1869,-34.0,-448.0,16.0,-163.0,-180.0,-105.0,-162.0,-1695.0,160.0
1870,-23.0,-428.0,7.0,-34.0,-202.0,-100.0,-114.0,-1609.0,119.0
1871,-15.0,-402.0,-4.0,72.0,-215.0,-103.0,-81.0,-1517.0,77.0
1872,-9.0,-363.0,-22.0,144.0,-224.0,-100.0,-56.0,-1399.0,33.0
1873,3.0,-332.0,-34.0,188.0,-229.0,-100.0,-31.0,-1291.0,-22.0
1874,1.0,-308.0,-36.0,190.0,-236.0,-101.0,-13.0,-1187.0,-43.0
1875,3.0,-286.0,-46.0,155.0,-251.0,-119.0,0.0,-1105.0,-73.0
1876,6.0,-262.0,-48.0,87.0,-272.0,-138.0,0.0,-1020.0,-79.0
1877,5.0,-242.0,-40.0,-14.0,-297.0,-156.0,6.0,-931.0,-79.0
1878,6.0,-222.0,-49.0,-88.0,-319.0,-173.0,6.0,-862.0,-76.0
1879,8.0,-208.0,-44.0,-150.0,-341.0,-199.0,12.0,-821.0,-76.0
1880,7.0,-196.0,-47.0,-205.0,-356.0,-225.0,8.0,-773.0,-63.0
1881,5.0,-192.0,-38.0,-247.0,-362.0,-253.0,7.0,-744.0,-59.0
1882,7.0,-185.0,-33.0,-289.0,-356.0,-272.0,7.0,-716.0,-45.0
1883,8.0,-182.0,-31.0,-328.0,-345.0,-280.0,17.0,-702.0,-35.0
1884,22.0,-173.0,-53.0,-364.0,-338.0,-270.0,17.0,-707.0,-32.0
1885,11.0,-191.0,-38.0,-397.0,-333.0,-259.0,32.0,-730.0,-32.0
1886,17.0,-195.0,-35.0,-427.0,-328.0,-238.0,36.0,-759.0,-30.0
1887,13.0,-208.0,-29.0,-449.0,-330.0,-231.0,41.0,-787.0,-31.0
1888,17.0,-213.0,-36.0,-448.0,-340.0,-216.0,49.0,-812.0,-38.0
1889,21.0,-218.0,-38.0,-426.0,-346.0,-205.0,49.0,-827.0,-47.0
1890,19.0,-220.0,-40.0,-387.0,-345.0,-187.0,58.0,-835.0,-53.0
1891,21.0,-215.0,-42.0,-332.0,-336.0,-172.0,59.0,-825.0,-62.0
1892,23.0,-211.0,-47.0,-266.0,-319.0,-154.0,64.0,-817.0,-75.0
1893,21.0,-200.0,-51.0,-199.0,-295.0,-147.0,59.0,-783.0,-87.0
1894,28.0,-197.0,-52.0,-142.0,-266.0,-139.0,72.0,-764.0,-90.0
1895,17.0,-192.0,-55.0,-96.0,-236.0,-148.0,57.0,-726.0,-105.0
1896,13.0,-178.0,-60.0,-73.0,-191.0,-140.0,28.0,-692.0,-126.0
1897,24.0,-170.0,-51.0,-73.0,-143.0,-124.0,74.0,-657.0,-113.0
1898,23.0,-167.0,-58.0,-67.0,-105.0,-122.0,71.0,-637.0,-119.0
1899,19.0,-161.0,-56.0,-69.0,-63.0,-122.0,58.0,-625.0,-131.0
1900,20.0,-161.0,-58.0,-82.0,-20.0,-105.0,56.0,-629.0,-129.0
1901,17.0,-158.0,-58.0,-100.0,15.0,-92.0,50.0,-629.0,-131.0
1902,18.0,-167.0,-57.0,-126.0,43.0,-76.0,50.0,-641.0,-134.0
1903,18.0,-170.0,-61.0,-156.0,68.0,-64.0,47.0,-659.0,-124.0
1904,19.0,-183.0,-50.0,-187.0,87.0,-49.0,51.0,-701.0,-115.0
1905,20.0,-190.0,-51.0,-217.0,104.0,-41.0,57.0,-731.0,-104.0
1906,27.0,-225.0,-40.0,-245.0,121.0,-33.0,63.0,-773.0,-96.0
1907,24.0,-211.0,-47.0,-259.0,130.0,-29.0,66.0,-804.0,-84.0
1908,20.0,-221.0,-45.0,-246.0,138.0,-24.0,65.0,-831.0,-81.0
1909,20.0,-223.0,-45.0,-213.0,144.0,-26.0,66.0,-859.0,-72.0
1910,21.0,-230.0,-45.0,-172.0,153.0,-24.0,54.0,-879.0,-69.0
1911,17.0,-233.0,-45.0,-130.0,162.0,-35.0,49.0,-887.0,-75.0
1912,17.0,-232.0,-45.0,-90.0,174.0,-43.0,44.0,-886.0,-76.0
1913,12.0,-228.0,-43.0,-48.0,184.0,-54.0,38.0,-878.0,-91.0
1914,12.0,-227.0,-53.0,-11.0,194.0,-62.0,32.0,-862.0,-100.0
1915,8.0,-222.0,-52.0,17.0,204.0,-76.0,14.0,-851.0,-109.0
1916,4.0,-218.0,-51.0,32.0,210.0,-83.0,5.0,-831.0,-113.0
1917,5.0,-208.0,-66.0,29.0,213.0,-92.0,-3.0,-824.0,-122.0
1918,5.0,-211.0,-56.0,15.0,219.0,-98.0,-8.0,-814.0,-119.0
1919,0.0,-206.0,-55.0,0.0,227.0,-106.0,-12.0,-803.0,-118.0
1920,0.0,-206.0,-56.0,-21.0,235.0,-109.0,-15.0,-798.0,-125.0
1921,2.0,-206.0,-58.0,-43.0,242.0,-116.0,-11.0,-800.0,-120.0
1922,3.0,-209.0,-60.0,-69.0,255.0,-120.0,1.0,-806.0,-118.0
1923,9.0,-212.0,-58.0,-100.0,272.0,-127.0,11.0,-821.0,-116.0
1924,13.0,-214.0,-53.0,-133.0,287.0,-125.0,30.0,-839.0,-106.0
1925,20.0,-225.0,-48.0,-168.0,309.0,-123.0,47.0,-863.0,-105.0
1926,22.0,-232.0,-53.0,-194.0,326.0,-114.0,72.0,-884.0,-102.0
1927,30.0,-241.0,-50.0,-222.0,345.0,-105.0,89.0,-922.0,-102.0
1928,21.0,-236.0,-55.0,-247.0,362.0,-87.0,111.0,-954.0,-108.0
1929,37.0,-258.0,-53.0,-273.0,374.0,-71.0,124.0,-997.0,-105.0
1930,36.0,-266.0,-49.0,-298.0,382.0,-48.0,131.0,-1033.0,-101.0
1931,40.0,-278.0,-51.0,-318.0,376.0,-26.0,134.0,-1076.0,-100.0
1932,36.0,-289.0,-50.0,-335.0,356.0,3.0,127.0,-1111.0,-96.0
1933,36.0,-296.0,-50.0,-350.0,327.0,25.0,115.0,-1136.0,-95.0
1934,35.0,-306.0,-51.0,-344.0,294.0,55.0,108.0,-1165.0,-95.0
1935,31.0,-311.0,-48.0,-318.0,273.0,72.0,90.0,-1189.0,-97.0
1936,24.0,-312.0,-48.0,-291.0,254.0,83.0,70.0,-1197.0,-93.0
1937,16.0,-316.0,-48.0,-254.0,239.0,79.0,42.0,-1199.0,-94.0
1938,10.0,-316.0,-52.0,-210.0,225.0,72.0,11.0,-1195.0,-95.0
1939,-1.0,-314.0,-44.0,-159.0,213.0,54.0,-2.0,-1164.0,-95.0
1940,3.0,-298.0,-51.0,-104.0,200.0,36.0,-6.0,-1136.0,-94.0
1941,0.0,-286.0,-50.0,-53.0,192.0,9.0,-18.0,-1101.0,-93.0
1942,-1.0,-272.0,-47.0,-10.0,190.0,-14.0,-22.0,-1066.0,-89.0
1943,-3.0,-265.0,-45.0,21.0,187.0,-45.0,-21.0,-1017.0,-72.0
1944,-4.0,-252.0,-40.0,42.0,177.0,-61.0,-24.0,-978.0,-59.0
1945,-2.0,-245.0,-39.0,49.0,169.0,-79.0,-23.0,-929.0,-54.0
1946,-3.0,-236.0,-32.0,50.0,158.0,-85.0,-15.0,-880.0,-39.0
1947,1.0,-222.0,-37.0,42.0,144.0,-90.0,-3.0,-862.0,-33.0
1948,4.0,-215.0,-31.0,31.0,132.0,-83.0,4.0,-838.0,-24.0
1949,10.0,-219.0,-19.0,17.0,119.0,-79.0,12.0,-816.0,-19.0
1950,8.0,-208.0,-27.0,-1.0,109.0,-66.0,27.0,-805.0,-13.0
1951,12.0,-207.0,-26.0,-25.0,105.0,-56.0,34.0,-799.0,-6.0
1952,15.0,-208.0,-26.0,-56.0,106.0,-41.0,44.0,-802.0,1.0
1953,17.0,-207.0,-23.0,-89.0,108.0,-31.0,56.0,-807.0,16.0
1954,19.0,-213.0,-21.0,-125.0,112.0,-21.0,57.0,-819.0,18.0
1955,24.0,-215.0,-22.0,-150.0,121.0,-15.0,69.0,-831.0,17.0
1956,25.0,-225.0,-22.0,-169.0,129.0,-8.0,79.0,-853.0,15.0
1957,25.0,-227.0,-21.0,-187.0,141.0,-9.0,79.0,-874.0,8.0
1958,27.0,-232.0,-27.0,-204.0,155.0,-6.0,85.0,-891.0,4.0
1959,26.0,-237.0,-27.0,-217.0,170.0,-12.0,88.0,-924.0,-7.0
1960,19.0,-245.0,-25.0,-227.0,184.0,-17.0,81.0,-935.0,-22.0
1961,27.0,-252.0,-33.0,-226.0,196.0,-25.0,83.0,-951.0,-29.0
1962,25.0,-252.0,-36.0,-220.0,203.0,-32.0,73.0,-977.0,-36.0
1963,23.0,-254.0,-36.0,-208.0,209.0,-39.0,69.0,-983.0,-44.0
1964,21.0,-258.0,-36.0,-193.0,210.0,-40.0,62.0,-986.0,-45.0
1965,19.0,-256.0,-37.0,-177.0,209.0,-44.0,55.0,-987.0,-47.0
1966,19.0,-256.0,-37.0,-153.0,206.0,-44.0,50.0,-980.0,-50.0
1967,16.0,-253.0,-38.0,-129.0,202.0,-44.0,44.0,-979.0,-55.0
1968,13.0,-253.0,-39.0,-106.0,194.0,-40.0,40.0,-963.0,-58.0
1969,13.0,-248.0,-39.0,-82.0,187.0,-41.0,39.0,-950.0,-59.0
1970,15.0,-248.0,-41.0,-59.0,178.0,-34.0,33.0,-945.0,-59.0
1971,7.0,-251.0,-38.0,-44.0,170.0,-33.0,33.0,-944.0,-63.0
1972,14.0,-245.0,-42.0,-35.0,161.0,-28.0,41.0,-931.0,-61.0
1973,14.0,-246.0,-43.0,-33.0,156.0,-28.0,42.0,-932.0,-53.0
1974,15.0,-245.0,-40.0,-30.0,153.0,-26.0,42.0,-931.0,-54.0
1975,15.0,-244.0,-35.0,-27.0,147.0,-27.0,40.0,-933.0,-41.0
1976,17.0,-245.0,-33.0,-19.0,142.0,-26.0,45.0,-936.0,-37.0
1977,20.0,-249.0,-34.0,-9.0,137.0,-28.0,45.0,-939.0,-32.0
1978,18.0,-247.0,-32.0,-2.0,130.0,-26.0,45.0,-940.0,-28.0
1979,20.0,-246.0,-34.0,7.0,125.0,-30.0,53.0,-938.0,-27.0
1980,19.0,-247.0,-29.0,15.0,123.0,-31.0,54.0,-938.0,-31.0
1981,16.0,-246.0,-34.0,24.0,123.0,-35.0,51.0,-940.0,-35.0
1982,14.0,-245.0,-29.0,28.0,118.0,-34.0,48.0,-933.0,-45.0
1983,18.0,-243.0,-39.0,27.0,111.0,-34.0,51.0,-930.0,-48.0
1984,15.0,-242.0,-43.0,21.0,101.0,-30.0,50.0,-923.0,-49.0
1985,12.0,-241.0,-37.0,14.0,90.0,-28.0,46.0,-926.0,-57.0
1986,14.0,-240.0,-40.0,5.0,77.0,-24.0,46.0,-918.0,-58.0
1987,16.0,-241.0,-37.0,0.0,66.0,-24.0,48.0,-918.0,-59.0
1988,13.0,-241.0,-40.0,-4.0,56.0,-21.0,40.0,-919.0,-63.0
1989,18.0,-242.0,-44.0,-10.0,49.0,-19.0,42.0,-922.0,-59.0
1990,17.0,-238.0,-40.0,-18.0,40.0,-11.0,44.0,-922.0,-57.0
1991,14.0,-241.0,-36.0,-22.0,31.0,-6.0,44.0,-920.0,-58.0
1992,17.0,-245.0,-39.0,-26.0,26.0,-2.0,48.0,-925.0,-56.0
1993,24.0,-249.0,-37.0,-26.0,23.0,-2.0,50.0,-925.0,-60.0
1994,20.0,-245.0,-41.0,-21.0,21.0,7.0,56.0,-929.0,-55.0
1995,18.0,-244.0,-39.0,-15.0,20.0,8.0,58.0,-931.0,-53.0
1996,17.0,-246.0,-36.0,-2.0,21.0,15.0,55.0,-947.0,-58.0
1997,19.0,-245.0,-40.0,5.0,18.0,16.0,53.0,-947.0,-65.0
1998,16.0,-246.0,-44.0,4.0,8.0,19.0,56.0,-945.0,-81.0
1999,18.0,-250.0,-46.0,-4.0,-4.0,24.0,54.0,-944.0,-88.0
2000,22.0,-247.0,-51.0,-18.0,-15.0,33.0,47.0,-948.0,-97.0
2001,16.0,-251.0,-46.0,-42.0,-27.0,38.0,46.0,-962.0,-100.0
2002,19.0,-251.0,-52.0,-61.0,-36.0,43.0,40.0,-979.0,-103.0
2003,11.0,-255.0,-51.0,-76.0,-44.0,45.0,44.0,-987.0,-105.0
2004,28.0,-267.0,-47.0,-86.0,-48.0,47.0,40.0,-999.0,-116.0
2005,17.0,-261.0,-57.0,-89.0,-52.0,43.0,43.0,-1009.0,-115.0
2006,15.0,-263.0,-57.0,-88.0,-52.0,38.0,49.0,-1021.0,-127.0
2007,17.0,-267.0,-55.0,-81.0,-48.0,27.0,50.0,-1027.0,-132.0
2008,20.0,-268.0,-57.0,-74.0,-43.0,21.0,56.0,-1031.0,-135.0
2009,19.0,-266.0,-60.0,-65.0,-39.0,11.0,57.0,-1029.0,-129.0
2010,20.0,-265.0,-58.0,-52.0,-40.0,4.0,60.0,-1030.0,-124.0
2011,19.0,-264.0,-56.0,-38.0,-47.0,-1.0,65.0,-1023.0,-124.0
2012,21.0,-263.0,-57.0,-29.0,-55.0,-2.0,57.0,-1016.0,-124.0
2013,21.0,-261.0,-53.0,-22.0,-64.0,-4.0,58.0,-1015.0,-118.0
2014,19.0,-261.0,-54.0,-16.0,-71.0,1.0,61.0,-1008.0,-123.0
2015,18.0,-264.0,-48.0,-7.0,-77.0,2.0,60.0,-1001.0,-115.0
2016,21.0,-259.0,-52.0,3.0,-79.0,5.0,62.0,-994.0,-111.0
2017,20.0,-257.0,-51.0,18.0,-78.0,4.0,65.0,-999.0,-103.0
2018,24.0,-258.0,-52.0,35.0,-74.0,4.0,71.0,-996.0,-95.0
2019,25.0,-257.0,-52.0,56.0,-70.0,-2.0,77.0,-995.0,-98.0
2020,22.0,-258.0,-47.0,75.0,-68.0,6.0,78.0,-1000.0,-93.0
2021,17.0,-255.0,-43.0,89.0,-72.0,4.0,59.0,-997.0,-91.0
2022,18.0,-255.0,-51.0,97.0,-78.0,7.0,57.0,-991.0,-83.0
2023,18.0,-256.0,-45.0,102.0,-85.0,7.0,50.0,-981.0,-76.0
2024,11.0,-251.0,-42.0,112.0,-93.0,8.0,42.0,-974.0,-67.0
2025,23.0,-275.0,-26.0,125.0,-98.0,5.0,40.0,-968.0,-61.0
2026,14.0,-249.0,-37.0,143.0,-99.0,4.0,39.0,-950.0,-54.0
2027,17.0,-249.0,-41.0,161.0,-99.0,-3.0,24.0,-947.0,-58.0
2028,13.0,-251.0,-37.0,166.0,-87.0,6.0,32.0,-947.0,-46.0
2029,24.0,-238.0,-32.0,174.0,-75.0,3.0,80.0,-906.0,-30.0
2030,20.0,-238.0,-35.0,208.0,-73.0,-24.0,63.0,-898.0,-50.0
2031,25.0,-235.0,-38.0,206.0,-58.0,-38.0,66.0,-896.0,-47.0
2032,27.0,-233.0,-34.0,186.0,-43.0,-39.0,81.0,-889.0,-52.0
2033,25.0,-235.0,-36.0,154.0,-32.0,-40.0,82.0,-890.0,-45.0
2034,29.0,-233.0,-39.0,120.0,-22.0,-36.0,88.0,-890.0,-48.0
2035,26.0,-229.0,-41.0,90.0,-14.0,-35.0,89.0,-892.0,-52.0
2036,32.0,-233.0,-43.0,64.0,-6.0,-28.0,95.0,-895.0,-49.0
2037,25.0,-236.0,-38.0,41.0,0.0,-22.0,92.0,-900.0,-50.0
2038,29.0,-236.0,-40.0,24.0,5.0,-14.0,97.0,-907.0,-59.0
2039,30.0,-244.0,-41.0,11.0,12.0,-5.0,93.0,-922.0,-59.0
2040,31.0,-244.0,-38.0,-3.0,18.0,1.0,99.0,-939.0,-58.0
2041,30.0,-246.0,-38.0,-9.0,28.0,4.0,94.0,-945.0,-59.0
2042,29.0,-251.0,-40.0,-14.0,38.0,4.0,91.0,-950.0,-57.0
2043,27.0,-253.0,-40.0,-18.0,46.0,4.0,86.0,-970.0,-62.0
2044,30.0,-252.0,-41.0,-24.0,54.0,4.0,85.0,-975.0,-67.0
2045,24.0,-255.0,-47.0,-31.0,59.0,0.0,79.0,-984.0,-68.0
2046,17.0,-260.0,-46.0,-36.0,63.0,-3.0,68.0,-991.0,-73.0
2047,18.0,-256.0,-45.0,-36.0,68.0,-10.0,70.0,-991.0,-78.0
2048,22.0,-258.0,-48.0,-33.0,72.0,-13.0,59.0,-989.0,-81.0
2049,20.0,-256.0,-49.0,-27.0,76.0,-18.0,55.0,-988.0,-80.0
2050,18.0,-253.0,-51.0,-22.0,80.0,-20.0,53.0,-978.0,-86.0
2051,19.0,-254.0,-49.0,-18.0,84.0,-22.0,48.0,-973.0,-94.0
2052,15.0,-253.0,-53.0,-17.0,86.0,-20.0,49.0,-961.0,-100.0
2053,14.0,-250.0,-51.0,-17.0,88.0,-21.0,48.0,-962.0,-99.0
2054,15.0,-252.0,-52.0,-18.0,89.0,-18.0,45.0,-957.0,-98.0
2055,15.0,-252.0,-49.0,-19.0,90.0,-16.0,40.0,-968.0,-92.0
2056,14.0,-250.0,-52.0,-17.0,90.0,-12.0,43.0,-954.0,-94.0
2057,15.0,-249.0,-50.0,-13.0,91.0,-14.0,44.0,-962.0,-85.0
2058,17.0,-256.0,-42.0,-8.0,92.0,-13.0,40.0,-963.0,-84.0
2059,16.0,-252.0,-42.0,-1.0,91.0,-13.0,45.0,-954.0,-82.0
2060,17.0,-251.0,-44.0,3.0,90.0,-12.0,44.0,-957.0,-78.0
2061,18.0,-251.0,-44.0,6.0,87.0,-17.0,45.0,-958.0,-74.0
2062,15.0,-252.0,-43.0,8.0,86.0,-19.0,44.0,-970.0,-69.0
2063,13.0,-249.0,-43.0,11.0,84.0,-24.0,45.0,-968.0,-63.0
2064,15.0,-255.0,-42.0,13.0,82.0,-27.0,40.0,-973.0,-61.0
2065,15.0,-252.0,-44.0,15.0,79.0,-32.0,41.0,-973.0,-60.0
2066,13.0,-253.0,-40.0,17.0,73.0,-35.0,34.0,-975.0,-61.0
2067,15.0,-254.0,-39.0,16.0,68.0,-40.0,29.0,-966.0,-61.0
2068,15.0,-252.0,-41.0,18.0,63.0,-42.0,36.0,-975.0,-58.0
2069,5.0,-254.0,-38.0,18.0,62.0,-47.0,28.0,-966.0,-59.0
2070,10.0,-250.0,-42.0,21.0,62.0,-45.0,30.0,-964.0,-57.0
2071,11.0,-250.0,-41.0,25.0,58.0,-48.0,32.0,-955.0,-58.0
2072,12.0,-251.0,-40.0,30.0,58.0,-47.0,29.0,-954.0,-58.0
2073,15.0,-250.0,-42.0,38.0,56.0,-46.0,37.0,-952.0,-59.0
2074,17.0,-250.0,-40.0,45.0,55.0,-43.0,38.0,-953.0,-56.0
2075,15.0,-250.0,-39.0,53.0,55.0,-41.0,46.0,-951.0,-55.0
2076,18.0,-252.0,-39.0,61.0,56.0,-35.0,48.0,-963.0,-56.0
2077,17.0,-251.0,-36.0,69.0,58.0,-33.0,54.0,-963.0,-51.0
2078,19.0,-252.0,-38.0,77.0,62.0,-31.0,58.0,-954.0,-52.0
2079,23.0,-252.0,-38.0,80.0,64.0,-33.0,62.0,-960.0,-46.0
2080,24.0,-245.0,-28.0,85.0,66.0,-30.0,60.0,-952.0,-49.0
2081,22.0,-254.0,-40.0,88.0,67.0,-31.0,67.0,-957.0,-50.0
2082,18.0,-250.0,-37.0,89.0,67.0,-31.0,67.0,-951.0,-53.0
2083,22.0,-251.0,-38.0,89.0,65.0,-32.0,66.0,-952.0,-51.0
2084,22.0,-252.0,-36.0,87.0,63.0,-32.0,71.0,-949.0,-47.0
2085,21.0,-251.0,-38.0,88.0,63.0,-32.0,65.0,-952.0,-52.0
2086,22.0,-252.0,-39.0,87.0,61.0,-32.0,67.0,-950.0,-54.0
2087,22.0,-250.0,-37.0,79.0,64.0,-34.0,65.0,-963.0,-59.0
2088,23.0,-245.0,-41.0,70.0,66.0,-36.0,64.0,-949.0,-56.0
2089,18.0,-251.0,-35.0,63.0,71.0,-38.0,64.0,-949.0,-57.0
2090,21.0,-251.0,-39.0,57.0,78.0,-40.0,64.0,-945.0,-49.0
2091,17.0,-249.0,-33.0,54.0,86.0,-43.0,60.0,-945.0,-46.0
2092,20.0,-247.0,-35.0,50.0,95.0,-42.0,56.0,-946.0,-46.0
2093,21.0,-248.0,-32.0,45.0,103.0,-43.0,57.0,-946.0,-44.0
2094,20.0,-248.0,-36.0,39.0,109.0,-38.0,62.0,-954.0,-44.0
2095,19.0,-249.0,-36.0,33.0,113.0,-38.0,62.0,-950.0,-43.0
2096,21.0,-248.0,-36.0,27.0,115.0,-33.0,65.0,-951.0,-47.0
2097,20.0,-251.0,-35.0,23.0,114.0,-31.0,62.0,-949.0,-46.0
2098,17.0,-249.0,-34.0,21.0,114.0,-26.0,55.0,-950.0,-46.0
2099,17.0,-248.0,-31.0,22.0,113.0,-23.0,61.0,-948.0,-42.0
2100,18.0,-249.0,-37.0,18.0,109.0,-19.0,62.0,-947.0,-35.0
2101,18.0,-252.0,-38.0,14.0,106.0,-18.0,57.0,-948.0,-28.0
2102,25.0,-245.0,-30.0,9.0,102.0,-15.0,57.0,-951.0,-33.0
2103,10.0,-242.0,-45.0,3.0,98.0,-15.0,57.0,-942.0,-38.0
2104,17.0,-247.0,-35.0,-4.0,93.0,-13.0,51.0,-936.0,-39.0
2105,17.0,-245.0,-38.0,-9.0,89.0,-13.0,50.0,-941.0,-39.0
2106,18.0,-247.0,-36.0,-14.0,81.0,-13.0,54.0,-942.0,-41.0
2107,19.0,-248.0,-38.0,-19.0,73.0,-12.0,48.0,-944.0,-49.0
2108,16.0,-248.0,-41.0,-24.0,66.0,-11.0,45.0,-948.0,-58.0
2109,14.0,-249.0,-39.0,-34.0,63.0,-11.0,46.0,-951.0,-56.0
2110,15.0,-248.0,-39.0,-40.0,60.0,-10.0,41.0,-952.0,-51.0
2111,14.0,-252.0,-38.0,-44.0,57.0,-10.0,40.0,-959.0,-47.0
2112,8.0,-247.0,-25.0,-45.0,55.0,-6.0,38.0,-964.0,-42.0
2113,14.0,-251.0,-33.0,-40.0,55.0,-6.0,39.0,-963.0,-40.0
2114,17.0,-253.0,-40.0,-33.0,53.0,-2.0,45.0,-969.0,-37.0
2115,16.0,-254.0,-32.0,-23.0,50.0,0.0,43.0,-963.0,-36.0
2116,17.0,-253.0,-34.0,-14.0,48.0,3.0,48.0,-964.0,-33.0
2117,14.0,-250.0,-36.0,-7.0,46.0,4.0,52.0,-955.0,-44.0
2118,20.0,-251.0,-34.0,-5.0,43.0,8.0,46.0,-953.0,-44.0
2119,17.0,-249.0,-37.0,-8.0,40.0,10.0,54.0,-946.0,-42.0
2120,15.0,-247.0,-34.0,-11.0,37.0,12.0,51.0,-945.0,-41.0
2121,16.0,-248.0,-33.0,-17.0,35.0,10.0,52.0,-951.0,-45.0
2122,23.0,-247.0,-41.0,-25.0,31.0,12.0,51.0,-947.0,-45.0
2123,26.0,-236.0,-40.0,-31.0,30.0,9.0,53.0,-948.0,-46.0
2124,14.0,-247.0,-34.0,-36.0,29.0,9.0,50.0,-946.0,-45.0
2125,17.0,-251.0,-35.0,-41.0,29.0,8.0,45.0,-953.0,-43.0
2126,17.0,-250.0,-38.0,-43.0,25.0,6.0,48.0,-964.0,-45.0
2127,18.0,-252.0,-36.0,-42.0,22.0,2.0,50.0,-961.0,-44.0
2128,17.0,-252.0,-36.0,-39.0,21.0,3.0,53.0,-967.0,-50.0
2129,19.0,-255.0,-40.0,-35.0,18.0,1.0,52.0,-973.0,-43.0
2130,16.0,-254.0,-37.0,-29.0,15.0,0.0,51.0,-976.0,-45.0
2131,19.0,-251.0,-37.0,-24.0,14.0,-1.0,61.0,-969.0,-53.0
2132,19.0,-254.0,-36.0,-18.0,10.0,2.0,63.0,-976.0,-47.0
2133,21.0,-252.0,-38.0,-14.0,6.0,1.0,61.0,-972.0,-53.0
2134,28.0,-259.0,-30.0,-9.0,3.0,4.0,65.0,-971.0,-57.0
2135,23.0,-252.0,-37.0,-5.0,3.0,5.0,71.0,-956.0,-52.0
2136,22.0,-252.0,-39.0,-2.0,6.0,8.0,69.0,-952.0,-52.0
2137,24.0,-251.0,-39.0,0.0,7.0,9.0,67.0,-949.0,-48.0
2138,21.0,-250.0,-36.0,0.0,7.0,11.0,68.0,-950.0,-46.0
2139,23.0,-248.0,-36.0,0.0,8.0,11.0,66.0,-940.0,-45.0
2140,22.0,-245.0,-39.0,-4.0,7.0,12.0,75.0,-945.0,-46.0
2141,23.0,-248.0,-39.0,-8.0,9.0,10.0,67.0,-943.0,-44.0
2142,22.0,-251.0,-35.0,-15.0,10.0,11.0,67.0,-942.0,-48.0
2143,23.0,-250.0,-38.0,-19.0,11.0,8.0,65.0,-948.0,-44.0
2144,26.0,-249.0,-34.0,-26.0,16.0,6.0,66.0,-944.0,-51.0
2145,4.0,-255.0,-25.0,-29.0,18.0,6.0,63.0,-948.0,-46.0
2146,17.0,-246.0,-40.0,-30.0,21.0,4.0,67.0,-950.0,-51.0
2147,22.0,-250.0,-39.0,-31.0,24.0,0.0,64.0,-950.0,-48.0
2148,19.0,-249.0,-39.0,-34.0,29.0,0.0,62.0,-948.0,-48.0
2149,13.0,-258.0,-40.0,-48.0,38.0,12.0,26.0,-1008.0,-72.0
2150,28.0,-250.0,-30.0,-59.0,53.0,25.0,97.0,-950.0,-28.0
2151,18.0,-248.0,-39.0,-36.0,40.0,2.0,69.0,-943.0,-46.0
2152,25.0,-248.0,-35.0,-24.0,33.0,-5.0,66.0,-953.0,-49.0
2153,23.0,-248.0,-39.0,-27.0,35.0,-3.0,65.0,-949.0,-52.0
2154,21.0,-249.0,-41.0,-39.0,37.0,-3.0,64.0,-954.0,-52.0
2155,21.0,-250.0,-41.0,-46.0,40.0,-2.0,64.0,-954.0,-51.0
2156,4.0,-258.0,-26.0,-48.0,44.0,-3.0,64.0,-951.0,-50.0
2157,22.0,-249.0,-36.0,-44.0,46.0,-3.0,66.0,-950.0,-48.0
2158,20.0,-251.0,-37.0,-43.0,46.0,-5.0,61.0,-945.0,-48.0
2159,19.0,-246.0,-37.0,-39.0,43.0,-4.0,62.0,-950.0,-52.0
2160,21.0,-250.0,-36.0,-39.0,41.0,-3.0,66.0,-953.0,-53.0
2161,21.0,-250.0,-37.0,-37.0,38.0,-3.0,64.0,-948.0,-57.0
2162,21.0,-248.0,-40.0,-38.0,38.0,-2.0,61.0,-942.0,-58.0
2163,18.0,-246.0,-40.0,-41.0,38.0,-2.0,61.0,-943.0,-59.0
2164,23.0,-249.0,-40.0,-45.0,36.0,-1.0,67.0,-944.0,-63.0
2165,18.0,-249.0,-41.0,-46.0,36.0,-3.0,58.0,-945.0,-58.0
2166,13.0,-255.0,-42.0,-51.0,36.0,-1.0,27.0,-972.0,-77.0
2167,31.0,-256.0,-38.0,-68.0,48.0,16.0,56.0,-976.0,-57.0
2168,25.0,-251.0,-39.0,-65.0,52.0,19.0,91.0,-952.0,-50.0
2169,22.0,-248.0,-41.0,-47.0,42.0,0.0,65.0,-950.0,-64.0
2170,22.0,-251.0,-42.0,-41.0,39.0,-9.0,66.0,-955.0,-67.0
2171,23.0,-254.0,-40.0,-48.0,41.0,-10.0,64.0,-955.0,-60.0
2172,24.0,-251.0,-42.0,-58.0,42.0,-12.0,68.0,-960.0,-60.0
2173,22.0,-252.0,-35.0,-67.0,42.0,-11.0,64.0,-959.0,-58.0
2174,23.0,-253.0,-32.0,-68.0,47.0,-11.0,70.0,-959.0,-56.0
2175,18.0,-250.0,-39.0,-67.0,47.0,-12.0,65.0,-959.0,-48.0
2176,21.0,-252.0,-37.0,-70.0,47.0,-11.0,68.0,-952.0,-52.0
2177,20.0,-244.0,-38.0,-72.0,45.0,-12.0,60.0,-950.0,-46.0
2178,8.0,-250.0,-26.0,-81.0,47.0,-10.0,56.0,-951.0,-51.0
2179,18.0,-250.0,-38.0,-92.0,48.0,-10.0,57.0,-953.0,-52.0
2180,18.0,-250.0,-37.0,-101.0,52.0,-8.0,58.0,-956.0,-53.0
2181,16.0,-251.0,-44.0,-108.0,56.0,-9.0,51.0,-968.0,-62.0
2182,17.0,-252.0,-41.0,-108.0,59.0,-8.0,53.0,-972.0,-64.0
2183,20.0,-253.0,-44.0,-99.0,60.0,-10.0,55.0,-955.0,-63.0
2184,20.0,-253.0,-46.0,-86.0,61.0,-11.0,58.0,-959.0,-68.0
2185,15.0,-252.0,-41.0,-72.0,62.0,-13.0,59.0,-959.0,-68.0
2186,19.0,-254.0,-46.0,-57.0,62.0,-15.0,55.0,-973.0,-75.0
2187,18.0,-253.0,-45.0,-43.0,66.0,-15.0,61.0,-972.0,-73.0
2188,23.0,-254.0,-47.0,-30.0,67.0,-16.0,59.0,-977.0,-73.0
2189,13.0,-249.0,-38.0,-19.0,68.0,-20.0,61.0,-977.0,-77.0
2190,20.0,-253.0,-45.0,-11.0,69.0,-23.0,64.0,-976.0,-78.0
2191,19.0,-254.0,-48.0,-5.0,72.0,-23.0,59.0,-979.0,-84.0
2192,21.0,-255.0,-49.0,-3.0,75.0,-25.0,62.0,-976.0,-80.0
2193,20.0,-252.0,-44.0,-3.0,79.0,-25.0,62.0,-976.0,-81.0
2194,19.0,-255.0,-47.0,-5.0,84.0,-27.0,54.0,-975.0,-77.0
2195,18.0,-254.0,-47.0,-9.0,86.0,-25.0,50.0,-974.0,-84.0
2196,2.0,-266.0,-53.0,-24.0,96.0,-12.0,-34.0,-1030.0,-122.0
2197,28.0,-254.0,-36.0,-61.0,127.0,35.0,83.0,-984.0,-45.0
2198,34.0,-250.0,-34.0,-32.0,121.0,27.0,105.0,-942.0,-44.0
2199,26.0,-240.0,-47.0,18.0,97.0,-6.0,83.0,-929.0,-65.0
2200,24.0,-240.0,-55.0,40.0,90.0,-19.0,69.0,-929.0,-76.0
2201,21.0,-245.0,-40.0,31.0,92.0,-18.0,66.0,-941.0,-69.0
2202,23.0,-245.0,-43.0,3.0,94.0,-13.0,67.0,-933.0,-65.0
2203,23.0,-245.0,-42.0,-15.0,97.0,-9.0,69.0,-936.0,-61.0
2204,22.0,-244.0,-43.0,-27.0,105.0,-12.0,64.0,-938.0,-69.0
2205,23.0,-246.0,-45.0,-33.0,112.0,-12.0,65.0,-943.0,-74.0
2206,20.0,-248.0,-41.0,-38.0,115.0,-11.0,59.0,-940.0,-73.0
2207,18.0,-248.0,-47.0,-41.0,116.0,-8.0,57.0,-942.0,-77.0
2208,20.0,-248.0,-42.0,-45.0,117.0,-7.0,56.0,-942.0,-77.0
2209,14.0,-244.0,-45.0,-48.0,116.0,-6.0,50.0,-945.0,-77.0
2210,17.0,-248.0,-42.0,-54.0,118.0,-6.0,49.0,-945.0,-72.0
2211,12.0,-255.0,-35.0,-60.0,119.0,-5.0,54.0,-947.0,-64.0
2212,14.0,-242.0,-50.0,-61.0,119.0,-5.0,52.0,-945.0,-59.0
2213,17.0,-251.0,-40.0,-60.0,118.0,-3.0,51.0,-950.0,-56.0
2214,19.0,-252.0,-43.0,-55.0,116.0,-3.0,48.0,-953.0,-60.0
2215,19.0,-251.0,-41.0,-48.0,113.0,-2.0,45.0,-959.0,-65.0
2216,17.0,-252.0,-45.0,-40.0,110.0,-3.0,48.0,-952.0,-71.0
2217,14.0,-246.0,-44.0,-29.0,107.0,-5.0,49.0,-951.0,-77.0
2218,16.0,-248.0,-51.0,-23.0,105.0,-5.0,44.0,-943.0,-76.0
2219,17.0,-245.0,-49.0,-23.0,104.0,-8.0,46.0,-936.0,-84.0
2220,13.0,-245.0,-43.0,-30.0,104.0,-13.0,48.0,-931.0,-83.0
2221,0.0,-243.0,-28.0,-44.0,102.0,-12.0,47.0,-935.0,-84.0
2222,19.0,-243.0,-47.0,-60.0,101.0,-13.0,51.0,-930.0,-75.0
2223,16.0,-245.0,-44.0,-74.0,99.0,-11.0,52.0,-927.0,-73.0
2224,16.0,-245.0,-41.0,-83.0,97.0,-10.0,50.0,-930.0,-72.0
2225,15.0,-243.0,-41.0,-90.0,94.0,-8.0,53.0,-934.0,-61.0
2226,16.0,-248.0,-44.0,-91.0,91.0,-6.0,44.0,-933.0,-69.0
2227,17.0,-248.0,-44.0,-89.0,86.0,-4.0,44.0,-948.0,-72.0
2228,18.0,-247.0,-45.0,-82.0,85.0,-3.0,42.0,-944.0,-75.0
2229,15.0,-248.0,-46.0,-72.0,84.0,-4.0,39.0,-948.0,-81.0
2230,14.0,-249.0,-48.0,-63.0,81.0,-8.0,40.0,-949.0,-92.0
2231,17.0,-248.0,-46.0,-57.0,78.0,-7.0,35.0,-951.0,-95.0
2232,15.0,-247.0,-48.0,-53.0,71.0,-10.0,39.0,-953.0,-94.0
2233,13.0,-250.0,-52.0,-55.0,63.0,-12.0,43.0,-953.0,-99.0
2234,16.0,-250.0,-51.0,-62.0,58.0,-14.0,41.0,-956.0,-95.0
2235,15.0,-250.0,-48.0,-66.0,52.0,-17.0,43.0,-952.0,-96.0
2236,15.0,-250.0,-49.0,-70.0,47.0,-17.0,43.0,-957.0,-96.0
2237,17.0,-255.0,-49.0,-73.0,43.0,-19.0,44.0,-967.0,-97.0
2238,17.0,-253.0,-52.0,-70.0,39.0,-21.0,50.0,-968.0,-89.0
2239,14.0,-255.0,-43.0,-65.0,37.0,-23.0,48.0,-973.0,-87.0
2240,18.0,-254.0,-50.0,-55.0,35.0,-23.0,56.0,-977.0,-85.0
2241,22.0,-254.0,-49.0,-45.0,33.0,-20.0,60.0,-975.0,-85.0
2242,17.0,-253.0,-44.0,-37.0,32.0,-20.0,64.0,-983.0,-80.0
2243,10.0,-258.0,-50.0,-30.0,33.0,-20.0,67.0,-975.0,-80.0
2244,23.0,-253.0,-48.0,-24.0,37.0,-19.0,67.0,-979.0,-78.0
2245,22.0,-253.0,-47.0,-17.0,40.0,-17.0,67.0,-972.0,-73.0
2246,26.0,-253.0,-43.0,-14.0,44.0,-16.0,72.0,-978.0,-69.0
2247,24.0,-253.0,-44.0,-10.0,46.0,-16.0,78.0,-977.0,-71.0
2248,27.0,-250.0,-43.0,-7.0,51.0,-14.0,77.0,-966.0,-71.0
2249,26.0,-251.0,-42.0,-7.0,55.0,-13.0,79.0,-955.0,-65.0
2250,23.0,-247.0,-43.0,-6.0,57.0,-12.0,80.0,-952.0,-59.0
2251,24.0,-250.0,-43.0,-8.0,60.0,-11.0,80.0,-954.0,-61.0
2252,25.0,-249.0,-40.0,-13.0,60.0,-11.0,78.0,-946.0,-67.0
2253,23.0,-249.0,-41.0,-17.0,61.0,-10.0,71.0,-948.0,-63.0
2254,20.0,-240.0,-61.0,-24.0,63.0,-9.0,69.0,-949.0,-71.0
2255,24.0,-249.0,-46.0,-29.0,65.0,-8.0,69.0,-949.0,-84.0
2256,21.0,-251.0,-44.0,-34.0,69.0,-7.0,63.0,-949.0,-73.0
2257,18.0,-248.0,-47.0,-35.0,75.0,-8.0,62.0,-948.0,-76.0
2258,24.0,-252.0,-45.0,-33.0,82.0,-9.0,65.0,-946.0,-75.0
2259,23.0,-250.0,-48.0,-27.0,88.0,-8.0,65.0,-950.0,-77.0
2260,22.0,-252.0,-45.0,-21.0,95.0,-8.0,62.0,-952.0,-82.0
2261,19.0,-249.0,-44.0,-15.0,99.0,-10.0,65.0,-957.0,-83.0
2262,17.0,-253.0,-45.0,-10.0,102.0,-11.0,63.0,-955.0,-87.0
2263,20.0,-250.0,-48.0,-7.0,103.0,-11.0,56.0,-954.0,-87.0
2264,23.0,-238.0,-54.0,-7.0,103.0,-12.0,55.0,-949.0,-91.0
2265,24.0,-242.0,-43.0,-8.0,103.0,-11.0,53.0,-948.0,-92.0
2266,20.0,-248.0,-49.0,-10.0,104.0,-10.0,54.0,-947.0,-94.0
2267,18.0,-246.0,-48.0,-11.0,104.0,-11.0,52.0,-943.0,-93.0
2268,18.0,-249.0,-51.0,-16.0,103.0,-12.0,56.0,-942.0,-90.0
2269,18.0,-248.0,-49.0,-20.0,103.0,-9.0,57.0,-943.0,-87.0
2270,20.0,-248.0,-51.0,-25.0,104.0,-10.0,60.0,-940.0,-86.0
2271,21.0,-249.0,-50.0,-31.0,103.0,-9.0,57.0,-942.0,-92.0
2272,18.0,-248.0,-48.0,-37.0,101.0,-8.0,58.0,-948.0,-90.0
2273,22.0,-250.0,-48.0,-38.0,98.0,-7.0,58.0,-949.0,-84.0
2274,19.0,-251.0,-51.0,-39.0,93.0,-6.0,61.0,-956.0,-83.0
2275,20.0,-250.0,-48.0,-36.0,89.0,-4.0,60.0,-967.0,-83.0
2276,20.0,-255.0,-47.0,-32.0,83.0,-1.0,57.0,-975.0,-84.0
2277,18.0,-253.0,-47.0,-26.0,80.0,0.0,57.0,-969.0,-86.0
2278,17.0,-255.0,-45.0,-18.0,76.0,1.0,50.0,-980.0,-89.0
2279,18.0,-253.0,-52.0,-13.0,73.0,3.0,52.0,-971.0,-93.0
2280,18.0,-253.0,-45.0,-8.0,69.0,2.0,51.0,-972.0,-93.0
2281,19.0,-252.0,-49.0,-3.0,64.0,5.0,52.0,-968.0,-91.0
2282,16.0,-254.0,-49.0,-1.0,56.0,5.0,52.0,-967.0,-91.0
2283,17.0,-248.0,-51.0,4.0,53.0,5.0,49.0,-956.0,-92.0
2284,18.0,-251.0,-51.0,11.0,53.0,4.0,50.0,-953.0,-94.0
2285,18.0,-251.0,-53.0,16.0,52.0,6.0,50.0,-970.0,-92.0
2286,20.0,-253.0,-49.0,23.0,51.0,4.0,50.0,-963.0,-92.0
2287,32.0,-252.0,-48.0,31.0,50.0,7.0,54.0,-959.0,-94.0
2288,19.0,-254.0,-50.0,42.0,49.0,5.0,56.0,-962.0,-92.0
2289,19.0,-249.0,-48.0,52.0,46.0,7.0,57.0,-963.0,-91.0
2290,19.0,-252.0,-47.0,60.0,40.0,7.0,58.0,-965.0,-84.0
2291,20.0,-250.0,-46.0,68.0,33.0,10.0,56.0,-952.0,-82.0
2292,21.0,-253.0,-45.0,73.0,27.0,11.0,56.0,-953.0,-88.0
2293,18.0,-249.0,-44.0,79.0,21.0,13.0,64.0,-954.0,-79.0
2294,18.0,-251.0,-40.0,83.0,17.0,14.0,56.0,-960.0,-82.0
2295,19.0,-249.0,-48.0,86.0,14.0,17.0,52.0,-954.0,-77.0
2296,19.0,-251.0,-44.0,88.0,13.0,17.0,49.0,-951.0,-75.0
2297,19.0,-247.0,-44.0,89.0,8.0,21.0,51.0,-951.0,-70.0
2298,6.0,-248.0,-29.0,88.0,6.0,20.0,50.0,-948.0,-66.0
2299,18.0,-248.0,-41.0,84.0,9.0,21.0,53.0,-950.0,-66.0
2300,18.0,-248.0,-43.0,79.0,11.0,18.0,49.0,-958.0,-66.0
2301,19.0,-250.0,-44.0,70.0,16.0,18.0,51.0,-949.0,-63.0
2302,19.0,-249.0,-42.0,63.0,21.0,16.0,56.0,-954.0,-60.0
2303,19.0,-250.0,-39.0,52.0,25.0,15.0,49.0,-958.0,-62.0
2304,19.0,-250.0,-42.0,46.0,30.0,14.0,56.0,-955.0,-63.0
2305,18.0,-251.0,-37.0,41.0,34.0,14.0,58.0,-961.0,-67.0
2306,19.0,-254.0,-43.0,39.0,36.0,13.0,59.0,-949.0,-65.0
2307,20.0,-252.0,-45.0,39.0,38.0,14.0,61.0,-950.0,-60.0
2308,24.0,-238.0,-55.0,40.0,39.0,13.0,62.0,-951.0,-64.0
2309,20.0,-249.0,-43.0,45.0,39.0,13.0,63.0,-947.0,-62.0
2310,21.0,-249.0,-42.0,48.0,40.0,11.0,59.0,-948.0,-59.0
2311,18.0,-248.0,-39.0,50.0,41.0,11.0,64.0,-947.0,-64.0
2312,22.0,-245.0,-43.0,48.0,41.0,8.0,67.0,-946.0,-64.0
2313,21.0,-249.0,-40.0,42.0,43.0,9.0,64.0,-949.0,-61.0
2314,20.0,-251.0,-43.0,35.0,45.0,9.0,56.0,-952.0,-62.0
2315,18.0,-249.0,-41.0,28.0,46.0,8.0,59.0,-954.0,-60.0
2316,20.0,-252.0,-38.0,20.0,45.0,4.0,62.0,-957.0,-59.0
2317,19.0,-250.0,-39.0,15.0,47.0,5.0,60.0,-948.0,-59.0
2318,16.0,-250.0,-33.0,11.0,48.0,2.0,63.0,-954.0,-55.0
2319,39.0,-248.0,-45.0,11.0,51.0,4.0,63.0,-963.0,-57.0
2320,22.0,-252.0,-37.0,10.0,53.0,2.0,64.0,-952.0,-55.0
2321,21.0,-251.0,-39.0,9.0,57.0,4.0,61.0,-952.0,-56.0
2322,21.0,-250.0,-40.0,11.0,62.0,3.0,64.0,-956.0,-58.0
2323,20.0,-251.0,-39.0,13.0,63.0,2.0,65.0,-951.0,-58.0
2324,22.0,-249.0,-45.0,16.0,63.0,1.0,61.0,-956.0,-71.0
2325,20.0,-252.0,-48.0,20.0,64.0,0.0,58.0,-950.0,-75.0
2326,19.0,-251.0,-46.0,21.0,63.0,-3.0,58.0,-952.0,-74.0
2327,19.0,-251.0,-46.0,19.0,58.0,-3.0,53.0,-954.0,-79.0
2328,16.0,-250.0,-45.0,18.0,55.0,-5.0,51.0,-954.0,-77.0
2329,15.0,-252.0,-45.0,20.0,54.0,-5.0,50.0,-962.0,-76.0
2330,27.0,-261.0,-26.0,22.0,51.0,-7.0,54.0,-956.0,-69.0
2331,15.0,-253.0,-39.0,25.0,51.0,-8.0,56.0,-956.0,-69.0
2332,22.0,-251.0,-46.0,29.0,52.0,-11.0,56.0,-956.0,-60.0
2333,19.0,-252.0,-44.0,31.0,58.0,-11.0,53.0,-960.0,-59.0
2334,19.0,-250.0,-42.0,32.0,62.0,-14.0,60.0,-959.0,-56.0
2335,19.0,-250.0,-41.0,33.0,63.0,-14.0,63.0,-961.0,-54.0
2336,23.0,-253.0,-36.0,34.0,62.0,-17.0,63.0,-953.0,-54.0
2337,22.0,-254.0,-36.0,35.0,65.0,-14.0,59.0,-959.0,-53.0
2338,22.0,-253.0,-40.0,35.0,66.0,-16.0,61.0,-959.0,-54.0
2339,21.0,-255.0,-36.0,36.0,65.0,-14.0,58.0,-963.0,-51.0
2340,20.0,-254.0,-38.0,37.0,65.0,-14.0,61.0,-953.0,-48.0
2341,-1.0,-246.0,-42.0,34.0,62.0,-13.0,62.0,-952.0,-45.0
2342,20.0,-250.0,-37.0,32.0,60.0,-13.0,58.0,-961.0,-46.0
2343,21.0,-251.0,-35.0,31.0,60.0,-12.0,58.0,-952.0,-45.0
2344,20.0,-248.0,-41.0,27.0,57.0,-15.0,62.0,-959.0,-51.0
2345,21.0,-250.0,-39.0,21.0,55.0,-12.0,58.0,-949.0,-54.0
2346,19.0,-248.0,-40.0,15.0,52.0,-13.0,57.0,-949.0,-53.0
2347,20.0,-249.0,-36.0,9.0,49.0,-12.0,54.0,-948.0,-57.0
2348,20.0,-242.0,-39.0,3.0,47.0,-12.0,58.0,-945.0,-54.0
2349,20.0,-248.0,-42.0,-1.0,46.0,-10.0,58.0,-952.0,-53.0
2350,21.0,-253.0,-39.0,0.0,43.0,-10.0,53.0,-955.0,-55.0
2351,19.0,-255.0,-37.0,1.0,43.0,-11.0,52.0,-960.0,-55.0
2352,21.0,-245.0,-45.0,5.0,46.0,-11.0,55.0,-963.0,-55.0
2353,17.0,-252.0,-40.0,11.0,46.0,-12.0,59.0,-962.0,-57.0
2354,19.0,-253.0,-40.0,17.0,46.0,-13.0,56.0,-959.0,-59.0
2355,18.0,-251.0,-41.0,24.0,44.0,-9.0,57.0,-973.0,-63.0
2356,17.0,-252.0,-40.0,34.0,38.0,-6.0,61.0,-969.0,-71.0
2357,20.0,-254.0,-45.0,42.0,31.0,-1.0,59.0,-974.0,-75.0
2358,20.0,-253.0,-45.0,57.0,23.0,2.0,54.0,-975.0,-68.0
2359,19.0,-253.0,-48.0,78.0,12.0,8.0,53.0,-975.0,-62.0
2360,16.0,-251.0,-40.0,102.0,3.0,13.0,50.0,-978.0,-62.0
2361,14.0,-252.0,-41.0,127.0,-8.0,22.0,44.0,-963.0,-60.0
2362,14.0,-252.0,-39.0,149.0,-23.0,28.0,48.0,-955.0,-60.0
2363,15.0,-231.0,-57.0,166.0,-32.0,38.0,48.0,-943.0,-58.0
2364,20.0,-246.0,-39.0,177.0,-36.0,40.0,52.0,-943.0,-56.0
2365,17.0,-244.0,-41.0,175.0,-32.0,42.0,56.0,-937.0,-54.0
2366,21.0,-247.0,-38.0,166.0,-23.0,41.0,58.0,-931.0,-53.0
2367,21.0,-247.0,-40.0,148.0,-13.0,42.0,58.0,-931.0,-48.0
2368,14.0,-245.0,-38.0,127.0,-3.0,40.0,52.0,-937.0,-51.0
2369,17.0,-247.0,-32.0,102.0,1.0,41.0,50.0,-943.0,-48.0
2370,16.0,-248.0,-39.0,78.0,1.0,38.0,47.0,-950.0,-43.0
2371,16.0,-250.0,-30.0,58.0,-3.0,38.0,49.0,-954.0,-46.0
2372,16.0,-254.0,-36.0,48.0,-6.0,36.0,46.0,-971.0,-43.0
2373,12.0,-256.0,-35.0,48.0,-8.0,36.0,45.0,-977.0,-41.0
2374,10.0,-264.0,-35.0,59.0,-8.0,33.0,45.0,-984.0,-43.0
2375,16.0,-258.0,-33.0,75.0,-7.0,36.0,46.0,-988.0,-39.0
2376,14.0,-255.0,-30.0,92.0,-10.0,37.0,39.0,-984.0,-37.0
2377,11.0,-254.0,-34.0,112.0,-18.0,43.0,40.0,-980.0,-32.0
2378,12.0,-252.0,-33.0,132.0,-35.0,49.0,36.0,-976.0,-28.0
2379,11.0,-252.0,-32.0,149.0,-51.0,57.0,31.0,-969.0,-25.0
2380,11.0,-251.0,-35.0,162.0,-67.0,61.0,30.0,-968.0,-32.0
2381,13.0,-249.0,-34.0,169.0,-70.0,66.0,34.0,-952.0,-37.0
2382,11.0,-249.0,-39.0,171.0,-65.0,70.0,38.0,-950.0,-46.0
2383,12.0,-249.0,-40.0,164.0,-57.0,76.0,33.0,-945.0,-51.0
2384,13.0,-248.0,-44.0,157.0,-55.0,76.0,34.0,-951.0,-61.0
2385,22.0,-233.0,-56.0,150.0,-60.0,82.0,41.0,-944.0,-62.0
2386,16.0,-248.0,-41.0,146.0,-66.0,84.0,49.0,-943.0,-61.0
2387,18.0,-249.0,-40.0,147.0,-72.0,85.0,52.0,-946.0,-58.0
2388,18.0,-251.0,-42.0,148.0,-76.0,79.0,52.0,-955.0,-58.0
2389,19.0,-248.0,-39.0,152.0,-80.0,76.0,63.0,-953.0,-52.0
2390,22.0,-253.0,-36.0,153.0,-81.0,70.0,62.0,-969.0,-49.0
2391,18.0,-253.0,-36.0,156.0,-84.0,64.0,56.0,-968.0,-43.0
2392,21.0,-255.0,-38.0,160.0,-85.0,55.0,60.0,-974.0,-40.0
2393,16.0,-254.0,-33.0,165.0,-80.0,51.0,55.0,-976.0,-38.0
2394,19.0,-257.0,-34.0,166.0,-78.0,42.0,54.0,-978.0,-31.0
2395,16.0,-254.0,-36.0,164.0,-72.0,35.0,54.0,-975.0,-27.0
2396,21.0,-250.0,-43.0,156.0,-63.0,26.0,49.0,-986.0,-24.0
2397,14.0,-252.0,-31.0,148.0,-55.0,21.0,45.0,-971.0,-16.0
2398,17.0,-252.0,-30.0,135.0,-54.0,15.0,44.0,-960.0,-18.0
2399,15.0,-247.0,-28.0,121.0,-53.0,14.0,43.0,-959.0,-11.0
