,0,1,2,3,4,5,6,7,8
0,15.0,-251.0,-29.0,-31.0,-10.0,-87.0,74.0,-986.0,20.0
1,20.0,-251.0,-31.0,-33.0,-6.0,-89.0,78.0,-980.0,25.0
2,23.0,-254.0,-29.0,-36.0,-4.0,-90.0,83.0,-983.0,23.0
3,25.0,-252.0,-29.0,-38.0,-2.0,-91.0,90.0,-986.0,24.0
4,22.0,-253.0,-26.0,-45.0,-1.0,-91.0,89.0,-980.0,27.0
5,25.0,-253.0,-27.0,-52.0,1.0,-89.0,97.0,-985.0,28.0
6,27.0,-254.0,-29.0,-59.0,1.0,-88.0,101.0,-988.0,32.0
7,25.0,-253.0,-27.0,-67.0,0.0,-85.0,99.0,-979.0,29.0
8,22.0,-252.0,-24.0,-74.0,-4.0,-81.0,92.0,-980.0,31.0
9,23.0,-254.0,-27.0,-78.0,-8.0,-76.0,86.0,-982.0,30.0
10,23.0,-253.0,-24.0,-78.0,-13.0,-74.0,81.0,-979.0,30.0
11,18.0,-251.0,-22.0,-79.0,-17.0,-71.0,78.0,-974.0,41.0
12,18.0,-251.0,-25.0,-80.0,-21.0,-66.0,71.0,-965.0,37.0
13,17.0,-248.0,-27.0,-76.0,-28.0,-63.0,75.0,-970.0,38.0
14,17.0,-249.0,-26.0,-73.0,-33.0,-57.0,66.0,-971.0,39.0
15,13.0,-248.0,-24.0,-72.0,-37.0,-52.0,61.0,-970.0,40.0
16,14.0,-253.0,-26.0,-68.0,-39.0,-47.0,58.0,-978.0,43.0
17,16.0,-254.0,-26.0,-70.0,-41.0,-40.0,67.0,-975.0,41.0
18,15.0,-250.0,-20.0,-74.0,-42.0,-36.0,60.0,-973.0,43.0
19,15.0,-249.0,-24.0,-81.0,-45.0,-31.0,64.0,-976.0,46.0
20,15.0,-252.0,-23.0,-90.0,-46.0,-28.0,60.0,-976.0,43.0
21,14.0,-252.0,-22.0,-106.0,-47.0,-26.0,71.0,-980.0,44.0
22,18.0,-252.0,-21.0,-122.0,-47.0,-25.0,80.0,-980.0,43.0
23,19.0,-256.0,-22.0,-135.0,-44.0,-23.0,84.0,-985.0,41.0
24,20.0,-253.0,-27.0,-149.0,-42.0,-23.0,82.0,-977.0,38.0
25,24.0,-254.0,-29.0,-159.0,-40.0,-22.0,100.0,-985.0,31.0
26,24.0,-254.0,-23.0,-168.0,-39.0,-21.0,89.0,-984.0,26.0
27,25.0,-252.0,-28.0,-175.0,-39.0,-20.0,95.0,-977.0,23.0
28,27.0,-253.0,-27.0,-182.0,-40.0,-19.0,98.0,-978.0,19.0
29,26.0,-253.0,-31.0,-185.0,-38.0,-17.0,101.0,-979.0,10.0
30,27.0,-252.0,-37.0,-186.0,-40.0,-15.0,102.0,-979.0,5.0
31,27.0,-250.0,-34.0,-184.0,-40.0,-13.0,102.0,-968.0,-2.0
32,26.0,-252.0,-38.0,-179.0,-39.0,-11.0,107.0,-965.0,-11.0
33,27.0,-247.0,-38.0,-174.0,-38.0,-8.0,105.0,-960.0,-9.0
34,29.0,-248.0,-42.0,-171.0,-36.0,-4.0,111.0,-958.0,-20.0
35,33.0,-247.0,-41.0,-164.0,-33.0,-3.0,119.0,-952.0,-24.0
36,33.0,-248.0,-44.0,-161.0,-30.0,-2.0,124.0,-956.0,-32.0
37,34.0,-248.0,-43.0,-160.0,-24.0,-1.0,130.0,-967.0,-31.0
38,35.0,-251.0,-42.0,-159.0,-16.0,-2.0,140.0,-973.0,-42.0
39,38.0,-254.0,-43.0,-158.0,-8.0,-3.0,149.0,-980.0,-42.0
40,38.0,-253.0,-47.0,-162.0,1.0,-6.0,147.0,-989.0,-40.0
41,39.0,-257.0,-43.0,-163.0,8.0,-9.0,148.0,-986.0,-34.0
42,37.0,-256.0,-49.0,-164.0,13.0,-9.0,145.0,-994.0,-40.0
43,36.0,-257.0,-47.0,-163.0,16.0,-12.0,137.0,-992.0,-41.0
44,32.0,-257.0,-44.0,-166.0,18.0,-12.0,129.0,-990.0,-45.0
45,34.0,-257.0,-45.0,-167.0,20.0,-15.0,117.0,-992.0,-41.0
46,27.0,-255.0,-43.0,-167.0,22.0,-17.0,112.0,-990.0,-39.0
47,23.0,-253.0,-43.0,-164.0,24.0,-20.0,103.0,-991.0,-37.0
48,24.0,-255.0,-42.0,-161.0,27.0,-20.0,96.0,-991.0,-33.0
49,25.0,-255.0,-46.0,-156.0,29.0,-24.0,97.0,-996.0,-39.0
50,21.0,-252.0,-46.0,-151.0,34.0,-25.0,86.0,-983.0,-38.0
51,20.0,-248.0,-44.0,-149.0,35.0,-27.0,83.0,-965.0,-36.0
52,22.0,-248.0,-41.0,-147.0,31.0,-29.0,84.0,-963.0,-35.0
53,26.0,-246.0,-47.0,-144.0,29.0,-28.0,93.0,-952.0,-38.0
54,28.0,-244.0,-49.0,-146.0,27.0,-29.0,99.0,-952.0,-46.0
55,28.0,-246.0,-47.0,-151.0,27.0,-32.0,115.0,-949.0,-47.0
56,34.0,-248.0,-47.0,-155.0,27.0,-34.0,125.0,-959.0,-49.0
57,36.0,-249.0,-43.0,-157.0,27.0,-36.0,139.0,-967.0,-52.0
58,40.0,-252.0,-46.0,-159.0,27.0,-39.0,146.0,-973.0,-51.0
59,39.0,-255.0,-46.0,-163.0,30.0,-40.0,149.0,-980.0,-51.0
60,39.0,-255.0,-47.0,-165.0,32.0,-40.0,156.0,-986.0,-44.0
61,39.0,-255.0,-42.0,-169.0,37.0,-38.0,155.0,-991.0,-50.0
62,37.0,-257.0,-44.0,-171.0,41.0,-35.0,150.0,-992.0,-44.0
63,38.0,-254.0,-49.0,-172.0,47.0,-31.0,143.0,-991.0,-50.0
64,38.0,-257.0,-45.0,-173.0,52.0,-26.0,146.0,-992.0,-48.0
65,36.0,-253.0,-50.0,-172.0,59.0,-21.0,137.0,-989.0,-53.0
66,34.0,-253.0,-45.0,-172.0,65.0,-18.0,122.0,-984.0,-50.0
67,34.0,-253.0,-46.0,-170.0,71.0,-14.0,116.0,-984.0,-46.0
68,30.0,-253.0,-44.0,-168.0,75.0,-11.0,115.0,-979.0,-45.0
69,28.0,-253.0,-43.0,-165.0,76.0,-8.0,105.0,-983.0,-40.0
70,23.0,-252.0,-45.0,-160.0,78.0,-5.0,107.0,-984.0,-38.0
71,23.0,-254.0,-37.0,-153.0,77.0,-2.0,96.0,-981.0,-33.0
72,23.0,-257.0,-44.0,-142.0,75.0,1.0,89.0,-988.0,-38.0
73,24.0,-256.0,-42.0,-132.0,72.0,4.0,93.0,-989.0,-32.0
74,20.0,-261.0,-47.0,-123.0,70.0,7.0,81.0,-992.0,-36.0
75,19.0,-257.0,-45.0,-109.0,68.0,9.0,80.0,-989.0,-34.0
76,19.0,-256.0,-42.0,-97.0,66.0,9.0,82.0,-995.0,-33.0
77,25.0,-258.0,-45.0,-88.0,64.0,8.0,82.0,-994.0,-30.0
78,17.0,-257.0,-44.0,-78.0,61.0,9.0,83.0,-998.0,-29.0
79,19.0,-256.0,-40.0,-72.0,61.0,6.0,76.0,-993.0,-25.0
80,19.0,-255.0,-41.0,-65.0,60.0,6.0,80.0,-987.0,-25.0
81,18.0,-251.0,-42.0,-60.0,58.0,3.0,76.0,-985.0,-27.0
82,18.0,-251.0,-40.0,-56.0,57.0,2.0,76.0,-978.0,-19.0
83,21.0,-253.0,-42.0,-53.0,54.0,2.0,76.0,-977.0,-20.0
84,21.0,-253.0,-39.0,-51.0,53.0,0.0,77.0,-982.0,-15.0
85,19.0,-255.0,-42.0,-49.0,52.0,0.0,80.0,-980.0,-15.0
86,21.0,-254.0,-38.0,-46.0,48.0,-2.0,80.0,-976.0,-10.0
87,19.0,-252.0,-36.0,-44.0,44.0,-1.0,82.0,-981.0,-9.0
88,23.0,-253.0,-40.0,-44.0,39.0,-1.0,83.0,-983.0,-16.0
89,20.0,-257.0,-39.0,-43.0,35.0,0.0,90.0,-988.0,-18.0
90,21.0,-254.0,-41.0,-43.0,33.0,3.0,86.0,-990.0,-22.0
91,24.0,-254.0,-44.0,-44.0,30.0,5.0,98.0,-987.0,-27.0
92,22.0,-251.0,-41.0,-41.0,28.0,6.0,90.0,-984.0,-35.0
93,25.0,-254.0,-48.0,-43.0,28.0,8.0,94.0,-985.0,-39.0
94,21.0,-254.0,-43.0,-47.0,30.0,8.0,95.0,-987.0,-42.0
95,23.0,-250.0,-45.0,-50.0,35.0,8.0,94.0,-983.0,-46.0
96,23.0,-252.0,-46.0,-59.0,38.0,10.0,86.0,-982.0,-43.0
97,23.0,-253.0,-44.0,-64.0,39.0,7.0,85.0,-980.0,-42.0
98,23.0,-257.0,-47.0,-72.0,45.0,4.0,83.0,-982.0,-38.0
99,24.0,-255.0,-46.0,-79.0,50.0,-2.0,84.0,-985.0,-33.0
100,24.0,-252.0,-40.0,-85.0,54.0,-8.0,83.0,-984.0,-34.0
101,23.0,-253.0,-41.0,-91.0,54.0,-12.0,85.0,-979.0,-27.0
102,21.0,-250.0,-47.0,-100.0,53.0,-19.0,84.0,-976.0,-28.0
103,24.0,-254.0,-40.0,-107.0,52.0,-26.0,86.0,-976.0,-25.0
104,21.0,-250.0,-39.0,-111.0,49.0,-31.0,90.0,-972.0,-27.0
105,21.0,-249.0,-44.0,-114.0,44.0,-37.0,85.0,-969.0,-29.0
106,21.0,-250.0,-42.0,-117.0,38.0,-40.0,92.0,-967.0,-32.0
107,22.0,-249.0,-45.0,-120.0,32.0,-44.0,90.0,-967.0,-30.0
108,19.0,-249.0,-46.0,-123.0,30.0,-45.0,80.0,-964.0,-32.0
109,21.0,-249.0,-41.0,-123.0,25.0,-47.0,84.0,-971.0,-32.0
110,22.0,-251.0,-44.0,-122.0,19.0,-46.0,86.0,-971.0,-31.0
111,23.0,-253.0,-43.0,-120.0,16.0,-45.0,86.0,-978.0,-32.0
112,18.0,-252.0,-42.0,-117.0,14.0,-45.0,93.0,-978.0,-31.0
113,22.0,-256.0,-45.0,-114.0,10.0,-43.0,88.0,-987.0,-32.0
114,18.0,-256.0,-43.0,-112.0,4.0,-39.0,85.0,-987.0,-31.0
115,20.0,-255.0,-46.0,-112.0,1.0,-37.0,82.0,-992.0,-32.0
116,21.0,-256.0,-44.0,-107.0,-4.0,-35.0,80.0,-990.0,-34.0
117,16.0,-256.0,-48.0,-102.0,-7.0,-33.0,78.0,-994.0,-32.0
118,24.0,-259.0,-46.0,-97.0,-8.0,-28.0,81.0,-992.0,-34.0
119,21.0,-256.0,-45.0,-92.0,-11.0,-24.0,81.0,-992.0,-44.0
120,26.0,-255.0,-43.0,-88.0,-13.0,-23.0,80.0,-988.0,-40.0
121,20.0,-253.0,-44.0,-84.0,-14.0,-21.0,89.0,-983.0,-45.0
122,20.0,-252.0,-46.0,-83.0,-14.0,-20.0,83.0,-983.0,-47.0
123,24.0,-253.0,-50.0,-78.0,-13.0,-18.0,87.0,-978.0,-44.0
124,19.0,-254.0,-52.0,-72.0,-15.0,-17.0,87.0,-975.0,-52.0
125,22.0,-253.0,-48.0,-68.0,-14.0,-16.0,87.0,-977.0,-54.0
126,25.0,-250.0,-50.0,-63.0,-14.0,-16.0,91.0,-977.0,-51.0
127,22.0,-253.0,-49.0,-59.0,-12.0,-13.0,100.0,-976.0,-53.0
128,24.0,-251.0,-50.0,-56.0,-12.0,-12.0,98.0,-980.0,-53.0
129,28.0,-253.0,-51.0,-53.0,-12.0,-9.0,102.0,-976.0,-54.0
130,24.0,-251.0,-48.0,-52.0,-10.0,-5.0,104.0,-971.0,-55.0
131,25.0,-250.0,-45.0,-52.0,-9.0,-5.0,96.0,-974.0,-55.0
132,27.0,-252.0,-46.0,-53.0,-9.0,-3.0,100.0,-973.0,-48.0
133,27.0,-251.0,-45.0,-55.0,-10.0,-1.0,104.0,-972.0,-48.0
134,25.0,-248.0,-56.0,-58.0,-11.0,2.0,111.0,-967.0,-53.0
135,28.0,-249.0,-46.0,-62.0,-13.0,2.0,112.0,-971.0,-48.0
136,27.0,-252.0,-47.0,-67.0,-13.0,3.0,108.0,-966.0,-46.0
137,26.0,-254.0,-47.0,-73.0,-17.0,4.0,109.0,-970.0,-44.0
138,26.0,-250.0,-47.0,-79.0,-18.0,4.0,111.0,-977.0,-48.0
139,23.0,-249.0,-47.0,-84.0,-20.0,3.0,111.0,-976.0,-51.0
140,26.0,-252.0,-49.0,-89.0,-25.0,2.0,104.0,-972.0,-55.0
141,25.0,-249.0,-46.0,-93.0,-25.0,2.0,104.0,-973.0,-54.0
142,27.0,-252.0,-52.0,-100.0,-27.0,0.0,104.0,-977.0,-52.0
143,24.0,-254.0,-48.0,-107.0,-28.0,-2.0,103.0,-982.0,-61.0
144,24.0,-254.0,-49.0,-111.0,-26.0,-6.0,97.0,-982.0,-58.0
145,29.0,-243.0,-58.0,-112.0,-23.0,-13.0,91.0,-983.0,-61.0
146,22.0,-256.0,-55.0,-113.0,-22.0,-22.0,97.0,-984.0,-63.0
147,23.0,-258.0,-53.0,-115.0,-19.0,-30.0,89.0,-989.0,-63.0
148,23.0,-255.0,-54.0,-118.0,-17.0,-39.0,95.0,-990.0,-64.0
149,23.0,-253.0,-50.0,-121.0,-16.0,-48.0,101.0,-989.0,-66.0
150,28.0,-258.0,-52.0,-126.0,-11.0,-53.0,103.0,-997.0,-65.0
151,26.0,-253.0,-52.0,-129.0,-9.0,-58.0,108.0,-987.0,-61.0
152,33.0,-252.0,-52.0,-129.0,-5.0,-58.0,117.0,-986.0,-66.0
153,29.0,-252.0,-55.0,-128.0,-4.0,-57.0,126.0,-979.0,-58.0
154,34.0,-251.0,-49.0,-126.0,-3.0,-52.0,128.0,-975.0,-58.0
155,38.0,-250.0,-54.0,-126.0,-1.0,-48.0,134.0,-967.0,-60.0
156,26.0,-241.0,-63.0,-126.0,-1.0,-41.0,141.0,-963.0,-58.0
157,38.0,-249.0,-47.0,-125.0,-3.0,-35.0,142.0,-964.0,-54.0
158,34.0,-248.0,-50.0,-124.0,0.0,-27.0,143.0,-965.0,-55.0
159,38.0,-248.0,-52.0,-119.0,0.0,-20.0,137.0,-966.0,-56.0
160,38.0,-250.0,-50.0,-115.0,0.0,-13.0,136.0,-967.0,-58.0
161,34.0,-249.0,-52.0,-109.0,-2.0,-9.0,140.0,-974.0,-55.0
162,35.0,-254.0,-48.0,-105.0,-5.0,-3.0,129.0,-977.0,-67.0
163,33.0,-250.0,-51.0,-100.0,-7.0,1.0,122.0,-983.0,-62.0
164,28.0,-253.0,-48.0,-97.0,-8.0,1.0,115.0,-984.0,-63.0
165,28.0,-256.0,-52.0,-91.0,-3.0,-1.0,110.0,-988.0,-65.0
166,30.0,-258.0,-54.0,-86.0,1.0,-4.0,106.0,-988.0,-64.0
167,22.0,-260.0,-52.0,-81.0,5.0,-7.0,108.0,-989.0,-64.0
168,29.0,-253.0,-53.0,-75.0,11.0,-10.0,110.0,-988.0,-64.0
169,29.0,-256.0,-50.0,-70.0,19.0,-12.0,109.0,-976.0,-64.0
170,28.0,-254.0,-48.0,-65.0,26.0,-12.0,108.0,-982.0,-59.0
171,30.0,-252.0,-49.0,-61.0,31.0,-13.0,108.0,-981.0,-57.0
172,32.0,-256.0,-48.0,-57.0,36.0,-12.0,111.0,-982.0,-55.0
173,31.0,-253.0,-50.0,-48.0,39.0,-10.0,108.0,-972.0,-55.0
174,26.0,-254.0,-49.0,-46.0,40.0,-8.0,116.0,-976.0,-56.0
175,29.0,-250.0,-50.0,-42.0,41.0,-5.0,113.0,-975.0,-57.0
176,28.0,-251.0,-50.0,-42.0,41.0,-3.0,117.0,-974.0,-63.0
177,30.0,-253.0,-52.0,-42.0,39.0,-2.0,113.0,-974.0,-63.0
178,30.0,-251.0,-51.0,-44.0,37.0,0.0,112.0,-971.0,-64.0
179,30.0,-250.0,-51.0,-47.0,33.0,4.0,115.0,-976.0,-63.0
180,26.0,-249.0,-49.0,-50.0,31.0,5.0,108.0,-969.0,-62.0
181,32.0,-249.0,-49.0,-51.0,29.0,7.0,116.0,-972.0,-63.0
182,30.0,-251.0,-53.0,-53.0,26.0,9.0,113.0,-969.0,-61.0
183,31.0,-250.0,-51.0,-53.0,25.0,11.0,110.0,-970.0,-63.0
184,27.0,-251.0,-42.0,-55.0,24.0,11.0,110.0,-972.0,-61.0
185,26.0,-252.0,-47.0,-59.0,27.0,10.0,109.0,-974.0,-61.0
186,25.0,-251.0,-51.0,-60.0,28.0,11.0,103.0,-973.0,-57.0
187,28.0,-252.0,-50.0,-61.0,28.0,10.0,104.0,-974.0,-61.0
188,24.0,-251.0,-51.0,-65.0,32.0,8.0,102.0,-974.0,-63.0
189,23.0,-251.0,-51.0,-67.0,34.0,5.0,98.0,-979.0,-63.0
190,28.0,-254.0,-50.0,-69.0,36.0,4.0,101.0,-978.0,-64.0
191,26.0,-252.0,-51.0,-68.0,38.0,4.0,99.0,-981.0,-61.0
192,28.0,-252.0,-53.0,-69.0,38.0,3.0,101.0,-979.0,-66.0
193,25.0,-252.0,-49.0,-71.0,36.0,2.0,97.0,-981.0,-65.0
194,25.0,-252.0,-50.0,-72.0,36.0,2.0,97.0,-978.0,-66.0
195,29.0,-255.0,-51.0,-72.0,34.0,2.0,104.0,-979.0,-63.0
196,24.0,-253.0,-49.0,-71.0,31.0,0.0,95.0,-981.0,-63.0
197,25.0,-252.0,-51.0,-68.0,31.0,-1.0,95.0,-979.0,-61.0
198,25.0,-253.0,-49.0,-65.0,29.0,-3.0,98.0,-984.0,-64.0
199,25.0,-252.0,-49.0,-62.0,27.0,-3.0,99.0,-979.0,-65.0
200,27.0,-254.0,-50.0,-58.0,24.0,-3.0,96.0,-983.0,-65.0
201,25.0,-253.0,-55.0,-54.0,21.0,-5.0,99.0,-978.0,-64.0
202,28.0,-252.0,-56.0,-52.0,19.0,-4.0,100.0,-982.0,-65.0
203,24.0,-252.0,-52.0,-48.0,18.0,-4.0,99.0,-984.0,-71.0
204,24.0,-255.0,-52.0,-43.0,17.0,-5.0,97.0,-982.0,-72.0
205,21.0,-253.0,-53.0,-41.0,19.0,-4.0,99.0,-981.0,-73.0
206,25.0,-252.0,-50.0,-38.0,22.0,-3.0,92.0,-983.0,-69.0
207,22.0,-253.0,-50.0,-38.0,22.0,-4.0,81.0,-979.0,-61.0
208,27.0,-255.0,-48.0,-37.0,24.0,-3.0,90.0,-977.0,-65.0
209,21.0,-255.0,-48.0,-36.0,23.0,-5.0,82.0,-975.0,-61.0
210,21.0,-251.0,-48.0,-35.0,24.0,-5.0,82.0,-974.0,-62.0
211,19.0,-252.0,-48.0,-36.0,21.0,-5.0,81.0,-976.0,-62.0
212,19.0,-249.0,-47.0,-36.0,19.0,-3.0,83.0,-980.0,-60.0
213,21.0,-255.0,-48.0,-38.0,16.0,-3.0,89.0,-975.0,-55.0
214,18.0,-251.0,-52.0,-41.0,11.0,-3.0,82.0,-976.0,-57.0
215,23.0,-253.0,-48.0,-45.0,10.0,-3.0,85.0,-978.0,-63.0
216,19.0,-254.0,-50.0,-49.0,5.0,-4.0,81.0,-980.0,-56.0
217,18.0,-250.0,-49.0,-53.0,1.0,-3.0,84.0,-978.0,-53.0
218,25.0,-254.0,-48.0,-56.0,-1.0,-4.0,86.0,-979.0,-61.0
219,21.0,-252.0,-49.0,-59.0,-3.0,-3.0,92.0,-976.0,-54.0
220,22.0,-249.0,-46.0,-56.0,-3.0,0.0,95.0,-971.0,-51.0
221,25.0,-249.0,-47.0,-54.0,-4.0,1.0,98.0,-969.0,-55.0
222,27.0,-251.0,-49.0,-51.0,-3.0,4.0,101.0,-964.0,-52.0
223,27.0,-250.0,-48.0,-48.0,-3.0,3.0,106.0,-967.0,-57.0
224,29.0,-247.0,-48.0,-50.0,-2.0,3.0,109.0,-970.0,-56.0
225,27.0,-251.0,-48.0,-55.0,1.0,1.0,107.0,-967.0,-61.0
226,27.0,-248.0,-46.0,-62.0,3.0,0.0,110.0,-966.0,-54.0
227,29.0,-248.0,-49.0,-69.0,5.0,-4.0,105.0,-968.0,-60.0
228,29.0,-248.0,-46.0,-75.0,8.0,-8.0,112.0,-964.0,-55.0
229,30.0,-252.0,-50.0,-81.0,12.0,-10.0,105.0,-973.0,-60.0
230,29.0,-252.0,-48.0,-88.0,14.0,-14.0,106.0,-974.0,-54.0
231,27.0,-253.0,-50.0,-92.0,16.0,-15.0,104.0,-979.0,-54.0
232,28.0,-258.0,-48.0,-94.0,19.0,-18.0,106.0,-990.0,-60.0
233,28.0,-259.0,-52.0,-93.0,20.0,-19.0,102.0,-991.0,-57.0
234,27.0,-258.0,-48.0,-90.0,21.0,-21.0,104.0,-1001.0,-59.0
235,28.0,-259.0,-49.0,-84.0,20.0,-21.0,105.0,-1000.0,-63.0
236,29.0,-259.0,-52.0,-74.0,15.0,-21.0,106.0,-1003.0,-60.0
237,27.0,-259.0,-50.0,-64.0,10.0,-21.0,106.0,-1001.0,-57.0
238,28.0,-257.0,-49.0,-50.0,5.0,-20.0,106.0,-1000.0,-66.0
239,29.0,-261.0,-49.0,-34.0,3.0,-17.0,107.0,-996.0,-68.0
240,31.0,-255.0,-54.0,-21.0,0.0,-16.0,109.0,-989.0,-69.0
241,29.0,-252.0,-55.0,-11.0,1.0,-13.0,108.0,-977.0,-73.0
242,31.0,-251.0,-53.0,-9.0,0.0,-14.0,112.0,-973.0,-80.0
243,28.0,-251.0,-55.0,-10.0,0.0,-12.0,110.0,-969.0,-69.0
244,25.0,-250.0,-53.0,-17.0,-1.0,-13.0,107.0,-966.0,-68.0
245,27.0,-249.0,-54.0,-24.0,-4.0,-13.0,107.0,-964.0,-63.0
246,28.0,-249.0,-52.0,-31.0,-7.0,-13.0,103.0,-965.0,-55.0
247,25.0,-251.0,-47.0,-37.0,-9.0,-14.0,102.0,-966.0,-55.0
248,30.0,-251.0,-48.0,-42.0,-10.0,-12.0,103.0,-968.0,-53.0
249,24.0,-248.0,-46.0,-45.0,-11.0,-11.0,102.0,-967.0,-51.0
250,26.0,-250.0,-47.0,-48.0,-11.0,-10.0,100.0,-970.0,-52.0
251,24.0,-250.0,-48.0,-50.0,-9.0,-9.0,97.0,-973.0,-54.0
252,27.0,-252.0,-49.0,-49.0,-7.0,-7.0,105.0,-973.0,-55.0
253,25.0,-251.0,-51.0,-49.0,-7.0,-6.0,104.0,-979.0,-56.0
254,26.0,-252.0,-52.0,-49.0,-6.0,-4.0,103.0,-980.0,-62.0
255,26.0,-254.0,-51.0,-46.0,-5.0,-4.0,105.0,-980.0,-60.0
256,25.0,-251.0,-48.0,-42.0,-5.0,-4.0,104.0,-977.0,-64.0
257,28.0,-256.0,-52.0,-39.0,-6.0,-3.0,107.0,-984.0,-64.0
258,26.0,-251.0,-50.0,-36.0,-5.0,-3.0,107.0,-976.0,-63.0
259,29.0,-254.0,-48.0,-31.0,-4.0,-2.0,112.0,-979.0,-66.0
260,26.0,-252.0,-54.0,-28.0,-5.0,0.0,109.0,-976.0,-66.0
261,24.0,-250.0,-51.0,-25.0,-5.0,2.0,106.0,-975.0,-66.0
262,29.0,-252.0,-49.0,-23.0,-5.0,5.0,110.0,-978.0,-65.0
263,31.0,-250.0,-49.0,-25.0,-6.0,5.0,116.0,-973.0,-59.0
264,31.0,-252.0,-52.0,-27.0,-8.0,7.0,114.0,-967.0,-64.0
265,31.0,-249.0,-50.0,-30.0,-11.0,8.0,115.0,-971.0,-65.0
266,32.0,-253.0,-52.0,-34.0,-12.0,8.0,116.0,-966.0,-67.0
267,32.0,-250.0,-51.0,-39.0,-11.0,8.0,119.0,-969.0,-70.0
268,29.0,-250.0,-51.0,-45.0,-8.0,8.0,117.0,-969.0,-73.0
269,33.0,-251.0,-56.0,-51.0,-4.0,9.0,120.0,-964.0,-77.0
270,31.0,-251.0,-53.0,-54.0,2.0,10.0,125.0,-973.0,-76.0
271,31.0,-251.0,-53.0,-57.0,10.0,10.0,120.0,-976.0,-77.0
272,31.0,-253.0,-56.0,-59.0,17.0,10.0,124.0,-974.0,-77.0
273,31.0,-253.0,-54.0,-58.0,22.0,11.0,120.0,-975.0,-74.0
274,31.0,-254.0,-52.0,-58.0,25.0,12.0,119.0,-983.0,-75.0
275,30.0,-253.0,-52.0,-54.0,27.0,11.0,116.0,-985.0,-80.0
276,30.0,-255.0,-54.0,-51.0,28.0,13.0,112.0,-985.0,-76.0
277,30.0,-257.0,-52.0,-46.0,27.0,15.0,112.0,-981.0,-74.0
278,29.0,-253.0,-51.0,-39.0,27.0,17.0,111.0,-986.0,-77.0
279,29.0,-255.0,-54.0,-34.0,25.0,19.0,112.0,-985.0,-75.0
280,29.0,-252.0,-51.0,-29.0,23.0,22.0,109.0,-978.0,-75.0
281,21.0,-251.0,-54.0,-27.0,21.0,22.0,112.0,-976.0,-76.0
282,29.0,-248.0,-52.0,-27.0,19.0,21.0,110.0,-973.0,-76.0
283,26.0,-248.0,-55.0,-24.0,19.0,22.0,105.0,-966.0,-69.0
284,26.0,-249.0,-50.0,-25.0,19.0,24.0,109.0,-965.0,-68.0
285,26.0,-246.0,-51.0,-25.0,18.0,23.0,109.0,-965.0,-71.0
286,29.0,-249.0,-53.0,-31.0,15.0,24.0,107.0,-962.0,-67.0
287,27.0,-248.0,-52.0,-35.0,13.0,23.0,106.0,-963.0,-65.0
288,28.0,-248.0,-51.0,-37.0,13.0,20.0,109.0,-964.0,-66.0
289,30.0,-251.0,-50.0,-37.0,14.0,21.0,113.0,-982.0,-65.0
290,31.0,-253.0,-50.0,-37.0,16.0,20.0,113.0,-984.0,-70.0
291,26.0,-252.0,-53.0,-40.0,18.0,21.0,111.0,-985.0,-66.0
292,29.0,-254.0,-53.0,-43.0,18.0,23.0,109.0,-982.0,-65.0
293,27.0,-254.0,-52.0,-45.0,21.0,22.0,112.0,-986.0,-66.0
294,25.0,-252.0,-52.0,-45.0,24.0,24.0,111.0,-980.0,-60.0
295,27.0,-254.0,-53.0,-45.0,26.0,23.0,106.0,-979.0,-70.0
296,28.0,-255.0,-53.0,-47.0,28.0,23.0,103.0,-985.0,-67.0
297,26.0,-252.0,-55.0,-48.0,30.0,22.0,105.0,-976.0,-63.0
298,25.0,-250.0,-52.0,-48.0,32.0,23.0,105.0,-982.0,-71.0
299,21.0,-249.0,-52.0,-49.0,32.0,21.0,103.0,-977.0,-65.0
300,27.0,-252.0,-52.0,-47.0,30.0,21.0,95.0,-976.0,-64.0
301,26.0,-252.0,-47.0,-47.0,28.0,20.0,99.0,-974.0,-64.0
302,24.0,-250.0,-50.0,-48.0,25.0,19.0,94.0,-973.0,-58.0
303,24.0,-250.0,-47.0,-48.0,24.0,19.0,95.0,-974.0,-59.0
304,21.0,-249.0,-48.0,-45.0,22.0,19.0,97.0,-970.0,-60.0
305,23.0,-250.0,-50.0,-43.0,19.0,19.0,88.0,-973.0,-54.0
306,22.0,-250.0,-49.0,-40.0,18.0,19.0,94.0,-974.0,-55.0
307,21.0,-252.0,-48.0,-39.0,15.0,21.0,87.0,-972.0,-56.0
308,24.0,-252.0,-49.0,-38.0,12.0,24.0,88.0,-978.0,-56.0
309,22.0,-251.0,-46.0,-41.0,13.0,24.0,91.0,-972.0,-49.0
310,23.0,-251.0,-49.0,-40.0,12.0,24.0,98.0,-971.0,-52.0
311,25.0,-252.0,-47.0,-42.0,12.0,23.0,98.0,-972.0,-53.0
312,23.0,-249.0,-49.0,-46.0,13.0,23.0,93.0,-966.0,-48.0
313,21.0,-248.0,-48.0,-53.0,13.0,22.0,92.0,-970.0,-52.0
314,24.0,-250.0,-47.0,-61.0,14.0,22.0,95.0,-972.0,-55.0
315,23.0,-249.0,-45.0,-67.0,15.0,20.0,95.0,-972.0,-55.0
316,24.0,-251.0,-50.0,-75.0,17.0,18.0,92.0,-976.0,-51.0
317,21.0,-251.0,-48.0,-80.0,17.0,17.0,91.0,-974.0,-58.0
318,24.0,-251.0,-52.0,-85.0,18.0,18.0,98.0,-975.0,-54.0
319,25.0,-256.0,-47.0,-86.0,21.0,19.0,94.0,-982.0,-58.0
320,22.0,-255.0,-46.0,-86.0,21.0,18.0,90.0,-986.0,-58.0
321,23.0,-252.0,-50.0,-84.0,20.0,18.0,98.0,-989.0,-59.0
322,21.0,-258.0,-47.0,-79.0,20.0,19.0,95.0,-986.0,-59.0
323,23.0,-257.0,-51.0,-75.0,19.0,20.0,88.0,-994.0,-54.0
324,24.0,-254.0,-51.0,-69.0,18.0,21.0,85.0,-990.0,-61.0
325,21.0,-254.0,-49.0,-64.0,16.0,19.0,88.0,-990.0,-56.0
326,23.0,-252.0,-48.0,-58.0,14.0,17.0,83.0,-992.0,-58.0
327,23.0,-252.0,-50.0,-54.0,12.0,16.0,85.0,-990.0,-57.0
328,22.0,-251.0,-52.0,-51.0,11.0,14.0,85.0,-982.0,-55.0
329,23.0,-254.0,-47.0,-47.0,12.0,13.0,89.0,-980.0,-59.0
330,20.0,-251.0,-48.0,-44.0,12.0,12.0,82.0,-984.0,-62.0
331,20.0,-254.0,-47.0,-41.0,10.0,13.0,81.0,-983.0,-63.0
332,22.0,-256.0,-51.0,-40.0,13.0,10.0,91.0,-986.0,-64.0
333,19.0,-254.0,-55.0,-36.0,15.0,9.0,87.0,-982.0,-58.0
334,23.0,-250.0,-51.0,-32.0,16.0,7.0,86.0,-982.0,-62.0
335,22.0,-254.0,-52.0,-30.0,16.0,8.0,83.0,-976.0,-62.0
336,23.0,-252.0,-45.0,-29.0,18.0,7.0,89.0,-977.0,-61.0
337,23.0,-254.0,-47.0,-25.0,17.0,6.0,95.0,-978.0,-60.0
338,24.0,-250.0,-46.0,-23.0,16.0,6.0,92.0,-976.0,-62.0
339,20.0,-251.0,-46.0,-21.0,16.0,7.0,93.0,-976.0,-61.0
340,22.0,-252.0,-50.0,-21.0,15.0,6.0,92.0,-975.0,-61.0
341,23.0,-252.0,-49.0,-21.0,13.0,6.0,98.0,-974.0,-62.0
342,23.0,-250.0,-52.0,-24.0,12.0,7.0,96.0,-973.0,-61.0
343,23.0,-250.0,-49.0,-26.0,10.0,7.0,92.0,-975.0,-60.0
344,24.0,-251.0,-52.0,-28.0,7.0,7.0,97.0,-979.0,-61.0
345,23.0,-253.0,-53.0,-29.0,6.0,7.0,92.0,-978.0,-65.0
346,24.0,-254.0,-53.0,-29.0,4.0,7.0,95.0,-974.0,-68.0
347,26.0,-251.0,-54.0,-29.0,2.0,7.0,91.0,-984.0,-69.0
348,25.0,-250.0,-48.0,-30.0,1.0,7.0,89.0,-974.0,-66.0
349,25.0,-255.0,-54.0,-31.0,0.0,7.0,85.0,-976.0,-66.0
350,22.0,-252.0,-52.0,-32.0,-2.0,6.0,88.0,-975.0,-67.0
351,22.0,-250.0,-53.0,-34.0,-3.0,5.0,87.0,-969.0,-65.0
352,22.0,-251.0,-53.0,-38.0,-6.0,3.0,94.0,-976.0,-63.0
353,23.0,-250.0,-49.0,-40.0,-6.0,1.0,89.0,-978.0,-64.0
354,20.0,-252.0,-52.0,-42.0,-6.0,-2.0,95.0,-978.0,-68.0
355,24.0,-253.0,-50.0,-44.0,-3.0,-3.0,93.0,-980.0,-67.0
356,23.0,-253.0,-53.0,-42.0,-2.0,-3.0,96.0,-977.0,-69.0
357,23.0,-254.0,-53.0,-41.0,2.0,-5.0,94.0,-981.0,-67.0
358,23.0,-256.0,-55.0,-38.0,5.0,-3.0,97.0,-986.0,-73.0
359,20.0,-253.0,-55.0,-35.0,8.0,-4.0,98.0,-987.0,-74.0
360,24.0,-253.0,-52.0,-31.0,10.0,-6.0,100.0,-988.0,-70.0
361,22.0,-256.0,-53.0,-30.0,11.0,-6.0,90.0,-978.0,-67.0
362,26.0,-256.0,-52.0,-29.0,11.0,-6.0,88.0,-980.0,-65.0
363,25.0,-252.0,-51.0,-25.0,11.0,-6.0,93.0,-975.0,-63.0
364,22.0,-250.0,-48.0,-22.0,10.0,-7.0,93.0,-974.0,-66.0
365,22.0,-248.0,-50.0,-17.0,9.0,-8.0,85.0,-972.0,-67.0
366,23.0,-251.0,-50.0,-13.0,10.0,-9.0,94.0,-971.0,-65.0
367,24.0,-252.0,-50.0,-9.0,8.0,-8.0,88.0,-974.0,-61.0
368,22.0,-251.0,-52.0,-7.0,6.0,-9.0,88.0,-974.0,-64.0
369,23.0,-253.0,-49.0,-6.0,4.0,-10.0,93.0,-976.0,-63.0
370,22.0,-251.0,-56.0,-6.0,1.0,-11.0,83.0,-974.0,-59.0
371,20.0,-253.0,-50.0,-8.0,0.0,-12.0,90.0,-977.0,-64.0
372,24.0,-254.0,-50.0,-8.0,0.0,-15.0,82.0,-978.0,-65.0
373,20.0,-250.0,-51.0,-10.0,1.0,-18.0,86.0,-983.0,-61.0
374,31.0,-244.0,-62.0,-12.0,4.0,-21.0,87.0,-979.0,-58.0
375,23.0,-252.0,-50.0,-14.0,5.0,-24.0,84.0,-982.0,-63.0
376,21.0,-252.0,-46.0,-15.0,8.0,-24.0,93.0,-987.0,-61.0
377,24.0,-254.0,-49.0,-13.0,9.0,-24.0,90.0,-984.0,-60.0
378,25.0,-254.0,-48.0,-13.0,10.0,-25.0,91.0,-986.0,-54.0
379,24.0,-258.0,-48.0,-11.0,11.0,-25.0,93.0,-982.0,-53.0
380,25.0,-255.0,-47.0,-5.0,11.0,-24.0,98.0,-993.0,-52.0
381,25.0,-254.0,-47.0,-1.0,11.0,-23.0,100.0,-991.0,-55.0
382,24.0,-256.0,-45.0,5.0,10.0,-20.0,103.0,-985.0,-50.0
383,27.0,-253.0,-51.0,10.0,10.0,-17.0,101.0,-985.0,-54.0
384,24.0,-250.0,-46.0,12.0,9.0,-14.0,102.0,-969.0,-55.0
385,34.0,-257.0,-46.0,16.0,9.0,-10.0,99.0,-970.0,-53.0
386,28.0,-248.0,-48.0,16.0,7.0,-6.0,104.0,-963.0,-55.0
387,26.0,-249.0,-49.0,14.0,6.0,-5.0,102.0,-961.0,-54.0
388,26.0,-248.0,-47.0,7.0,4.0,-4.0,99.0,-958.0,-50.0
389,27.0,-251.0,-45.0,-1.0,0.0,-5.0,99.0,-965.0,-49.0
390,26.0,-253.0,-47.0,-10.0,-3.0,-6.0,98.0,-968.0,-52.0
391,22.0,-249.0,-47.0,-17.0,-5.0,-6.0,98.0,-977.0,-45.0
392,27.0,-251.0,-48.0,-23.0,-3.0,-8.0,97.0,-980.0,-43.0
393,25.0,-256.0,-46.0,-28.0,0.0,-9.0,98.0,-978.0,-43.0
394,27.0,-256.0,-48.0,-32.0,4.0,-9.0,94.0,-983.0,-50.0
395,26.0,-254.0,-48.0,-33.0,9.0,-10.0,99.0,-978.0,-47.0
396,32.0,-257.0,-38.0,-34.0,14.0,-10.0,102.0,-981.0,-49.0
397,28.0,-253.0,-44.0,-34.0,17.0,-12.0,100.0,-980.0,-48.0
398,27.0,-256.0,-48.0,-33.0,18.0,-12.0,105.0,-984.0,-54.0
399,28.0,-252.0,-47.0,-31.0,20.0,-12.0,107.0,-976.0,-51.0
400,29.0,-252.0,-47.0,-28.0,19.0,-13.0,108.0,-979.0,-52.0
401,28.0,-253.0,-49.0,-26.0,18.0,-13.0,111.0,-981.0,-49.0
402,27.0,-252.0,-49.0,-21.0,15.0,-11.0,110.0,-980.0,-54.0
403,25.0,-253.0,-48.0,-18.0,11.0,-11.0,108.0,-976.0,-54.0
404,29.0,-253.0,-45.0,-14.0,9.0,-11.0,110.0,-975.0,-47.0
405,30.0,-253.0,-49.0,-13.0,5.0,-12.0,107.0,-977.0,-43.0
406,27.0,-252.0,-45.0,-11.0,4.0,-11.0,109.0,-976.0,-50.0
407,29.0,-251.0,-49.0,-10.0,4.0,-11.0,108.0,-978.0,-48.0
408,29.0,-251.0,-44.0,-10.0,4.0,-10.0,110.0,-976.0,-52.0
409,29.0,-253.0,-45.0,-10.0,4.0,-9.0,107.0,-975.0,-48.0
410,27.0,-250.0,-48.0,-14.0,5.0,-9.0,105.0,-974.0,-46.0
411,28.0,-252.0,-45.0,-16.0,4.0,-6.0,100.0,-979.0,-50.0
412,23.0,-248.0,-43.0,-18.0,5.0,-5.0,102.0,-976.0,-52.0
413,27.0,-250.0,-48.0,-21.0,8.0,-5.0,102.0,-972.0,-49.0
414,26.0,-250.0,-45.0,-25.0,9.0,-3.0,101.0,-973.0,-48.0
415,26.0,-251.0,-47.0,-30.0,11.0,-2.0,102.0,-971.0,-43.0
416,23.0,-250.0,-45.0,-34.0,13.0,-3.0,101.0,-972.0,-49.0
417,24.0,-253.0,-45.0,-36.0,14.0,-2.0,101.0,-978.0,-46.0
418,26.0,-251.0,-45.0,-38.0,13.0,-3.0,102.0,-980.0,-52.0
419,27.0,-253.0,-45.0,-41.0,13.0,-2.0,99.0,-978.0,-48.0
420,26.0,-256.0,-48.0,-40.0,12.0,0.0,97.0,-980.0,-51.0
421,27.0,-253.0,-43.0,-38.0,13.0,-1.0,99.0,-982.0,-51.0
422,27.0,-256.0,-50.0,-37.0,13.0,-2.0,97.0,-987.0,-48.0
423,26.0,-250.0,-45.0,-37.0,12.0,-3.0,100.0,-985.0,-51.0
424,23.0,-254.0,-48.0,-37.0,13.0,-4.0,98.0,-980.0,-51.0
425,24.0,-252.0,-47.0,-38.0,13.0,-4.0,93.0,-978.0,-55.0
426,25.0,-252.0,-48.0,-38.0,14.0,-6.0,95.0,-977.0,-48.0
427,23.0,-252.0,-44.0,-39.0,15.0,-6.0,96.0,-969.0,-42.0
428,21.0,-250.0,-51.0,-39.0,17.0,-6.0,96.0,-978.0,-50.0
429,28.0,-253.0,-44.0,-41.0,17.0,-8.0,100.0,-976.0,-53.0
430,24.0,-253.0,-47.0,-40.0,18.0,-9.0,99.0,-977.0,-51.0
431,25.0,-252.0,-45.0,-40.0,18.0,-10.0,97.0,-980.0,-48.0
432,23.0,-251.0,-43.0,-40.0,19.0,-10.0,97.0,-980.0,-54.0
433,26.0,-252.0,-46.0,-40.0,19.0,-12.0,96.0,-983.0,-50.0
434,25.0,-253.0,-44.0,-36.0,19.0,-15.0,95.0,-986.0,-50.0
435,25.0,-254.0,-50.0,-32.0,19.0,-16.0,94.0,-985.0,-46.0
436,26.0,-252.0,-48.0,-27.0,20.0,-17.0,97.0,-982.0,-50.0
437,26.0,-255.0,-52.0,-22.0,23.0,-20.0,100.0,-986.0,-52.0
438,24.0,-254.0,-49.0,-20.0,24.0,-21.0,97.0,-985.0,-55.0
439,25.0,-251.0,-50.0,-16.0,24.0,-23.0,92.0,-986.0,-52.0
440,26.0,-253.0,-46.0,-13.0,26.0,-23.0,100.0,-981.0,-56.0
441,27.0,-252.0,-46.0,-12.0,26.0,-24.0,98.0,-980.0,-52.0
442,22.0,-253.0,-48.0,-9.0,25.0,-22.0,93.0,-975.0,-54.0
443,25.0,-253.0,-48.0,-8.0,24.0,-22.0,96.0,-976.0,-52.0
444,24.0,-251.0,-51.0,-4.0,23.0,-22.0,99.0,-977.0,-54.0
445,23.0,-250.0,-46.0,-2.0,22.0,-20.0,99.0,-976.0,-52.0
446,26.0,-252.0,-49.0,-1.0,22.0,-18.0,96.0,-976.0,-55.0
447,26.0,-251.0,-48.0,2.0,22.0,-16.0,98.0,-973.0,-55.0
448,27.0,-252.0,-50.0,5.0,21.0,-15.0,98.0,-974.0,-53.0
449,27.0,-253.0,-49.0,7.0,19.0,-13.0,100.0,-977.0,-54.0
450,21.0,-250.0,-48.0,7.0,17.0,-10.0,99.0,-971.0,-53.0
451,26.0,-253.0,-47.0,6.0,16.0,-7.0,92.0,-969.0,-49.0
452,25.0,-250.0,-49.0,6.0,14.0,-3.0,98.0,-975.0,-55.0
453,27.0,-253.0,-48.0,5.0,14.0,-2.0,96.0,-975.0,-45.0
454,21.0,-251.0,-47.0,5.0,12.0,0.0,101.0,-978.0,-51.0
455,26.0,-251.0,-46.0,1.0,13.0,-1.0,91.0,-976.0,-50.0
456,24.0,-253.0,-46.0,-6.0,12.0,0.0,90.0,-976.0,-52.0
457,25.0,-252.0,-48.0,-10.0,11.0,0.0,90.0,-975.0,-47.0
458,25.0,-253.0,-48.0,-18.0,8.0,0.0,91.0,-972.0,-50.0
459,23.0,-250.0,-45.0,-25.0,8.0,-2.0,86.0,-977.0,-53.0
460,24.0,-253.0,-48.0,-29.0,7.0,-1.0,87.0,-979.0,-45.0
461,25.0,-251.0,-52.0,-32.0,9.0,-2.0,85.0,-974.0,-51.0
462,20.0,-251.0,-47.0,-35.0,12.0,-1.0,90.0,-979.0,-53.0
463,22.0,-252.0,-51.0,-38.0,14.0,-1.0,93.0,-984.0,-54.0
464,23.0,-254.0,-51.0,-40.0,15.0,-1.0,89.0,-978.0,-50.0
465,21.0,-253.0,-48.0,-37.0,18.0,0.0,90.0,-981.0,-52.0
466,22.0,-252.0,-47.0,-37.0,18.0,0.0,91.0,-984.0,-52.0
467,27.0,-258.0,-52.0,-34.0,20.0,0.0,98.0,-983.0,-49.0
468,22.0,-253.0,-49.0,-31.0,19.0,0.0,94.0,-988.0,-45.0
469,23.0,-256.0,-44.0,-31.0,18.0,-1.0,97.0,-981.0,-50.0
470,23.0,-254.0,-48.0,-27.0,17.0,2.0,98.0,-988.0,-52.0
471,25.0,-257.0,-43.0,-22.0,16.0,1.0,100.0,-986.0,-48.0
472,26.0,-259.0,-45.0,-16.0,16.0,2.0,98.0,-986.0,-47.0
473,26.0,-255.0,-43.0,-10.0,13.0,3.0,94.0,-986.0,-39.0
474,23.0,-253.0,-45.0,-3.0,13.0,2.0,99.0,-980.0,-45.0
475,23.0,-250.0,-46.0,1.0,12.0,1.0,100.0,-983.0,-41.0
476,22.0,-251.0,-42.0,7.0,9.0,2.0,101.0,-982.0,-41.0
477,23.0,-255.0,-45.0,13.0,8.0,3.0,97.0,-978.0,-37.0
478,25.0,-254.0,-46.0,16.0,6.0,2.0,97.0,-973.0,-37.0
479,23.0,-251.0,-44.0,21.0,7.0,2.0,96.0,-976.0,-38.0
480,24.0,-252.0,-45.0,23.0,6.0,1.0,97.0,-974.0,-41.0
481,24.0,-251.0,-45.0,24.0,7.0,2.0,97.0,-975.0,-42.0
482,26.0,-249.0,-43.0,23.0,6.0,1.0,93.0,-979.0,-35.0
483,25.0,-252.0,-45.0,21.0,7.0,-3.0,97.0,-974.0,-38.0
484,25.0,-252.0,-42.0,17.0,7.0,-4.0,99.0,-974.0,-33.0
485,25.0,-249.0,-41.0,14.0,6.0,-6.0,98.0,-974.0,-31.0
486,24.0,-252.0,-41.0,8.0,5.0,-7.0,98.0,-974.0,-27.0
487,26.0,-252.0,-41.0,3.0,4.0,-7.0,102.0,-970.0,-31.0
488,23.0,-251.0,-40.0,-3.0,2.0,-7.0,100.0,-977.0,-24.0
489,26.0,-250.0,-45.0,-8.0,2.0,-8.0,102.0,-978.0,-30.0
490,26.0,-249.0,-42.0,-14.0,2.0,-10.0,101.0,-981.0,-29.0
491,29.0,-252.0,-38.0,-20.0,2.0,-11.0,100.0,-980.0,-30.0
492,27.0,-253.0,-39.0,-24.0,2.0,-12.0,99.0,-977.0,-25.0
493,27.0,-253.0,-47.0,-27.0,4.0,-12.0,101.0,-982.0,-25.0
494,26.0,-253.0,-42.0,-28.0,5.0,-12.0,98.0,-977.0,-26.0
495,27.0,-255.0,-41.0,-31.0,6.0,-14.0,100.0,-982.0,-26.0
496,27.0,-256.0,-45.0,-31.0,9.0,-15.0,102.0,-986.0,-25.0
497,26.0,-255.0,-41.0,-30.0,9.0,-15.0,99.0,-986.0,-24.0
498,26.0,-254.0,-43.0,-29.0,11.0,-18.0,102.0,-985.0,-28.0
499,28.0,-256.0,-40.0,-24.0,13.0,-17.0,98.0,-987.0,-30.0
500,27.0,-254.0,-43.0,-23.0,15.0,-17.0,103.0,-986.0,-31.0
501,27.0,-254.0,-41.0,-19.0,19.0,-18.0,103.0,-985.0,-29.0
502,25.0,-255.0,-44.0,-15.0,22.0,-18.0,100.0,-987.0,-29.0
503,26.0,-254.0,-43.0,-9.0,24.0,-19.0,102.0,-985.0,-29.0
504,25.0,-252.0,-41.0,-7.0,23.0,-18.0,100.0,-976.0,-27.0
505,26.0,-252.0,-43.0,-6.0,22.0,-20.0,102.0,-979.0,-25.0
506,22.0,-249.0,-43.0,-5.0,23.0,-21.0,100.0,-982.0,-26.0
507,27.0,-251.0,-41.0,-5.0,23.0,-23.0,99.0,-977.0,-26.0
508,27.0,-251.0,-45.0,-6.0,22.0,-24.0,100.0,-982.0,-29.0
509,24.0,-251.0,-39.0,-6.0,21.0,-25.0,96.0,-971.0,-28.0
510,28.0,-252.0,-43.0,-7.0,21.0,-23.0,97.0,-978.0,-30.0
511,27.0,-252.0,-42.0,-13.0,21.0,-23.0,99.0,-976.0,-34.0
512,27.0,-250.0,-45.0,-18.0,22.0,-23.0,99.0,-970.0,-30.0
513,28.0,-253.0,-44.0,-24.0,24.0,-22.0,101.0,-973.0,-31.0
514,26.0,-250.0,-42.0,-28.0,24.0,-20.0,102.0,-975.0,-34.0
515,28.0,-254.0,-40.0,-31.0,23.0,-17.0,107.0,-975.0,-31.0
516,26.0,-254.0,-45.0,-30.0,22.0,-16.0,102.0,-975.0,-27.0
517,27.0,-251.0,-46.0,-27.0,21.0,-13.0,103.0,-974.0,-30.0
518,26.0,-250.0,-45.0,-27.0,19.0,-9.0,102.0,-975.0,-30.0
519,27.0,-252.0,-48.0,-29.0,18.0,-5.0,107.0,-976.0,-37.0
520,28.0,-253.0,-42.0,-27.0,16.0,-3.0,104.0,-977.0,-34.0
521,27.0,-249.0,-42.0,-28.0,16.0,-2.0,101.0,-969.0,-29.0
522,27.0,-249.0,-43.0,-28.0,12.0,-3.0,106.0,-971.0,-31.0
523,26.0,-248.0,-44.0,-32.0,9.0,-2.0,97.0,-967.0,-34.0
524,25.0,-248.0,-42.0,-37.0,8.0,-2.0,102.0,-968.0,-34.0
525,23.0,-249.0,-42.0,-43.0,7.0,-2.0,97.0,-974.0,-28.0
526,24.0,-248.0,-40.0,-47.0,10.0,-2.0,97.0,-971.0,-27.0
527,25.0,-250.0,-47.0,-51.0,9.0,-5.0,100.0,-976.0,-26.0
528,25.0,-256.0,-43.0,-53.0,10.0,-6.0,100.0,-985.0,-30.0
529,25.0,-254.0,-39.0,-54.0,11.0,-8.0,97.0,-986.0,-24.0
530,28.0,-255.0,-41.0,-52.0,13.0,-10.0,99.0,-988.0,-23.0
531,29.0,-260.0,-41.0,-50.0,15.0,-10.0,97.0,-994.0,-22.0
532,25.0,-257.0,-46.0,-46.0,14.0,-10.0,102.0,-999.0,-27.0
533,27.0,-259.0,-41.0,-41.0,14.0,-8.0,104.0,-997.0,-28.0
534,26.0,-255.0,-45.0,-35.0,15.0,-6.0,105.0,-991.0,-32.0
535,28.0,-256.0,-41.0,-28.0,16.0,-6.0,101.0,-980.0,-34.0
536,29.0,-250.0,-44.0,-25.0,16.0,-2.0,101.0,-976.0,-38.0
537,30.0,-253.0,-44.0,-24.0,17.0,-1.0,108.0,-978.0,-44.0
538,27.0,-251.0,-46.0,-25.0,14.0,-1.0,104.0,-977.0,-43.0
539,26.0,-254.0,-46.0,-28.0,12.0,-3.0,105.0,-979.0,-36.0
540,29.0,-256.0,-41.0,-31.0,8.0,-2.0,102.0,-974.0,-31.0
541,26.0,-254.0,-43.0,-33.0,5.0,-1.0,107.0,-976.0,-28.0
542,22.0,-251.0,-46.0,-33.0,1.0,-1.0,99.0,-975.0,-31.0
543,24.0,-251.0,-41.0,-36.0,2.0,-2.0,93.0,-975.0,-21.0
544,25.0,-249.0,-41.0,-37.0,4.0,-4.0,96.0,-969.0,-27.0
545,23.0,-248.0,-38.0,-36.0,7.0,-4.0,90.0,-969.0,-24.0
546,25.0,-250.0,-37.0,-34.0,11.0,-3.0,96.0,-970.0,-17.0
547,24.0,-250.0,-41.0,-35.0,14.0,-4.0,99.0,-972.0,-25.0
548,27.0,-253.0,-39.0,-36.0,17.0,-5.0,97.0,-978.0,-25.0
549,28.0,-254.0,-40.0,-36.0,19.0,-7.0,101.0,-980.0,-27.0
550,26.0,-254.0,-43.0,-38.0,21.0,-6.0,100.0,-985.0,-19.0
551,28.0,-255.0,-40.0,-38.0,19.0,-5.0,102.0,-978.0,-17.0
552,28.0,-252.0,-41.0,-38.0,18.0,-5.0,103.0,-983.0,-27.0
553,24.0,-251.0,-43.0,-40.0,17.0,-4.0,102.0,-986.0,-27.0
554,24.0,-254.0,-39.0,-38.0,16.0,-2.0,102.0,-984.0,-19.0
555,26.0,-254.0,-41.0,-38.0,14.0,-1.0,105.0,-983.0,-27.0
556,29.0,-251.0,-39.0,-35.0,14.0,-1.0,104.0,-979.0,-28.0
557,27.0,-251.0,-40.0,-34.0,13.0,-2.0,102.0,-982.0,-28.0
558,26.0,-250.0,-38.0,-35.0,14.0,-1.0,103.0,-979.0,-28.0
559,23.0,-253.0,-42.0,-35.0,13.0,-1.0,106.0,-978.0,-27.0
560,25.0,-251.0,-44.0,-35.0,11.0,0.0,101.0,-975.0,-28.0
561,28.0,-249.0,-45.0,-32.0,10.0,0.0,105.0,-975.0,-27.0
562,26.0,-251.0,-43.0,-32.0,9.0,-1.0,106.0,-979.0,-30.0
563,30.0,-254.0,-44.0,-34.0,9.0,-1.0,107.0,-976.0,-29.0
564,26.0,-251.0,-46.0,-36.0,13.0,-2.0,101.0,-977.0,-38.0
565,27.0,-252.0,-46.0,-35.0,15.0,-3.0,103.0,-976.0,-29.0
566,27.0,-252.0,-46.0,-37.0,17.0,-4.0,100.0,-979.0,-30.0
567,26.0,-252.0,-41.0,-35.0,19.0,-3.0,102.0,-981.0,-33.0
568,26.0,-254.0,-45.0,-35.0,21.0,-4.0,100.0,-982.0,-29.0
569,27.0,-253.0,-43.0,-37.0,24.0,-5.0,106.0,-982.0,-31.0
570,29.0,-253.0,-41.0,-35.0,25.0,-4.0,107.0,-984.0,-28.0
571,26.0,-255.0,-46.0,-34.0,26.0,-4.0,106.0,-986.0,-35.0
572,27.0,-255.0,-45.0,-29.0,27.0,-4.0,104.0,-983.0,-33.0
573,29.0,-252.0,-42.0,-24.0,26.0,-3.0,111.0,-982.0,-32.0
574,25.0,-254.0,-41.0,-21.0,24.0,-2.0,106.0,-987.0,-35.0
575,27.0,-255.0,-46.0,-17.0,21.0,-2.0,107.0,-985.0,-33.0
576,28.0,-256.0,-42.0,-14.0,16.0,0.0,110.0,-981.0,-32.0
577,25.0,-251.0,-41.0,-11.0,14.0,-1.0,110.0,-975.0,-34.0
578,27.0,-254.0,-43.0,-8.0,13.0,-1.0,108.0,-977.0,-29.0
579,27.0,-253.0,-44.0,-8.0,13.0,0.0,99.0,-982.0,-27.0
580,24.0,-249.0,-48.0,-9.0,11.0,-1.0,102.0,-981.0,-27.0
581,28.0,-253.0,-41.0,-10.0,11.0,-3.0,103.0,-976.0,-28.0
582,24.0,-251.0,-45.0,-10.0,12.0,-3.0,98.0,-982.0,-29.0
583,25.0,-251.0,-41.0,-12.0,14.0,-4.0,94.0,-980.0,-27.0
584,24.0,-249.0,-41.0,-13.0,18.0,-5.0,97.0,-981.0,-26.0
585,22.0,-249.0,-38.0,-14.0,21.0,-6.0,95.0,-981.0,-27.0
586,24.0,-251.0,-38.0,-15.0,21.0,-6.0,99.0,-979.0,-27.0
587,25.0,-254.0,-42.0,-17.0,23.0,-5.0,94.0,-977.0,-27.0
588,23.0,-249.0,-42.0,-19.0,25.0,-5.0,92.0,-977.0,-30.0
589,23.0,-252.0,-42.0,-21.0,24.0,-3.0,96.0,-973.0,-26.0
590,26.0,-254.0,-38.0,-26.0,26.0,-4.0,96.0,-973.0,-22.0
591,25.0,-251.0,-43.0,-29.0,24.0,-1.0,93.0,-974.0,-22.0
592,22.0,-253.0,-38.0,-33.0,23.0,-3.0,93.0,-977.0,-22.0
593,24.0,-252.0,-40.0,-36.0,21.0,-2.0,96.0,-978.0,-20.0
594,27.0,-253.0,-41.0,-40.0,20.0,-3.0,93.0,-970.0,-17.0
595,25.0,-250.0,-41.0,-44.0,18.0,-2.0,95.0,-976.0,-17.0
596,23.0,-256.0,-37.0,-47.0,17.0,-4.0,94.0,-979.0,-16.0
597,23.0,-250.0,-41.0,-50.0,17.0,-5.0,95.0,-974.0,-18.0
598,23.0,-251.0,-41.0,-53.0,16.0,-4.0,94.0,-979.0,-19.0
599,22.0,-252.0,-38.0,-53.0,17.0,-4.0,94.0,-976.0,-12.0
600,24.0,-251.0,-38.0,-53.0,18.0,-3.0,95.0,-981.0,-18.0
601,26.0,-252.0,-40.0,-51.0,19.0,-2.0,103.0,-975.0,-17.0
602,26.0,-254.0,-37.0,-51.0,19.0,-3.0,102.0,-975.0,-18.0
603,26.0,-254.0,-37.0,-50.0,21.0,-3.0,104.0,-978.0,-17.0
604,29.0,-254.0,-37.0,-49.0,20.0,0.0,102.0,-978.0,-17.0
605,25.0,-252.0,-41.0,-46.0,21.0,1.0,102.0,-984.0,-22.0
606,26.0,-255.0,-42.0,-46.0,21.0,3.0,105.0,-985.0,-21.0
607,28.0,-257.0,-39.0,-43.0,22.0,1.0,103.0,-983.0,-21.0
608,25.0,-253.0,-42.0,-40.0,21.0,1.0,103.0,-987.0,-17.0
609,23.0,-254.0,-37.0,-38.0,21.0,-1.0,107.0,-977.0,-17.0
610,26.0,-253.0,-40.0,-36.0,20.0,-2.0,101.0,-978.0,-17.0
611,24.0,-253.0,-40.0,-37.0,17.0,-4.0,101.0,-974.0,-16.0
612,27.0,-255.0,-41.0,-39.0,18.0,-6.0,99.0,-980.0,-18.0
613,25.0,-251.0,-25.0,-39.0,17.0,-8.0,102.0,-977.0,-20.0
614,25.0,-252.0,-41.0,-40.0,17.0,-8.0,100.0,-980.0,-22.0
615,27.0,-252.0,-40.0,-43.0,17.0,-9.0,100.0,-975.0,-22.0
616,26.0,-250.0,-40.0,-45.0,18.0,-10.0,104.0,-979.0,-19.0
617,27.0,-253.0,-40.0,-49.0,18.0,-9.0,102.0,-980.0,-17.0
618,28.0,-251.0,-42.0,-49.0,19.0,-8.0,99.0,-977.0,-15.0
619,26.0,-251.0,-39.0,-51.0,17.0,-8.0,100.0,-983.0,-17.0
620,27.0,-256.0,-40.0,-49.0,18.0,-9.0,107.0,-979.0,-15.0
621,25.0,-253.0,-39.0,-48.0,17.0,-8.0,106.0,-984.0,-21.0
622,30.0,-252.0,-38.0,-45.0,17.0,-6.0,104.0,-986.0,-22.0
623,26.0,-253.0,-42.0,-42.0,16.0,-6.0,103.0,-987.0,-26.0
624,38.0,-246.0,-52.0,-37.0,16.0,-6.0,106.0,-985.0,-29.0
625,28.0,-257.0,-41.0,-33.0,16.0,-6.0,107.0,-985.0,-23.0
626,28.0,-253.0,-42.0,-32.0,14.0,-4.0,101.0,-981.0,-25.0
627,28.0,-254.0,-40.0,-31.0,13.0,-5.0,103.0,-985.0,-24.0
628,30.0,-255.0,-36.0,-30.0,13.0,-4.0,104.0,-976.0,-20.0
629,25.0,-253.0,-44.0,-30.0,13.0,-5.0,98.0,-975.0,-19.0
630,25.0,-250.0,-40.0,-33.0,13.0,-5.0,99.0,-973.0,-19.0
631,25.0,-250.0,-37.0,-36.0,11.0,-4.0,95.0,-971.0,-20.0
632,24.0,-249.0,-40.0,-39.0,10.0,-5.0,93.0,-971.0,-17.0
633,22.0,-253.0,-42.0,-44.0,10.0,-4.0,98.0,-969.0,-19.0
634,22.0,-251.0,-39.0,-47.0,10.0,-2.0,94.0,-975.0,-22.0
635,11.0,-252.0,-28.0,-52.0,10.0,-1.0,98.0,-971.0,-16.0
636,24.0,-249.0,-42.0,-56.0,9.0,-2.0,95.0,-974.0,-27.0
637,24.0,-254.0,-39.0,-61.0,9.0,-1.0,97.0,-974.0,-18.0
638,24.0,-251.0,-44.0,-66.0,9.0,-1.0,97.0,-976.0,-21.0
639,23.0,-250.0,-39.0,-69.0,7.0,-2.0,99.0,-975.0,-17.0
640,25.0,-253.0,-44.0,-74.0,7.0,-3.0,100.0,-975.0,-17.0
641,24.0,-252.0,-40.0,-77.0,7.0,-3.0,99.0,-972.0,-19.0
642,26.0,-250.0,-39.0,-80.0,7.0,-2.0,99.0,-975.0,-21.0
643,25.0,-251.0,-39.0,-80.0,9.0,-1.0,100.0,-977.0,-24.0
644,27.0,-253.0,-46.0,-79.0,12.0,-1.0,100.0,-982.0,-22.0
645,27.0,-255.0,-38.0,-80.0,13.0,-1.0,98.0,-981.0,-25.0
646,28.0,-258.0,-42.0,-79.0,16.0,0.0,100.0,-984.0,-21.0
647,26.0,-256.0,-41.0,-74.0,16.0,-1.0,102.0,-981.0,-23.0
648,25.0,-254.0,-44.0,-72.0,16.0,-1.0,98.0,-985.0,-21.0
649,26.0,-256.0,-41.0,-70.0,17.0,-1.0,97.0,-982.0,-19.0
650,24.0,-253.0,-42.0,-68.0,16.0,-1.0,99.0,-982.0,-20.0
651,26.0,-255.0,-40.0,-68.0,13.0,-2.0,99.0,-985.0,-27.0
652,25.0,-253.0,-42.0,-66.0,12.0,-2.0,94.0,-984.0,-23.0
653,23.0,-253.0,-37.0,-64.0,13.0,-1.0,100.0,-985.0,-20.0
654,26.0,-255.0,-39.0,-61.0,13.0,0.0,101.0,-981.0,-24.0
655,23.0,-253.0,-42.0,-60.0,12.0,-2.0,107.0,-982.0,-22.0
656,27.0,-252.0,-42.0,-62.0,9.0,0.0,99.0,-980.0,-25.0
657,30.0,-252.0,-42.0,-65.0,8.0,0.0,104.0,-975.0,-20.0
658,28.0,-254.0,-41.0,-68.0,8.0,-1.0,108.0,-975.0,-28.0
659,25.0,-250.0,-39.0,-69.0,8.0,-3.0,108.0,-971.0,-27.0
660,29.0,-252.0,-39.0,-69.0,7.0,-3.0,106.0,-974.0,-29.0
661,28.0,-250.0,-40.0,-70.0,9.0,-2.0,107.0,-974.0,-27.0
662,26.0,-253.0,-42.0,-68.0,8.0,-2.0,104.0,-979.0,-20.0
663,27.0,-252.0,-42.0,-67.0,9.0,-3.0,103.0,-980.0,-23.0
664,24.0,-253.0,-45.0,-66.0,10.0,-4.0,100.0,-980.0,-22.0
665,29.0,-256.0,-42.0,-63.0,11.0,-4.0,102.0,-985.0,-26.0
666,27.0,-257.0,-40.0,-61.0,11.0,-5.0,100.0,-985.0,-30.0
667,27.0,-255.0,-45.0,-56.0,12.0,-6.0,100.0,-983.0,-27.0
668,28.0,-254.0,-44.0,-53.0,13.0,-4.0,100.0,-986.0,-29.0
669,24.0,-253.0,-40.0,-50.0,15.0,-5.0,101.0,-983.0,-31.0
670,33.0,-256.0,-43.0,-48.0,16.0,-6.0,102.0,-981.0,-27.0
671,26.0,-252.0,-41.0,-47.0,16.0,-5.0,104.0,-978.0,-24.0
672,25.0,-252.0,-39.0,-46.0,16.0,-5.0,106.0,-981.0,-30.0
673,24.0,-251.0,-46.0,-44.0,15.0,-5.0,101.0,-978.0,-29.0
674,26.0,-250.0,-41.0,-43.0,15.0,-6.0,100.0,-981.0,-28.0
675,25.0,-250.0,-45.0,-44.0,13.0,-6.0,100.0,-979.0,-30.0
676,26.0,-252.0,-39.0,-45.0,13.0,-6.0,98.0,-974.0,-26.0
677,26.0,-254.0,-42.0,-43.0,12.0,-7.0,103.0,-980.0,-22.0
678,26.0,-251.0,-36.0,-46.0,12.0,-8.0,101.0,-979.0,-25.0
679,26.0,-251.0,-40.0,-49.0,11.0,-8.0,101.0,-976.0,-27.0
680,26.0,-250.0,-42.0,-52.0,11.0,-8.0,98.0,-980.0,-32.0
681,24.0,-251.0,-41.0,-57.0,11.0,-7.0,101.0,-977.0,-29.0
682,24.0,-248.0,-44.0,-61.0,12.0,-7.0,101.0,-975.0,-28.0
683,26.0,-253.0,-42.0,-62.0,13.0,-6.0,103.0,-977.0,-28.0
684,26.0,-251.0,-42.0,-60.0,14.0,-3.0,102.0,-977.0,-29.0
685,26.0,-251.0,-39.0,-57.0,14.0,-2.0,100.0,-983.0,-30.0
686,26.0,-252.0,-43.0,-55.0,15.0,-2.0,106.0,-977.0,-30.0
687,26.0,-250.0,-44.0,-57.0,14.0,2.0,106.0,-971.0,-32.0
688,22.0,-251.0,-41.0,-61.0,14.0,2.0,103.0,-974.0,-25.0
689,26.0,-250.0,-46.0,-64.0,15.0,2.0,100.0,-974.0,-27.0
690,23.0,-248.0,-46.0,-68.0,14.0,2.0,96.0,-972.0,-30.0
691,27.0,-252.0,-44.0,-70.0,15.0,0.0,97.0,-973.0,-29.0
692,25.0,-251.0,-45.0,-73.0,15.0,-1.0,96.0,-973.0,-30.0
693,26.0,-252.0,-42.0,-77.0,14.0,-4.0,97.0,-976.0,-27.0
694,24.0,-252.0,-43.0,-83.0,15.0,-4.0,95.0,-979.0,-27.0
695,23.0,-253.0,-41.0,-87.0,14.0,-6.0,96.0,-981.0,-29.0
696,26.0,-255.0,-41.0,-86.0,14.0,-7.0,96.0,-980.0,-23.0
697,23.0,-254.0,-39.0,-86.0,16.0,-9.0,101.0,-987.0,-28.0
698,23.0,-257.0,-40.0,-82.0,17.0,-11.0,95.0,-995.0,-28.0
699,25.0,-260.0,-39.0,-78.0,16.0,-11.0,99.0,-999.0,-24.0
700,25.0,-259.0,-44.0,-68.0,15.0,-11.0,98.0,-1003.0,-30.0
701,25.0,-257.0,-42.0,-56.0,15.0,-12.0,101.0,-1003.0,-27.0
702,25.0,-260.0,-43.0,-41.0,16.0,-8.0,106.0,-1000.0,-35.0
703,26.0,-255.0,-43.0,-29.0,17.0,-6.0,99.0,-990.0,-34.0
704,28.0,-252.0,-44.0,-22.0,17.0,-7.0,106.0,-982.0,-43.0
705,26.0,-250.0,-49.0,-21.0,17.0,-5.0,103.0,-973.0,-38.0
706,27.0,-249.0,-42.0,-24.0,15.0,-6.0,103.0,-967.0,-35.0
707,25.0,-248.0,-42.0,-29.0,13.0,-6.0,102.0,-971.0,-34.0
708,23.0,-248.0,-44.0,-34.0,12.0,-6.0,103.0,-968.0,-29.0
709,25.0,-248.0,-41.0,-41.0,11.0,-8.0,100.0,-969.0,-31.0
710,23.0,-248.0,-41.0,-48.0,11.0,-10.0,98.0,-965.0,-24.0
711,26.0,-249.0,-42.0,-53.0,11.0,-11.0,92.0,-965.0,-20.0
712,24.0,-248.0,-41.0,-57.0,14.0,-9.0,96.0,-965.0,-17.0
713,26.0,-250.0,-39.0,-62.0,15.0,-10.0,95.0,-971.0,-12.0
714,25.0,-252.0,-44.0,-66.0,18.0,-11.0,98.0,-974.0,-17.0
715,25.0,-248.0,-42.0,-68.0,20.0,-10.0,100.0,-981.0,-20.0
716,25.0,-252.0,-39.0,-69.0,22.0,-9.0,102.0,-980.0,-23.0
717,26.0,-255.0,-40.0,-69.0,22.0,-9.0,105.0,-981.0,-24.0
718,24.0,-255.0,-41.0,-68.0,21.0,-10.0,104.0,-982.0,-25.0
719,26.0,-252.0,-40.0,-68.0,19.0,-9.0,98.0,-982.0,-25.0
720,28.0,-253.0,-42.0,-67.0,18.0,-8.0,107.0,-982.0,-27.0
721,27.0,-255.0,-42.0,-65.0,16.0,-10.0,101.0,-983.0,-31.0
722,27.0,-251.0,-43.0,-63.0,13.0,-9.0,108.0,-980.0,-31.0
723,25.0,-253.0,-43.0,-62.0,12.0,-8.0,102.0,-983.0,-31.0
724,27.0,-253.0,-43.0,-59.0,9.0,-7.0,106.0,-979.0,-29.0
725,30.0,-253.0,-43.0,-55.0,9.0,-7.0,107.0,-980.0,-28.0
726,27.0,-250.0,-49.0,-55.0,8.0,-6.0,106.0,-978.0,-33.0
727,28.0,-252.0,-39.0,-52.0,8.0,-5.0,105.0,-976.0,-29.0
728,27.0,-249.0,-44.0,-53.0,9.0,-5.0,107.0,-977.0,-28.0
729,29.0,-252.0,-42.0,-54.0,8.0,-4.0,102.0,-981.0,-29.0
730,24.0,-249.0,-43.0,-57.0,8.0,-3.0,102.0,-975.0,-33.0
731,25.0,-251.0,-41.0,-58.0,10.0,-4.0,101.0,-982.0,-30.0
732,24.0,-251.0,-43.0,-62.0,9.0,-3.0,102.0,-975.0,-31.0
733,29.0,-254.0,-41.0,-65.0,9.0,-4.0,106.0,-973.0,-38.0
734,25.0,-254.0,-41.0,-67.0,12.0,-4.0,97.0,-980.0,-33.0
735,25.0,-253.0,-42.0,-69.0,12.0,-4.0,98.0,-980.0,-34.0
736,24.0,-255.0,-41.0,-70.0,12.0,-3.0,102.0,-984.0,-32.0
737,25.0,-251.0,-43.0,-69.0,13.0,-3.0,98.0,-978.0,-36.0
738,29.0,-253.0,-44.0,-70.0,14.0,-3.0,98.0,-985.0,-40.0
739,25.0,-253.0,-44.0,-71.0,14.0,-3.0,99.0,-983.0,-41.0
740,26.0,-254.0,-45.0,-70.0,14.0,-3.0,105.0,-981.0,-42.0
741,28.0,-253.0,-43.0,-69.0,15.0,-5.0,102.0,-979.0,-43.0
742,27.0,-253.0,-43.0,-66.0,14.0,-5.0,105.0,-979.0,-40.0
743,26.0,-250.0,-43.0,-65.0,13.0,-4.0,103.0,-976.0,-41.0
744,25.0,-254.0,-44.0,-67.0,13.0,-6.0,100.0,-975.0,-44.0
745,24.0,-249.0,-44.0,-68.0,12.0,-5.0,101.0,-969.0,-38.0
746,29.0,-251.0,-42.0,-67.0,11.0,-5.0,104.0,-977.0,-35.0
747,23.0,-250.0,-42.0,-68.0,12.0,-4.0,105.0,-976.0,-34.0
748,25.0,-252.0,-49.0,-69.0,12.0,-4.0,104.0,-972.0,-31.0
749,28.0,-253.0,-47.0,-70.0,12.0,-4.0,101.0,-978.0,-35.0
750,24.0,-253.0,-43.0,-69.0,11.0,-4.0,99.0,-981.0,-33.0
751,23.0,-251.0,-43.0,-68.0,13.0,-4.0,98.0,-983.0,-35.0
752,26.0,-252.0,-48.0,-67.0,13.0,-4.0,99.0,-983.0,-42.0
753,27.0,-252.0,-42.0,-68.0,13.0,-4.0,99.0,-980.0,-38.0
754,25.0,-254.0,-44.0,-67.0,14.0,-2.0,104.0,-976.0,-28.0
755,27.0,-252.0,-43.0,-68.0,15.0,-2.0,99.0,-979.0,-30.0
756,27.0,-254.0,-44.0,-67.0,17.0,-2.0,97.0,-978.0,-39.0
757,25.0,-250.0,-46.0,-68.0,19.0,-1.0,103.0,-982.0,-41.0
758,25.0,-253.0,-45.0,-69.0,18.0,-2.0,97.0,-977.0,-35.0
759,27.0,-253.0,-48.0,-70.0,18.0,-1.0,105.0,-974.0,-41.0
760,25.0,-250.0,-42.0,-72.0,18.0,-1.0,98.0,-974.0,-36.0
761,26.0,-251.0,-49.0,-75.0,19.0,-1.0,103.0,-974.0,-40.0
762,27.0,-254.0,-45.0,-77.0,19.0,-1.0,105.0,-977.0,-40.0
763,22.0,-250.0,-44.0,-77.0,21.0,-1.0,101.0,-980.0,-34.0
764,25.0,-252.0,-45.0,-79.0,21.0,-2.0,98.0,-978.0,-32.0
765,25.0,-252.0,-44.0,-80.0,22.0,0.0,100.0,-977.0,-44.0
766,27.0,-253.0,-50.0,-82.0,23.0,1.0,101.0,-979.0,-38.0
767,28.0,-253.0,-46.0,-80.0,23.0,1.0,104.0,-984.0,-36.0
768,26.0,-251.0,-43.0,-79.0,24.0,4.0,107.0,-979.0,-29.0
769,28.0,-253.0,-43.0,-79.0,23.0,3.0,108.0,-980.0,-31.0
770,31.0,-255.0,-44.0,-74.0,22.0,6.0,108.0,-982.0,-36.0
771,30.0,-254.0,-44.0,-69.0,20.0,8.0,105.0,-978.0,-41.0
772,28.0,-251.0,-45.0,-68.0,17.0,10.0,107.0,-979.0,-39.0
773,26.0,-252.0,-45.0,-67.0,17.0,13.0,102.0,-979.0,-38.0
774,29.0,-254.0,-46.0,-63.0,18.0,14.0,102.0,-979.0,-47.0
775,27.0,-255.0,-46.0,-61.0,20.0,14.0,97.0,-984.0,-47.0
776,24.0,-255.0,-44.0,-55.0,21.0,15.0,100.0,-984.0,-33.0
777,24.0,-256.0,-45.0,-52.0,21.0,16.0,98.0,-987.0,-41.0
778,22.0,-252.0,-47.0,-51.0,22.0,17.0,96.0,-985.0,-39.0
779,21.0,-253.0,-45.0,-46.0,20.0,18.0,97.0,-984.0,-39.0
780,24.0,-251.0,-45.0,-46.0,19.0,16.0,99.0,-977.0,-37.0
781,23.0,-250.0,-46.0,-46.0,19.0,16.0,95.0,-972.0,-45.0
782,26.0,-251.0,-42.0,-48.0,21.0,16.0,98.0,-975.0,-42.0
783,27.0,-250.0,-46.0,-45.0,24.0,14.0,101.0,-975.0,-42.0
784,25.0,-250.0,-46.0,-46.0,26.0,15.0,103.0,-977.0,-43.0
785,24.0,-250.0,-48.0,-47.0,28.0,16.0,99.0,-977.0,-44.0
786,26.0,-252.0,-46.0,-50.0,28.0,16.0,105.0,-977.0,-48.0
787,23.0,-250.0,-46.0,-52.0,29.0,18.0,100.0,-975.0,-40.0
788,28.0,-253.0,-48.0,-52.0,27.0,19.0,104.0,-975.0,-38.0
789,26.0,-252.0,-43.0,-50.0,26.0,20.0,97.0,-982.0,-43.0
790,25.0,-251.0,-43.0,-49.0,24.0,20.0,97.0,-979.0,-36.0
791,25.0,-251.0,-46.0,-48.0,20.0,20.0,96.0,-976.0,-40.0
792,25.0,-252.0,-47.0,-48.0,15.0,19.0,99.0,-975.0,-30.0
793,21.0,-250.0,-44.0,-48.0,11.0,17.0,89.0,-972.0,-34.0
794,24.0,-252.0,-45.0,-51.0,6.0,17.0,90.0,-974.0,-35.0
795,21.0,-251.0,-43.0,-55.0,2.0,16.0,87.0,-969.0,-31.0
796,20.0,-250.0,-43.0,-59.0,-2.0,15.0,81.0,-969.0,-30.0
797,21.0,-252.0,-45.0,-62.0,-4.0,13.0,85.0,-972.0,-37.0
798,22.0,-250.0,-43.0,-68.0,-6.0,10.0,85.0,-974.0,-31.0
799,19.0,-249.0,-43.0,-75.0,-5.0,10.0,81.0,-974.0,-32.0
800,20.0,-251.0,-47.0,-83.0,-2.0,9.0,86.0,-975.0,-42.0
801,22.0,-249.0,-46.0,-91.0,0.0,6.0,81.0,-974.0,-39.0
802,19.0,-251.0,-44.0,-98.0,-1.0,4.0,88.0,-974.0,-34.0
803,20.0,-249.0,-48.0,-106.0,-1.0,1.0,87.0,-980.0,-39.0
804,25.0,-254.0,-44.0,-112.0,-1.0,0.0,86.0,-980.0,-46.0
805,24.0,-251.0,-44.0,-118.0,-1.0,-2.0,91.0,-976.0,-39.0
806,24.0,-252.0,-47.0,-122.0,-1.0,-3.0,93.0,-974.0,-44.0
807,24.0,-250.0,-45.0,-123.0,-1.0,-3.0,99.0,-969.0,-45.0
808,24.0,-251.0,-46.0,-123.0,-2.0,-6.0,95.0,-969.0,-50.0
809,24.0,-249.0,-47.0,-122.0,-4.0,-6.0,97.0,-963.0,-46.0
810,26.0,-247.0,-49.0,-120.0,-3.0,-3.0,96.0,-965.0,-47.0
811,25.0,-251.0,-47.0,-119.0,-3.0,-4.0,95.0,-966.0,-52.0
812,23.0,-247.0,-45.0,-120.0,0.0,-1.0,99.0,-966.0,-46.0
813,23.0,-250.0,-47.0,-123.0,2.0,2.0,94.0,-965.0,-39.0
814,22.0,-249.0,-42.0,-127.0,4.0,4.0,90.0,-970.0,-46.0
815,19.0,-249.0,-47.0,-133.0,6.0,9.0,84.0,-967.0,-36.0
816,22.0,-249.0,-44.0,-137.0,8.0,12.0,83.0,-974.0,-28.0
817,20.0,-249.0,-46.0,-142.0,10.0,17.0,86.0,-972.0,-32.0
818,20.0,-250.0,-45.0,-150.0,10.0,20.0,90.0,-963.0,-33.0
819,22.0,-249.0,-46.0,-157.0,8.0,24.0,91.0,-965.0,-37.0
820,25.0,-248.0,-46.0,-169.0,5.0,29.0,99.0,-971.0,-38.0
821,23.0,-248.0,-47.0,-179.0,1.0,32.0,93.0,-965.0,-46.0
822,24.0,-250.0,-47.0,-193.0,-3.0,33.0,96.0,-967.0,-42.0
823,25.0,-249.0,-46.0,-205.0,-4.0,37.0,102.0,-970.0,-54.0
824,25.0,-249.0,-49.0,-218.0,-1.0,45.0,100.0,-973.0,-47.0
825,20.0,-250.0,-50.0,-231.0,-2.0,49.0,89.0,-977.0,-49.0
826,23.0,-249.0,-50.0,-242.0,-5.0,46.0,99.0,-971.0,-48.0
827,26.0,-248.0,-44.0,-250.0,-2.0,45.0,101.0,-973.0,-53.0
828,27.0,-250.0,-51.0,-252.0,4.0,48.0,98.0,-973.0,-54.0
829,27.0,-249.0,-47.0,-251.0,10.0,52.0,112.0,-972.0,-52.0
830,28.0,-249.0,-49.0,-249.0,16.0,58.0,107.0,-972.0,-51.0
831,31.0,-254.0,-47.0,-243.0,21.0,66.0,107.0,-977.0,-53.0
832,28.0,-251.0,-43.0,-233.0,23.0,75.0,111.0,-975.0,-48.0
833,32.0,-251.0,-48.0,-221.0,23.0,83.0,110.0,-975.0,-50.0
834,32.0,-251.0,-46.0,-211.0,22.0,91.0,122.0,-972.0,-50.0
835,32.0,-251.0,-45.0,-205.0,20.0,101.0,126.0,-969.0,-45.0
836,31.0,-250.0,-44.0,-203.0,18.0,109.0,114.0,-966.0,-45.0
837,33.0,-248.0,-47.0,-207.0,18.0,117.0,119.0,-967.0,-47.0
838,32.0,-244.0,-46.0,-216.0,16.0,123.0,117.0,-963.0,-52.0
839,31.0,-248.0,-47.0,-228.0,15.0,130.0,119.0,-957.0,-48.0
840,31.0,-247.0,-48.0,-244.0,15.0,138.0,117.0,-952.0,-48.0
841,32.0,-250.0,-48.0,-263.0,15.0,142.0,120.0,-950.0,-49.0
842,27.0,-245.0,-47.0,-283.0,13.0,145.0,107.0,-950.0,-47.0
843,25.0,-244.0,-49.0,-304.0,13.0,148.0,114.0,-942.0,-52.0
844,28.0,-244.0,-51.0,-329.0,15.0,151.0,108.0,-944.0,-53.0
845,28.0,-242.0,-50.0,-349.0,18.0,152.0,110.0,-948.0,-55.0
846,28.0,-244.0,-46.0,-369.0,21.0,154.0,106.0,-946.0,-61.0
847,27.0,-246.0,-52.0,-387.0,25.0,157.0,102.0,-948.0,-68.0
848,24.0,-246.0,-48.0,-403.0,30.0,157.0,104.0,-953.0,-76.0
849,25.0,-246.0,-53.0,-415.0,37.0,159.0,104.0,-958.0,-73.0
850,27.0,-248.0,-56.0,-424.0,41.0,160.0,107.0,-956.0,-86.0
851,28.0,-248.0,-57.0,-436.0,43.0,164.0,103.0,-963.0,-87.0
852,26.0,-248.0,-56.0,-446.0,45.0,164.0,99.0,-959.0,-89.0
853,26.0,-248.0,-57.0,-453.0,51.0,162.0,97.0,-962.0,-86.0
854,21.0,-246.0,-55.0,-457.0,54.0,163.0,97.0,-965.0,-82.0
855,22.0,-251.0,-52.0,-458.0,56.0,161.0,91.0,-963.0,-82.0
856,24.0,-253.0,-53.0,-455.0,56.0,158.0,88.0,-968.0,-77.0
857,23.0,-250.0,-55.0,-450.0,55.0,155.0,88.0,-970.0,-76.0
858,21.0,-248.0,-53.0,-451.0,57.0,154.0,85.0,-963.0,-76.0
859,22.0,-247.0,-56.0,-446.0,61.0,151.0,79.0,-960.0,-77.0
860,23.0,-247.0,-54.0,-442.0,65.0,152.0,85.0,-963.0,-82.0
861,20.0,-248.0,-56.0,-438.0,73.0,152.0,74.0,-971.0,-87.0
862,19.0,-253.0,-56.0,-436.0,77.0,152.0,80.0,-977.0,-95.0
863,17.0,-253.0,-61.0,-437.0,81.0,150.0,76.0,-983.0,-96.0
864,16.0,-258.0,-53.0,-438.0,81.0,151.0,70.0,-984.0,-108.0
865,16.0,-260.0,-66.0,-436.0,80.0,153.0,68.0,-989.0,-114.0
866,15.0,-257.0,-63.0,-433.0,75.0,157.0,60.0,-992.0,-119.0
867,15.0,-254.0,-62.0,-432.0,69.0,161.0,65.0,-988.0,-131.0
868,16.0,-254.0,-63.0,-434.0,61.0,165.0,72.0,-979.0,-144.0
869,12.0,-251.0,-72.0,-439.0,57.0,171.0,66.0,-979.0,-142.0
870,16.0,-249.0,-74.0,-449.0,53.0,177.0,63.0,-969.0,-150.0
871,16.0,-247.0,-69.0,-461.0,49.0,180.0,67.0,-963.0,-154.0
872,18.0,-247.0,-72.0,-474.0,47.0,185.0,61.0,-954.0,-160.0
873,15.0,-245.0,-71.0,-488.0,44.0,188.0,58.0,-942.0,-162.0
874,14.0,-244.0,-72.0,-499.0,42.0,188.0,61.0,-943.0,-161.0
875,15.0,-240.0,-90.0,-510.0,40.0,188.0,55.0,-943.0,-161.0
876,9.0,-240.0,-74.0,-521.0,39.0,187.0,52.0,-944.0,-166.0
877,14.0,-247.0,-73.0,-531.0,33.0,184.0,45.0,-939.0,-166.0
878,11.0,-246.0,-78.0,-540.0,29.0,180.0,43.0,-936.0,-169.0
879,9.0,-247.0,-75.0,-550.0,27.0,176.0,43.0,-939.0,-174.0
880,10.0,-245.0,-74.0,-560.0,26.0,171.0,42.0,-945.0,-167.0
881,8.0,-245.0,-75.0,-562.0,26.0,164.0,33.0,-942.0,-165.0
882,6.0,-242.0,-73.0,-561.0,31.0,159.0,26.0,-934.0,-149.0
883,6.0,-245.0,-69.0,-562.0,40.0,160.0,32.0,-942.0,-144.0
884,5.0,-242.0,-68.0,-570.0,45.0,164.0,30.0,-937.0,-146.0
885,6.0,-241.0,-67.0,-583.0,47.0,166.0,36.0,-936.0,-139.0
886,9.0,-242.0,-74.0,-597.0,47.0,166.0,26.0,-935.0,-145.0
887,6.0,-243.0,-71.0,-610.0,50.0,167.0,25.0,-929.0,-152.0
888,7.0,-242.0,-76.0,-623.0,53.0,168.0,23.0,-929.0,-157.0
889,2.0,-242.0,-75.0,-642.0,51.0,175.0,22.0,-929.0,-168.0
890,4.0,-242.0,-78.0,-667.0,49.0,178.0,24.0,-929.0,-176.0
891,4.0,-238.0,-78.0,-699.0,46.0,184.0,25.0,-923.0,-188.0
892,4.0,-240.0,-82.0,-729.0,42.0,190.0,27.0,-928.0,-196.0
893,4.0,-239.0,-88.0,-766.0,37.0,199.0,20.0,-926.0,-202.0
894,8.0,-238.0,-92.0,-800.0,30.0,204.0,20.0,-929.0,-216.0
895,8.0,-242.0,-91.0,-826.0,27.0,218.0,30.0,-933.0,-218.0
896,4.0,-242.0,-92.0,-839.0,29.0,232.0,23.0,-934.0,-222.0
897,4.0,-246.0,-95.0,-843.0,24.0,246.0,23.0,-947.0,-228.0
898,5.0,-247.0,-93.0,-841.0,14.0,259.0,25.0,-947.0,-239.0
899,1.0,-246.0,-95.0,-836.0,3.0,269.0,18.0,-955.0,-248.0
900,9.0,-251.0,-99.0,-832.0,-6.0,286.0,32.0,-971.0,-253.0
901,3.0,-250.0,-97.0,-831.0,-16.0,300.0,23.0,-959.0,-264.0
902,7.0,-247.0,-98.0,-830.0,-25.0,310.0,24.0,-967.0,-272.0
903,3.0,-250.0,-103.0,-832.0,-33.0,318.0,12.0,-974.0,-288.0
904,3.0,-247.0,-111.0,-842.0,-38.0,325.0,15.0,-974.0,-298.0
905,-1.0,-251.0,-106.0,-852.0,-45.0,328.0,-2.0,-972.0,-299.0
906,1.0,-251.0,-115.0,-865.0,-55.0,324.0,4.0,-963.0,-311.0
907,-1.0,-246.0,-117.0,-881.0,-61.0,321.0,-5.0,-948.0,-329.0
908,-2.0,-247.0,-114.0,-896.0,-61.0,320.0,-10.0,-950.0,-323.0
909,-6.0,-242.0,-116.0,-904.0,-61.0,322.0,-23.0,-931.0,-331.0
910,-5.0,-243.0,-111.0,-913.0,-56.0,322.0,-11.0,-933.0,-327.0
911,-10.0,-241.0,-115.0,-915.0,-55.0,311.0,-32.0,-927.0,-325.0
912,-8.0,-243.0,-114.0,-920.0,-54.0,308.0,-34.0,-924.0,-321.0
913,-4.0,-237.0,-116.0,-932.0,-51.0,298.0,-30.0,-909.0,-321.0
914,-8.0,-239.0,-115.0,-945.0,-52.0,286.0,-45.0,-917.0,-316.0
915,-14.0,-238.0,-111.0,-949.0,-50.0,273.0,-58.0,-927.0,-313.0
916,-16.0,-239.0,-114.0,-947.0,-47.0,256.0,-73.0,-931.0,-319.0
917,-14.0,-240.0,-116.0,-941.0,-50.0,242.0,-64.0,-931.0,-315.0
918,-16.0,-243.0,-115.0,-934.0,-50.0,226.0,-72.0,-929.0,-322.0
919,-16.0,-244.0,-114.0,-935.0,-46.0,215.0,-72.0,-934.0,-313.0
920,-10.0,-242.0,-119.0,-939.0,-41.0,203.0,-61.0,-926.0,-322.0
921,-14.0,-238.0,-119.0,-945.0,-31.0,186.0,-55.0,-917.0,-322.0
922,-16.0,-240.0,-115.0,-955.0,-19.0,176.0,-64.0,-919.0,-320.0
923,-14.0,-237.0,-116.0,-969.0,-11.0,165.0,-54.0,-913.0,-328.0
924,-15.0,-235.0,-117.0,-985.0,-2.0,153.0,-56.0,-918.0,-333.0
925,-15.0,-239.0,-119.0,-1007.0,4.0,144.0,-56.0,-911.0,-341.0
926,-15.0,-236.0,-118.0,-1029.0,10.0,136.0,-51.0,-915.0,-346.0
927,-16.0,-236.0,-122.0,-1052.0,11.0,128.0,-64.0,-908.0,-368.0
928,-16.0,-235.0,-127.0,-1076.0,14.0,118.0,-63.0,-921.0,-371.0
929,-14.0,-237.0,-126.0,-1096.0,15.0,107.0,-63.0,-903.0,-376.0
930,-13.0,-233.0,-130.0,-1120.0,15.0,99.0,-47.0,-900.0,-384.0
931,-14.0,-231.0,-130.0,-1140.0,17.0,87.0,-51.0,-893.0,-400.0
932,-13.0,-228.0,-135.0,-1161.0,21.0,81.0,-48.0,-880.0,-403.0
933,-14.0,-230.0,-134.0,-1174.0,24.0,73.0,-54.0,-868.0,-417.0
934,-12.0,-227.0,-138.0,-1184.0,29.0,70.0,-42.0,-872.0,-419.0
935,-11.0,-227.0,-139.0,-1187.0,37.0,68.0,-38.0,-880.0,-426.0
936,-6.0,-229.0,-147.0,-1190.0,43.0,71.0,-30.0,-876.0,-441.0
937,-12.0,-229.0,-144.0,-1192.0,53.0,74.0,-30.0,-871.0,-442.0
938,-11.0,-222.0,-143.0,-1188.0,63.0,72.0,-27.0,-863.0,-455.0
939,-5.0,-221.0,-145.0,-1194.0,74.0,77.0,-24.0,-847.0,-453.0
940,-9.0,-223.0,-145.0,-1202.0,79.0,95.0,-30.0,-839.0,-455.0
941,-3.0,-225.0,-150.0,-1198.0,77.0,98.0,-29.0,-857.0,-463.0
942,-11.0,-226.0,-148.0,-1193.0,74.0,98.0,-39.0,-868.0,-466.0
943,-9.0,-221.0,-154.0,-1191.0,65.0,98.0,-27.0,-849.0,-467.0
944,-8.0,-222.0,-156.0,-1176.0,50.0,101.0,-33.0,-848.0,-476.0
945,-11.0,-224.0,-154.0,-1163.0,40.0,93.0,-41.0,-862.0,-484.0
946,-13.0,-221.0,-155.0,-1156.0,27.0,82.0,-39.0,-858.0,-482.0
947,-11.0,-222.0,-151.0,-1164.0,14.0,79.0,-41.0,-844.0,-478.0
948,-7.0,-214.0,-154.0,-1177.0,1.0,70.0,-37.0,-838.0,-484.0
949,-13.0,-217.0,-154.0,-1194.0,-8.0,55.0,-47.0,-834.0,-477.0
950,-10.0,-216.0,-152.0,-1215.0,-20.0,47.0,-45.0,-826.0,-466.0
951,-13.0,-214.0,-148.0,-1225.0,-29.0,39.0,-40.0,-815.0,-464.0
952,-16.0,-208.0,-149.0,-1232.0,-30.0,31.0,-64.0,-810.0,-462.0
953,-13.0,-212.0,-151.0,-1241.0,-28.0,25.0,-69.0,-809.0,-463.0
954,-16.0,-213.0,-151.0,-1245.0,-23.0,0.0,-53.0,-808.0,-490.0
955,-16.0,-206.0,-160.0,-1261.0,-14.0,-29.0,-85.0,-813.0,-498.0
956,-21.0,-203.0,-164.0,-1271.0,4.0,-43.0,-82.0,-777.0,-519.0
957,-30.0,-205.0,-170.0,-1277.0,20.0,-48.0,-123.0,-774.0,-552.0
958,-31.0,-203.0,-184.0,-1292.0,27.0,-44.0,-115.0,-792.0,-583.0
959,-28.0,-214.0,-184.0,-1319.0,34.0,-44.0,-125.0,-807.0,-607.0
960,-30.0,-214.0,-187.0,-1353.0,37.0,-49.0,-122.0,-827.0,-627.0
961,-36.0,-220.0,-189.0,-1395.0,35.0,-54.0,-139.0,-853.0,-642.0
962,-33.0,-226.0,-198.0,-1443.0,30.0,-62.0,-124.0,-866.0,-669.0
963,-30.0,-222.0,-197.0,-1494.0,22.0,-70.0,-127.0,-858.0,-677.0
964,-25.0,-223.0,-204.0,-1533.0,8.0,-75.0,-100.0,-855.0,-689.0
965,-19.0,-229.0,-208.0,-1557.0,0.0,-77.0,-94.0,-872.0,-706.0
966,-16.0,-227.0,-209.0,-1577.0,-6.0,-89.0,-68.0,-862.0,-719.0
967,-16.0,-231.0,-210.0,-1593.0,-17.0,-107.0,-65.0,-884.0,-729.0
968,5.0,-232.0,-220.0,-1601.0,-30.0,-124.0,9.0,-868.0,-755.0
969,5.0,-232.0,-225.0,-1585.0,-38.0,-131.0,19.0,-887.0,-767.0
970,8.0,-234.0,-234.0,-1561.0,-42.0,-150.0,30.0,-896.0,-802.0
971,16.0,-231.0,-238.0,-1553.0,-39.0,-167.0,46.0,-889.0,-823.0
972,12.0,-232.0,-241.0,-1558.0,-31.0,-178.0,56.0,-884.0,-829.0
973,20.0,-237.0,-248.0,-1568.0,-31.0,-186.0,74.0,-911.0,-861.0
974,14.0,-232.0,-244.0,-1594.0,-23.0,-193.0,43.0,-891.0,-868.0
975,12.0,-235.0,-251.0,-1620.0,-8.0,-197.0,34.0,-897.0,-886.0
976,3.0,-238.0,-256.0,-1638.0,8.0,-197.0,8.0,-903.0,-895.0
977,4.0,-231.0,-254.0,-1650.0,23.0,-195.0,0.0,-878.0,-905.0
978,4.0,-229.0,-256.0,-1659.0,38.0,-187.0,-6.0,-866.0,-902.0
979,-3.0,-231.0,-260.0,-1666.0,64.0,-179.0,-6.0,-895.0,-920.0
980,-1.0,-232.0,-258.0,-1673.0,94.0,-172.0,-15.0,-880.0,-908.0
981,2.0,-236.0,-257.0,-1674.0,128.0,-162.0,-6.0,-887.0,-895.0
982,6.0,-239.0,-259.0,-1658.0,168.0,-159.0,-1.0,-907.0,-906.0
983,7.0,-237.0,-257.0,-1638.0,212.0,-164.0,11.0,-904.0,-912.0
984,12.0,-237.0,-256.0,-1610.0,260.0,-174.0,29.0,-892.0,-916.0
985,15.0,-228.0,-261.0,-1571.0,304.0,-191.0,33.0,-852.0,-923.0
986,9.0,-226.0,-260.0,-1514.0,344.0,-198.0,31.0,-848.0,-926.0
987,5.0,-225.0,-265.0,-1436.0,372.0,-191.0,16.0,-837.0,-942.0
988,-2.0,-229.0,-274.0,-1346.0,391.0,-171.0,-8.0,-852.0,-959.0
989,-11.0,-232.0,-269.0,-1253.0,394.0,-145.0,-32.0,-858.0,-966.0
990,-12.0,-229.0,-276.0,-1159.0,377.0,-111.0,-36.0,-870.0,-983.0
991,-12.0,-236.0,-279.0,-1071.0,348.0,-70.0,-39.0,-894.0,-996.0
992,-14.0,-238.0,-281.0,-992.0,313.0,-31.0,-43.0,-899.0,-999.0
993,-12.0,-238.0,-283.0,-918.0,276.0,5.0,-40.0,-899.0,-998.0
994,-12.0,-237.0,-276.0,-849.0,241.0,42.0,-41.0,-893.0,-993.0
995,-9.0,-228.0,-277.0,-781.0,205.0,74.0,-28.0,-868.0,-986.0
996,1.0,-224.0,-271.0,-721.0,169.0,104.0,-15.0,-833.0,-972.0
997,3.0,-215.0,-268.0,-671.0,143.0,126.0,6.0,-803.0,-961.0
998,8.0,-204.0,-260.0,-628.0,125.0,143.0,23.0,-768.0,-943.0
999,13.0,-191.0,-260.0,-596.0,116.0,157.0,44.0,-728.0,-924.0
1000,16.0,-185.0,-255.0,-570.0,115.0,168.0,54.0,-705.0,-916.0
1001,13.0,-180.0,-261.0,-546.0,117.0,173.0,47.0,-680.0,-915.0
1002,15.0,-175.0,-257.0,-524.0,122.0,176.0,58.0,-658.0,-919.0
1003,15.0,-170.0,-257.0,-512.0,130.0,178.0,57.0,-638.0,-921.0
1004,12.0,-159.0,-260.0,-514.0,134.0,174.0,52.0,-606.0,-928.0
1005,14.0,-151.0,-267.0,-530.0,140.0,175.0,46.0,-587.0,-933.0
1006,11.0,-147.0,-266.0,-562.0,146.0,172.0,34.0,-562.0,-938.0
1007,8.0,-139.0,-264.0,-603.0,147.0,169.0,29.0,-533.0,-933.0
1008,6.0,-132.0,-265.0,-656.0,148.0,167.0,23.0,-512.0,-938.0
1009,3.0,-128.0,-266.0,-712.0,147.0,165.0,22.0,-494.0,-933.0
1010,6.0,-129.0,-267.0,-767.0,146.0,164.0,25.0,-493.0,-942.0
1011,4.0,-129.0,-265.0,-813.0,151.0,162.0,24.0,-491.0,-942.0
1012,5.0,-133.0,-269.0,-848.0,153.0,158.0,20.0,-500.0,-946.0
1013,8.0,-133.0,-268.0,-877.0,158.0,155.0,21.0,-506.0,-949.0
1014,9.0,-134.0,-267.0,-900.0,167.0,150.0,34.0,-510.0,-928.0
1015,11.0,-138.0,-260.0,-912.0,178.0,147.0,31.0,-515.0,-935.0
1016,10.0,-142.0,-262.0,-919.0,189.0,144.0,39.0,-526.0,-926.0
1017,12.0,-144.0,-260.0,-920.0,200.0,143.0,47.0,-531.0,-921.0
1018,12.0,-144.0,-257.0,-905.0,213.0,142.0,45.0,-542.0,-914.0
1019,12.0,-148.0,-253.0,-879.0,225.0,142.0,48.0,-549.0,-913.0
1020,12.0,-147.0,-256.0,-838.0,230.0,143.0,51.0,-554.0,-905.0
1021,9.0,-147.0,-257.0,-796.0,234.0,141.0,50.0,-551.0,-905.0
1022,11.0,-147.0,-251.0,-754.0,237.0,139.0,41.0,-548.0,-887.0
1023,7.0,-148.0,-247.0,-711.0,242.0,134.0,31.0,-553.0,-875.0
1024,6.0,-147.0,-246.0,-673.0,246.0,131.0,19.0,-551.0,-858.0
1025,5.0,-150.0,-245.0,-619.0,250.0,127.0,20.0,-557.0,-852.0
1026,7.0,-150.0,-241.0,-569.0,252.0,123.0,21.0,-554.0,-835.0
1027,5.0,-150.0,-244.0,-513.0,254.0,121.0,5.0,-547.0,-830.0
1028,2.0,-143.0,-241.0,-460.0,258.0,124.0,21.0,-542.0,-816.0
1029,6.0,-139.0,-235.0,-411.0,265.0,129.0,23.0,-531.0,-814.0
1030,9.0,-138.0,-234.0,-371.0,271.0,131.0,26.0,-511.0,-804.0
1031,8.0,-130.0,-232.0,-341.0,274.0,137.0,27.0,-495.0,-801.0
1032,9.0,-129.0,-235.0,-316.0,274.0,143.0,29.0,-478.0,-792.0
1033,8.0,-123.0,-228.0,-302.0,271.0,148.0,35.0,-464.0,-784.0
1034,12.0,-120.0,-224.0,-293.0,265.0,152.0,38.0,-451.0,-775.0
1035,13.0,-118.0,-226.0,-283.0,259.0,155.0,48.0,-433.0,-769.0
1036,13.0,-118.0,-225.0,-271.0,250.0,156.0,47.0,-426.0,-768.0
1037,11.0,-113.0,-224.0,-258.0,239.0,154.0,43.0,-411.0,-768.0
1038,18.0,-112.0,-223.0,-252.0,231.0,158.0,55.0,-403.0,-771.0
1039,13.0,-107.0,-224.0,-245.0,225.0,162.0,57.0,-396.0,-766.0
1040,13.0,-105.0,-220.0,-239.0,218.0,168.0,63.0,-387.0,-766.0
1041,15.0,-107.0,-218.0,-233.0,212.0,173.0,62.0,-373.0,-753.0
1042,16.0,-100.0,-222.0,-222.0,207.0,181.0,53.0,-378.0,-747.0
1043,13.0,-106.0,-216.0,-211.0,200.0,187.0,55.0,-376.0,-751.0
1044,11.0,-102.0,-220.0,-207.0,187.0,191.0,52.0,-371.0,-755.0
1045,15.0,-104.0,-222.0,-207.0,174.0,193.0,55.0,-378.0,-749.0
1046,13.0,-99.0,-216.0,-205.0,159.0,193.0,54.0,-376.0,-745.0
1047,12.0,-102.0,-223.0,-203.0,147.0,191.0,45.0,-383.0,-747.0
1048,9.0,-105.0,-221.0,-199.0,134.0,187.0,38.0,-374.0,-750.0
1049,9.0,-99.0,-221.0,-202.0,120.0,182.0,29.0,-361.0,-756.0
1050,16.0,-95.0,-219.0,-215.0,109.0,177.0,43.0,-360.0,-745.0
1051,11.0,-97.0,-218.0,-226.0,98.0,174.0,43.0,-359.0,-742.0
1052,10.0,-95.0,-219.0,-229.0,87.0,167.0,37.0,-355.0,-737.0
1053,14.0,-96.0,-216.0,-227.0,80.0,162.0,44.0,-348.0,-734.0
1054,13.0,-97.0,-214.0,-223.0,79.0,156.0,57.0,-356.0,-738.0
1055,21.0,-98.0,-217.0,-220.0,88.0,151.0,65.0,-354.0,-735.0
1056,15.0,-96.0,-219.0,-210.0,97.0,147.0,65.0,-352.0,-733.0
1057,20.0,-98.0,-215.0,-202.0,106.0,135.0,78.0,-360.0,-734.0
1058,18.0,-103.0,-213.0,-196.0,119.0,126.0,82.0,-366.0,-733.0
1059,25.0,-106.0,-214.0,-190.0,128.0,115.0,86.0,-380.0,-730.0
1060,25.0,-103.0,-215.0,-184.0,136.0,99.0,86.0,-389.0,-723.0
1061,21.0,-104.0,-211.0,-172.0,139.0,89.0,89.0,-392.0,-717.0
1062,24.0,-108.0,-215.0,-157.0,135.0,76.0,80.0,-396.0,-725.0
1063,22.0,-110.0,-212.0,-137.0,127.0,61.0,81.0,-396.0,-724.0
1064,21.0,-108.0,-216.0,-118.0,113.0,45.0,83.0,-395.0,-729.0
1065,22.0,-108.0,-215.0,-102.0,96.0,30.0,80.0,-390.0,-731.0
1066,17.0,-106.0,-215.0,-88.0,77.0,15.0,74.0,-386.0,-731.0
1067,18.0,-100.0,-215.0,-75.0,49.0,1.0,70.0,-378.0,-737.0
1068,16.0,-102.0,-221.0,-63.0,23.0,-14.0,63.0,-375.0,-741.0
1069,13.0,-102.0,-220.0,-53.0,-1.0,-32.0,55.0,-377.0,-750.0
1070,11.0,-102.0,-220.0,-55.0,-20.0,-50.0,51.0,-369.0,-747.0
1071,14.0,-100.0,-222.0,-59.0,-35.0,-66.0,38.0,-361.0,-750.0
1072,11.0,-97.0,-224.0,-67.0,-42.0,-84.0,32.0,-359.0,-741.0
1073,14.0,-97.0,-220.0,-79.0,-45.0,-100.0,39.0,-349.0,-743.0
1074,11.0,-94.0,-218.0,-90.0,-50.0,-115.0,42.0,-354.0,-741.0
1075,14.0,-98.0,-215.0,-103.0,-57.0,-128.0,52.0,-359.0,-741.0
1076,16.0,-98.0,-218.0,-118.0,-66.0,-144.0,62.0,-360.0,-735.0
1077,17.0,-95.0,-213.0,-132.0,-80.0,-159.0,63.0,-359.0,-733.0
1078,17.0,-100.0,-216.0,-143.0,-95.0,-171.0,66.0,-361.0,-726.0
1079,23.0,-100.0,-216.0,-148.0,-111.0,-184.0,77.0,-359.0,-733.0
1080,22.0,-101.0,-218.0,-156.0,-129.0,-202.0,76.0,-373.0,-738.0
1081,20.0,-103.0,-214.0,-167.0,-147.0,-217.0,76.0,-386.0,-735.0
1082,19.0,-104.0,-219.0,-180.0,-168.0,-231.0,78.0,-386.0,-743.0
1083,16.0,-101.0,-217.0,-193.0,-189.0,-244.0,75.0,-390.0,-747.0
1084,20.0,-107.0,-223.0,-210.0,-211.0,-260.0,73.0,-397.0,-754.0
1085,17.0,-109.0,-222.0,-225.0,-235.0,-274.0,74.0,-401.0,-764.0
1086,22.0,-110.0,-222.0,-236.0,-258.0,-289.0,75.0,-398.0,-767.0
1087,20.0,-108.0,-224.0,-244.0,-277.0,-304.0,75.0,-404.0,-769.0
1088,19.0,-109.0,-222.0,-250.0,-291.0,-320.0,69.0,-401.0,-765.0
1089,19.0,-112.0,-222.0,-250.0,-301.0,-333.0,80.0,-405.0,-767.0
1090,24.0,-112.0,-222.0,-246.0,-308.0,-346.0,86.0,-400.0,-759.0
1091,29.0,-113.0,-222.0,-236.0,-311.0,-358.0,97.0,-396.0,-767.0
1092,28.0,-108.0,-224.0,-228.0,-312.0,-370.0,108.0,-400.0,-769.0
1093,30.0,-109.0,-225.0,-220.0,-312.0,-379.0,107.0,-399.0,-762.0
1094,32.0,-106.0,-224.0,-210.0,-314.0,-390.0,114.0,-389.0,-761.0
1095,37.0,-103.0,-220.0,-204.0,-317.0,-401.0,132.0,-373.0,-760.0
1096,38.0,-101.0,-220.0,-200.0,-319.0,-416.0,141.0,-370.0,-752.0
1097,38.0,-101.0,-218.0,-201.0,-323.0,-431.0,145.0,-360.0,-742.0
1098,39.0,-97.0,-218.0,-202.0,-322.0,-445.0,149.0,-356.0,-740.0
1099,41.0,-95.0,-214.0,-209.0,-323.0,-459.0,144.0,-349.0,-737.0
1100,39.0,-92.0,-215.0,-217.0,-324.0,-471.0,149.0,-351.0,-731.0
1101,35.0,-96.0,-213.0,-225.0,-327.0,-479.0,140.0,-354.0,-721.0
1102,37.0,-97.0,-214.0,-231.0,-331.0,-486.0,129.0,-355.0,-718.0
1103,36.0,-96.0,-213.0,-231.0,-341.0,-492.0,127.0,-352.0,-723.0
1104,37.0,-98.0,-214.0,-229.0,-350.0,-498.0,133.0,-357.0,-727.0
1105,35.0,-97.0,-220.0,-235.0,-348.0,-499.0,129.0,-360.0,-732.0
1106,33.0,-101.0,-219.0,-244.0,-348.0,-501.0,123.0,-369.0,-739.0
1107,31.0,-104.0,-216.0,-254.0,-352.0,-502.0,114.0,-381.0,-743.0
1108,30.0,-104.0,-215.0,-257.0,-360.0,-502.0,116.0,-390.0,-741.0
1109,32.0,-107.0,-222.0,-259.0,-369.0,-505.0,120.0,-394.0,-754.0
1110,31.0,-109.0,-222.0,-255.0,-381.0,-508.0,117.0,-398.0,-756.0
1111,31.0,-113.0,-219.0,-249.0,-395.0,-516.0,120.0,-402.0,-763.0
1112,28.0,-111.0,-225.0,-239.0,-409.0,-524.0,113.0,-418.0,-763.0
1113,40.0,-102.0,-237.0,-226.0,-428.0,-534.0,106.0,-415.0,-765.0
1114,28.0,-116.0,-226.0,-208.0,-445.0,-545.0,104.0,-422.0,-760.0
1115,28.0,-116.0,-220.0,-188.0,-461.0,-555.0,108.0,-427.0,-760.0
1116,29.0,-116.0,-218.0,-168.0,-475.0,-566.0,114.0,-426.0,-747.0
1117,26.0,-114.0,-213.0,-140.0,-489.0,-577.0,111.0,-424.0,-740.0
1118,27.0,-113.0,-213.0,-112.0,-503.0,-585.0,110.0,-416.0,-729.0
1119,31.0,-114.0,-215.0,-81.0,-518.0,-594.0,114.0,-407.0,-717.0
1120,31.0,-111.0,-208.0,-48.0,-526.0,-600.0,112.0,-406.0,-709.0
1121,29.0,-109.0,-210.0,-17.0,-534.0,-607.0,112.0,-400.0,-703.0
1122,30.0,-107.0,-203.0,13.0,-542.0,-613.0,112.0,-394.0,-696.0
1123,33.0,-107.0,-205.0,44.0,-549.0,-617.0,116.0,-388.0,-687.0
1124,22.0,-100.0,-211.0,69.0,-551.0,-622.0,122.0,-395.0,-678.0
1125,35.0,-104.0,-199.0,88.0,-553.0,-626.0,130.0,-395.0,-670.0
1126,34.0,-105.0,-197.0,101.0,-552.0,-631.0,126.0,-390.0,-660.0
1127,35.0,-105.0,-196.0,110.0,-554.0,-630.0,138.0,-388.0,-652.0
1128,33.0,-101.0,-193.0,113.0,-553.0,-629.0,133.0,-384.0,-647.0
1129,34.0,-101.0,-191.0,115.0,-558.0,-628.0,138.0,-382.0,-631.0
1130,38.0,-103.0,-191.0,120.0,-562.0,-627.0,129.0,-374.0,-631.0
1131,30.0,-103.0,-191.0,124.0,-566.0,-626.0,121.0,-375.0,-624.0
1132,31.0,-98.0,-183.0,133.0,-575.0,-625.0,117.0,-374.0,-620.0
1133,32.0,-101.0,-186.0,141.0,-587.0,-624.0,120.0,-366.0,-608.0
1134,31.0,-104.0,-181.0,157.0,-600.0,-622.0,113.0,-362.0,-596.0
1135,29.0,-96.0,-193.0,179.0,-618.0,-619.0,111.0,-361.0,-589.0
1136,27.0,-99.0,-179.0,198.0,-635.0,-620.0,102.0,-355.0,-586.0
1137,27.0,-92.0,-178.0,214.0,-660.0,-618.0,97.0,-350.0,-579.0
1138,23.0,-95.0,-175.0,220.0,-689.0,-617.0,89.0,-350.0,-571.0
1139,26.0,-95.0,-177.0,221.0,-728.0,-613.0,98.0,-349.0,-568.0
1140,29.0,-96.0,-177.0,214.0,-762.0,-607.0,117.0,-357.0,-564.0
1141,34.0,-97.0,-177.0,200.0,-792.0,-607.0,125.0,-357.0,-557.0
1142,37.0,-99.0,-173.0,178.0,-811.0,-604.0,149.0,-368.0,-549.0
1143,41.0,-103.0,-168.0,150.0,-825.0,-600.0,162.0,-384.0,-538.0
1144,45.0,-103.0,-165.0,117.0,-831.0,-597.0,172.0,-391.0,-530.0
1145,43.0,-104.0,-164.0,86.0,-830.0,-597.0,165.0,-401.0,-525.0
1146,40.0,-106.0,-165.0,61.0,-834.0,-595.0,158.0,-397.0,-518.0
1147,44.0,-105.0,-167.0,55.0,-840.0,-591.0,156.0,-403.0,-517.0
1148,36.0,-112.0,-168.0,52.0,-841.0,-589.0,143.0,-411.0,-529.0
1149,33.0,-114.0,-167.0,54.0,-848.0,-588.0,123.0,-419.0,-531.0
1150,23.0,-113.0,-168.0,61.0,-852.0,-589.0,103.0,-440.0,-537.0
1151,17.0,-117.0,-171.0,69.0,-860.0,-594.0,79.0,-444.0,-548.0
1152,10.0,-121.0,-173.0,77.0,-870.0,-607.0,47.0,-455.0,-551.0
1153,4.0,-125.0,-176.0,85.0,-886.0,-622.0,14.0,-459.0,-561.0
1154,-3.0,-121.0,-179.0,95.0,-912.0,-637.0,-24.0,-459.0,-565.0
1155,-15.0,-123.0,-179.0,107.0,-940.0,-649.0,-43.0,-465.0,-582.0
1156,-13.0,-125.0,-182.0,122.0,-969.0,-660.0,-70.0,-473.0,-586.0
1157,-16.0,-134.0,-181.0,143.0,-999.0,-673.0,-71.0,-483.0,-590.0
1158,-26.0,-132.0,-180.0,162.0,-1028.0,-690.0,-87.0,-498.0,-587.0
1159,-23.0,-132.0,-183.0,188.0,-1057.0,-704.0,-89.0,-502.0,-585.0
1160,-23.0,-132.0,-179.0,220.0,-1089.0,-722.0,-79.0,-502.0,-580.0
1161,-17.0,-131.0,-179.0,246.0,-1120.0,-735.0,-83.0,-500.0,-577.0
1162,-16.0,-133.0,-178.0,272.0,-1154.0,-748.0,-58.0,-495.0,-568.0
1163,-14.0,-129.0,-171.0,290.0,-1186.0,-758.0,-44.0,-480.0,-564.0
1164,-5.0,-121.0,-173.0,302.0,-1215.0,-764.0,-19.0,-459.0,-552.0
1165,5.0,-121.0,-169.0,312.0,-1241.0,-769.0,22.0,-449.0,-544.0
1166,7.0,-114.0,-164.0,317.0,-1263.0,-769.0,33.0,-427.0,-541.0
1167,10.0,-110.0,-168.0,318.0,-1289.0,-770.0,46.0,-415.0,-540.0
1168,18.0,-110.0,-167.0,308.0,-1316.0,-771.0,87.0,-404.0,-538.0
1169,24.0,-107.0,-165.0,289.0,-1345.0,-773.0,100.0,-399.0,-526.0
1170,29.0,-109.0,-164.0,269.0,-1371.0,-769.0,106.0,-403.0,-522.0
1171,23.0,-105.0,-167.0,242.0,-1401.0,-764.0,100.0,-398.0,-525.0
1172,23.0,-111.0,-164.0,204.0,-1439.0,-756.0,84.0,-407.0,-523.0
1173,11.0,-106.0,-169.0,155.0,-1488.0,-746.0,58.0,-413.0,-540.0
1174,0.0,-109.0,-169.0,93.0,-1540.0,-739.0,10.0,-408.0,-545.0
1175,-11.0,-113.0,-170.0,31.0,-1604.0,-730.0,-32.0,-422.0,-551.0
1176,-15.0,-113.0,-174.0,-32.0,-1674.0,-720.0,-49.0,-430.0,-559.0
1177,-21.0,-117.0,-181.0,-99.0,-1736.0,-718.0,-81.0,-439.0,-579.0
1178,-30.0,-119.0,-177.0,-146.0,-1793.0,-718.0,-122.0,-451.0,-567.0
1179,-41.0,-120.0,-180.0,-167.0,-1850.0,-712.0,-147.0,-460.0,-572.0
1180,-42.0,-123.0,-181.0,-182.0,-1895.0,-705.0,-167.0,-463.0,-589.0
1181,-55.0,-122.0,-188.0,-189.0,-1931.0,-705.0,-198.0,-464.0,-595.0
1182,-55.0,-123.0,-185.0,-186.0,-1967.0,-689.0,-206.0,-467.0,-600.0
1183,-53.0,-124.0,-196.0,-170.0,-2005.0,-675.0,-204.0,-461.0,-626.0
1184,-51.0,-118.0,-199.0,-152.0,-2030.0,-658.0,-202.0,-438.0,-665.0
1185,-46.0,-104.0,-210.0,-144.0,-2033.0,-645.0,-187.0,-393.0,-708.0
1186,-35.0,-92.0,-218.0,-156.0,-2009.0,-637.0,-153.0,-358.0,-736.0
1187,-27.0,-80.0,-224.0,-190.0,-1968.0,-639.0,-125.0,-318.0,-751.0
1188,-16.0,-72.0,-225.0,-241.0,-1921.0,-656.0,-79.0,-279.0,-756.0
1189,-7.0,-61.0,-228.0,-304.0,-1877.0,-688.0,-33.0,-231.0,-779.0
1190,0.0,-55.0,-235.0,-374.0,-1835.0,-727.0,-18.0,-198.0,-807.0
1191,-2.0,-51.0,-248.0,-451.0,-1792.0,-780.0,-6.0,-193.0,-862.0
1192,-8.0,-48.0,-257.0,-545.0,-1755.0,-824.0,-38.0,-182.0,-918.0
1193,-14.0,-56.0,-272.0,-652.0,-1732.0,-862.0,-62.0,-211.0,-961.0
1194,-36.0,-63.0,-281.0,-773.0,-1743.0,-900.0,-141.0,-241.0,-995.0
1195,-47.0,-71.0,-293.0,-879.0,-1814.0,-909.0,-183.0,-262.0,-1046.0
1196,-65.0,-81.0,-306.0,-929.0,-1913.0,-946.0,-248.0,-285.0,-1093.0
1197,-73.0,-91.0,-309.0,-921.0,-2002.0,-965.0,-279.0,-320.0,-1115.0
1198,-79.0,-97.0,-310.0,-872.0,-2072.0,-978.0,-306.0,-346.0,-1124.0
1199,-82.0,-98.0,-314.0,-788.0,-2139.0,-974.0,-310.0,-344.0,-1136.0
1200,-86.0,-93.0,-312.0,-718.0,-2228.0,-964.0,-323.0,-337.0,-1122.0
1201,-78.0,-81.0,-321.0,-678.0,-2341.0,-943.0,-298.0,-301.0,-1158.0
1202,-69.0,-66.0,-326.0,-687.0,-2433.0,-903.0,-263.0,-245.0,-1168.0
1203,-57.0,-57.0,-323.0,-748.0,-2496.0,-836.0,-229.0,-217.0,-1160.0
1204,-51.0,-50.0,-320.0,-839.0,-2529.0,-749.0,-199.0,-186.0,-1160.0
1205,-39.0,-41.0,-325.0,-949.0,-2551.0,-657.0,-169.0,-152.0,-1173.0
1206,-38.0,-32.0,-323.0,-1090.0,-2553.0,-533.0,-148.0,-119.0,-1170.0
1207,-27.0,-34.0,-338.0,-1212.0,-2566.0,-441.0,-125.0,-120.0,-1211.0
1208,-36.0,-33.0,-346.0,-1333.0,-2571.0,-341.0,-137.0,-120.0,-1241.0
1209,-38.0,-38.0,-347.0,-1438.0,-2584.0,-266.0,-161.0,-120.0,-1275.0
1210,-52.0,-43.0,-360.0,-1500.0,-2618.0,-235.0,-195.0,-128.0,-1317.0
1211,-62.0,-53.0,-368.0,-1518.0,-2642.0,-226.0,-247.0,-158.0,-1347.0
1212,-82.0,-73.0,-376.0,-1485.0,-2661.0,-251.0,-323.0,-248.0,-1377.0
1213,-103.0,-100.0,-364.0,-1414.0,-2665.0,-260.0,-400.0,-338.0,-1356.0
1214,-124.0,-126.0,-339.0,-1319.0,-2675.0,-263.0,-474.0,-442.0,-1246.0
1215,-145.0,-162.0,-299.0,-1174.0,-2714.0,-271.0,-562.0,-541.0,-1084.0
1216,-182.0,-186.0,-249.0,-952.0,-2767.0,-283.0,-669.0,-665.0,-902.0
1217,-213.0,-206.0,-207.0,-665.0,-2828.0,-303.0,-806.0,-732.0,-669.0
1218,-252.0,-197.0,-181.0,-323.0,-2900.0,-320.0,-945.0,-696.0,-579.0
1219,-244.0,-180.0,-150.0,37.0,-2966.0,-290.0,-936.0,-633.0,-474.0
1220,-243.0,-156.0,-134.0,429.0,-3055.0,-307.0,-924.0,-534.0,-387.0
1221,-228.0,-117.0,-121.0,809.0,-3163.0,-352.0,-884.0,-395.0,-345.0
1222,-229.0,-76.0,-108.0,1090.0,-3267.0,-380.0,-865.0,-270.0,-270.0
1223,-194.0,-45.0,-89.0,1213.0,-3356.0,-345.0,-733.0,-165.0,-208.0
1224,-168.0,-8.0,-71.0,1132.0,-3451.0,-350.0,-641.0,-58.0,-104.0
1225,-145.0,10.0,-34.0,851.0,-3562.0,-382.0,-552.0,-13.0,12.0
1226,-117.0,-4.0,-28.0,449.0,-3706.0,-398.0,-420.0,-75.0,62.0
1227,-105.0,-44.0,-19.0,69.0,-3870.0,-402.0,-376.0,-187.0,77.0
1228,-96.0,-88.0,-37.0,-172.0,-3992.0,-388.0,-375.0,-332.0,23.0
1229,-97.0,-119.0,-77.0,-270.0,-4015.0,-388.0,-385.0,-456.0,-141.0
1230,-133.0,-150.0,-110.0,-291.0,-3958.0,-396.0,-521.0,-561.0,-265.0
1231,-187.0,-167.0,-146.0,-217.0,-3898.0,-414.0,-713.0,-627.0,-427.0
1232,-244.0,-171.0,-205.0,-79.0,-3861.0,-398.0,-940.0,-621.0,-646.0
1233,-312.0,-151.0,-257.0,58.0,-3837.0,-286.0,-1211.0,-562.0,-846.0
1234,-374.0,-160.0,-260.0,190.0,-3841.0,-101.0,-1447.0,-578.0,-910.0
1235,-475.0,-185.0,-247.0,347.0,-3918.0,72.0,-1808.0,-673.0,-842.0
1236,-566.0,-198.0,-235.0,534.0,-4096.0,214.0,-2157.0,-720.0,-802.0
1237,-648.0,-192.0,-238.0,721.0,-4351.0,343.0,-2451.0,-728.0,-788.0
1238,-732.0,-210.0,-246.0,867.0,-4587.0,518.0,-2788.0,-776.0,-830.0
1239,-800.0,-228.0,-255.0,902.0,-4821.0,710.0,-3079.0,-881.0,-833.0
1240,-1085.0,-237.0,-245.0,894.0,-5078.0,865.0,-4080.0,-918.0,-846.0
1241,-1253.0,-290.0,-222.0,889.0,-5422.0,1210.0,-4795.0,-1039.0,-717.0
1242,-1367.0,-333.0,-191.0,1050.0,-5706.0,1526.0,-5272.0,-1223.0,-610.0
1243,-1392.0,-377.0,-171.0,1360.0,-5823.0,1819.0,-5529.0,-1389.0,-498.0
1244,-1274.0,-399.0,-182.0,1721.0,-5723.0,2041.0,-5052.0,-1548.0,-512.0
1245,-967.0,-384.0,-179.0,1969.0,-5582.0,2148.0,-3949.0,-1474.0,-548.0
1246,-681.0,-372.0,-164.0,2198.0,-5412.0,2076.0,-2814.0,-1392.0,-479.0
1247,-435.0,-353.0,-150.0,2516.0,-5200.0,1957.0,-1883.0,-1292.0,-446.0
1248,-235.0,-325.0,-156.0,2924.0,-5018.0,1907.0,-864.0,-1194.0,-467.0
1249,-60.0,-282.0,-204.0,3331.0,-4900.0,1918.0,-225.0,-1054.0,-665.0
1250,68.0,-251.0,-229.0,3582.0,-4774.0,1976.0,263.0,-941.0,-747.0
1251,137.0,-236.0,-202.0,3674.0,-4609.0,2138.0,513.0,-890.0,-652.0
1252,117.0,-215.0,-150.0,3720.0,-4458.0,2402.0,434.0,-798.0,-446.0
1253,101.0,-180.0,-127.0,3780.0,-4378.0,2724.0,348.0,-679.0,-361.0
1254,28.0,-103.0,-109.0,3756.0,-4242.0,2940.0,65.0,-409.0,-266.0
1255,-32.0,-56.0,-62.0,3617.0,-4031.0,3040.0,-160.0,-209.0,-99.0
1256,-111.0,0.0,-14.0,3472.0,-3835.0,3014.0,-459.0,-12.0,83.0
1257,-182.0,30.0,-5.0,3346.0,-3703.0,2936.0,-708.0,119.0,150.0
1258,-191.0,63.0,-7.0,3200.0,-3648.0,2864.0,-747.0,236.0,134.0
1259,-212.0,88.0,-34.0,3023.0,-3617.0,2765.0,-817.0,310.0,31.0
1260,-202.0,48.0,-15.0,2776.0,-3571.0,2706.0,-799.0,179.0,101.0
1261,-150.0,5.0,10.0,2548.0,-3502.0,2605.0,-602.0,13.0,178.0
1262,-81.0,-7.0,26.0,2342.0,-3396.0,2431.0,-317.0,-47.0,260.0
1263,-16.0,0.0,42.0,2139.0,-3275.0,2232.0,-133.0,3.0,336.0
1264,-2.0,16.0,86.0,1938.0,-3125.0,2040.0,-8.0,44.0,469.0
1265,-57.0,31.0,132.0,1747.0,-3008.0,1856.0,-198.0,98.0,665.0
1266,-34.0,36.0,149.0,1575.0,-2978.0,1745.0,-144.0,99.0,732.0
1267,-73.0,62.0,189.0,1401.0,-2935.0,1613.0,-272.0,202.0,874.0
1268,-137.0,110.0,235.0,1251.0,-2862.0,1466.0,-512.0,375.0,1070.0
1269,-159.0,132.0,259.0,1103.0,-2791.0,1348.0,-624.0,469.0,1167.0
1270,-176.0,162.0,279.0,883.0,-2679.0,1200.0,-733.0,585.0,1261.0
1271,-212.0,183.0,345.0,615.0,-2518.0,1032.0,-771.0,652.0,1482.0
1272,-281.0,170.0,395.0,347.0,-2362.0,892.0,-1021.0,626.0,1713.0
1273,-264.0,132.0,433.0,90.0,-2237.0,737.0,-1048.0,478.0,1914.0
1274,-232.0,87.0,432.0,-132.0,-2088.0,565.0,-980.0,323.0,1914.0
1275,-193.0,46.0,407.0,-350.0,-1844.0,368.0,-807.0,165.0,1753.0
1276,-190.0,15.0,377.0,-528.0,-1381.0,118.0,-730.0,69.0,1675.0
1277,-201.0,11.0,329.0,-586.0,-941.0,-134.0,-827.0,63.0,1530.0
1278,-201.0,22.0,277.0,-534.0,-508.0,-381.0,-816.0,88.0,1292.0
1279,-174.0,14.0,239.0,-487.0,-77.0,-601.0,-747.0,53.0,1091.0
1280,-201.0,7.0,224.0,-483.0,323.0,-819.0,-803.0,13.0,1040.0
1281,-194.0,-6.0,243.0,-457.0,648.0,-964.0,-769.0,-20.0,1131.0
1282,-197.0,-9.0,261.0,-392.0,821.0,-986.0,-752.0,-38.0,1210.0
1283,-188.0,20.0,272.0,-328.0,873.0,-867.0,-714.0,59.0,1224.0
1284,-138.0,30.0,263.0,-335.0,812.0,-684.0,-493.0,81.0,1193.0
1285,-160.0,53.0,237.0,-431.0,595.0,-592.0,-572.0,166.0,1080.0
1286,-118.0,48.0,185.0,-564.0,309.0,-489.0,-408.0,158.0,911.0
1287,-114.0,38.0,150.0,-677.0,41.0,-449.0,-407.0,141.0,746.0
1288,-93.0,22.0,119.0,-730.0,-134.0,-385.0,-360.0,100.0,617.0
1289,-91.0,5.0,104.0,-700.0,-229.0,-329.0,-356.0,37.0,578.0
1290,-85.0,3.0,103.0,-599.0,-305.0,-280.0,-328.0,13.0,561.0
1291,-64.0,8.0,100.0,-489.0,-355.0,-236.0,-250.0,20.0,540.0
1292,-55.0,22.0,122.0,-431.0,-356.0,-216.0,-198.0,73.0,593.0
1293,-45.0,34.0,137.0,-405.0,-341.0,-187.0,-167.0,119.0,678.0
1294,-43.0,46.0,144.0,-393.0,-331.0,-152.0,-146.0,150.0,722.0
1295,-40.0,56.0,150.0,-400.0,-339.0,-108.0,-150.0,195.0,741.0
1296,-39.0,67.0,158.0,-428.0,-352.0,-70.0,-139.0,250.0,761.0
1297,-40.0,74.0,155.0,-477.0,-350.0,-40.0,-157.0,273.0,773.0
1298,-57.0,76.0,163.0,-544.0,-341.0,-10.0,-200.0,284.0,792.0
1299,-67.0,74.0,166.0,-621.0,-355.0,15.0,-234.0,274.0,806.0
1300,-65.0,67.0,169.0,-692.0,-372.0,29.0,-251.0,242.0,825.0
1301,-80.0,51.0,178.0,-746.0,-375.0,27.0,-283.0,199.0,851.0
1302,-85.0,33.0,185.0,-777.0,-397.0,16.0,-305.0,133.0,877.0
1303,-82.0,15.0,179.0,-789.0,-435.0,-6.0,-320.0,81.0,863.0
1304,-100.0,18.0,175.0,-793.0,-476.0,-48.0,-356.0,48.0,830.0
1305,-117.0,8.0,177.0,-770.0,-520.0,-74.0,-430.0,35.0,846.0
1306,-126.0,-5.0,178.0,-698.0,-564.0,-92.0,-465.0,-15.0,860.0
1307,-122.0,-5.0,177.0,-619.0,-590.0,-146.0,-460.0,-15.0,855.0
1308,-114.0,-12.0,178.0,-552.0,-582.0,-207.0,-435.0,-71.0,857.0
1309,-128.0,5.0,171.0,-516.0,-553.0,-266.0,-490.0,3.0,821.0
1310,-135.0,1.0,155.0,-489.0,-501.0,-293.0,-522.0,5.0,781.0
1311,-141.0,2.0,150.0,-463.0,-438.0,-304.0,-557.0,7.0,743.0
1312,-156.0,3.0,141.0,-448.0,-381.0,-312.0,-600.0,21.0,725.0
1313,-167.0,8.0,147.0,-459.0,-357.0,-314.0,-640.0,32.0,729.0
1314,-177.0,1.0,147.0,-496.0,-364.0,-316.0,-670.0,-11.0,734.0
1315,-187.0,4.0,150.0,-540.0,-394.0,-326.0,-716.0,4.0,742.0
1316,-192.0,-1.0,146.0,-580.0,-427.0,-329.0,-724.0,-9.0,737.0
1317,-194.0,-3.0,145.0,-611.0,-449.0,-339.0,-747.0,-10.0,727.0
1318,-193.0,0.0,142.0,-641.0,-463.0,-347.0,-749.0,-10.0,728.0
1319,-207.0,5.0,147.0,-680.0,-478.0,-365.0,-791.0,3.0,726.0
1320,-187.0,8.0,145.0,-708.0,-478.0,-378.0,-731.0,41.0,725.0
1321,-170.0,11.0,160.0,-699.0,-448.0,-353.0,-733.0,26.0,725.0
1322,-192.0,3.0,155.0,-654.0,-421.0,-325.0,-742.0,17.0,760.0
1323,-200.0,-2.0,159.0,-583.0,-395.0,-289.0,-766.0,9.0,785.0
1324,-217.0,-3.0,176.0,-504.0,-364.0,-246.0,-810.0,-1.0,833.0
1325,-213.0,-9.0,176.0,-417.0,-367.0,-219.0,-819.0,-27.0,856.0
1326,-214.0,-15.0,184.0,-332.0,-362.0,-209.0,-835.0,-54.0,889.0
1327,-214.0,-27.0,186.0,-255.0,-351.0,-209.0,-825.0,-104.0,879.0
1328,-210.0,-40.0,178.0,-186.0,-332.0,-215.0,-811.0,-144.0,869.0
1329,-201.0,-46.0,173.0,-135.0,-310.0,-219.0,-781.0,-169.0,841.0
1330,-196.0,-53.0,168.0,-93.0,-281.0,-218.0,-762.0,-192.0,815.0
1331,-193.0,-54.0,164.0,-54.0,-247.0,-213.0,-745.0,-209.0,806.0
1332,-188.0,-54.0,156.0,-16.0,-221.0,-208.0,-731.0,-196.0,785.0
1333,-186.0,-52.0,152.0,20.0,-203.0,-197.0,-713.0,-191.0,765.0
1334,-194.0,-49.0,151.0,50.0,-188.0,-182.0,-736.0,-192.0,748.0
1335,-189.0,-50.0,147.0,78.0,-184.0,-166.0,-733.0,-180.0,742.0
1336,-190.0,-42.0,147.0,104.0,-188.0,-157.0,-738.0,-164.0,730.0
1337,-191.0,-36.0,147.0,129.0,-192.0,-150.0,-741.0,-142.0,727.0
1338,-189.0,-34.0,142.0,148.0,-193.0,-143.0,-738.0,-130.0,722.0
1339,-188.0,-33.0,142.0,159.0,-184.0,-135.0,-723.0,-116.0,713.0
1340,-191.0,-28.0,142.0,162.0,-164.0,-120.0,-739.0,-121.0,711.0
1341,-189.0,-35.0,138.0,163.0,-136.0,-108.0,-733.0,-133.0,711.0
1342,-183.0,-38.0,138.0,154.0,-95.0,-101.0,-716.0,-139.0,710.0
1343,-180.0,-37.0,140.0,138.0,-38.0,-95.0,-710.0,-149.0,709.0
1344,-180.0,-39.0,143.0,110.0,33.0,-99.0,-701.0,-160.0,713.0
1345,-174.0,-44.0,136.0,76.0,109.0,-100.0,-675.0,-165.0,708.0
1346,-175.0,-43.0,136.0,41.0,194.0,-93.0,-673.0,-183.0,689.0
1347,-170.0,-47.0,134.0,-3.0,288.0,-92.0,-664.0,-187.0,682.0
1348,-163.0,-46.0,130.0,-56.0,386.0,-94.0,-657.0,-188.0,671.0
1349,-166.0,-46.0,133.0,-124.0,496.0,-97.0,-664.0,-178.0,666.0
1350,-164.0,-44.0,129.0,-208.0,615.0,-99.0,-654.0,-187.0,669.0
1351,-164.0,-49.0,135.0,-302.0,725.0,-104.0,-638.0,-193.0,674.0
1352,-159.0,-44.0,132.0,-380.0,811.0,-108.0,-622.0,-187.0,669.0
1353,-163.0,-47.0,133.0,-427.0,875.0,-106.0,-625.0,-186.0,669.0
1354,-157.0,-45.0,132.0,-447.0,920.0,-103.0,-625.0,-183.0,665.0
1355,-161.0,-56.0,130.0,-454.0,950.0,-90.0,-627.0,-193.0,666.0
1356,-164.0,-57.0,135.0,-448.0,969.0,-83.0,-632.0,-218.0,684.0
1357,-163.0,-63.0,138.0,-430.0,970.0,-79.0,-645.0,-238.0,693.0
1358,-168.0,-67.0,137.0,-418.0,967.0,-71.0,-639.0,-263.0,699.0
1359,-177.0,-76.0,139.0,-418.0,967.0,-57.0,-664.0,-292.0,691.0
1360,-183.0,-82.0,136.0,-417.0,970.0,-45.0,-701.0,-313.0,679.0
1361,-189.0,-83.0,129.0,-411.0,982.0,-34.0,-716.0,-327.0,652.0
1362,-203.0,-87.0,118.0,-397.0,991.0,-15.0,-764.0,-339.0,619.0
1363,-204.0,-97.0,114.0,-380.0,1003.0,8.0,-789.0,-352.0,601.0
1364,-210.0,-97.0,108.0,-343.0,1009.0,31.0,-811.0,-369.0,587.0
1365,-220.0,-103.0,109.0,-290.0,1011.0,61.0,-850.0,-384.0,590.0
1366,-218.0,-104.0,117.0,-235.0,1003.0,89.0,-848.0,-394.0,597.0
1367,-217.0,-105.0,112.0,-178.0,992.0,113.0,-843.0,-392.0,590.0
1368,-211.0,-98.0,113.0,-121.0,986.0,136.0,-833.0,-379.0,592.0
1369,-208.0,-96.0,112.0,-79.0,991.0,158.0,-807.0,-374.0,595.0
1370,-212.0,-99.0,112.0,-37.0,1002.0,186.0,-806.0,-374.0,601.0
1371,-208.0,-92.0,118.0,24.0,1005.0,215.0,-821.0,-349.0,607.0
1372,-202.0,-89.0,108.0,116.0,1007.0,237.0,-796.0,-325.0,590.0
1373,-209.0,-84.0,105.0,226.0,1032.0,253.0,-801.0,-312.0,576.0
1374,-208.0,-69.0,105.0,337.0,1062.0,269.0,-810.0,-277.0,569.0
1375,-193.0,-66.0,100.0,436.0,1115.0,280.0,-768.0,-246.0,547.0
1376,-191.0,-60.0,101.0,510.0,1201.0,299.0,-745.0,-226.0,557.0
1377,-192.0,-59.0,102.0,573.0,1281.0,321.0,-751.0,-214.0,565.0
1378,-199.0,-59.0,98.0,621.0,1340.0,343.0,-756.0,-220.0,547.0
1379,-196.0,-59.0,93.0,650.0,1377.0,354.0,-766.0,-233.0,530.0
1380,-193.0,-60.0,84.0,673.0,1404.0,371.0,-726.0,-221.0,493.0
1381,-191.0,-64.0,86.0,678.0,1432.0,394.0,-745.0,-253.0,486.0
1382,-197.0,-62.0,82.0,693.0,1452.0,405.0,-763.0,-241.0,481.0
1383,-205.0,-58.0,83.0,698.0,1458.0,409.0,-788.0,-231.0,475.0
1384,-198.0,-53.0,74.0,696.0,1457.0,402.0,-778.0,-194.0,446.0
1385,-204.0,-37.0,72.0,671.0,1461.0,394.0,-774.0,-142.0,434.0
1386,-205.0,-29.0,71.0,644.0,1456.0,385.0,-776.0,-104.0,434.0
1387,-212.0,-24.0,72.0,599.0,1436.0,383.0,-814.0,-106.0,432.0
1388,-211.0,-18.0,67.0,555.0,1402.0,375.0,-822.0,-69.0,422.0
1389,-222.0,-10.0,61.0,500.0,1372.0,362.0,-825.0,-38.0,400.0
1390,-235.0,-9.0,58.0,435.0,1342.0,352.0,-883.0,-57.0,384.0
1391,-238.0,0.0,53.0,373.0,1308.0,336.0,-891.0,-26.0,359.0
1392,-238.0,-1.0,49.0,313.0,1283.0,324.0,-900.0,-19.0,337.0
1393,-242.0,-9.0,37.0,256.0,1268.0,317.0,-933.0,-30.0,313.0
1394,-238.0,-13.0,38.0,206.0,1259.0,306.0,-934.0,-56.0,307.0
1395,-253.0,-21.0,40.0,168.0,1250.0,303.0,-974.0,-73.0,307.0
1396,-264.0,-24.0,40.0,147.0,1234.0,311.0,-1020.0,-88.0,308.0
1397,-257.0,-19.0,29.0,139.0,1213.0,305.0,-997.0,-70.0,268.0
1398,-261.0,-19.0,28.0,125.0,1204.0,295.0,-1008.0,-56.0,267.0
1399,-260.0,-12.0,20.0,108.0,1187.0,295.0,-998.0,-46.0,231.0
1400,-261.0,-15.0,29.0,79.0,1163.0,291.0,-1003.0,-55.0,251.0
1401,-264.0,-17.0,29.0,65.0,1124.0,286.0,-1023.0,-56.0,244.0
1402,-266.0,-14.0,25.0,60.0,1079.0,274.0,-1028.0,-46.0,247.0
1403,-269.0,-15.0,29.0,64.0,1029.0,254.0,-1036.0,-38.0,252.0
1404,-271.0,-12.0,22.0,74.0,987.0,230.0,-1039.0,-41.0,233.0
1405,-275.0,-10.0,25.0,88.0,953.0,215.0,-1063.0,-23.0,244.0
1406,-272.0,-9.0,23.0,121.0,910.0,209.0,-1049.0,-15.0,239.0
1407,-272.0,-1.0,21.0,157.0,871.0,203.0,-1055.0,-8.0,220.0
1408,-274.0,-4.0,17.0,190.0,839.0,201.0,-1061.0,-9.0,216.0
1409,-276.0,-4.0,18.0,215.0,805.0,199.0,-1069.0,-12.0,210.0
1410,-276.0,-6.0,16.0,233.0,770.0,197.0,-1067.0,-18.0,210.0
1411,-278.0,-8.0,12.0,247.0,733.0,195.0,-1070.0,-25.0,207.0
1412,-279.0,-9.0,15.0,260.0,699.0,196.0,-1063.0,-32.0,196.0
1413,-278.0,-10.0,13.0,273.0,673.0,199.0,-1084.0,-37.0,201.0
1414,-271.0,-10.0,10.0,292.0,640.0,212.0,-1047.0,-39.0,186.0
1415,-269.0,-10.0,6.0,302.0,614.0,222.0,-1033.0,-36.0,170.0
1416,-273.0,-11.0,6.0,304.0,597.0,230.0,-1055.0,-34.0,168.0
1417,-274.0,-10.0,6.0,298.0,569.0,237.0,-1066.0,-30.0,167.0
1418,-276.0,-9.0,5.0,290.0,534.0,238.0,-1067.0,-23.0,158.0
1419,-280.0,-6.0,6.0,272.0,504.0,237.0,-1075.0,-16.0,160.0
1420,-284.0,-8.0,5.0,258.0,483.0,237.0,-1090.0,-18.0,161.0
1421,-277.0,-6.0,5.0,245.0,460.0,229.0,-1088.0,-24.0,158.0
1422,-279.0,-8.0,1.0,234.0,437.0,219.0,-1082.0,-25.0,149.0
1423,-275.0,-4.0,0.0,218.0,420.0,204.0,-1065.0,-7.0,146.0
1424,-272.0,-1.0,3.0,200.0,402.0,190.0,-1056.0,-6.0,146.0
1425,-270.0,-2.0,-2.0,181.0,377.0,179.0,-1045.0,-1.0,138.0
1426,-271.0,-2.0,-1.0,163.0,348.0,168.0,-1056.0,0.0,141.0
1427,-271.0,6.0,1.0,145.0,314.0,156.0,-1053.0,5.0,144.0
1428,-268.0,8.0,-2.0,128.0,276.0,140.0,-1053.0,21.0,152.0
1429,-273.0,5.0,8.0,109.0,238.0,122.0,-1046.0,21.0,169.0
1430,-270.0,6.0,8.0,88.0,197.0,105.0,-1048.0,20.0,170.0
1431,-269.0,9.0,11.0,69.0,157.0,82.0,-1041.0,29.0,175.0
1432,-268.0,9.0,8.0,44.0,122.0,59.0,-1025.0,33.0,187.0
1433,-270.0,8.0,13.0,16.0,91.0,33.0,-1044.0,25.0,193.0
1434,-266.0,8.0,12.0,-12.0,60.0,11.0,-1024.0,29.0,195.0
1435,-264.0,8.0,19.0,-38.0,28.0,-11.0,-1027.0,24.0,195.0
1436,-269.0,5.0,14.0,-64.0,-5.0,-29.0,-1027.0,18.0,210.0
1437,-265.0,0.0,17.0,-84.0,-35.0,-48.0,-1020.0,3.0,210.0
1438,-260.0,-2.0,17.0,-102.0,-62.0,-63.0,-1009.0,-8.0,206.0
1439,-263.0,-4.0,17.0,-123.0,-83.0,-84.0,-1011.0,-15.0,211.0
1440,-263.0,-7.0,14.0,-144.0,-104.0,-100.0,-1012.0,-21.0,209.0
1441,-261.0,-7.0,14.0,-164.0,-123.0,-115.0,-1006.0,-25.0,207.0
1442,-261.0,-8.0,17.0,-178.0,-136.0,-130.0,-1009.0,-24.0,217.0
1443,-263.0,-8.0,16.0,-191.0,-148.0,-140.0,-1007.0,-21.0,220.0
1444,-259.0,-7.0,21.0,-201.0,-161.0,-150.0,-1005.0,-31.0,223.0
1445,-260.0,-10.0,18.0,-213.0,-173.0,-157.0,-1011.0,-32.0,229.0
1446,-259.0,-13.0,22.0,-215.0,-186.0,-161.0,-998.0,-44.0,233.0
1447,-258.0,-15.0,27.0,-212.0,-198.0,-165.0,-991.0,-44.0,237.0
1448,-254.0,-17.0,23.0,-207.0,-209.0,-166.0,-979.0,-64.0,238.0
1449,-253.0,-19.0,23.0,-192.0,-221.0,-164.0,-981.0,-66.0,236.0
1450,-251.0,-22.0,30.0,-181.0,-231.0,-163.0,-972.0,-80.0,240.0
1451,-251.0,-25.0,25.0,-166.0,-247.0,-164.0,-968.0,-77.0,238.0
1452,-250.0,-22.0,22.0,-140.0,-268.0,-162.0,-957.0,-83.0,240.0
1453,-249.0,-27.0,22.0,-113.0,-284.0,-162.0,-957.0,-86.0,239.0
1454,-248.0,-23.0,25.0,-91.0,-298.0,-161.0,-957.0,-81.0,237.0
1455,-247.0,-22.0,25.0,-76.0,-314.0,-160.0,-960.0,-86.0,245.0
1456,-244.0,-25.0,28.0,-64.0,-328.0,-158.0,-953.0,-88.0,256.0
1457,-246.0,-27.0,28.0,-48.0,-338.0,-158.0,-960.0,-89.0,256.0
1458,-247.0,-29.0,32.0,-35.0,-346.0,-156.0,-957.0,-93.0,265.0
1459,-246.0,-26.0,35.0,-24.0,-350.0,-152.0,-954.0,-92.0,282.0
1460,-246.0,-27.0,33.0,-2.0,-352.0,-151.0,-959.0,-96.0,281.0
1461,-247.0,-26.0,39.0,10.0,-354.0,-149.0,-957.0,-97.0,288.0
1462,-248.0,-29.0,41.0,20.0,-353.0,-146.0,-959.0,-105.0,302.0
1463,-248.0,-31.0,40.0,35.0,-352.0,-143.0,-966.0,-98.0,307.0
1464,-246.0,-25.0,39.0,53.0,-348.0,-141.0,-960.0,-105.0,302.0
1465,-250.0,-29.0,38.0,67.0,-340.0,-139.0,-967.0,-113.0,304.0
1466,-254.0,-31.0,40.0,85.0,-330.0,-139.0,-972.0,-113.0,307.0
1467,-250.0,-31.0,42.0,106.0,-319.0,-138.0,-979.0,-111.0,308.0
1468,-254.0,-28.0,40.0,126.0,-302.0,-135.0,-975.0,-106.0,305.0
1469,-254.0,-30.0,40.0,144.0,-283.0,-132.0,-978.0,-109.0,307.0
1470,-252.0,-29.0,40.0,164.0,-266.0,-131.0,-982.0,-102.0,305.0
1471,-253.0,-29.0,41.0,176.0,-247.0,-131.0,-983.0,-101.0,303.0
1472,-253.0,-26.0,40.0,182.0,-231.0,-133.0,-981.0,-99.0,313.0
1473,-254.0,-23.0,43.0,189.0,-217.0,-138.0,-979.0,-91.0,313.0
1474,-254.0,-23.0,44.0,189.0,-205.0,-142.0,-970.0,-84.0,316.0
1475,-248.0,-23.0,45.0,184.0,-195.0,-147.0,-969.0,-85.0,319.0
1476,-248.0,-21.0,47.0,176.0,-187.0,-153.0,-964.0,-80.0,327.0
1477,-251.0,-20.0,49.0,165.0,-181.0,-159.0,-960.0,-77.0,334.0
1478,-252.0,-21.0,52.0,151.0,-179.0,-167.0,-969.0,-83.0,335.0
1479,-246.0,-21.0,49.0,136.0,-176.0,-174.0,-957.0,-80.0,332.0
1480,-243.0,-20.0,49.0,118.0,-171.0,-181.0,-934.0,-79.0,335.0
1481,-241.0,-22.0,52.0,101.0,-163.0,-187.0,-944.0,-78.0,342.0
1482,-243.0,-21.0,54.0,90.0,-153.0,-187.0,-942.0,-79.0,349.0
1483,-238.0,-21.0,53.0,78.0,-145.0,-186.0,-934.0,-85.0,357.0
1484,-242.0,-22.0,53.0,67.0,-134.0,-187.0,-928.0,-85.0,354.0
1485,-240.0,-25.0,49.0,57.0,-120.0,-185.0,-925.0,-83.0,361.0
1486,-240.0,-25.0,53.0,50.0,-106.0,-183.0,-917.0,-93.0,358.0
1487,-238.0,-25.0,56.0,45.0,-93.0,-180.0,-922.0,-92.0,356.0
1488,-235.0,-25.0,57.0,42.0,-86.0,-176.0,-917.0,-97.0,356.0
1489,-235.0,-29.0,51.0,40.0,-80.0,-173.0,-913.0,-104.0,359.0
1490,-236.0,-31.0,51.0,38.0,-75.0,-167.0,-912.0,-109.0,361.0
1491,-236.0,-32.0,52.0,34.0,-74.0,-159.0,-899.0,-109.0,357.0
1492,-232.0,-32.0,55.0,34.0,-72.0,-154.0,-900.0,-113.0,362.0
1493,-239.0,-33.0,58.0,37.0,-71.0,-137.0,-917.0,-120.0,359.0
1494,-235.0,-35.0,51.0,39.0,-71.0,-134.0,-897.0,-118.0,359.0
1495,-231.0,-33.0,56.0,36.0,-70.0,-133.0,-896.0,-114.0,365.0
1496,-232.0,-27.0,56.0,34.0,-64.0,-126.0,-887.0,-107.0,367.0
1497,-232.0,-27.0,58.0,35.0,-57.0,-116.0,-889.0,-107.0,367.0
1498,-234.0,-32.0,59.0,43.0,-56.0,-96.0,-902.0,-118.0,365.0
1499,-233.0,-30.0,56.0,46.0,-56.0,-90.0,-899.0,-110.0,367.0
1500,-233.0,-26.0,56.0,49.0,-53.0,-85.0,-900.0,-108.0,360.0
1501,-236.0,-30.0,56.0,49.0,-48.0,-72.0,-902.0,-109.0,363.0
1502,-229.0,-24.0,55.0,51.0,-47.0,-63.0,-874.0,-82.0,365.0
1503,-238.0,-33.0,52.0,59.0,-49.0,-44.0,-911.0,-115.0,360.0
1504,-235.0,-26.0,55.0,66.0,-44.0,-48.0,-910.0,-106.0,346.0
1505,-232.0,-29.0,53.0,61.0,-37.0,-43.0,-900.0,-97.0,347.0
1506,-235.0,-27.0,53.0,57.0,-34.0,-34.0,-903.0,-104.0,355.0
1507,-240.0,-25.0,48.0,62.0,-31.0,-27.0,-912.0,-101.0,344.0
1508,-230.0,-24.0,52.0,62.0,-31.0,-22.0,-902.0,-88.0,356.0
1509,-241.0,-26.0,52.0,67.0,-32.0,-9.0,-924.0,-103.0,347.0
1510,-240.0,-26.0,50.0,71.0,-33.0,-16.0,-923.0,-105.0,352.0
1511,-237.0,-27.0,54.0,73.0,-30.0,-17.0,-925.0,-101.0,342.0
1512,-242.0,-26.0,53.0,77.0,-29.0,-15.0,-921.0,-95.0,347.0
1513,-242.0,-28.0,49.0,81.0,-25.0,-13.0,-927.0,-91.0,346.0
1514,-240.0,-24.0,52.0,77.0,-21.0,-10.0,-932.0,-90.0,349.0
1515,-241.0,-25.0,55.0,76.0,-18.0,-6.0,-933.0,-87.0,357.0
1516,-241.0,-21.0,53.0,76.0,-15.0,-1.0,-935.0,-86.0,355.0
1517,-244.0,-23.0,54.0,78.0,-12.0,7.0,-934.0,-85.0,356.0
1518,-235.0,-17.0,54.0,84.0,-8.0,13.0,-908.0,-53.0,364.0
1519,-243.0,-27.0,56.0,98.0,-7.0,29.0,-950.0,-96.0,355.0
1520,-242.0,-22.0,55.0,106.0,-6.0,30.0,-938.0,-89.0,356.0
1521,-242.0,-21.0,54.0,108.0,-3.0,32.0,-934.0,-83.0,357.0
1522,-241.0,-23.0,57.0,107.0,-4.0,33.0,-932.0,-80.0,359.0
1523,-243.0,-20.0,56.0,102.0,-5.0,34.0,-946.0,-83.0,358.0
1524,-241.0,-21.0,58.0,94.0,-8.0,32.0,-935.0,-78.0,364.0
1525,-245.0,-18.0,54.0,88.0,-4.0,26.0,-941.0,-74.0,363.0
1526,-242.0,-19.0,56.0,85.0,-2.0,21.0,-934.0,-78.0,357.0
1527,-243.0,-19.0,56.0,82.0,2.0,14.0,-946.0,-71.0,354.0
1528,-245.0,-21.0,55.0,81.0,8.0,9.0,-943.0,-78.0,361.0
1529,-241.0,-21.0,52.0,83.0,15.0,6.0,-934.0,-79.0,359.0
1530,-241.0,-19.0,59.0,79.0,22.0,3.0,-924.0,-81.0,360.0
1531,-240.0,-20.0,52.0,74.0,26.0,2.0,-919.0,-84.0,356.0
1532,-238.0,-21.0,56.0,68.0,28.0,1.0,-916.0,-81.0,366.0
1533,-237.0,-21.0,55.0,61.0,30.0,1.0,-916.0,-86.0,364.0
1534,-237.0,-18.0,57.0,52.0,31.0,5.0,-910.0,-82.0,365.0
1535,-240.0,-19.0,53.0,42.0,27.0,6.0,-918.0,-77.0,365.0
1536,-241.0,-19.0,56.0,29.0,24.0,9.0,-913.0,-69.0,357.0
1537,-240.0,-19.0,53.0,18.0,18.0,10.0,-916.0,-75.0,357.0
1538,-242.0,-18.0,50.0,9.0,11.0,10.0,-923.0,-74.0,357.0
1539,-243.0,-18.0,55.0,-1.0,6.0,10.0,-945.0,-69.0,354.0
1540,-240.0,-22.0,54.0,-6.0,2.0,10.0,-938.0,-77.0,352.0
1541,-243.0,-20.0,52.0,-8.0,1.0,9.0,-945.0,-71.0,348.0
1542,-244.0,-21.0,51.0,-6.0,2.0,8.0,-957.0,-76.0,348.0
1543,-244.0,-19.0,51.0,-5.0,2.0,5.0,-946.0,-78.0,353.0
1544,-246.0,-23.0,53.0,-8.0,6.0,3.0,-946.0,-69.0,357.0
1545,-245.0,-18.0,57.0,-9.0,10.0,2.0,-942.0,-75.0,354.0
1546,-243.0,-27.0,53.0,-14.0,12.0,3.0,-943.0,-74.0,358.0
1547,-243.0,-20.0,53.0,-18.0,16.0,4.0,-934.0,-67.0,358.0
1548,-245.0,-18.0,52.0,-28.0,19.0,3.0,-943.0,-68.0,358.0
1549,-245.0,-16.0,56.0,-38.0,23.0,5.0,-955.0,-62.0,359.0
1550,-244.0,-18.0,55.0,-49.0,23.0,6.0,-946.0,-69.0,359.0
1551,-243.0,-20.0,54.0,-59.0,24.0,9.0,-942.0,-68.0,357.0
1552,-245.0,-19.0,51.0,-72.0,26.0,9.0,-944.0,-65.0,354.0
1553,-247.0,-17.0,54.0,-81.0,27.0,13.0,-945.0,-75.0,350.0
1554,-244.0,-22.0,54.0,-87.0,28.0,13.0,-953.0,-75.0,354.0
1555,-246.0,-21.0,51.0,-93.0,27.0,15.0,-945.0,-78.0,348.0
1556,-244.0,-19.0,55.0,-96.0,27.0,15.0,-947.0,-82.0,347.0
1557,-245.0,-21.0,51.0,-99.0,27.0,15.0,-952.0,-75.0,345.0
1558,-243.0,-24.0,49.0,-101.0,27.0,16.0,-952.0,-81.0,336.0
1559,-246.0,-24.0,49.0,-102.0,28.0,15.0,-945.0,-80.0,332.0
1560,-245.0,-24.0,47.0,-99.0,28.0,17.0,-937.0,-84.0,334.0
1561,-247.0,-21.0,44.0,-93.0,27.0,17.0,-952.0,-84.0,325.0
1562,-245.0,-21.0,48.0,-86.0,24.0,17.0,-955.0,-80.0,321.0
1563,-248.0,-22.0,46.0,-79.0,20.0,17.0,-953.0,-78.0,324.0
1564,-246.0,-24.0,41.0,-68.0,15.0,17.0,-956.0,-84.0,323.0
1565,-245.0,-23.0,42.0,-61.0,8.0,14.0,-947.0,-81.0,316.0
1566,-246.0,-24.0,47.0,-51.0,1.0,12.0,-952.0,-85.0,320.0
1567,-248.0,-23.0,43.0,-45.0,-7.0,12.0,-952.0,-88.0,323.0
1568,-246.0,-24.0,42.0,-41.0,-13.0,10.0,-956.0,-84.0,322.0
1569,-245.0,-23.0,47.0,-35.0,-21.0,6.0,-947.0,-80.0,331.0
1570,-245.0,-18.0,46.0,-34.0,-26.0,4.0,-943.0,-81.0,336.0
1571,-242.0,-23.0,52.0,-38.0,-30.0,3.0,-934.0,-80.0,342.0
1572,-245.0,-23.0,50.0,-43.0,-34.0,2.0,-933.0,-82.0,341.0
1573,-242.0,-21.0,52.0,-49.0,-34.0,1.0,-936.0,-79.0,348.0
1574,-240.0,-23.0,52.0,-52.0,-30.0,2.0,-942.0,-84.0,356.0
1575,-243.0,-24.0,56.0,-58.0,-23.0,4.0,-932.0,-89.0,360.0
1576,-242.0,-22.0,55.0,-60.0,-16.0,5.0,-935.0,-91.0,364.0
1577,-245.0,-25.0,58.0,-63.0,-11.0,8.0,-932.0,-89.0,371.0
1578,-240.0,-25.0,55.0,-65.0,-5.0,9.0,-927.0,-95.0,363.0
1579,-242.0,-26.0,53.0,-65.0,1.0,12.0,-938.0,-93.0,359.0
1580,-242.0,-25.0,51.0,-65.0,4.0,14.0,-927.0,-89.0,352.0
1581,-243.0,-21.0,53.0,-63.0,7.0,13.0,-932.0,-85.0,342.0
1582,-245.0,-23.0,49.0,-61.0,5.0,14.0,-936.0,-80.0,344.0
1583,-244.0,-20.0,50.0,-61.0,1.0,15.0,-937.0,-78.0,336.0
1584,-245.0,-22.0,46.0,-62.0,-2.0,13.0,-943.0,-79.0,336.0
1585,-246.0,-21.0,47.0,-63.0,-6.0,12.0,-952.0,-77.0,330.0
1586,-245.0,-23.0,46.0,-63.0,-10.0,11.0,-946.0,-88.0,331.0
1587,-243.0,-22.0,49.0,-63.0,-13.0,11.0,-942.0,-82.0,332.0
1588,-240.0,-24.0,53.0,-60.0,-15.0,8.0,-945.0,-85.0,338.0
1589,-243.0,-26.0,47.0,-55.0,-15.0,7.0,-941.0,-86.0,339.0
1590,-243.0,-23.0,50.0,-46.0,-17.0,5.0,-942.0,-89.0,341.0
1591,-245.0,-22.0,51.0,-35.0,-17.0,4.0,-937.0,-88.0,343.0
1592,-243.0,-25.0,56.0,-28.0,-18.0,3.0,-936.0,-79.0,348.0
1593,-240.0,-23.0,50.0,-21.0,-20.0,2.0,-925.0,-83.0,351.0
1594,-244.0,-23.0,54.0,-14.0,-22.0,0.0,-931.0,-85.0,357.0
1595,-244.0,-21.0,52.0,-9.0,-23.0,0.0,-939.0,-76.0,351.0
1596,-243.0,-22.0,54.0,-3.0,-24.0,-3.0,-940.0,-77.0,357.0
1597,-244.0,-21.0,57.0,-1.0,-24.0,-4.0,-934.0,-76.0,357.0
1598,-244.0,-21.0,56.0,0.0,-26.0,-5.0,-935.0,-70.0,359.0
1599,-244.0,-18.0,56.0,1.0,-27.0,-7.0,-941.0,-73.0,356.0
1600,-241.0,-19.0,51.0,4.0,-27.0,-9.0,-942.0,-76.0,358.0
1601,-244.0,-20.0,53.0,4.0,-26.0,-11.0,-952.0,-77.0,357.0
1602,-242.0,-20.0,48.0,5.0,-27.0,-10.0,-948.0,-72.0,359.0
1603,-241.0,-21.0,56.0,5.0,-25.0,-10.0,-953.0,-75.0,361.0
1604,-244.0,-21.0,53.0,3.0,-25.0,-11.0,-933.0,-71.0,359.0
1605,-243.0,-20.0,55.0,4.0,-19.0,-11.0,-942.0,-73.0,359.0
1606,-242.0,-22.0,55.0,2.0,-17.0,-13.0,-939.0,-72.0,357.0
1607,-244.0,-20.0,56.0,0.0,-16.0,-13.0,-936.0,-78.0,361.0
1608,-242.0,-18.0,55.0,2.0,-14.0,-14.0,-941.0,-76.0,356.0
1609,-240.0,-15.0,56.0,0.0,-10.0,-14.0,-934.0,-74.0,358.0
1610,-246.0,-21.0,52.0,-2.0,-11.0,-15.0,-941.0,-79.0,356.0
1611,-241.0,-24.0,52.0,-4.0,-10.0,-15.0,-936.0,-75.0,352.0
1612,-241.0,-21.0,55.0,-5.0,-10.0,-14.0,-930.0,-81.0,354.0
1613,-241.0,-22.0,56.0,-6.0,-10.0,-16.0,-932.0,-81.0,355.0
1614,-242.0,-21.0,53.0,-6.0,-10.0,-15.0,-928.0,-78.0,349.0
1615,-242.0,-20.0,51.0,-7.0,-11.0,-14.0,-932.0,-79.0,353.0
1616,-242.0,-21.0,47.0,-6.0,-12.0,-13.0,-928.0,-78.0,356.0
1617,-243.0,-19.0,52.0,-6.0,-14.0,-13.0,-935.0,-79.0,355.0
1618,-239.0,-22.0,51.0,-8.0,-19.0,-13.0,-934.0,-77.0,356.0
1619,-242.0,-21.0,54.0,-9.0,-18.0,-13.0,-935.0,-78.0,356.0
1620,-241.0,-30.0,60.0,-10.0,-20.0,-13.0,-936.0,-80.0,355.0
1621,-242.0,-18.0,50.0,-11.0,-23.0,-11.0,-934.0,-76.0,356.0
1622,-241.0,-22.0,53.0,-14.0,-23.0,-14.0,-932.0,-77.0,355.0
1623,-242.0,-19.0,53.0,-16.0,-21.0,-12.0,-935.0,-76.0,356.0
1624,-242.0,-20.0,52.0,-19.0,-22.0,-10.0,-930.0,-76.0,358.0
1625,-243.0,-19.0,57.0,-22.0,-22.0,-11.0,-932.0,-80.0,356.0
1626,-240.0,-23.0,51.0,-21.0,-21.0,-10.0,-933.0,-83.0,362.0
1627,-244.0,-22.0,55.0,-22.0,-20.0,-10.0,-929.0,-81.0,357.0
1628,-242.0,-23.0,57.0,-19.0,-19.0,-10.0,-952.0,-78.0,359.0
1629,-240.0,-24.0,52.0,-19.0,-19.0,-6.0,-925.0,-83.0,360.0
1630,-242.0,-23.0,54.0,-15.0,-22.0,-9.0,-928.0,-79.0,356.0
1631,-250.0,-25.0,62.0,-16.0,-21.0,-7.0,-942.0,-82.0,354.0
1632,-241.0,-21.0,52.0,-15.0,-25.0,-7.0,-936.0,-78.0,357.0
1633,-242.0,-21.0,53.0,-14.0,-27.0,-6.0,-927.0,-79.0,352.0
1634,-242.0,-20.0,55.0,-11.0,-30.0,-6.0,-932.0,-79.0,358.0
1635,-246.0,-19.0,53.0,-10.0,-31.0,-6.0,-935.0,-81.0,354.0
1636,-242.0,-22.0,56.0,-11.0,-31.0,-6.0,-942.0,-80.0,356.0
1637,-242.0,-23.0,58.0,-12.0,-32.0,-5.0,-936.0,-79.0,361.0
1638,-247.0,-19.0,53.0,-11.0,-30.0,-6.0,-928.0,-77.0,361.0
1639,-241.0,-18.0,57.0,-12.0,-30.0,-5.0,-932.0,-78.0,362.0
1640,-243.0,-23.0,58.0,-14.0,-29.0,-2.0,-935.0,-82.0,363.0
1641,-242.0,-21.0,56.0,-17.0,-28.0,-3.0,-926.0,-82.0,366.0
1642,-234.0,-13.0,42.0,-21.0,-28.0,-5.0,-929.0,-78.0,366.0
1643,-240.0,-22.0,61.0,-21.0,-26.0,-3.0,-927.0,-69.0,366.0
1644,-240.0,-20.0,52.0,-23.0,-25.0,-4.0,-915.0,-75.0,367.0
1645,-237.0,-24.0,62.0,-27.0,-24.0,-3.0,-924.0,-76.0,365.0
1646,-243.0,-19.0,54.0,-27.0,-25.0,-1.0,-930.0,-78.0,363.0
1647,-241.0,-24.0,57.0,-27.0,-25.0,-2.0,-927.0,-76.0,365.0
1648,-239.0,-16.0,59.0,-25.0,-26.0,-2.0,-939.0,-77.0,365.0
1649,-239.0,-22.0,51.0,-24.0,-27.0,-4.0,-926.0,-77.0,364.0
1650,-241.0,-22.0,55.0,-20.0,-27.0,-5.0,-932.0,-80.0,371.0
1651,-239.0,-21.0,61.0,-18.0,-29.0,-2.0,-926.0,-74.0,366.0
1652,-245.0,-22.0,56.0,-18.0,-28.0,-2.0,-930.0,-76.0,368.0
1653,-243.0,-18.0,57.0,-16.0,-27.0,0.0,-935.0,-76.0,372.0
1654,-241.0,-20.0,56.0,-19.0,-23.0,2.0,-933.0,-77.0,378.0
1655,-242.0,-16.0,61.0,-17.0,-17.0,3.0,-927.0,-71.0,369.0
1656,-241.0,-19.0,59.0,-20.0,-11.0,5.0,-925.0,-72.0,376.0
1657,-241.0,-20.0,58.0,-23.0,-5.0,10.0,-923.0,-74.0,377.0
1658,-239.0,-18.0,60.0,-29.0,0.0,14.0,-927.0,-80.0,377.0
1659,-242.0,-21.0,57.0,-32.0,4.0,16.0,-921.0,-83.0,376.0
1660,-241.0,-23.0,63.0,-32.0,8.0,18.0,-922.0,-79.0,383.0
1661,-239.0,-20.0,60.0,-32.0,13.0,18.0,-920.0,-83.0,374.0
1662,-240.0,-25.0,58.0,-30.0,15.0,15.0,-922.0,-76.0,372.0
1663,-240.0,-23.0,61.0,-30.0,16.0,14.0,-919.0,-83.0,372.0
1664,-238.0,-22.0,57.0,-27.0,14.0,13.0,-923.0,-79.0,367.0
1665,-240.0,-21.0,61.0,-27.0,12.0,13.0,-930.0,-82.0,373.0
1666,-242.0,-21.0,58.0,-28.0,11.0,12.0,-925.0,-81.0,369.0
1667,-241.0,-21.0,58.0,-25.0,10.0,12.0,-922.0,-81.0,367.0
1668,-241.0,-20.0,60.0,-23.0,10.0,11.0,-922.0,-79.0,367.0
1669,-239.0,-22.0,56.0,-20.0,11.0,11.0,-923.0,-74.0,369.0
1670,-239.0,-20.0,58.0,-16.0,12.0,11.0,-926.0,-77.0,368.0
1671,-241.0,-19.0,57.0,-17.0,13.0,9.0,-921.0,-81.0,369.0
1672,-240.0,-21.0,56.0,-17.0,14.0,10.0,-926.0,-80.0,368.0
1673,-240.0,-21.0,58.0,-18.0,15.0,8.0,-925.0,-79.0,368.0
1674,-241.0,-21.0,56.0,-20.0,17.0,8.0,-923.0,-78.0,370.0
1675,-242.0,-19.0,56.0,-26.0,18.0,8.0,-929.0,-69.0,371.0
1676,-240.0,-20.0,59.0,-31.0,19.0,9.0,-925.0,-81.0,367.0
1677,-240.0,-19.0,59.0,-36.0,20.0,9.0,-927.0,-74.0,373.0
1678,-243.0,-20.0,59.0,-41.0,22.0,10.0,-926.0,-74.0,369.0
1679,-240.0,-21.0,59.0,-46.0,23.0,11.0,-926.0,-72.0,368.0
1680,-242.0,-19.0,58.0,-48.0,25.0,10.0,-925.0,-76.0,371.0
1681,-243.0,-21.0,59.0,-51.0,26.0,9.0,-926.0,-75.0,370.0
1682,-239.0,-19.0,56.0,-51.0,28.0,9.0,-931.0,-72.0,367.0
1683,-239.0,-20.0,53.0,-48.0,28.0,8.0,-933.0,-75.0,363.0
1684,-242.0,-21.0,57.0,-46.0,30.0,8.0,-933.0,-71.0,364.0
1685,-245.0,-18.0,54.0,-46.0,29.0,8.0,-940.0,-68.0,358.0
1686,-242.0,-21.0,55.0,-45.0,27.0,5.0,-934.0,-73.0,360.0
1687,-242.0,-18.0,56.0,-43.0,26.0,5.0,-936.0,-72.0,353.0
1688,-242.0,-20.0,54.0,-43.0,23.0,3.0,-932.0,-72.0,356.0
1689,-240.0,-20.0,55.0,-42.0,20.0,4.0,-928.0,-69.0,352.0
1690,-242.0,-21.0,54.0,-40.0,18.0,4.0,-932.0,-66.0,358.0
1691,-246.0,-19.0,52.0,-39.0,14.0,3.0,-932.0,-66.0,355.0
1692,-245.0,-21.0,56.0,-38.0,13.0,0.0,-935.0,-65.0,358.0
1693,-244.0,-19.0,56.0,-37.0,9.0,-1.0,-935.0,-68.0,361.0
1694,-240.0,-19.0,56.0,-37.0,5.0,-1.0,-933.0,-69.0,359.0
1695,-245.0,-19.0,53.0,-37.0,2.0,-3.0,-935.0,-74.0,362.0
1696,-247.0,-15.0,58.0,-37.0,0.0,-4.0,-933.0,-75.0,360.0
1697,-241.0,-17.0,53.0,-36.0,-2.0,-5.0,-929.0,-74.0,364.0
1698,-245.0,-19.0,57.0,-36.0,-4.0,-4.0,-933.0,-73.0,364.0
1699,-241.0,-21.0,53.0,-34.0,-5.0,-6.0,-933.0,-71.0,360.0
1700,-243.0,-20.0,57.0,-35.0,-5.0,-7.0,-931.0,-70.0,369.0
1701,-243.0,-21.0,52.0,-37.0,-7.0,-6.0,-933.0,-69.0,366.0
1702,-241.0,-21.0,54.0,-40.0,-7.0,-5.0,-936.0,-70.0,363.0
1703,-244.0,-19.0,58.0,-40.0,-6.0,-4.0,-936.0,-73.0,364.0
1704,-241.0,-20.0,59.0,-42.0,-7.0,-6.0,-934.0,-71.0,364.0
1705,-241.0,-21.0,60.0,-42.0,-5.0,-5.0,-933.0,-79.0,366.0
1706,-241.0,-18.0,59.0,-46.0,-3.0,-6.0,-934.0,-66.0,367.0
1707,-242.0,-19.0,56.0,-44.0,-3.0,-7.0,-929.0,-67.0,367.0
1708,-242.0,-19.0,55.0,-45.0,-1.0,-5.0,-930.0,-69.0,367.0
1709,-243.0,-19.0,57.0,-44.0,0.0,-3.0,-928.0,-72.0,367.0
1710,-242.0,-21.0,57.0,-40.0,0.0,-3.0,-934.0,-68.0,364.0
1711,-244.0,-20.0,59.0,-35.0,-3.0,0.0,-932.0,-78.0,363.0
1712,-239.0,-21.0,57.0,-29.0,-4.0,0.0,-930.0,-75.0,362.0
1713,-243.0,-19.0,56.0,-21.0,-8.0,0.0,-930.0,-72.0,363.0
1714,-241.0,-19.0,56.0,-12.0,-12.0,1.0,-935.0,-68.0,362.0
1715,-240.0,-17.0,55.0,-2.0,-18.0,0.0,-931.0,-71.0,363.0
1716,-243.0,-20.0,58.0,5.0,-21.0,2.0,-922.0,-70.0,363.0
1717,-242.0,-20.0,58.0,14.0,-24.0,1.0,-932.0,-67.0,365.0
1718,-239.0,-19.0,54.0,17.0,-26.0,1.0,-927.0,-70.0,370.0
1719,-241.0,-18.0,55.0,17.0,-26.0,-1.0,-929.0,-62.0,370.0
1720,-242.0,-22.0,55.0,17.0,-27.0,0.0,-930.0,-78.0,366.0
1721,-240.0,-21.0,57.0,16.0,-24.0,-2.0,-928.0,-78.0,371.0
1722,-242.0,-19.0,57.0,12.0,-21.0,-3.0,-925.0,-78.0,373.0
1723,-239.0,-20.0,57.0,7.0,-19.0,-4.0,-927.0,-79.0,374.0
1724,-238.0,-21.0,60.0,5.0,-18.0,-3.0,-918.0,-83.0,370.0
1725,-237.0,-20.0,61.0,2.0,-17.0,-1.0,-921.0,-83.0,373.0
1726,-241.0,-21.0,57.0,5.0,-16.0,1.0,-921.0,-81.0,376.0
1727,-243.0,-24.0,57.0,5.0,-15.0,4.0,-923.0,-77.0,367.0
1728,-240.0,-19.0,57.0,9.0,-16.0,4.0,-927.0,-66.0,371.0
1729,-239.0,-19.0,57.0,15.0,-18.0,8.0,-925.0,-67.0,367.0
1730,-242.0,-17.0,58.0,22.0,-20.0,10.0,-931.0,-68.0,371.0
1731,-238.0,-21.0,59.0,30.0,-22.0,12.0,-924.0,-68.0,369.0
1732,-241.0,-21.0,59.0,31.0,-21.0,13.0,-927.0,-72.0,370.0
1733,-241.0,-20.0,60.0,31.0,-18.0,14.0,-926.0,-74.0,371.0
1734,-240.0,-20.0,58.0,26.0,-18.0,11.0,-923.0,-65.0,369.0
1735,-239.0,-21.0,61.0,19.0,-17.0,9.0,-925.0,-73.0,375.0
1736,-238.0,-19.0,63.0,11.0,-13.0,6.0,-917.0,-74.0,380.0
1737,-237.0,-21.0,61.0,1.0,-12.0,6.0,-922.0,-68.0,381.0
1738,-237.0,-20.0,58.0,-5.0,-10.0,4.0,-921.0,-63.0,376.0
1739,-238.0,-19.0,59.0,-14.0,-10.0,4.0,-920.0,-65.0,371.0
1740,-238.0,-16.0,59.0,-20.0,-10.0,3.0,-920.0,-63.0,377.0
1741,-238.0,-18.0,57.0,-24.0,-11.0,4.0,-920.0,-62.0,379.0
1742,-239.0,-17.0,62.0,-24.0,-12.0,3.0,-924.0,-63.0,369.0
1743,-241.0,-19.0,55.0,-24.0,-13.0,2.0,-922.0,-61.0,374.0
1744,-241.0,-18.0,55.0,-22.0,-14.0,1.0,-929.0,-64.0,370.0
1745,-243.0,-18.0,56.0,-21.0,-14.0,2.0,-927.0,-65.0,375.0
1746,-241.0,-18.0,60.0,-18.0,-14.0,1.0,-930.0,-63.0,377.0
1747,-241.0,-18.0,59.0,-15.0,-13.0,1.0,-929.0,-65.0,385.0
1748,-241.0,-19.0,60.0,-11.0,-11.0,0.0,-927.0,-69.0,383.0
1749,-241.0,-17.0,63.0,-9.0,-9.0,-1.0,-932.0,-67.0,387.0
1750,-240.0,-19.0,61.0,-7.0,-6.0,1.0,-927.0,-59.0,385.0
1751,-238.0,-19.0,59.0,-4.0,-1.0,-1.0,-927.0,-61.0,388.0
1752,-240.0,-17.0,59.0,-3.0,2.0,-2.0,-926.0,-65.0,384.0
1753,-243.0,-16.0,61.0,-5.0,3.0,-2.0,-924.0,-66.0,385.0
1754,-241.0,-15.0,62.0,-7.0,4.0,-4.0,-927.0,-65.0,380.0
1755,-241.0,-17.0,59.0,-8.0,7.0,-4.0,-928.0,-57.0,377.0
1756,-243.0,-17.0,63.0,-13.0,7.0,-5.0,-928.0,-62.0,378.0
1757,-240.0,-19.0,61.0,-15.0,7.0,-5.0,-930.0,-58.0,377.0
1758,-240.0,-14.0,57.0,-20.0,8.0,-5.0,-925.0,-57.0,373.0
1759,-241.0,-16.0,60.0,-26.0,9.0,-5.0,-929.0,-58.0,373.0
1760,-238.0,-15.0,59.0,-28.0,9.0,-6.0,-922.0,-64.0,378.0
1761,-240.0,-19.0,57.0,-34.0,9.0,-7.0,-920.0,-63.0,378.0
1762,-241.0,-17.0,63.0,-37.0,8.0,-6.0,-926.0,-63.0,376.0
1763,-241.0,-20.0,59.0,-38.0,8.0,-8.0,-921.0,-63.0,372.0
1764,-239.0,-16.0,63.0,-37.0,7.0,-6.0,-920.0,-59.0,379.0
1765,-237.0,-20.0,57.0,-35.0,6.0,-1.0,-927.0,-69.0,377.0
1766,-239.0,-19.0,60.0,-32.0,4.0,-3.0,-927.0,-68.0,375.0
1767,-241.0,-20.0,58.0,-34.0,2.0,-4.0,-928.0,-66.0,372.0
1768,-245.0,-15.0,60.0,-32.0,0.0,-5.0,-931.0,-62.0,373.0
1769,-243.0,-15.0,59.0,-33.0,-1.0,-4.0,-926.0,-68.0,371.0
1770,-241.0,-19.0,54.0,-31.0,-2.0,-4.0,-931.0,-61.0,374.0
1771,-244.0,-17.0,55.0,-30.0,-2.0,-4.0,-928.0,-61.0,379.0
1772,-242.0,-18.0,56.0,-29.0,-2.0,-4.0,-925.0,-65.0,377.0
1773,-241.0,-14.0,63.0,-33.0,0.0,-6.0,-927.0,-66.0,373.0
1774,-239.0,-20.0,56.0,-38.0,1.0,-6.0,-927.0,-68.0,382.0
1775,-241.0,-18.0,60.0,-44.0,2.0,-6.0,-924.0,-66.0,376.0
1776,-242.0,-20.0,62.0,-47.0,4.0,-3.0,-924.0,-61.0,376.0
1777,-241.0,-18.0,61.0,-50.0,5.0,-3.0,-925.0,-66.0,376.0
1778,-242.0,-19.0,59.0,-51.0,6.0,-2.0,-922.0,-65.0,379.0
1779,-240.0,-19.0,59.0,-50.0,4.0,-2.0,-922.0,-69.0,381.0
1780,-238.0,-22.0,61.0,-50.0,3.0,-2.0,-925.0,-65.0,386.0
1781,-240.0,-19.0,62.0,-52.0,2.0,-2.0,-925.0,-62.0,379.0
1782,-241.0,-18.0,59.0,-53.0,1.0,0.0,-927.0,-64.0,382.0
1783,-239.0,-20.0,63.0,-53.0,2.0,1.0,-926.0,-69.0,379.0
1784,-239.0,-20.0,58.0,-54.0,3.0,1.0,-928.0,-69.0,381.0
1785,-240.0,-15.0,60.0,-54.0,4.0,1.0,-927.0,-71.0,381.0
1786,-240.0,-20.0,60.0,-55.0,7.0,2.0,-923.0,-66.0,379.0
1787,-239.0,-19.0,59.0,-55.0,11.0,2.0,-925.0,-73.0,377.0
1788,-241.0,-19.0,59.0,-53.0,14.0,1.0,-927.0,-65.0,381.0
1789,-241.0,-17.0,60.0,-53.0,17.0,4.0,-924.0,-65.0,380.0
1790,-237.0,-21.0,65.0,-55.0,18.0,3.0,-920.0,-65.0,378.0
1791,-238.0,-19.0,62.0,-55.0,18.0,5.0,-918.0,-67.0,386.0
1792,-239.0,-18.0,60.0,-56.0,18.0,3.0,-917.0,-68.0,382.0
1793,-240.0,-18.0,63.0,-54.0,16.0,4.0,-914.0,-68.0,379.0
1794,-238.0,-18.0,60.0,-55.0,14.0,4.0,-921.0,-69.0,375.0
1795,-240.0,-18.0,60.0,-54.0,12.0,4.0,-922.0,-66.0,382.0
1796,-238.0,-14.0,56.0,-54.0,8.0,3.0,-921.0,-66.0,373.0
1797,-241.0,-13.0,57.0,-54.0,4.0,1.0,-928.0,-66.0,374.0
1798,-243.0,-17.0,58.0,-53.0,2.0,-2.0,-928.0,-64.0,382.0
1799,-243.0,-20.0,55.0,-53.0,-1.0,-1.0,-922.0,-62.0,375.0
1800,-241.0,-18.0,58.0,-54.0,-1.0,-2.0,-926.0,-64.0,381.0
1801,-243.0,-18.0,60.0,-56.0,0.0,-3.0,-930.0,-63.0,379.0
1802,-240.0,-15.0,65.0,-55.0,3.0,-4.0,-924.0,-56.0,380.0
1803,-242.0,-19.0,60.0,-53.0,7.0,-3.0,-925.0,-64.0,383.0
1804,-240.0,-18.0,62.0,-54.0,10.0,-4.0,-934.0,-65.0,384.0
1805,-239.0,-19.0,63.0,-52.0,13.0,-3.0,-924.0,-57.0,382.0
1806,-241.0,-18.0,60.0,-51.0,16.0,-2.0,-920.0,-68.0,384.0
1807,-241.0,-17.0,61.0,-49.0,17.0,-1.0,-923.0,-68.0,379.0
1808,-239.0,-18.0,63.0,-46.0,18.0,-3.0,-925.0,-63.0,378.0
1809,-238.0,-21.0,65.0,-43.0,19.0,-3.0,-925.0,-66.0,381.0
1810,-241.0,-17.0,62.0,-43.0,21.0,-4.0,-923.0,-65.0,379.0
1811,-238.0,-15.0,61.0,-42.0,20.0,-5.0,-924.0,-64.0,382.0
1812,-241.0,-15.0,61.0,-43.0,19.0,-5.0,-923.0,-66.0,384.0
1813,-243.0,-18.0,62.0,-43.0,20.0,-6.0,-922.0,-59.0,381.0
1814,-241.0,-15.0,59.0,-45.0,19.0,-6.0,-921.0,-65.0,384.0
1815,-240.0,-18.0,61.0,-45.0,18.0,-7.0,-926.0,-62.0,385.0
1816,-239.0,-16.0,58.0,-46.0,17.0,-6.0,-931.0,-60.0,377.0
1817,-239.0,-18.0,59.0,-45.0,19.0,-8.0,-924.0,-62.0,374.0
1818,-241.0,-18.0,56.0,-47.0,20.0,-7.0,-929.0,-65.0,376.0
1819,-239.0,-18.0,56.0,-48.0,20.0,-8.0,-926.0,-63.0,380.0
1820,-240.0,-20.0,59.0,-51.0,21.0,-8.0,-925.0,-64.0,382.0
1821,-242.0,-16.0,60.0,-51.0,20.0,-7.0,-924.0,-69.0,375.0
1822,-241.0,-20.0,59.0,-48.0,19.0,-6.0,-925.0,-63.0,379.0
1823,-238.0,-18.0,56.0,-48.0,20.0,-7.0,-927.0,-65.0,378.0
1824,-239.0,-18.0,60.0,-50.0,21.0,-6.0,-931.0,-65.0,376.0
1825,-243.0,-17.0,60.0,-48.0,22.0,-8.0,-922.0,-64.0,378.0
1826,-240.0,-21.0,59.0,-50.0,22.0,-7.0,-925.0,-64.0,379.0
1827,-241.0,-18.0,60.0,-50.0,24.0,-6.0,-922.0,-64.0,385.0
1828,-238.0,-17.0,61.0,-52.0,25.0,-7.0,-922.0,-66.0,379.0
1829,-241.0,-17.0,59.0,-52.0,26.0,-8.0,-924.0,-67.0,379.0
1830,-240.0,-17.0,55.0,-54.0,26.0,-7.0,-922.0,-64.0,380.0
1831,-240.0,-20.0,57.0,-57.0,27.0,-7.0,-925.0,-63.0,386.0
1832,-237.0,-17.0,65.0,-60.0,28.0,-8.0,-925.0,-61.0,379.0
1833,-239.0,-18.0,58.0,-63.0,26.0,-8.0,-923.0,-61.0,379.0
1834,-244.0,-18.0,61.0,-64.0,25.0,-9.0,-927.0,-63.0,376.0
1835,-241.0,-17.0,62.0,-64.0,24.0,-10.0,-925.0,-60.0,376.0
1836,-240.0,-19.0,58.0,-64.0,25.0,-10.0,-922.0,-65.0,378.0
1837,-240.0,-19.0,60.0,-65.0,25.0,-10.0,-927.0,-69.0,374.0
1838,-237.0,-21.0,60.0,-64.0,26.0,-9.0,-927.0,-69.0,377.0
1839,-242.0,-18.0,61.0,-63.0,24.0,-9.0,-926.0,-65.0,377.0
1840,-240.0,-15.0,60.0,-63.0,23.0,-9.0,-928.0,-64.0,374.0
1841,-239.0,-21.0,56.0,-64.0,21.0,-8.0,-929.0,-73.0,376.0
1842,-243.0,-17.0,58.0,-60.0,22.0,-9.0,-927.0,-63.0,380.0
1843,-240.0,-18.0,58.0,-58.0,21.0,-8.0,-929.0,-65.0,373.0
1844,-243.0,-18.0,64.0,-54.0,19.0,-8.0,-929.0,-67.0,375.0
1845,-240.0,-18.0,59.0,-51.0,21.0,-10.0,-929.0,-69.0,373.0
1846,-243.0,-17.0,63.0,-46.0,21.0,-9.0,-924.0,-63.0,381.0
1847,-242.0,-18.0,59.0,-43.0,20.0,-9.0,-926.0,-66.0,371.0
1848,-241.0,-19.0,57.0,-41.0,22.0,-9.0,-925.0,-65.0,371.0
1849,-238.0,-19.0,60.0,-40.0,21.0,-9.0,-921.0,-63.0,377.0
1850,-242.0,-18.0,61.0,-40.0,21.0,-9.0,-921.0,-65.0,378.0
1851,-239.0,-19.0,57.0,-41.0,20.0,-10.0,-921.0,-67.0,371.0
1852,-240.0,-21.0,59.0,-43.0,19.0,-11.0,-936.0,-65.0,375.0
1853,-242.0,-18.0,56.0,-42.0,18.0,-11.0,-924.0,-65.0,378.0
1854,-243.0,-20.0,59.0,-45.0,16.0,-14.0,-924.0,-66.0,377.0
1855,-243.0,-17.0,60.0,-48.0,17.0,-13.0,-922.0,-64.0,378.0
1856,-240.0,-20.0,58.0,-48.0,17.0,-12.0,-924.0,-65.0,378.0
1857,-240.0,-16.0,61.0,-52.0,19.0,-12.0,-927.0,-71.0,377.0
1858,-241.0,-21.0,62.0,-56.0,20.0,-13.0,-925.0,-70.0,385.0
1859,-240.0,-19.0,59.0,-57.0,23.0,-11.0,-920.0,-71.0,385.0
1860,-242.0,-21.0,64.0,-60.0,27.0,-12.0,-924.0,-69.0,379.0
1861,-244.0,-18.0,58.0,-63.0,29.0,-13.0,-926.0,-72.0,388.0
1862,-239.0,-19.0,59.0,-65.0,31.0,-13.0,-924.0,-67.0,381.0
1863,-241.0,-20.0,63.0,-67.0,33.0,-14.0,-923.0,-65.0,379.0
1864,-242.0,-20.0,58.0,-68.0,33.0,-14.0,-928.0,-66.0,376.0
1865,-240.0,-20.0,61.0,-71.0,33.0,-13.0,-922.0,-65.0,376.0
1866,-239.0,-20.0,58.0,-68.0,32.0,-12.0,-918.0,-63.0,375.0
1867,-239.0,-19.0,54.0,-67.0,32.0,-11.0,-928.0,-73.0,373.0
1868,-241.0,-18.0,61.0,-61.0,30.0,-10.0,-916.0,-63.0,372.0
1869,-241.0,-18.0,57.0,-56.0,29.0,-9.0,-925.0,-64.0,372.0
1870,-242.0,-19.0,58.0,-48.0,24.0,-9.0,-924.0,-66.0,368.0
1871,-241.0,-30.0,68.0,-37.0,18.0,-10.0,-927.0,-65.0,370.0
1872,-241.0,-18.0,56.0,-27.0,12.0,-10.0,-930.0,-63.0,365.0
1873,-243.0,-18.0,54.0,-20.0,5.0,-11.0,-925.0,-65.0,363.0
1874,-244.0,-18.0,55.0,-13.0,0.0,-12.0,-928.0,-67.0,367.0
1875,-242.0,-20.0,57.0,-6.0,-4.0,-14.0,-929.0,-73.0,361.0
1876,-243.0,-19.0,59.0,-2.0,-8.0,-16.0,-933.0,-72.0,364.0
1877,-242.0,-20.0,56.0,4.0,-11.0,-17.0,-932.0,-65.0,362.0
1878,-243.0,-20.0,59.0,9.0,-12.0,-17.0,-934.0,-72.0,365.0
1879,-242.0,-21.0,58.0,12.0,-12.0,-19.0,-936.0,-73.0,370.0
1880,-239.0,-22.0,60.0,13.0,-10.0,-21.0,-928.0,-78.0,379.0
1881,-241.0,-19.0,60.0,14.0,-9.0,-20.0,-925.0,-73.0,374.0
1882,-246.0,-12.0,63.0,13.0,-6.0,-22.0,-922.0,-76.0,382.0
1883,-238.0,-21.0,66.0,8.0,-5.0,-21.0,-923.0,-79.0,388.0
1884,-240.0,-21.0,59.0,1.0,-2.0,-20.0,-924.0,-77.0,386.0
1885,-239.0,-18.0,61.0,-4.0,-2.0,-19.0,-921.0,-79.0,384.0
1886,-238.0,-19.0,63.0,-11.0,-2.0,-19.0,-926.0,-68.0,381.0
1887,-239.0,-17.0,61.0,-17.0,-2.0,-17.0,-925.0,-60.0,372.0
1888,-241.0,-16.0,58.0,-21.0,-2.0,-15.0,-925.0,-65.0,379.0
1889,-243.0,-17.0,61.0,-28.0,-4.0,-14.0,-925.0,-62.0,374.0
1890,-239.0,-20.0,57.0,-35.0,-2.0,-13.0,-930.0,-67.0,377.0
1891,-240.0,-16.0,63.0,-44.0,0.0,-12.0,-922.0,-69.0,377.0
1892,-238.0,-20.0,61.0,-48.0,2.0,-10.0,-926.0,-75.0,382.0
1893,-246.0,-38.0,69.0,-55.0,5.0,-9.0,-925.0,-74.0,391.0
1894,-242.0,-20.0,62.0,-59.0,9.0,-9.0,-920.0,-68.0,388.0
1895,-240.0,-20.0,58.0,-59.0,13.0,-7.0,-916.0,-69.0,393.0
1896,-237.0,-15.0,62.0,-59.0,17.0,-6.0,-918.0,-64.0,382.0
1897,-239.0,-19.0,61.0,-58.0,18.0,-4.0,-918.0,-63.0,388.0
1898,-237.0,-18.0,59.0,-54.0,19.0,-3.0,-917.0,-70.0,386.0
1899,-242.0,-19.0,61.0,-51.0,17.0,-2.0,-918.0,-70.0,388.0
1900,-238.0,-15.0,59.0,-47.0,16.0,-1.0,-918.0,-68.0,388.0
1901,-239.0,-17.0,56.0,-44.0,15.0,-2.0,-922.0,-72.0,382.0
1902,-240.0,-19.0,60.0,-43.0,14.0,-3.0,-926.0,-68.0,384.0
1903,-239.0,-20.0,59.0,-41.0,13.0,-4.0,-924.0,-63.0,385.0
1904,-243.0,-18.0,64.0,-39.0,14.0,-4.0,-921.0,-64.0,382.0
1905,-240.0,-15.0,58.0,-40.0,12.0,-7.0,-926.0,-68.0,379.0
1906,-242.0,-18.0,59.0,-41.0,12.0,-8.0,-928.0,-62.0,381.0
1907,-239.0,-19.0,60.0,-41.0,13.0,-7.0,-925.0,-66.0,380.0
1908,-240.0,-17.0,58.0,-37.0,14.0,-7.0,-924.0,-62.0,382.0
1909,-238.0,-17.0,56.0,-40.0,15.0,-10.0,-932.0,-68.0,380.0
1910,-238.0,-18.0,62.0,-38.0,16.0,-9.0,-927.0,-63.0,376.0
1911,-238.0,-17.0,61.0,-37.0,16.0,-8.0,-923.0,-65.0,382.0
1912,-241.0,-17.0,58.0,-39.0,16.0,-9.0,-925.0,-65.0,381.0
1913,-241.0,-18.0,60.0,-41.0,17.0,-10.0,-924.0,-65.0,381.0
1914,-241.0,-19.0,61.0,-41.0,18.0,-10.0,-926.0,-64.0,378.0
1915,-241.0,-18.0,59.0,-43.0,18.0,-11.0,-922.0,-66.0,377.0
1916,-240.0,-18.0,55.0,-43.0,18.0,-12.0,-923.0,-64.0,380.0
1917,-240.0,-16.0,59.0,-39.0,18.0,-11.0,-921.0,-69.0,378.0
1918,-240.0,-19.0,57.0,-40.0,19.0,-10.0,-921.0,-68.0,376.0
1919,-241.0,-18.0,61.0,-38.0,18.0,-11.0,-924.0,-69.0,377.0
1920,-239.0,-20.0,58.0,-38.0,17.0,-11.0,-919.0,-65.0,374.0
1921,-238.0,-18.0,58.0,-37.0,15.0,-10.0,-926.0,-71.0,371.0
1922,-239.0,-17.0,59.0,-36.0,15.0,-9.0,-926.0,-74.0,378.0
1923,-243.0,-21.0,59.0,-35.0,12.0,-8.0,-924.0,-70.0,375.0
1924,-239.0,-21.0,58.0,-34.0,11.0,-7.0,-925.0,-65.0,370.0
1925,-239.0,-20.0,58.0,-33.0,7.0,-7.0,-926.0,-65.0,375.0
1926,-240.0,-19.0,57.0,-33.0,5.0,-7.0,-922.0,-68.0,370.0
1927,-239.0,-21.0,60.0,-33.0,3.0,-3.0,-924.0,-71.0,378.0
1928,-241.0,-22.0,55.0,-32.0,0.0,-1.0,-931.0,-75.0,379.0
1929,-245.0,-21.0,58.0,-35.0,-1.0,-4.0,-927.0,-73.0,373.0
1930,-242.0,-20.0,57.0,-38.0,0.0,-5.0,-923.0,-65.0,375.0
1931,-241.0,-20.0,59.0,-41.0,1.0,-5.0,-927.0,-69.0,376.0
1932,-240.0,-18.0,59.0,-46.0,0.0,-4.0,-921.0,-66.0,376.0
1933,-239.0,-21.0,60.0,-48.0,1.0,-4.0,-922.0,-76.0,373.0
1934,-241.0,-19.0,61.0,-49.0,1.0,-2.0,-924.0,-74.0,375.0
1935,-240.0,-18.0,61.0,-48.0,2.0,-4.0,-922.0,-68.0,371.0
1936,-241.0,-17.0,59.0,-46.0,1.0,-3.0,-923.0,-73.0,377.0
1937,-241.0,-20.0,59.0,-44.0,3.0,-2.0,-924.0,-70.0,379.0
1938,-242.0,-20.0,59.0,-43.0,0.0,1.0,-923.0,-73.0,380.0
1939,-240.0,-17.0,58.0,-38.0,-3.0,2.0,-921.0,-68.0,377.0
1940,-242.0,-18.0,58.0,-37.0,-5.0,3.0,-919.0,-69.0,377.0
1941,-239.0,-20.0,57.0,-36.0,-7.0,4.0,-921.0,-66.0,378.0
1942,-239.0,-20.0,59.0,-36.0,-8.0,3.0,-922.0,-69.0,377.0
1943,-240.0,-19.0,60.0,-36.0,-10.0,5.0,-923.0,-70.0,379.0
1944,-241.0,-18.0,62.0,-38.0,-10.0,4.0,-924.0,-66.0,377.0
1945,-241.0,-15.0,56.0,-42.0,-11.0,4.0,-928.0,-73.0,378.0
1946,-239.0,-20.0,61.0,-43.0,-11.0,4.0,-926.0,-71.0,377.0
1947,-242.0,-17.0,60.0,-45.0,-9.0,3.0,-922.0,-70.0,382.0
1948,-238.0,-19.0,62.0,-45.0,-8.0,2.0,-928.0,-66.0,389.0
1949,-242.0,-19.0,60.0,-48.0,-5.0,3.0,-926.0,-62.0,384.0
1950,-243.0,-21.0,61.0,-48.0,-2.0,2.0,-925.0,-65.0,386.0
1951,-243.0,-19.0,56.0,-48.0,0.0,4.0,-921.0,-62.0,382.0
1952,-243.0,-18.0,65.0,-46.0,1.0,3.0,-923.0,-69.0,387.0
1953,-241.0,-18.0,64.0,-45.0,1.0,4.0,-924.0,-66.0,385.0
1954,-240.0,-20.0,59.0,-41.0,0.0,2.0,-922.0,-69.0,381.0
1955,-242.0,-16.0,60.0,-37.0,-3.0,0.0,-922.0,-70.0,376.0
1956,-241.0,-20.0,62.0,-34.0,-6.0,-1.0,-926.0,-64.0,376.0
1957,-240.0,-17.0,61.0,-30.0,-10.0,-3.0,-922.0,-62.0,379.0
1958,-239.0,-16.0,59.0,-26.0,-12.0,-3.0,-925.0,-65.0,381.0
1959,-243.0,-18.0,61.0,-25.0,-13.0,-6.0,-931.0,-65.0,382.0
1960,-242.0,-19.0,62.0,-24.0,-13.0,-5.0,-928.0,-60.0,389.0
1961,-240.0,-21.0,62.0,-24.0,-10.0,-8.0,-923.0,-61.0,391.0
1962,-239.0,-17.0,63.0,-24.0,-8.0,-9.0,-926.0,-63.0,394.0
1963,-237.0,-19.0,60.0,-26.0,-6.0,-10.0,-921.0,-62.0,390.0
1964,-239.0,-23.0,64.0,-28.0,-5.0,-9.0,-920.0,-65.0,389.0
1965,-240.0,-17.0,60.0,-27.0,-3.0,-8.0,-921.0,-63.0,384.0
1966,-240.0,-21.0,62.0,-27.0,-2.0,-7.0,-921.0,-67.0,388.0
1967,-237.0,-19.0,56.0,-28.0,-1.0,-8.0,-926.0,-63.0,384.0
1968,-241.0,-18.0,59.0,-26.0,-1.0,-9.0,-921.0,-71.0,384.0
1969,-241.0,-20.0,62.0,-25.0,1.0,-9.0,-924.0,-69.0,386.0
1970,-239.0,-19.0,60.0,-22.0,0.0,-10.0,-921.0,-62.0,384.0
1971,-239.0,-18.0,61.0,-18.0,1.0,-12.0,-923.0,-66.0,385.0
1972,-240.0,-19.0,60.0,-16.0,2.0,-13.0,-923.0,-60.0,381.0
1973,-241.0,-15.0,62.0,-18.0,1.0,-12.0,-922.0,-65.0,381.0
1974,-239.0,-17.0,62.0,-18.0,2.0,-13.0,-924.0,-64.0,386.0
1975,-242.0,-17.0,63.0,-17.0,2.0,-11.0,-920.0,-64.0,388.0
1976,-240.0,-17.0,61.0,-17.0,3.0,-11.0,-928.0,-58.0,387.0
1977,-238.0,-18.0,58.0,-17.0,3.0,-12.0,-921.0,-62.0,386.0
1978,-241.0,-20.0,65.0,-17.0,4.0,-12.0,-920.0,-68.0,385.0
1979,-239.0,-17.0,63.0,-21.0,6.0,-12.0,-923.0,-70.0,384.0
1980,-238.0,-18.0,58.0,-22.0,6.0,-9.0,-918.0,-69.0,388.0
1981,-236.0,-21.0,60.0,-25.0,4.0,-2.0,-919.0,-74.0,385.0
1982,-241.0,-19.0,62.0,-23.0,5.0,-3.0,-923.0,-76.0,391.0
1983,-238.0,-16.0,61.0,-26.0,5.0,-8.0,-918.0,-68.0,390.0
1984,-239.0,-18.0,61.0,-30.0,8.0,-9.0,-921.0,-68.0,392.0
1985,-239.0,-18.0,60.0,-33.0,8.0,-9.0,-918.0,-65.0,386.0
1986,-240.0,-17.0,64.0,-35.0,9.0,-7.0,-920.0,-65.0,392.0
1987,-241.0,-14.0,60.0,-39.0,9.0,-7.0,-923.0,-63.0,387.0
1988,-241.0,-19.0,61.0,-42.0,11.0,-7.0,-920.0,-69.0,393.0
1989,-239.0,-17.0,60.0,-47.0,10.0,-6.0,-913.0,-63.0,388.0
1990,-237.0,-17.0,58.0,-51.0,11.0,-6.0,-922.0,-65.0,385.0
1991,-242.0,-17.0,64.0,-54.0,11.0,-7.0,-921.0,-69.0,395.0
1992,-240.0,-20.0,62.0,-54.0,13.0,-6.0,-923.0,-62.0,389.0
1993,-239.0,-19.0,60.0,-56.0,13.0,-5.0,-922.0,-65.0,389.0
1994,-241.0,-19.0,59.0,-55.0,16.0,-5.0,-925.0,-65.0,382.0
1995,-241.0,-17.0,63.0,-55.0,16.0,-5.0,-921.0,-69.0,387.0
1996,-241.0,-19.0,64.0,-54.0,16.0,-4.0,-926.0,-65.0,391.0
1997,-236.0,-21.0,56.0,-54.0,15.0,-5.0,-921.0,-69.0,385.0
1998,-238.0,-18.0,61.0,-53.0,16.0,-6.0,-922.0,-66.0,389.0
1999,-238.0,-19.0,62.0,-52.0,14.0,-4.0,-922.0,-66.0,385.0
2000,-239.0,-19.0,62.0,-51.0,14.0,-6.0,-921.0,-65.0,386.0
2001,-240.0,-18.0,63.0,-52.0,13.0,-5.0,-923.0,-58.0,388.0
2002,-240.0,-16.0,62.0,-51.0,13.0,-5.0,-923.0,-67.0,387.0
2003,-239.0,-18.0,58.0,-50.0,13.0,-6.0,-926.0,-65.0,386.0
2004,-241.0,-20.0,56.0,-52.0,12.0,-7.0,-926.0,-67.0,393.0
2005,-240.0,-16.0,65.0,-50.0,14.0,-7.0,-927.0,-68.0,392.0
2006,-239.0,-19.0,60.0,-49.0,14.0,-7.0,-924.0,-65.0,389.0
2007,-240.0,-18.0,60.0,-49.0,13.0,-7.0,-923.0,-68.0,390.0
2008,-243.0,-20.0,62.0,-51.0,16.0,-5.0,-922.0,-60.0,385.0
2009,-238.0,-19.0,64.0,-52.0,16.0,-4.0,-922.0,-66.0,389.0
2010,-241.0,-17.0,61.0,-53.0,15.0,-4.0,-923.0,-66.0,384.0
2011,-238.0,-19.0,59.0,-50.0,16.0,-4.0,-922.0,-68.0,385.0
2012,-240.0,-18.0,61.0,-50.0,16.0,-5.0,-922.0,-73.0,386.0
2013,-239.0,-19.0,61.0,-49.0,17.0,-5.0,-920.0,-65.0,387.0
2014,-243.0,-16.0,59.0,-48.0,17.0,-5.0,-916.0,-66.0,391.0
2015,-240.0,-20.0,63.0,-49.0,17.0,-6.0,-920.0,-69.0,390.0
2016,-238.0,-17.0,60.0,-52.0,17.0,-5.0,-918.0,-70.0,393.0
2017,-241.0,-17.0,63.0,-52.0,18.0,-4.0,-918.0,-68.0,390.0
2018,-237.0,-17.0,64.0,-55.0,17.0,-4.0,-917.0,-68.0,394.0
2019,-238.0,-20.0,67.0,-58.0,19.0,-5.0,-922.0,-66.0,387.0
2020,-240.0,-19.0,61.0,-59.0,19.0,-5.0,-921.0,-69.0,384.0
2021,-237.0,-20.0,60.0,-61.0,19.0,-4.0,-919.0,-67.0,391.0
2022,-242.0,-19.0,63.0,-61.0,17.0,-4.0,-918.0,-72.0,385.0
2023,-234.0,-20.0,59.0,-62.0,20.0,-4.0,-915.0,-75.0,381.0
2024,-238.0,-19.0,62.0,-62.0,22.0,-3.0,-919.0,-68.0,385.0
2025,-239.0,-19.0,61.0,-62.0,22.0,-4.0,-920.0,-71.0,381.0
2026,-240.0,-17.0,61.0,-58.0,21.0,-4.0,-921.0,-72.0,387.0
2027,-241.0,-21.0,59.0,-53.0,19.0,-3.0,-918.0,-65.0,388.0
2028,-239.0,-20.0,58.0,-49.0,15.0,-3.0,-922.0,-68.0,382.0
2029,-240.0,-19.0,59.0,-46.0,13.0,-3.0,-923.0,-68.0,387.0
2030,-241.0,-19.0,59.0,-40.0,12.0,-5.0,-928.0,-68.0,381.0
2031,-240.0,-17.0,65.0,-36.0,10.0,-4.0,-924.0,-63.0,377.0
2032,-240.0,-18.0,58.0,-35.0,10.0,-5.0,-927.0,-65.0,378.0
2033,-242.0,-17.0,62.0,-36.0,11.0,-5.0,-926.0,-63.0,381.0
2034,-240.0,-19.0,61.0,-36.0,10.0,-6.0,-922.0,-63.0,387.0
2035,-240.0,-18.0,63.0,-39.0,10.0,-7.0,-921.0,-61.0,386.0
2036,-238.0,-19.0,65.0,-42.0,11.0,-7.0,-924.0,-66.0,386.0
2037,-241.0,-20.0,64.0,-43.0,12.0,-6.0,-924.0,-71.0,387.0
2038,-238.0,-24.0,65.0,-42.0,14.0,-5.0,-919.0,-78.0,385.0
2039,-237.0,-20.0,62.0,-43.0,15.0,-4.0,-916.0,-76.0,380.0
2040,-240.0,-20.0,61.0,-42.0,15.0,-4.0,-913.0,-74.0,381.0
2041,-236.0,-22.0,63.0,-41.0,14.0,-2.0,-910.0,-85.0,387.0
2042,-237.0,-20.0,60.0,-38.0,15.0,-2.0,-915.0,-83.0,394.0
2043,-238.0,-21.0,60.0,-33.0,16.0,-1.0,-915.0,-76.0,383.0
2044,-239.0,-19.0,63.0,-31.0,13.0,-2.0,-922.0,-73.0,380.0
2045,-240.0,-17.0,58.0,-28.0,13.0,-2.0,-923.0,-69.0,375.0
2046,-240.0,-17.0,58.0,-28.0,10.0,-1.0,-924.0,-63.0,373.0
2047,-240.0,-17.0,58.0,-29.0,9.0,0.0,-925.0,-64.0,382.0
2048,-238.0,-18.0,59.0,-32.0,8.0,0.0,-928.0,-63.0,377.0
2049,-241.0,-18.0,60.0,-36.0,10.0,1.0,-923.0,-64.0,380.0
2050,-239.0,-17.0,64.0,-38.0,10.0,1.0,-924.0,-68.0,385.0
2051,-240.0,-17.0,59.0,-42.0,11.0,1.0,-922.0,-73.0,381.0
2052,-240.0,-17.0,63.0,-46.0,12.0,0.0,-921.0,-72.0,393.0
2053,-238.0,-18.0,69.0,-47.0,13.0,-1.0,-921.0,-70.0,387.0
2054,-240.0,-20.0,60.0,-48.0,14.0,-1.0,-916.0,-65.0,385.0
2055,-241.0,-21.0,63.0,-49.0,14.0,-3.0,-919.0,-63.0,384.0
2056,-238.0,-21.0,59.0,-48.0,12.0,-2.0,-918.0,-62.0,383.0
2057,-240.0,-17.0,60.0,-45.0,8.0,-4.0,-920.0,-67.0,382.0
2058,-240.0,-17.0,56.0,-43.0,7.0,-4.0,-920.0,-64.0,382.0
2059,-236.0,-20.0,60.0,-42.0,4.0,-5.0,-920.0,-68.0,382.0
2060,-240.0,-15.0,61.0,-41.0,2.0,-7.0,-917.0,-54.0,376.0
2061,-238.0,-19.0,60.0,-37.0,0.0,-7.0,-921.0,-64.0,382.0
2062,-240.0,-17.0,60.0,-35.0,-2.0,-8.0,-926.0,-64.0,391.0
2063,-243.0,-17.0,61.0,-34.0,-3.0,-7.0,-935.0,-59.0,390.0
2064,-240.0,-19.0,63.0,-31.0,-1.0,-7.0,-925.0,-64.0,385.0
2065,-242.0,-19.0,57.0,-26.0,1.0,-7.0,-933.0,-59.0,388.0
2066,-239.0,-20.0,61.0,-24.0,2.0,-7.0,-928.0,-62.0,388.0
2067,-242.0,-17.0,60.0,-21.0,5.0,-8.0,-927.0,-62.0,391.0
2068,-241.0,-15.0,60.0,-23.0,6.0,-9.0,-924.0,-65.0,394.0
2069,-240.0,-18.0,62.0,-24.0,7.0,-8.0,-924.0,-66.0,395.0
2070,-241.0,-20.0,63.0,-24.0,9.0,-9.0,-924.0,-65.0,390.0
2071,-238.0,-19.0,61.0,-27.0,11.0,-9.0,-923.0,-64.0,394.0
2072,-241.0,-19.0,63.0,-29.0,11.0,-11.0,-920.0,-68.0,392.0
2073,-240.0,-16.0,61.0,-29.0,12.0,-11.0,-926.0,-65.0,384.0
2074,-240.0,-21.0,58.0,-30.0,14.0,-13.0,-922.0,-64.0,385.0
2075,-238.0,-17.0,58.0,-32.0,12.0,-12.0,-917.0,-58.0,384.0
2076,-238.0,-21.0,63.0,-34.0,10.0,-14.0,-923.0,-64.0,388.0
2077,-240.0,-17.0,63.0,-34.0,10.0,-13.0,-921.0,-65.0,379.0
2078,-239.0,-21.0,66.0,-37.0,10.0,-11.0,-921.0,-63.0,388.0
2079,-239.0,-17.0,58.0,-37.0,8.0,-10.0,-911.0,-75.0,386.0
2080,-241.0,-19.0,61.0,-38.0,6.0,-10.0,-922.0,-68.0,388.0
2081,-234.0,-21.0,63.0,-37.0,6.0,-9.0,-916.0,-69.0,387.0
2082,-237.0,-18.0,60.0,-39.0,3.0,-10.0,-913.0,-64.0,391.0
2083,-239.0,-16.0,63.0,-39.0,3.0,-9.0,-913.0,-65.0,388.0
2084,-239.0,-16.0,64.0,-37.0,3.0,-10.0,-919.0,-65.0,390.0
2085,-239.0,-19.0,61.0,-40.0,2.0,-9.0,-918.0,-64.0,386.0
2086,-238.0,-20.0,62.0,-39.0,0.0,-8.0,-927.0,-61.0,389.0
2087,-237.0,-17.0,63.0,-42.0,-1.0,-8.0,-919.0,-62.0,385.0
2088,-238.0,-17.0,60.0,-44.0,-3.0,-9.0,-922.0,-60.0,388.0
2089,-241.0,-19.0,61.0,-45.0,-3.0,-7.0,-921.0,-64.0,386.0
2090,-242.0,-16.0,61.0,-47.0,-2.0,-9.0,-922.0,-68.0,390.0
2091,-239.0,-17.0,63.0,-51.0,-2.0,-9.0,-925.0,-68.0,386.0
2092,-240.0,-18.0,60.0,-53.0,0.0,-8.0,-923.0,-72.0,387.0
2093,-237.0,-18.0,61.0,-54.0,0.0,-8.0,-920.0,-71.0,391.0
2094,-238.0,-20.0,64.0,-55.0,1.0,-7.0,-922.0,-68.0,384.0
2095,-240.0,-16.0,64.0,-53.0,1.0,-7.0,-919.0,-68.0,388.0
2096,-242.0,-20.0,61.0,-48.0,1.0,-7.0,-922.0,-66.0,394.0
2097,-238.0,-21.0,61.0,-47.0,2.0,-6.0,-921.0,-65.0,391.0
2098,-242.0,-19.0,65.0,-45.0,0.0,-4.0,-918.0,-71.0,388.0
2099,-237.0,-18.0,63.0,-43.0,1.0,-4.0,-918.0,-76.0,394.0
2100,-239.0,-21.0,66.0,-44.0,-2.0,-3.0,-922.0,-69.0,388.0
2101,-237.0,-20.0,63.0,-46.0,-1.0,-2.0,-922.0,-64.0,390.0
2102,-240.0,-19.0,62.0,-47.0,-1.0,-2.0,-924.0,-68.0,392.0
2103,-241.0,-18.0,63.0,-50.0,1.0,-2.0,-922.0,-67.0,392.0
2104,-241.0,-19.0,64.0,-52.0,3.0,-3.0,-914.0,-62.0,394.0
2105,-236.0,-19.0,62.0,-54.0,5.0,-3.0,-921.0,-66.0,393.0
2106,-240.0,-18.0,62.0,-56.0,9.0,-3.0,-923.0,-66.0,386.0
2107,-238.0,-16.0,65.0,-56.0,10.0,-3.0,-918.0,-76.0,396.0
2108,-238.0,-19.0,61.0,-58.0,14.0,-2.0,-922.0,-67.0,393.0
2109,-241.0,-19.0,63.0,-58.0,15.0,0.0,-921.0,-68.0,395.0
2110,-241.0,-29.0,74.0,-57.0,17.0,-1.0,-910.0,-63.0,393.0
2111,-238.0,-19.0,67.0,-54.0,15.0,-1.0,-917.0,-69.0,391.0
2112,-237.0,-20.0,65.0,-52.0,14.0,-2.0,-918.0,-69.0,393.0
2113,-240.0,-17.0,63.0,-50.0,12.0,-1.0,-922.0,-63.0,390.0
2114,-240.0,-22.0,63.0,-48.0,11.0,-3.0,-919.0,-65.0,391.0
2115,-240.0,-20.0,62.0,-47.0,9.0,-4.0,-924.0,-69.0,388.0
2116,-242.0,-18.0,64.0,-46.0,7.0,-6.0,-922.0,-74.0,384.0
2117,-239.0,-17.0,64.0,-45.0,7.0,-6.0,-920.0,-64.0,394.0
2118,-238.0,-20.0,62.0,-47.0,8.0,-7.0,-924.0,-61.0,391.0
2119,-239.0,-18.0,66.0,-49.0,11.0,-7.0,-921.0,-64.0,397.0
2120,-239.0,-17.0,64.0,-50.0,13.0,-8.0,-921.0,-63.0,397.0
2121,-234.0,-10.0,57.0,-49.0,16.0,-7.0,-916.0,-65.0,395.0
2122,-240.0,-21.0,63.0,-50.0,19.0,-7.0,-922.0,-66.0,389.0
2123,-238.0,-20.0,62.0,-49.0,20.0,-6.0,-921.0,-69.0,392.0
2124,-240.0,-21.0,63.0,-48.0,21.0,-4.0,-917.0,-72.0,389.0
2125,-236.0,-22.0,63.0,-47.0,24.0,-4.0,-915.0,-70.0,388.0
2126,-238.0,-18.0,60.0,-45.0,23.0,-2.0,-917.0,-68.0,390.0
2127,-240.0,-17.0,63.0,-45.0,23.0,-5.0,-917.0,-71.0,394.0
2128,-240.0,-18.0,57.0,-44.0,22.0,-4.0,-920.0,-65.0,386.0
2129,-236.0,-21.0,63.0,-45.0,21.0,-4.0,-918.0,-70.0,390.0
2130,-238.0,-20.0,62.0,-47.0,21.0,-4.0,-922.0,-69.0,396.0
2131,-239.0,-17.0,61.0,-46.0,18.0,-4.0,-919.0,-64.0,388.0
2132,-232.0,-22.0,47.0,-45.0,19.0,-3.0,-917.0,-64.0,387.0
2133,-237.0,-17.0,64.0,-49.0,18.0,-5.0,-917.0,-63.0,391.0
2134,-238.0,-14.0,64.0,-49.0,18.0,-4.0,-916.0,-63.0,396.0
2135,-242.0,-17.0,59.0,-50.0,15.0,-4.0,-915.0,-68.0,390.0
2136,-239.0,-18.0,62.0,-50.0,15.0,-5.0,-924.0,-72.0,384.0
2137,-239.0,-17.0,61.0,-48.0,14.0,-3.0,-918.0,-68.0,389.0
2138,-240.0,-19.0,57.0,-46.0,14.0,-3.0,-924.0,-66.0,380.0
2139,-240.0,-18.0,62.0,-46.0,12.0,-4.0,-922.0,-72.0,385.0
2140,-240.0,-17.0,63.0,-46.0,14.0,-4.0,-922.0,-68.0,386.0
2141,-240.0,-21.0,63.0,-47.0,13.0,-3.0,-924.0,-65.0,383.0
2142,-237.0,-20.0,62.0,-45.0,13.0,-4.0,-922.0,-69.0,385.0
2143,-238.0,-18.0,63.0,-44.0,12.0,-4.0,-922.0,-65.0,383.0
2144,-239.0,-16.0,64.0,-48.0,12.0,-3.0,-923.0,-67.0,388.0
2145,-237.0,-18.0,64.0,-53.0,12.0,-4.0,-923.0,-69.0,393.0
2146,-239.0,-20.0,60.0,-52.0,12.0,-5.0,-918.0,-64.0,391.0
2147,-241.0,-19.0,63.0,-53.0,11.0,-6.0,-924.0,-70.0,388.0
2148,-237.0,-20.0,62.0,-56.0,13.0,-6.0,-921.0,-69.0,389.0
2149,-238.0,-21.0,63.0,-57.0,14.0,-7.0,-922.0,-64.0,397.0
2150,-239.0,-19.0,63.0,-58.0,14.0,-7.0,-922.0,-64.0,386.0
2151,-241.0,-17.0,60.0,-62.0,14.0,-6.0,-921.0,-68.0,395.0
2152,-239.0,-18.0,68.0,-61.0,15.0,-6.0,-925.0,-65.0,394.0
2153,-239.0,-18.0,63.0,-61.0,15.0,-6.0,-922.0,-70.0,391.0
2154,-240.0,-19.0,62.0,-62.0,14.0,-6.0,-923.0,-69.0,393.0
2155,-240.0,-19.0,62.0,-63.0,14.0,-6.0,-923.0,-66.0,388.0
2156,-240.0,-18.0,60.0,-60.0,14.0,-7.0,-921.0,-71.0,391.0
2157,-240.0,-20.0,60.0,-58.0,13.0,-7.0,-921.0,-69.0,387.0
2158,-239.0,-18.0,60.0,-55.0,14.0,-5.0,-923.0,-69.0,389.0
2159,-239.0,-17.0,63.0,-54.0,13.0,-6.0,-913.0,-68.0,391.0
2160,-241.0,-18.0,62.0,-54.0,13.0,-6.0,-920.0,-71.0,388.0
2161,-239.0,-20.0,61.0,-51.0,10.0,-6.0,-922.0,-61.0,390.0
2162,-237.0,-19.0,62.0,-50.0,12.0,-6.0,-919.0,-63.0,390.0
2163,-239.0,-17.0,62.0,-49.0,11.0,-5.0,-920.0,-69.0,390.0
2164,-238.0,-18.0,64.0,-50.0,10.0,-6.0,-927.0,-65.0,396.0
2165,-242.0,-16.0,59.0,-51.0,9.0,-7.0,-917.0,-68.0,384.0
2166,-239.0,-18.0,61.0,-50.0,10.0,-8.0,-924.0,-71.0,390.0
2167,-237.0,-21.0,60.0,-52.0,10.0,-7.0,-923.0,-65.0,393.0
2168,-240.0,-18.0,62.0,-51.0,11.0,-7.0,-923.0,-72.0,392.0
2169,-239.0,-19.0,63.0,-50.0,11.0,-7.0,-922.0,-66.0,393.0
2170,-239.0,-21.0,61.0,-50.0,10.0,-8.0,-922.0,-69.0,393.0
2171,-241.0,-19.0,60.0,-49.0,12.0,-9.0,-924.0,-62.0,391.0
2172,-238.0,-18.0,63.0,-50.0,12.0,-8.0,-918.0,-70.0,392.0
2173,-241.0,-17.0,61.0,-50.0,12.0,-8.0,-921.0,-68.0,392.0
2174,-237.0,-18.0,61.0,-48.0,12.0,-7.0,-921.0,-65.0,393.0
2175,-240.0,-19.0,60.0,-50.0,12.0,-8.0,-919.0,-72.0,393.0
2176,-238.0,-18.0,63.0,-47.0,12.0,-7.0,-918.0,-68.0,391.0
2177,-237.0,-20.0,66.0,-47.0,13.0,-6.0,-918.0,-72.0,387.0
2178,-241.0,-19.0,58.0,-45.0,11.0,-7.0,-918.0,-71.0,386.0
2179,-238.0,-21.0,62.0,-46.0,11.0,-5.0,-923.0,-77.0,395.0
2180,-242.0,-18.0,60.0,-45.0,12.0,-5.0,-918.0,-71.0,392.0
2181,-238.0,-21.0,65.0,-44.0,11.0,-6.0,-913.0,-75.0,392.0
2182,-240.0,-17.0,58.0,-43.0,12.0,-5.0,-921.0,-73.0,390.0
2183,-241.0,-19.0,64.0,-44.0,11.0,-4.0,-918.0,-67.0,388.0
2184,-238.0,-20.0,64.0,-43.0,10.0,-4.0,-919.0,-77.0,388.0
2185,-239.0,-18.0,64.0,-44.0,13.0,-4.0,-915.0,-65.0,398.0
2186,-239.0,-18.0,62.0,-44.0,13.0,-2.0,-915.0,-64.0,391.0
2187,-239.0,-18.0,62.0,-45.0,14.0,-3.0,-914.0,-66.0,395.0
2188,-238.0,-19.0,62.0,-48.0,16.0,-2.0,-919.0,-68.0,394.0
2189,-239.0,-18.0,62.0,-49.0,16.0,-1.0,-924.0,-69.0,393.0
2190,-239.0,-20.0,64.0,-53.0,16.0,-3.0,-923.0,-68.0,394.0
2191,-238.0,-16.0,64.0,-54.0,18.0,-2.0,-925.0,-71.0,390.0
2192,-238.0,-17.0,65.0,-54.0,20.0,-2.0,-921.0,-68.0,388.0
2193,-234.0,-19.0,64.0,-55.0,22.0,-2.0,-917.0,-76.0,387.0
2194,-239.0,-17.0,63.0,-56.0,23.0,-2.0,-919.0,-77.0,397.0
2195,-239.0,-19.0,60.0,-56.0,25.0,-2.0,-918.0,-65.0,384.0
2196,-239.0,-20.0,64.0,-54.0,25.0,-2.0,-914.0,-70.0,386.0
2197,-238.0,-19.0,64.0,-54.0,23.0,-2.0,-915.0,-71.0,387.0
2198,-239.0,-20.0,62.0,-51.0,19.0,-3.0,-923.0,-63.0,388.0
2199,-239.0,-20.0,60.0,-47.0,15.0,-4.0,-922.0,-63.0,386.0
2200,-241.0,-17.0,58.0,-41.0,11.0,-2.0,-917.0,-68.0,388.0
2201,-242.0,-16.0,61.0,-38.0,9.0,-2.0,-922.0,-60.0,388.0
2202,-239.0,-18.0,62.0,-36.0,6.0,-3.0,-922.0,-62.0,388.0
2203,-238.0,-17.0,63.0,-37.0,5.0,-4.0,-920.0,-64.0,390.0
2204,-238.0,-18.0,62.0,-35.0,4.0,-4.0,-926.0,-59.0,388.0
2205,-239.0,-17.0,61.0,-34.0,4.0,-5.0,-926.0,-62.0,392.0
2206,-240.0,-18.0,59.0,-37.0,4.0,-5.0,-923.0,-61.0,390.0
2207,-239.0,-18.0,61.0,-39.0,7.0,-6.0,-921.0,-61.0,392.0
2208,-239.0,-17.0,63.0,-42.0,8.0,-4.0,-919.0,-66.0,394.0
2209,-236.0,-24.0,61.0,-42.0,10.0,-2.0,-914.0,-66.0,391.0
2210,-239.0,-18.0,64.0,-42.0,12.0,-3.0,-915.0,-78.0,390.0
2211,-236.0,-18.0,60.0,-44.0,12.0,-1.0,-910.0,-79.0,396.0
2212,-240.0,-22.0,62.0,-42.0,12.0,0.0,-917.0,-81.0,402.0
2213,-237.0,-20.0,63.0,-40.0,14.0,1.0,-913.0,-81.0,396.0
2214,-238.0,-21.0,62.0,-38.0,14.0,2.0,-911.0,-85.0,391.0
2215,-238.0,-22.0,64.0,-37.0,14.0,2.0,-919.0,-79.0,386.0
2216,-241.0,-19.0,61.0,-35.0,12.0,2.0,-923.0,-73.0,388.0
2217,-243.0,-17.0,63.0,-35.0,8.0,3.0,-924.0,-66.0,381.0
2218,-240.0,-18.0,58.0,-33.0,7.0,3.0,-926.0,-61.0,381.0
2219,-240.0,-17.0,59.0,-36.0,7.0,4.0,-924.0,-71.0,380.0
2220,-240.0,-18.0,59.0,-38.0,7.0,5.0,-921.0,-69.0,383.0
2221,-239.0,-14.0,61.0,-38.0,10.0,5.0,-927.0,-70.0,392.0
2222,-236.0,-18.0,63.0,-40.0,11.0,5.0,-922.0,-64.0,387.0
2223,-238.0,-19.0,62.0,-41.0,11.0,5.0,-920.0,-72.0,394.0
2224,-238.0,-17.0,61.0,-42.0,12.0,5.0,-918.0,-65.0,393.0
2225,-235.0,-23.0,63.0,-46.0,11.0,5.0,-911.0,-61.0,393.0
2226,-238.0,-19.0,64.0,-46.0,11.0,6.0,-919.0,-66.0,393.0
2227,-236.0,-20.0,61.0,-45.0,10.0,5.0,-916.0,-63.0,394.0
2228,-237.0,-19.0,64.0,-45.0,10.0,4.0,-919.0,-66.0,397.0
2229,-239.0,-18.0,63.0,-42.0,8.0,4.0,-913.0,-66.0,395.0
2230,-239.0,-20.0,59.0,-38.0,6.0,3.0,-919.0,-64.0,390.0
2231,-238.0,-21.0,67.0,-39.0,4.0,2.0,-919.0,-64.0,390.0
2232,-239.0,-16.0,62.0,-38.0,3.0,0.0,-924.0,-63.0,395.0
2233,-239.0,-20.0,66.0,-36.0,4.0,-1.0,-917.0,-65.0,390.0
2234,-240.0,-16.0,58.0,-35.0,4.0,-3.0,-924.0,-61.0,397.0
2235,-240.0,-21.0,62.0,-34.0,6.0,-3.0,-925.0,-64.0,391.0
2236,-240.0,-19.0,63.0,-36.0,5.0,-5.0,-922.0,-62.0,396.0
2237,-238.0,-18.0,64.0,-36.0,7.0,-6.0,-923.0,-61.0,396.0
2238,-239.0,-18.0,63.0,-35.0,8.0,-6.0,-921.0,-63.0,389.0
2239,-240.0,-19.0,63.0,-36.0,10.0,-7.0,-926.0,-62.0,392.0
2240,-237.0,-17.0,61.0,-36.0,11.0,-6.0,-922.0,-65.0,391.0
2241,-239.0,-19.0,61.0,-37.0,12.0,-6.0,-925.0,-63.0,390.0
2242,-237.0,-23.0,60.0,-40.0,13.0,-6.0,-919.0,-68.0,394.0
2243,-242.0,-16.0,67.0,-40.0,13.0,-7.0,-921.0,-60.0,395.0
2244,-241.0,-18.0,65.0,-38.0,15.0,-9.0,-920.0,-64.0,392.0
2245,-238.0,-20.0,59.0,-38.0,15.0,-7.0,-922.0,-60.0,388.0
2246,-240.0,-16.0,65.0,-41.0,13.0,-7.0,-920.0,-68.0,391.0
2247,-239.0,-17.0,62.0,-40.0,13.0,-7.0,-921.0,-74.0,395.0
2248,-240.0,-20.0,58.0,-39.0,11.0,-8.0,-918.0,-61.0,389.0
2249,-241.0,-19.0,59.0,-38.0,9.0,-7.0,-921.0,-69.0,389.0
2250,-236.0,-22.0,60.0,-37.0,6.0,-8.0,-917.0,-66.0,393.0
2251,-240.0,-19.0,61.0,-34.0,6.0,-7.0,-920.0,-70.0,386.0
2252,-238.0,-19.0,61.0,-31.0,4.0,-7.0,-918.0,-66.0,388.0
2253,-237.0,-21.0,61.0,-31.0,3.0,-6.0,-918.0,-70.0,394.0
2254,-238.0,-20.0,61.0,-29.0,2.0,-6.0,-921.0,-66.0,387.0
2255,-237.0,-19.0,60.0,-28.0,-1.0,-6.0,-916.0,-66.0,388.0
2256,-238.0,-21.0,61.0,-30.0,-4.0,-7.0,-921.0,-64.0,392.0
2257,-240.0,-18.0,63.0,-29.0,-4.0,-6.0,-921.0,-59.0,394.0
2258,-238.0,-17.0,59.0,-28.0,-4.0,-7.0,-922.0,-60.0,394.0
2259,-242.0,-17.0,59.0,-28.0,-6.0,-7.0,-921.0,-62.0,388.0
2260,-238.0,-17.0,65.0,-31.0,-7.0,-7.0,-924.0,-61.0,387.0
2261,-239.0,-17.0,60.0,-35.0,-6.0,-7.0,-916.0,-68.0,385.0
2262,-239.0,-19.0,64.0,-38.0,-5.0,-6.0,-922.0,-65.0,390.0
2263,-239.0,-21.0,63.0,-41.0,-5.0,-7.0,-914.0,-72.0,390.0
2264,-237.0,-21.0,64.0,-42.0,-3.0,-7.0,-921.0,-70.0,393.0
2265,-238.0,-20.0,65.0,-42.0,-3.0,-7.0,-916.0,-69.0,398.0
2266,-236.0,-19.0,62.0,-41.0,-2.0,-6.0,-918.0,-70.0,398.0
2267,-237.0,-18.0,64.0,-39.0,-2.0,-6.0,-916.0,-68.0,396.0
2268,-242.0,-16.0,58.0,-37.0,-5.0,-6.0,-918.0,-64.0,393.0
2269,-238.0,-19.0,64.0,-36.0,-7.0,-3.0,-913.0,-67.0,390.0
2270,-238.0,-18.0,63.0,-32.0,-9.0,-2.0,-915.0,-67.0,388.0
2271,-239.0,-21.0,62.0,-29.0,-12.0,-1.0,-918.0,-69.0,391.0
2272,-239.0,-17.0,65.0,-30.0,-14.0,-2.0,-924.0,-73.0,394.0
2273,-238.0,-19.0,60.0,-33.0,-15.0,-4.0,-924.0,-69.0,393.0
2274,-240.0,-19.0,63.0,-35.0,-13.0,-4.0,-921.0,-64.0,395.0
2275,-241.0,-18.0,61.0,-35.0,-12.0,-3.0,-922.0,-66.0,396.0
2276,-238.0,-23.0,66.0,-38.0,-11.0,-2.0,-922.0,-68.0,398.0
2277,-237.0,-18.0,63.0,-40.0,-10.0,-2.0,-918.0,-69.0,397.0
2278,-238.0,-21.0,68.0,-43.0,-7.0,-3.0,-920.0,-65.0,401.0
2279,-237.0,-19.0,65.0,-44.0,-2.0,-2.0,-921.0,-65.0,396.0
2280,-241.0,-15.0,64.0,-46.0,0.0,-2.0,-916.0,-64.0,398.0
2281,-236.0,-21.0,64.0,-48.0,3.0,-2.0,-916.0,-68.0,399.0
2282,-239.0,-19.0,65.0,-49.0,5.0,-3.0,-915.0,-65.0,400.0
2283,-237.0,-18.0,65.0,-50.0,7.0,-2.0,-913.0,-66.0,399.0
2284,-239.0,-20.0,65.0,-51.0,8.0,-2.0,-913.0,-63.0,399.0
2285,-237.0,-17.0,61.0,-50.0,7.0,-2.0,-921.0,-67.0,401.0
2286,-239.0,-18.0,65.0,-50.0,7.0,-4.0,-922.0,-65.0,400.0
2287,-239.0,-18.0,65.0,-49.0,6.0,-5.0,-917.0,-68.0,400.0
2288,-238.0,-18.0,66.0,-50.0,5.0,-5.0,-918.0,-63.0,399.0
2289,-238.0,-17.0,64.0,-48.0,6.0,-5.0,-917.0,-63.0,396.0
2290,-239.0,-17.0,67.0,-47.0,8.0,-7.0,-921.0,-64.0,399.0
2291,-237.0,-19.0,67.0,-47.0,11.0,-7.0,-917.0,-71.0,401.0
2292,-242.0,-17.0,67.0,-48.0,16.0,-6.0,-920.0,-68.0,402.0
2293,-238.0,-20.0,63.0,-51.0,18.0,-6.0,-914.0,-63.0,406.0
2294,-240.0,-18.0,63.0,-49.0,20.0,-5.0,-919.0,-68.0,394.0
2295,-237.0,-18.0,63.0,-49.0,20.0,-4.0,-918.0,-61.0,400.0
2296,-237.0,-20.0,63.0,-49.0,22.0,-4.0,-919.0,-63.0,400.0
2297,-237.0,-19.0,62.0,-48.0,22.0,-3.0,-914.0,-64.0,401.0
2298,-240.0,-17.0,62.0,-47.0,21.0,-3.0,-911.0,-63.0,396.0
2299,-236.0,-19.0,64.0,-45.0,21.0,-3.0,-912.0,-71.0,393.0
2300,-239.0,-18.0,58.0,-45.0,21.0,-3.0,-920.0,-69.0,395.0
2301,-236.0,-16.0,67.0,-43.0,19.0,-4.0,-910.0,-62.0,388.0
2302,-239.0,-15.0,62.0,-45.0,19.0,-5.0,-912.0,-70.0,396.0
2303,-238.0,-18.0,66.0,-46.0,19.0,-5.0,-922.0,-66.0,390.0
2304,-240.0,-18.0,65.0,-46.0,17.0,-5.0,-914.0,-65.0,397.0
2305,-241.0,-18.0,64.0,-47.0,16.0,-6.0,-915.0,-65.0,399.0
2306,-239.0,-18.0,63.0,-48.0,17.0,-5.0,-915.0,-68.0,396.0
2307,-240.0,-15.0,62.0,-48.0,17.0,-6.0,-919.0,-68.0,398.0
2308,-239.0,-20.0,64.0,-48.0,18.0,-6.0,-922.0,-69.0,393.0
2309,-239.0,-20.0,61.0,-48.0,19.0,-6.0,-921.0,-67.0,394.0
2310,-240.0,-20.0,64.0,-49.0,19.0,-5.0,-915.0,-61.0,395.0
2311,-241.0,-17.0,63.0,-48.0,19.0,-5.0,-920.0,-69.0,391.0
2312,-235.0,-19.0,65.0,-51.0,18.0,-4.0,-916.0,-59.0,398.0
2313,-239.0,-17.0,63.0,-51.0,18.0,-5.0,-917.0,-66.0,394.0
2314,-238.0,-17.0,65.0,-52.0,18.0,-5.0,-914.0,-66.0,397.0
2315,-238.0,-20.0,65.0,-54.0,17.0,-4.0,-920.0,-69.0,399.0
2316,-240.0,-18.0,62.0,-55.0,17.0,-3.0,-919.0,-65.0,395.0
2317,-238.0,-17.0,64.0,-55.0,18.0,-6.0,-919.0,-66.0,391.0
2318,-239.0,-20.0,62.0,-56.0,18.0,-5.0,-915.0,-65.0,397.0
2319,-240.0,-23.0,64.0,-55.0,17.0,-5.0,-921.0,-64.0,398.0
2320,-241.0,-17.0,62.0,-55.0,16.0,-4.0,-922.0,-71.0,390.0
2321,-236.0,-17.0,61.0,-56.0,16.0,-4.0,-922.0,-63.0,396.0
2322,-242.0,-15.0,60.0,-57.0,16.0,-5.0,-922.0,-65.0,392.0
2323,-240.0,-16.0,65.0,-59.0,16.0,-4.0,-920.0,-67.0,394.0
2324,-242.0,-17.0,61.0,-58.0,16.0,-4.0,-920.0,-62.0,390.0
2325,-238.0,-14.0,63.0,-57.0,16.0,-5.0,-923.0,-65.0,396.0
2326,-240.0,-16.0,62.0,-57.0,14.0,-6.0,-920.0,-64.0,391.0
2327,-242.0,-16.0,62.0,-55.0,14.0,-5.0,-918.0,-64.0,393.0
2328,-240.0,-19.0,65.0,-56.0,15.0,-5.0,-917.0,-68.0,398.0
2329,-239.0,-19.0,61.0,-56.0,13.0,-4.0,-922.0,-67.0,394.0
2330,-238.0,-19.0,66.0,-54.0,11.0,-3.0,-917.0,-71.0,395.0
2331,-237.0,-18.0,61.0,-53.0,10.0,-3.0,-914.0,-66.0,394.0
2332,-238.0,-22.0,64.0,-50.0,11.0,-5.0,-921.0,-63.0,398.0
2333,-240.0,-16.0,65.0,-50.0,10.0,-4.0,-921.0,-70.0,395.0
2334,-239.0,-18.0,63.0,-50.0,10.0,-6.0,-919.0,-73.0,394.0
2335,-238.0,-15.0,64.0,-49.0,10.0,-7.0,-922.0,-61.0,399.0
2336,-237.0,-20.0,64.0,-50.0,11.0,-5.0,-922.0,-65.0,399.0
2337,-240.0,-18.0,67.0,-52.0,11.0,-6.0,-919.0,-65.0,399.0
2338,-239.0,-17.0,67.0,-53.0,10.0,-6.0,-920.0,-69.0,398.0
2339,-246.0,-28.0,75.0,-55.0,12.0,-6.0,-919.0,-69.0,398.0
2340,-236.0,-21.0,66.0,-54.0,13.0,-7.0,-916.0,-70.0,399.0
2341,-237.0,-21.0,66.0,-55.0,14.0,-7.0,-919.0,-65.0,396.0
2342,-236.0,-20.0,64.0,-54.0,14.0,-7.0,-916.0,-69.0,390.0
2343,-236.0,-19.0,59.0,-56.0,15.0,-7.0,-918.0,-72.0,393.0
2344,-241.0,-19.0,68.0,-56.0,17.0,-8.0,-914.0,-66.0,395.0
2345,-240.0,-17.0,66.0,-55.0,16.0,-7.0,-917.0,-67.0,401.0
2346,-238.0,-17.0,64.0,-54.0,14.0,-7.0,-919.0,-69.0,398.0
2347,-241.0,-17.0,64.0,-54.0,16.0,-8.0,-911.0,-66.0,394.0
2348,-240.0,-18.0,66.0,-54.0,16.0,-7.0,-910.0,-75.0,399.0
2349,-237.0,-17.0,63.0,-52.0,17.0,-6.0,-911.0,-68.0,397.0
2350,-245.0,-21.0,65.0,-52.0,16.0,-6.0,-917.0,-75.0,394.0
2351,-242.0,-18.0,62.0,-54.0,17.0,-4.0,-915.0,-67.0,397.0
2352,-240.0,-20.0,59.0,-53.0,16.0,-4.0,-917.0,-72.0,402.0
2353,-238.0,-20.0,60.0,-53.0,17.0,-4.0,-918.0,-69.0,398.0
2354,-238.0,-18.0,62.0,-51.0,16.0,-5.0,-912.0,-74.0,394.0
2355,-235.0,-18.0,62.0,-51.0,18.0,-5.0,-912.0,-68.0,390.0
2356,-240.0,-17.0,65.0,-52.0,17.0,-4.0,-920.0,-75.0,397.0
2357,-237.0,-17.0,65.0,-51.0,18.0,-5.0,-912.0,-66.0,395.0
2358,-237.0,-20.0,63.0,-51.0,17.0,-5.0,-919.0,-72.0,398.0
2359,-240.0,-15.0,63.0,-49.0,15.0,-5.0,-918.0,-67.0,392.0
2360,-236.0,-19.0,60.0,-50.0,15.0,-4.0,-921.0,-64.0,395.0
2361,-246.0,-18.0,69.0,-48.0,17.0,-4.0,-915.0,-69.0,397.0
2362,-237.0,-19.0,64.0,-47.0,17.0,-3.0,-921.0,-68.0,400.0
2363,-240.0,-20.0,64.0,-46.0,17.0,-5.0,-921.0,-71.0,396.0
2364,-238.0,-19.0,67.0,-44.0,15.0,-3.0,-915.0,-69.0,393.0
2365,-235.0,-17.0,64.0,-42.0,16.0,-2.0,-921.0,-66.0,386.0
2366,-240.0,-20.0,59.0,-44.0,14.0,-3.0,-917.0,-72.0,396.0
2367,-239.0,-21.0,60.0,-42.0,15.0,-2.0,-910.0,-70.0,395.0
2368,-238.0,-18.0,62.0,-42.0,15.0,-4.0,-917.0,-72.0,397.0
2369,-240.0,-17.0,62.0,-41.0,16.0,-3.0,-919.0,-71.0,392.0
2370,-238.0,-22.0,63.0,-39.0,15.0,-4.0,-916.0,-69.0,397.0
2371,-239.0,-18.0,60.0,-39.0,16.0,-4.0,-923.0,-69.0,396.0
2372,-229.0,-15.0,55.0,-39.0,15.0,-2.0,-919.0,-68.0,399.0
2373,-235.0,-20.0,63.0,-39.0,16.0,-4.0,-917.0,-65.0,400.0
2374,-238.0,-20.0,61.0,-40.0,16.0,-3.0,-916.0,-66.0,399.0
2375,-237.0,-20.0,62.0,-40.0,17.0,-2.0,-916.0,-68.0,396.0
2376,-239.0,-20.0,68.0,-43.0,17.0,-2.0,-917.0,-70.0,398.0
2377,-241.0,-16.0,67.0,-47.0,17.0,-2.0,-918.0,-62.0,400.0
2378,-240.0,-18.0,63.0,-48.0,18.0,-2.0,-921.0,-68.0,399.0
2379,-238.0,-20.0,65.0,-50.0,19.0,-4.0,-920.0,-71.0,400.0
2380,-235.0,-21.0,64.0,-51.0,18.0,-2.0,-917.0,-66.0,395.0
2381,-236.0,-20.0,64.0,-53.0,19.0,-2.0,-910.0,-71.0,398.0
2382,-239.0,-19.0,62.0,-52.0,19.0,-2.0,-913.0,-69.0,396.0
2383,-237.0,-19.0,61.0,-49.0,19.0,-2.0,-916.0,-64.0,395.0
2384,-240.0,-20.0,62.0,-46.0,19.0,-2.0,-916.0,-65.0,393.0
2385,-241.0,-16.0,63.0,-44.0,18.0,-3.0,-922.0,-73.0,390.0
2386,-241.0,-21.0,59.0,-41.0,15.0,-3.0,-921.0,-74.0,393.0
2387,-238.0,-18.0,59.0,-36.0,11.0,-3.0,-921.0,-61.0,391.0
2388,-242.0,-17.0,62.0,-36.0,9.0,-4.0,-924.0,-66.0,389.0
2389,-242.0,-16.0,58.0,-33.0,8.0,-4.0,-922.0,-59.0,392.0
2390,-239.0,-19.0,63.0,-30.0,7.0,-5.0,-921.0,-64.0,394.0
2391,-241.0,-17.0,63.0,-32.0,6.0,-6.0,-924.0,-60.0,395.0
2392,-238.0,-21.0,64.0,-32.0,5.0,-6.0,-924.0,-63.0,398.0
2393,-237.0,-18.0,62.0,-33.0,5.0,-7.0,-923.0,-64.0,397.0
2394,-240.0,-19.0,64.0,-35.0,7.0,-6.0,-922.0,-64.0,400.0
2395,-238.0,-19.0,64.0,-38.0,9.0,-7.0,-914.0,-74.0,401.0
2396,-243.0,-19.0,66.0,-41.0,10.0,-6.0,-920.0,-69.0,396.0
2397,-239.0,-22.0,66.0,-43.0,12.0,-5.0,-915.0,-71.0,399.0
2398,-237.0,-20.0,65.0,-46.0,13.0,-4.0,-915.0,-70.0,399.0
2399,-238.0,-18.0,68.0,-47.0,14.0,-2.0,-910.0,-79.0,397.0
2400,-236.0,-21.0,65.0,-44.0,15.0,0.0,-911.0,-78.0,399.0
2401,-243.0,-20.0,61.0,-43.0,17.0,1.0,-913.0,-83.0,398.0
2402,-239.0,-22.0,60.0,-43.0,18.0,2.0,-918.0,-78.0,395.0
2403,-240.0,-20.0,61.0,-39.0,18.0,4.0,-923.0,-73.0,391.0
2404,-241.0,-19.0,66.0,-37.0,17.0,5.0,-925.0,-64.0,388.0
2405,-238.0,-18.0,60.0,-35.0,17.0,6.0,-922.0,-66.0,388.0
2406,-241.0,-16.0,62.0,-35.0,16.0,6.0,-928.0,-67.0,381.0
2407,-240.0,-19.0,59.0,-32.0,16.0,7.0,-925.0,-64.0,393.0
2408,-241.0,-18.0,62.0,-32.0,16.0,6.0,-924.0,-65.0,394.0
2409,-241.0,-17.0,65.0,-32.0,16.0,6.0,-922.0,-73.0,396.0
2410,-238.0,-21.0,66.0,-36.0,18.0,6.0,-914.0,-69.0,394.0
2411,-237.0,-18.0,64.0,-37.0,18.0,4.0,-913.0,-71.0,404.0
2412,-236.0,-21.0,61.0,-35.0,19.0,4.0,-910.0,-69.0,396.0
2413,-236.0,-19.0,66.0,-37.0,17.0,3.0,-911.0,-69.0,394.0
2414,-236.0,-18.0,64.0,-38.0,17.0,2.0,-907.0,-62.0,397.0
2415,-238.0,-19.0,62.0,-41.0,16.0,1.0,-916.0,-69.0,402.0
2416,-240.0,-18.0,63.0,-45.0,15.0,-1.0,-916.0,-61.0,400.0
2417,-241.0,-15.0,64.0,-44.0,11.0,-1.0,-911.0,-62.0,400.0
2418,-239.0,-18.0,61.0,-45.0,8.0,-2.0,-918.0,-59.0,397.0
2419,-240.0,-19.0,62.0,-43.0,6.0,-2.0,-921.0,-64.0,400.0
2420,-238.0,-19.0,62.0,-45.0,8.0,-4.0,-921.0,-63.0,396.0
2421,-241.0,-17.0,68.0,-46.0,9.0,-4.0,-919.0,-65.0,395.0
2422,-240.0,-17.0,64.0,-43.0,10.0,-6.0,-922.0,-59.0,402.0
2423,-238.0,-17.0,66.0,-42.0,11.0,-6.0,-921.0,-59.0,401.0
2424,-239.0,-17.0,63.0,-42.0,11.0,-7.0,-922.0,-63.0,399.0
2425,-239.0,-19.0,65.0,-42.0,14.0,-6.0,-918.0,-57.0,400.0
2426,-239.0,-18.0,64.0,-42.0,16.0,-6.0,-919.0,-57.0,400.0
2427,-237.0,-18.0,67.0,-42.0,17.0,-7.0,-921.0,-65.0,401.0
2428,-237.0,-16.0,62.0,-42.0,16.0,-8.0,-914.0,-65.0,393.0
2429,-239.0,-17.0,64.0,-43.0,17.0,-7.0,-914.0,-64.0,398.0
2430,-237.0,-19.0,62.0,-43.0,16.0,-7.0,-918.0,-65.0,398.0
2431,-237.0,-18.0,62.0,-44.0,17.0,-8.0,-914.0,-62.0,395.0
2432,-239.0,-19.0,65.0,-47.0,17.0,-8.0,-921.0,-60.0,396.0
2433,-240.0,-18.0,59.0,-47.0,16.0,-10.0,-919.0,-64.0,398.0
2434,-237.0,-19.0,64.0,-49.0,15.0,-7.0,-911.0,-69.0,395.0
2435,-239.0,-15.0,62.0,-50.0,15.0,-6.0,-916.0,-65.0,397.0
2436,-238.0,-19.0,63.0,-50.0,15.0,-6.0,-918.0,-65.0,400.0
2437,-238.0,-18.0,60.0,-47.0,14.0,-6.0,-912.0,-70.0,397.0
2438,-238.0,-18.0,64.0,-47.0,14.0,-6.0,-918.0,-64.0,396.0
2439,-240.0,-21.0,60.0,-48.0,14.0,-4.0,-920.0,-65.0,400.0
2440,-239.0,-18.0,65.0,-48.0,13.0,-5.0,-913.0,-69.0,396.0
2441,-240.0,-20.0,67.0,-48.0,12.0,-5.0,-913.0,-69.0,397.0
2442,-237.0,-21.0,66.0,-48.0,13.0,-4.0,-920.0,-70.0,395.0
2443,-239.0,-20.0,66.0,-50.0,12.0,-4.0,-911.0,-70.0,402.0
2444,-239.0,-19.0,62.0,-50.0,12.0,-2.0,-918.0,-65.0,394.0
2445,-241.0,-16.0,61.0,-51.0,11.0,-3.0,-916.0,-66.0,392.0
2446,-239.0,-16.0,62.0,-52.0,11.0,-3.0,-920.0,-65.0,394.0
2447,-236.0,-18.0,60.0,-52.0,9.0,-3.0,-920.0,-59.0,394.0
2448,-239.0,-18.0,64.0,-54.0,10.0,-4.0,-921.0,-63.0,398.0
2449,-237.0,-18.0,64.0,-56.0,11.0,-4.0,-914.0,-70.0,394.0
2450,-238.0,-17.0,66.0,-58.0,11.0,-3.0,-918.0,-64.0,388.0
2451,-238.0,-20.0,66.0,-59.0,12.0,-4.0,-912.0,-63.0,392.0
2452,-234.0,-18.0,62.0,-57.0,10.0,-4.0,-917.0,-65.0,395.0
2453,-238.0,-20.0,62.0,-56.0,11.0,-4.0,-913.0,-73.0,395.0
2454,-237.0,-22.0,65.0,-53.0,11.0,-3.0,-914.0,-73.0,399.0
2455,-239.0,-20.0,63.0,-49.0,11.0,-3.0,-912.0,-66.0,395.0
2456,-238.0,-22.0,64.0,-48.0,9.0,-3.0,-914.0,-71.0,395.0
2457,-238.0,-18.0,65.0,-46.0,6.0,-2.0,-914.0,-70.0,396.0
2458,-238.0,-20.0,59.0,-45.0,4.0,-2.0,-916.0,-69.0,397.0
2459,-238.0,-18.0,63.0,-45.0,1.0,-1.0,-920.0,-63.0,393.0
2460,-236.0,-20.0,62.0,-44.0,0.0,-2.0,-919.0,-68.0,396.0
2461,-238.0,-20.0,66.0,-43.0,1.0,-2.0,-919.0,-72.0,393.0
2462,-240.0,-20.0,62.0,-45.0,2.0,1.0,-920.0,-68.0,402.0
2463,-243.0,-16.0,66.0,-47.0,4.0,-1.0,-922.0,-69.0,400.0
2464,-239.0,-20.0,67.0,-48.0,4.0,-1.0,-921.0,-64.0,397.0
2465,-235.0,-18.0,63.0,-50.0,6.0,-1.0,-916.0,-66.0,400.0
2466,-239.0,-16.0,64.0,-51.0,8.0,-2.0,-913.0,-70.0,398.0
2467,-238.0,-19.0,67.0,-52.0,10.0,-2.0,-921.0,-68.0,397.0
2468,-236.0,-20.0,62.0,-54.0,11.0,-2.0,-916.0,-64.0,399.0
2469,-238.0,-18.0,66.0,-53.0,13.0,-1.0,-913.0,-68.0,402.0
2470,-238.0,-19.0,64.0,-54.0,15.0,0.0,-911.0,-70.0,398.0
2471,-238.0,-18.0,64.0,-53.0,14.0,-1.0,-916.0,-65.0,398.0
2472,-238.0,-19.0,64.0,-52.0,12.0,-1.0,-918.0,-67.0,394.0
2473,-238.0,-17.0,63.0,-49.0,13.0,-2.0,-918.0,-71.0,398.0
2474,-240.0,-18.0,63.0,-48.0,10.0,-1.0,-919.0,-67.0,397.0
2475,-237.0,-15.0,67.0,-47.0,9.0,-4.0,-918.0,-67.0,398.0
2476,-236.0,-21.0,61.0,-44.0,7.0,-4.0,-918.0,-61.0,396.0
2477,-242.0,-17.0,63.0,-43.0,7.0,-5.0,-923.0,-61.0,400.0
2478,-239.0,-20.0,62.0,-43.0,9.0,-6.0,-921.0,-65.0,400.0
2479,-242.0,-16.0,64.0,-45.0,9.0,-5.0,-913.0,-68.0,403.0
2480,-239.0,-19.0,67.0,-44.0,12.0,-7.0,-917.0,-68.0,399.0
2481,-241.0,-16.0,68.0,-45.0,14.0,-6.0,-920.0,-64.0,400.0
2482,-237.0,-16.0,63.0,-45.0,15.0,-5.0,-916.0,-68.0,398.0
2483,-238.0,-17.0,67.0,-46.0,16.0,-5.0,-916.0,-61.0,400.0
2484,-237.0,-15.0,67.0,-47.0,15.0,-5.0,-917.0,-64.0,400.0
2485,-237.0,-17.0,64.0,-45.0,17.0,-5.0,-915.0,-69.0,394.0
2486,-238.0,-21.0,63.0,-44.0,17.0,-4.0,-917.0,-69.0,399.0
2487,-238.0,-17.0,60.0,-43.0,16.0,-2.0,-916.0,-66.0,390.0
2488,-239.0,-18.0,61.0,-42.0,16.0,-3.0,-912.0,-68.0,398.0
2489,-238.0,-18.0,63.0,-43.0,15.0,-3.0,-911.0,-64.0,401.0
2490,-237.0,-18.0,59.0,-41.0,12.0,-3.0,-916.0,-67.0,399.0
2491,-238.0,-19.0,65.0,-43.0,12.0,-4.0,-909.0,-72.0,398.0
2492,-240.0,-18.0,62.0,-44.0,12.0,-4.0,-918.0,-60.0,398.0
2493,-238.0,-19.0,60.0,-42.0,10.0,-5.0,-919.0,-66.0,396.0
2494,-236.0,-17.0,65.0,-43.0,9.0,-6.0,-916.0,-71.0,395.0
2495,-239.0,-15.0,66.0,-43.0,9.0,-5.0,-914.0,-66.0,396.0
2496,-241.0,-17.0,64.0,-44.0,10.0,-4.0,-920.0,-61.0,398.0
2497,-238.0,-18.0,62.0,-42.0,10.0,-4.0,-920.0,-65.0,398.0
2498,-237.0,-17.0,61.0,-43.0,9.0,-3.0,-914.0,-66.0,392.0
2499,-237.0,-18.0,60.0,-42.0,8.0,-3.0,-917.0,-68.0,392.0
2500,-238.0,-21.0,62.0,-43.0,8.0,-5.0,-918.0,-60.0,397.0
2501,-240.0,-18.0,66.0,-44.0,7.0,-5.0,-917.0,-64.0,400.0
2502,-238.0,-17.0,65.0,-46.0,8.0,-3.0,-913.0,-69.0,400.0
2503,-239.0,-16.0,64.0,-47.0,7.0,-4.0,-917.0,-64.0,400.0
2504,-233.0,-20.0,61.0,-47.0,7.0,-5.0,-921.0,-64.0,397.0
2505,-241.0,-17.0,64.0,-50.0,7.0,-6.0,-918.0,-71.0,396.0
2506,-237.0,-19.0,62.0,-51.0,6.0,-4.0,-916.0,-63.0,399.0
2507,-239.0,-19.0,65.0,-52.0,8.0,-5.0,-919.0,-65.0,399.0
2508,-239.0,-20.0,68.0,-54.0,10.0,-4.0,-917.0,-68.0,398.0
2509,-238.0,-21.0,63.0,-54.0,12.0,-5.0,-922.0,-63.0,398.0
2510,-235.0,-20.0,61.0,-56.0,12.0,-5.0,-916.0,-69.0,396.0
2511,-239.0,-20.0,61.0,-56.0,12.0,-5.0,-918.0,-65.0,398.0
2512,-241.0,-16.0,65.0,-56.0,12.0,-4.0,-918.0,-65.0,394.0
2513,-239.0,-20.0,66.0,-56.0,12.0,-3.0,-913.0,-69.0,397.0
2514,-238.0,-18.0,62.0,-57.0,12.0,-4.0,-916.0,-67.0,397.0
2515,-239.0,-16.0,66.0,-56.0,11.0,-4.0,-921.0,-67.0,398.0
2516,-236.0,-17.0,62.0,-57.0,11.0,-4.0,-915.0,-66.0,399.0
2517,-238.0,-22.0,62.0,-54.0,11.0,-4.0,-917.0,-65.0,398.0
2518,-242.0,-18.0,61.0,-52.0,11.0,-6.0,-917.0,-77.0,397.0
2519,-239.0,-17.0,64.0,-50.0,12.0,-5.0,-919.0,-64.0,397.0
2520,-238.0,-18.0,62.0,-49.0,11.0,-5.0,-913.0,-68.0,399.0
2521,-239.0,-19.0,65.0,-47.0,11.0,-4.0,-919.0,-69.0,397.0
2522,-238.0,-19.0,65.0,-45.0,10.0,-5.0,-920.0,-66.0,397.0
2523,-236.0,-19.0,63.0,-43.0,10.0,-5.0,-912.0,-67.0,394.0
2524,-238.0,-18.0,61.0,-43.0,10.0,-5.0,-920.0,-70.0,403.0
2525,-237.0,-18.0,67.0,-41.0,9.0,-5.0,-921.0,-66.0,399.0
2526,-238.0,-17.0,63.0,-44.0,10.0,-4.0,-915.0,-64.0,394.0
2527,-241.0,-16.0,64.0,-44.0,10.0,-5.0,-917.0,-72.0,397.0
2528,-239.0,-18.0,63.0,-44.0,10.0,-5.0,-921.0,-68.0,397.0
2529,-237.0,-15.0,67.0,-45.0,9.0,-5.0,-914.0,-65.0,399.0
2530,-238.0,-19.0,66.0,-46.0,10.0,-5.0,-916.0,-62.0,397.0
2531,-238.0,-19.0,63.0,-47.0,10.0,-5.0,-912.0,-65.0,397.0
2532,-238.0,-17.0,65.0,-46.0,11.0,-5.0,-920.0,-71.0,395.0
2533,-241.0,-18.0,62.0,-48.0,11.0,-5.0,-917.0,-68.0,399.0
2534,-239.0,-20.0,64.0,-49.0,13.0,-5.0,-916.0,-66.0,395.0
2535,-236.0,-19.0,67.0,-48.0,13.0,-5.0,-913.0,-72.0,397.0
2536,-235.0,-19.0,67.0,-47.0,13.0,-4.0,-920.0,-72.0,394.0
2537,-236.0,-19.0,69.0,-46.0,12.0,-3.0,-915.0,-72.0,399.0
2538,-238.0,-18.0,66.0,-48.0,13.0,-3.0,-914.0,-75.0,398.0
2539,-240.0,-16.0,64.0,-49.0,12.0,-3.0,-912.0,-68.0,400.0
2540,-238.0,-20.0,66.0,-49.0,10.0,-3.0,-914.0,-69.0,401.0
2541,-237.0,-22.0,64.0,-48.0,11.0,-3.0,-917.0,-75.0,398.0
2542,-237.0,-19.0,61.0,-48.0,12.0,-2.0,-912.0,-66.0,400.0
2543,-237.0,-19.0,61.0,-48.0,12.0,-1.0,-919.0,-62.0,396.0
2544,-240.0,-19.0,63.0,-48.0,12.0,-3.0,-923.0,-66.0,398.0
2545,-240.0,-17.0,62.0,-47.0,12.0,-1.0,-919.0,-64.0,401.0
2546,-237.0,-20.0,61.0,-47.0,12.0,-1.0,-918.0,-66.0,394.0
2547,-243.0,-17.0,64.0,-48.0,13.0,-1.0,-914.0,-68.0,398.0
2548,-239.0,-18.0,66.0,-44.0,14.0,0.0,-919.0,-67.0,401.0
2549,-238.0,-17.0,62.0,-46.0,13.0,-1.0,-923.0,-64.0,395.0
2550,-239.0,-15.0,61.0,-44.0,13.0,-1.0,-915.0,-70.0,398.0
2551,-239.0,-18.0,65.0,-44.0,14.0,-1.0,-918.0,-67.0,398.0
2552,-239.0,-17.0,67.0,-42.0,12.0,-1.0,-912.0,-65.0,402.0
2553,-241.0,-19.0,65.0,-42.0,12.0,-2.0,-919.0,-63.0,399.0
2554,-238.0,-21.0,67.0,-42.0,11.0,-2.0,-919.0,-65.0,400.0
2555,-237.0,-19.0,66.0,-42.0,12.0,-1.0,-911.0,-66.0,398.0
2556,-239.0,-20.0,60.0,-42.0,10.0,-1.0,-914.0,-69.0,398.0
2557,-237.0,-20.0,67.0,-44.0,11.0,-2.0,-924.0,-66.0,399.0
2558,-238.0,-17.0,63.0,-44.0,11.0,-2.0,-916.0,-68.0,405.0
2559,-239.0,-18.0,67.0,-44.0,10.0,-2.0,-921.0,-64.0,397.0
2560,-236.0,-20.0,66.0,-45.0,11.0,-3.0,-918.0,-71.0,399.0
2561,-238.0,-18.0,63.0,-44.0,13.0,-3.0,-916.0,-64.0,402.0
2562,-238.0,-18.0,64.0,-44.0,14.0,-2.0,-916.0,-65.0,404.0
2563,-239.0,-15.0,67.0,-45.0,16.0,-4.0,-915.0,-69.0,403.0
2564,-238.0,-17.0,66.0,-47.0,16.0,-2.0,-914.0,-68.0,400.0
2565,-238.0,-18.0,68.0,-50.0,16.0,-3.0,-920.0,-68.0,399.0
2566,-238.0,-16.0,64.0,-50.0,16.0,-4.0,-918.0,-70.0,398.0
2567,-237.0,-17.0,65.0,-54.0,15.0,-3.0,-917.0,-69.0,403.0
2568,-228.0,-13.0,57.0,-54.0,16.0,-4.0,-914.0,-67.0,402.0
2569,-238.0,-19.0,62.0,-53.0,17.0,-2.0,-912.0,-69.0,397.0
2570,-235.0,-21.0,65.0,-52.0,16.0,-3.0,-917.0,-61.0,399.0
2571,-239.0,-20.0,63.0,-50.0,17.0,-3.0,-917.0,-65.0,396.0
2572,-238.0,-19.0,63.0,-48.0,15.0,-3.0,-918.0,-68.0,398.0
2573,-238.0,-19.0,63.0,-46.0,14.0,-4.0,-917.0,-69.0,400.0
2574,-240.0,-19.0,63.0,-42.0,10.0,-3.0,-919.0,-62.0,399.0
2575,-236.0,-19.0,62.0,-38.0,8.0,-3.0,-920.0,-66.0,394.0
2576,-239.0,-18.0,62.0,-37.0,6.0,-4.0,-922.0,-64.0,390.0
2577,-239.0,-17.0,63.0,-34.0,5.0,-4.0,-924.0,-63.0,396.0
2578,-240.0,-17.0,63.0,-32.0,4.0,-5.0,-921.0,-65.0,398.0
2579,-236.0,-11.0,49.0,-30.0,2.0,-6.0,-917.0,-61.0,397.0
2580,-235.0,-19.0,66.0,-27.0,1.0,-7.0,-923.0,-60.0,398.0
2581,-239.0,-17.0,63.0,-27.0,2.0,-7.0,-923.0,-59.0,400.0
2582,-238.0,-19.0,65.0,-25.0,3.0,-6.0,-916.0,-65.0,399.0
2583,-236.0,-18.0,66.0,-25.0,2.0,-6.0,-917.0,-69.0,395.0
2584,-236.0,-22.0,65.0,-25.0,4.0,-7.0,-916.0,-68.0,401.0
2585,-238.0,-20.0,63.0,-28.0,6.0,-6.0,-920.0,-71.0,400.0
2586,-236.0,-20.0,63.0,-26.0,8.0,-5.0,-919.0,-75.0,401.0
2587,-235.0,-21.0,67.0,-28.0,9.0,-4.0,-908.0,-79.0,405.0
2588,-236.0,-20.0,67.0,-28.0,11.0,-2.0,-908.0,-79.0,400.0
2589,-233.0,-23.0,66.0,-25.0,11.0,0.0,-909.0,-79.0,402.0
2590,-231.0,-21.0,65.0,-24.0,9.0,-1.0,-911.0,-79.0,401.0
2591,-239.0,-18.0,64.0,-23.0,10.0,-1.0,-915.0,-72.0,391.0
2592,-239.0,-16.0,62.0,-21.0,9.0,0.0,-917.0,-69.0,391.0
2593,-237.0,-16.0,59.0,-20.0,5.0,3.0,-923.0,-62.0,393.0
2594,-238.0,-17.0,64.0,-17.0,0.0,3.0,-914.0,-62.0,391.0
2595,-241.0,-17.0,64.0,-16.0,0.0,5.0,-918.0,-67.0,388.0
2596,-241.0,-16.0,59.0,-14.0,-2.0,4.0,-918.0,-68.0,392.0
2597,-238.0,-15.0,66.0,-14.0,-3.0,6.0,-918.0,-68.0,399.0
2598,-236.0,-18.0,65.0,-15.0,-4.0,5.0,-914.0,-66.0,400.0
2599,-240.0,-16.0,65.0,-15.0,-5.0,1.0,-913.0,-64.0,399.0
2600,-238.0,-19.0,65.0,-16.0,-4.0,0.0,-910.0,-63.0,402.0
2601,-228.0,-12.0,57.0,-20.0,-1.0,1.0,-911.0,-62.0,406.0
2602,-239.0,-16.0,65.0,-23.0,0.0,2.0,-909.0,-59.0,406.0
2603,-235.0,-15.0,64.0,-27.0,0.0,2.0,-894.0,-46.0,407.0
2604,-240.0,-17.0,65.0,-24.0,-1.0,9.0,-923.0,-66.0,402.0
2605,-243.0,-18.0,64.0,-24.0,-3.0,4.0,-923.0,-64.0,403.0
2606,-238.0,-19.0,63.0,-26.0,-1.0,1.0,-916.0,-61.0,399.0
2607,-236.0,-17.0,64.0,-28.0,-1.0,1.0,-918.0,-62.0,405.0
2608,-238.0,-19.0,65.0,-28.0,-1.0,-2.0,-915.0,-62.0,403.0
2609,-242.0,-17.0,65.0,-29.0,0.0,-4.0,-921.0,-66.0,403.0
2610,-239.0,-15.0,62.0,-28.0,0.0,-3.0,-921.0,-63.0,406.0
2611,-238.0,-16.0,64.0,-26.0,2.0,-1.0,-915.0,-59.0,402.0
2612,-239.0,-17.0,64.0,-18.0,2.0,-2.0,-927.0,-63.0,403.0
2613,-240.0,-16.0,62.0,-19.0,2.0,-6.0,-916.0,-62.0,402.0
2614,-239.0,-17.0,65.0,-23.0,5.0,-7.0,-914.0,-60.0,401.0
2615,-234.0,-18.0,67.0,-26.0,6.0,-8.0,-917.0,-63.0,401.0
2616,-236.0,-17.0,66.0,-30.0,6.0,-6.0,-916.0,-62.0,408.0
2617,-241.0,-17.0,63.0,-33.0,6.0,-8.0,-914.0,-58.0,407.0
2618,-237.0,-15.0,67.0,-33.0,8.0,-8.0,-921.0,-62.0,407.0
2619,-220.0,-14.0,60.0,-36.0,9.0,-8.0,-915.0,-60.0,405.0
2620,-238.0,-16.0,68.0,-37.0,10.0,-8.0,-911.0,-59.0,404.0
2621,-238.0,-16.0,68.0,-37.0,11.0,-8.0,-916.0,-61.0,405.0
2622,-242.0,-18.0,65.0,-38.0,13.0,-7.0,-917.0,-63.0,404.0
2623,-236.0,-15.0,68.0,-41.0,14.0,-8.0,-912.0,-62.0,403.0
2624,-238.0,-13.0,67.0,-45.0,15.0,-7.0,-912.0,-62.0,403.0
2625,-239.0,-18.0,62.0,-49.0,16.0,-6.0,-913.0,-65.0,403.0
2626,-236.0,-18.0,61.0,-51.0,16.0,-7.0,-916.0,-59.0,401.0
2627,-242.0,-16.0,69.0,-52.0,17.0,-7.0,-914.0,-63.0,401.0
2628,-238.0,-17.0,63.0,-53.0,16.0,-7.0,-911.0,-61.0,405.0
2629,-237.0,-19.0,62.0,-52.0,16.0,-6.0,-914.0,-66.0,403.0
2630,-237.0,-18.0,65.0,-51.0,17.0,-5.0,-913.0,-67.0,403.0
2631,-237.0,-18.0,66.0,-52.0,15.0,-6.0,-916.0,-69.0,400.0
2632,-239.0,-17.0,65.0,-52.0,14.0,-5.0,-910.0,-66.0,400.0
2633,-237.0,-19.0,60.0,-52.0,12.0,-5.0,-918.0,-60.0,402.0
2634,-240.0,-15.0,66.0,-52.0,10.0,-6.0,-918.0,-58.0,401.0
2635,-238.0,-17.0,65.0,-53.0,10.0,-6.0,-912.0,-62.0,398.0
2636,-239.0,-15.0,64.0,-56.0,7.0,-6.0,-921.0,-60.0,396.0
2637,-236.0,-20.0,63.0,-57.0,7.0,-7.0,-913.0,-63.0,403.0
2638,-238.0,-20.0,65.0,-57.0,8.0,-8.0,-916.0,-62.0,398.0
2639,-241.0,-18.0,63.0,-59.0,7.0,-6.0,-913.0,-61.0,398.0
2640,-236.0,-19.0,67.0,-56.0,6.0,-6.0,-914.0,-70.0,403.0
2641,-236.0,-19.0,64.0,-54.0,7.0,-6.0,-911.0,-69.0,401.0
2642,-238.0,-19.0,66.0,-53.0,8.0,-5.0,-916.0,-65.0,404.0
2643,-238.0,-20.0,65.0,-50.0,7.0,-5.0,-910.0,-68.0,401.0
2644,-236.0,-21.0,68.0,-48.0,5.0,-5.0,-915.0,-65.0,401.0
2645,-235.0,-20.0,64.0,-46.0,4.0,-5.0,-912.0,-69.0,404.0
2646,-235.0,-18.0,64.0,-45.0,3.0,-5.0,-913.0,-66.0,404.0
2647,-239.0,-20.0,65.0,-45.0,0.0,-4.0,-911.0,-66.0,402.0
2648,-237.0,-15.0,66.0,-44.0,-1.0,-3.0,-920.0,-67.0,405.0
2649,-236.0,-18.0,67.0,-45.0,-1.0,-3.0,-914.0,-74.0,404.0
2650,-239.0,-18.0,67.0,-46.0,-1.0,-4.0,-915.0,-66.0,408.0
2651,-238.0,-20.0,63.0,-47.0,-1.0,-3.0,-920.0,-68.0,406.0
2652,-240.0,-16.0,65.0,-47.0,1.0,-2.0,-911.0,-68.0,407.0
2653,-240.0,-14.0,68.0,-50.0,4.0,-1.0,-920.0,-77.0,405.0
2654,-240.0,-18.0,66.0,-52.0,6.0,-2.0,-917.0,-68.0,404.0
2655,-235.0,-21.0,69.0,-53.0,9.0,-1.0,-915.0,-65.0,402.0
2656,-237.0,-18.0,65.0,-54.0,11.0,-1.0,-916.0,-64.0,405.0
2657,-236.0,-18.0,63.0,-54.0,12.0,0.0,-910.0,-61.0,406.0
2658,-236.0,-17.0,66.0,-55.0,14.0,0.0,-910.0,-65.0,401.0
2659,-238.0,-18.0,69.0,-53.0,14.0,0.0,-915.0,-65.0,405.0
2660,-237.0,-23.0,65.0,-51.0,14.0,0.0,-910.0,-67.0,400.0
2661,-240.0,-18.0,66.0,-50.0,13.0,0.0,-920.0,-65.0,403.0
2662,-235.0,-21.0,63.0,-47.0,12.0,-1.0,-916.0,-61.0,407.0
2663,-238.0,-16.0,63.0,-46.0,10.0,-2.0,-918.0,-63.0,403.0
2664,-238.0,-19.0,60.0,-45.0,8.0,-2.0,-921.0,-65.0,404.0
2665,-238.0,-17.0,63.0,-44.0,7.0,-2.0,-921.0,-68.0,402.0
2666,-243.0,-16.0,68.0,-43.0,8.0,-4.0,-919.0,-63.0,405.0
2667,-239.0,-16.0,64.0,-42.0,8.0,-4.0,-914.0,-59.0,403.0
2668,-240.0,-18.0,62.0,-42.0,11.0,-5.0,-917.0,-68.0,405.0
2669,-236.0,-18.0,67.0,-42.0,12.0,-4.0,-919.0,-59.0,408.0
2670,-239.0,-17.0,66.0,-43.0,13.0,-5.0,-913.0,-62.0,412.0
2671,-237.0,-18.0,67.0,-43.0,15.0,-5.0,-912.0,-64.0,406.0
2672,-238.0,-17.0,66.0,-43.0,18.0,-4.0,-910.0,-63.0,407.0
2673,-239.0,-14.0,63.0,-43.0,18.0,-3.0,-908.0,-67.0,406.0
2674,-236.0,-18.0,62.0,-42.0,18.0,-2.0,-911.0,-61.0,401.0
2675,-238.0,-16.0,61.0,-45.0,18.0,-3.0,-908.0,-61.0,404.0
2676,-237.0,-18.0,62.0,-42.0,19.0,-3.0,-913.0,-63.0,409.0
2677,-238.0,-17.0,66.0,-44.0,20.0,-3.0,-912.0,-65.0,396.0
2678,-238.0,-18.0,66.0,-44.0,17.0,-2.0,-913.0,-62.0,402.0
2679,-236.0,-16.0,63.0,-45.0,18.0,-3.0,-913.0,-71.0,404.0
2680,-236.0,-17.0,69.0,-47.0,16.0,-2.0,-911.0,-62.0,405.0
2681,-238.0,-19.0,63.0,-48.0,15.0,-2.0,-914.0,-63.0,403.0
2682,-240.0,-17.0,65.0,-48.0,14.0,-4.0,-913.0,-62.0,407.0
2683,-238.0,-14.0,65.0,-47.0,15.0,-2.0,-916.0,-69.0,400.0
2684,-240.0,-14.0,65.0,-46.0,14.0,-3.0,-913.0,-63.0,409.0
2685,-238.0,-17.0,66.0,-49.0,14.0,-2.0,-917.0,-63.0,405.0
2686,-237.0,-19.0,64.0,-50.0,15.0,-2.0,-916.0,-64.0,404.0
2687,-241.0,-18.0,67.0,-48.0,16.0,-3.0,-912.0,-70.0,405.0
2688,-240.0,-16.0,61.0,-47.0,15.0,-3.0,-920.0,-61.0,402.0
2689,-238.0,-20.0,65.0,-48.0,14.0,-2.0,-915.0,-62.0,403.0
2690,-239.0,-17.0,68.0,-47.0,14.0,-2.0,-920.0,-65.0,398.0
2691,-240.0,-17.0,66.0,-48.0,14.0,-1.0,-919.0,-65.0,402.0
2692,-238.0,-18.0,65.0,-47.0,14.0,-2.0,-919.0,-64.0,400.0
2693,-237.0,-19.0,64.0,-47.0,13.0,-3.0,-923.0,-58.0,402.0
2694,-239.0,-16.0,62.0,-48.0,12.0,-2.0,-913.0,-56.0,400.0
2695,-237.0,-19.0,70.0,-49.0,12.0,-2.0,-920.0,-64.0,401.0
2696,-236.0,-17.0,64.0,-48.0,12.0,-3.0,-910.0,-61.0,403.0
2697,-237.0,-19.0,66.0,-47.0,11.0,-3.0,-916.0,-63.0,404.0
2698,-238.0,-20.0,64.0,-47.0,12.0,-2.0,-913.0,-64.0,406.0
2699,-242.0,-16.0,64.0,-49.0,12.0,-3.0,-918.0,-66.0,395.0
2700,-237.0,-17.0,65.0,-51.0,12.0,-3.0,-917.0,-64.0,403.0
2701,-240.0,-19.0,64.0,-52.0,12.0,-3.0,-922.0,-64.0,400.0
2702,-239.0,-16.0,67.0,-51.0,10.0,-3.0,-909.0,-65.0,401.0
2703,-234.0,-21.0,67.0,-51.0,9.0,-3.0,-912.0,-67.0,405.0
2704,-237.0,-20.0,66.0,-51.0,8.0,-3.0,-910.0,-64.0,403.0
2705,-237.0,-17.0,62.0,-50.0,8.0,-3.0,-913.0,-71.0,402.0
2706,-236.0,-20.0,69.0,-50.0,7.0,-3.0,-909.0,-59.0,401.0
2707,-239.0,-17.0,62.0,-52.0,8.0,-3.0,-912.0,-63.0,405.0
2708,-240.0,-17.0,65.0,-50.0,6.0,-3.0,-914.0,-65.0,406.0
2709,-237.0,-21.0,63.0,-50.0,6.0,-4.0,-917.0,-69.0,403.0
2710,-240.0,-16.0,70.0,-50.0,8.0,-4.0,-913.0,-63.0,403.0
2711,-237.0,-18.0,66.0,-51.0,7.0,-4.0,-920.0,-64.0,404.0
2712,-238.0,-18.0,65.0,-51.0,7.0,-3.0,-920.0,-67.0,402.0
2713,-237.0,-19.0,67.0,-48.0,8.0,-4.0,-916.0,-65.0,399.0
2714,-239.0,-16.0,67.0,-49.0,8.0,-4.0,-921.0,-65.0,406.0
2715,-238.0,-16.0,70.0,-47.0,10.0,-4.0,-919.0,-65.0,399.0
2716,-238.0,-18.0,66.0,-45.0,9.0,-5.0,-908.0,-66.0,401.0
2717,-236.0,-17.0,67.0,-45.0,9.0,-4.0,-913.0,-65.0,405.0
2718,-237.0,-18.0,64.0,-46.0,10.0,-4.0,-916.0,-64.0,403.0
2719,-236.0,-17.0,67.0,-45.0,8.0,-5.0,-912.0,-65.0,403.0
2720,-238.0,-16.0,66.0,-47.0,9.0,-5.0,-910.0,-62.0,404.0
2721,-240.0,-15.0,60.0,-45.0,9.0,-4.0,-908.0,-64.0,402.0
2722,-240.0,-17.0,69.0,-46.0,9.0,-4.0,-908.0,-72.0,398.0
2723,-236.0,-19.0,64.0,-46.0,8.0,-5.0,-912.0,-66.0,404.0
2724,-237.0,-17.0,66.0,-45.0,9.0,-5.0,-910.0,-66.0,404.0
2725,-236.0,-20.0,68.0,-45.0,9.0,-4.0,-913.0,-66.0,407.0
2726,-238.0,-17.0,63.0,-48.0,10.0,-4.0,-915.0,-69.0,404.0
2727,-238.0,-20.0,66.0,-48.0,10.0,-4.0,-912.0,-65.0,406.0
2728,-238.0,-19.0,64.0,-48.0,10.0,-4.0,-910.0,-68.0,412.0
2729,-238.0,-18.0,64.0,-47.0,11.0,-5.0,-915.0,-61.0,405.0
2730,-237.0,-18.0,65.0,-46.0,12.0,-4.0,-911.0,-68.0,405.0
2731,-237.0,-14.0,63.0,-47.0,11.0,-4.0,-908.0,-66.0,403.0
2732,-236.0,-19.0,67.0,-47.0,12.0,-4.0,-914.0,-64.0,404.0
2733,-239.0,-16.0,63.0,-47.0,13.0,-5.0,-912.0,-69.0,405.0
2734,-238.0,-19.0,70.0,-46.0,11.0,-4.0,-911.0,-60.0,405.0
2735,-238.0,-17.0,66.0,-44.0,12.0,-4.0,-919.0,-68.0,408.0
2736,-238.0,-17.0,67.0,-46.0,13.0,-3.0,-913.0,-62.0,406.0
2737,-237.0,-22.0,68.0,-43.0,14.0,-2.0,-914.0,-62.0,406.0
2738,-239.0,-16.0,66.0,-41.0,13.0,-2.0,-917.0,-67.0,403.0
2739,-237.0,-18.0,68.0,-42.0,13.0,-3.0,-909.0,-64.0,407.0
2740,-238.0,-17.0,67.0,-40.0,14.0,-4.0,-912.0,-64.0,405.0
2741,-235.0,-20.0,64.0,-40.0,13.0,-4.0,-912.0,-63.0,406.0
2742,-235.0,-17.0,68.0,-38.0,14.0,-3.0,-920.0,-63.0,401.0
2743,-237.0,-17.0,67.0,-40.0,13.0,-3.0,-920.0,-71.0,406.0
2744,-239.0,-18.0,66.0,-39.0,13.0,-3.0,-911.0,-63.0,402.0
2745,-239.0,-18.0,64.0,-38.0,13.0,-3.0,-915.0,-69.0,400.0
2746,-236.0,-18.0,67.0,-38.0,13.0,-3.0,-918.0,-64.0,402.0
2747,-236.0,-18.0,64.0,-38.0,13.0,-2.0,-915.0,-68.0,403.0
2748,-238.0,-16.0,63.0,-36.0,14.0,-2.0,-916.0,-60.0,408.0
2749,-241.0,-17.0,61.0,-35.0,13.0,-2.0,-917.0,-67.0,406.0
2750,-235.0,-18.0,66.0,-35.0,13.0,-2.0,-911.0,-68.0,401.0
2751,-235.0,-18.0,66.0,-33.0,13.0,-2.0,-915.0,-72.0,406.0
2752,-237.0,-17.0,65.0,-34.0,13.0,-1.0,-914.0,-68.0,404.0
2753,-237.0,-18.0,65.0,-37.0,15.0,-3.0,-914.0,-68.0,398.0
2754,-239.0,-20.0,66.0,-39.0,14.0,-3.0,-914.0,-68.0,405.0
2755,-237.0,-19.0,64.0,-43.0,14.0,-3.0,-912.0,-62.0,409.0
2756,-235.0,-21.0,65.0,-45.0,15.0,-3.0,-908.0,-59.0,401.0
2757,-237.0,-21.0,67.0,-46.0,16.0,-3.0,-911.0,-62.0,402.0
2758,-235.0,-18.0,63.0,-46.0,15.0,-1.0,-914.0,-68.0,408.0
2759,-238.0,-19.0,67.0,-44.0,17.0,-2.0,-915.0,-60.0,406.0
2760,-239.0,-16.0,65.0,-44.0,16.0,-3.0,-913.0,-66.0,406.0
2761,-237.0,-17.0,66.0,-41.0,14.0,-3.0,-920.0,-64.0,406.0
2762,-238.0,-14.0,66.0,-40.0,11.0,-3.0,-915.0,-65.0,402.0
2763,-237.0,-16.0,65.0,-39.0,8.0,-2.0,-921.0,-62.0,404.0
2764,-235.0,-19.0,66.0,-37.0,8.0,-3.0,-919.0,-65.0,405.0
2765,-240.0,-17.0,63.0,-34.0,5.0,-3.0,-924.0,-59.0,402.0
2766,-236.0,-16.0,67.0,-33.0,5.0,-5.0,-917.0,-64.0,400.0
2767,-237.0,-19.0,65.0,-33.0,5.0,-6.0,-912.0,-60.0,404.0
2768,-239.0,-19.0,65.0,-31.0,6.0,-6.0,-918.0,-54.0,403.0
2769,-236.0,-17.0,64.0,-31.0,5.0,-6.0,-912.0,-61.0,402.0
2770,-237.0,-17.0,66.0,-29.0,7.0,-6.0,-913.0,-57.0,403.0
2771,-235.0,-17.0,64.0,-28.0,8.0,-6.0,-908.0,-60.0,407.0
2772,-238.0,-18.0,66.0,-25.0,10.0,-4.0,-918.0,-69.0,408.0
2773,-238.0,-18.0,66.0,-23.0,10.0,-5.0,-914.0,-76.0,402.0
2774,-236.0,-18.0,66.0,-23.0,12.0,-5.0,-912.0,-70.0,405.0
2775,-237.0,-19.0,67.0,-25.0,13.0,-5.0,-911.0,-75.0,407.0
2776,-239.0,-21.0,67.0,-26.0,13.0,-3.0,-907.0,-79.0,412.0
2777,-237.0,-20.0,67.0,-24.0,13.0,-3.0,-914.0,-76.0,409.0
2778,-238.0,-17.0,67.0,-24.0,12.0,-1.0,-918.0,-74.0,404.0
2779,-237.0,-22.0,63.0,-23.0,11.0,-1.0,-913.0,-66.0,400.0
2780,-239.0,-15.0,66.0,-21.0,8.0,0.0,-920.0,-59.0,399.0
2781,-240.0,-16.0,62.0,-17.0,7.0,2.0,-916.0,-57.0,398.0
2782,-242.0,-16.0,68.0,-15.0,6.0,4.0,-920.0,-65.0,397.0
2783,-236.0,-17.0,68.0,-14.0,4.0,2.0,-925.0,-64.0,399.0
2784,-238.0,-18.0,61.0,-12.0,3.0,2.0,-922.0,-63.0,398.0
2785,-237.0,-18.0,63.0,-14.0,3.0,3.0,-916.0,-66.0,402.0
2786,-233.0,-18.0,64.0,-15.0,3.0,2.0,-911.0,-62.0,405.0
2787,-237.0,-18.0,69.0,-19.0,1.0,2.0,-914.0,-64.0,405.0
2788,-235.0,-18.0,68.0,-21.0,1.0,2.0,-910.0,-62.0,411.0
2789,-236.0,-17.0,67.0,-24.0,2.0,0.0,-907.0,-61.0,408.0
2790,-234.0,-16.0,66.0,-30.0,4.0,-1.0,-907.0,-56.0,412.0
2791,-238.0,-15.0,64.0,-32.0,4.0,-2.0,-914.0,-50.0,414.0
2792,-236.0,-17.0,69.0,-30.0,2.0,-8.0,-911.0,-55.0,402.0
2793,-238.0,-17.0,64.0,-28.0,4.0,-5.0,-917.0,-68.0,413.0
2794,-239.0,-15.0,69.0,-34.0,4.0,-4.0,-912.0,-60.0,412.0
2795,-238.0,-18.0,68.0,-39.0,4.0,-3.0,-919.0,-60.0,409.0
2796,-239.0,-18.0,66.0,-39.0,4.0,-7.0,-911.0,-61.0,412.0
2797,-243.0,-19.0,65.0,-40.0,4.0,-8.0,-915.0,-60.0,408.0
2798,-232.0,-18.0,68.0,-43.0,7.0,-9.0,-914.0,-62.0,408.0
2799,-239.0,-16.0,66.0,-41.0,9.0,-10.0,-917.0,-60.0,408.0
2800,-235.0,-17.0,67.0,-39.0,10.0,-10.0,-911.0,-60.0,405.0
2801,-237.0,-15.0,66.0,-36.0,11.0,-11.0,-919.0,-60.0,411.0
2802,-238.0,-14.0,70.0,-37.0,11.0,-11.0,-914.0,-52.0,405.0
2803,-239.0,-17.0,67.0,-36.0,11.0,-11.0,-913.0,-56.0,407.0
2804,-238.0,-17.0,68.0,-36.0,12.0,-12.0,-914.0,-60.0,405.0
2805,-238.0,-17.0,66.0,-38.0,12.0,-13.0,-916.0,-58.0,407.0
2806,-238.0,-14.0,63.0,-40.0,12.0,-13.0,-910.0,-59.0,406.0
2807,-236.0,-18.0,62.0,-41.0,14.0,-13.0,-918.0,-59.0,402.0
2808,-239.0,-19.0,71.0,-42.0,14.0,-12.0,-921.0,-55.0,412.0
2809,-240.0,-15.0,64.0,-43.0,15.0,-12.0,-915.0,-58.0,402.0
2810,-238.0,-18.0,66.0,-43.0,14.0,-14.0,-910.0,-63.0,404.0
2811,-238.0,-18.0,66.0,-40.0,12.0,-12.0,-914.0,-61.0,403.0
2812,-237.0,-18.0,66.0,-42.0,10.0,-10.0,-913.0,-65.0,403.0
2813,-236.0,-22.0,66.0,-41.0,9.0,-10.0,-911.0,-63.0,401.0
2814,-237.0,-19.0,69.0,-39.0,8.0,-10.0,-908.0,-59.0,402.0
2815,-239.0,-15.0,65.0,-37.0,8.0,-10.0,-912.0,-68.0,401.0
2816,-238.0,-19.0,66.0,-34.0,6.0,-8.0,-913.0,-66.0,403.0
2817,-238.0,-16.0,67.0,-34.0,5.0,-8.0,-910.0,-65.0,405.0
2818,-246.0,-19.0,53.0,-35.0,4.0,-9.0,-912.0,-62.0,409.0
2819,-238.0,-22.0,64.0,-34.0,1.0,-8.0,-914.0,-66.0,410.0
2820,-239.0,-18.0,68.0,-33.0,2.0,-8.0,-912.0,-60.0,406.0
2821,-239.0,-15.0,62.0,-33.0,-1.0,-8.0,-915.0,-62.0,404.0
2822,-237.0,-16.0,68.0,-37.0,-2.0,-8.0,-913.0,-57.0,410.0
2823,-238.0,-15.0,65.0,-39.0,-3.0,-6.0,-912.0,-65.0,407.0
2824,-236.0,-16.0,66.0,-41.0,-1.0,-8.0,-916.0,-65.0,407.0
2825,-237.0,-21.0,67.0,-45.0,0.0,-6.0,-909.0,-70.0,407.0
2826,-234.0,-19.0,68.0,-49.0,0.0,-6.0,-910.0,-66.0,406.0
2827,-237.0,-19.0,67.0,-52.0,3.0,-7.0,-910.0,-65.0,407.0
2828,-239.0,-16.0,65.0,-52.0,5.0,-7.0,-907.0,-67.0,408.0
2829,-235.0,-17.0,67.0,-52.0,6.0,-7.0,-907.0,-66.0,412.0
2830,-233.0,-19.0,67.0,-53.0,6.0,-7.0,-910.0,-64.0,405.0
2831,-235.0,-18.0,63.0,-52.0,6.0,-7.0,-907.0,-62.0,410.0
2832,-238.0,-18.0,66.0,-51.0,7.0,-7.0,-908.0,-63.0,408.0
2833,-236.0,-18.0,68.0,-51.0,7.0,-6.0,-910.0,-64.0,413.0
2834,-236.0,-20.0,65.0,-53.0,6.0,-5.0,-908.0,-63.0,402.0
2835,-235.0,-20.0,66.0,-52.0,4.0,-6.0,-908.0,-60.0,412.0
2836,-236.0,-19.0,65.0,-55.0,4.0,-6.0,-916.0,-62.0,412.0
2837,-240.0,-17.0,62.0,-55.0,4.0,-4.0,-916.0,-60.0,409.0
2838,-242.0,-16.0,68.0,-58.0,4.0,-5.0,-914.0,-66.0,411.0
2839,-239.0,-18.0,67.0,-60.0,7.0,-6.0,-914.0,-67.0,409.0
2840,-240.0,-18.0,68.0,-62.0,8.0,-5.0,-918.0,-68.0,415.0
2841,-238.0,-18.0,69.0,-63.0,11.0,-5.0,-914.0,-62.0,411.0
2842,-239.0,-18.0,64.0,-66.0,14.0,-5.0,-915.0,-69.0,412.0
2843,-238.0,-19.0,69.0,-67.0,19.0,-6.0,-920.0,-62.0,413.0
2844,-235.0,-16.0,68.0,-69.0,21.0,-4.0,-908.0,-61.0,415.0
2845,-239.0,-15.0,68.0,-66.0,23.0,-3.0,-911.0,-64.0,412.0
2846,-237.0,-18.0,68.0,-65.0,23.0,-3.0,-912.0,-63.0,411.0
2847,-238.0,-18.0,68.0,-62.0,24.0,-1.0,-913.0,-62.0,411.0
2848,-234.0,-16.0,68.0,-58.0,22.0,-1.0,-910.0,-61.0,414.0
2849,-235.0,-18.0,66.0,-54.0,19.0,-1.0,-915.0,-60.0,410.0
2850,-235.0,-15.0,68.0,-53.0,17.0,0.0,-916.0,-61.0,414.0
2851,-237.0,-17.0,64.0,-52.0,15.0,0.0,-910.0,-57.0,408.0
2852,-238.0,-18.0,66.0,-52.0,13.0,0.0,-914.0,-64.0,404.0
2853,-237.0,-14.0,67.0,-51.0,14.0,-2.0,-917.0,-69.0,405.0
2854,-236.0,-15.0,68.0,-47.0,14.0,-2.0,-918.0,-64.0,406.0
2855,-237.0,-16.0,67.0,-47.0,15.0,-2.0,-916.0,-71.0,409.0
2856,-238.0,-21.0,67.0,-46.0,16.0,-4.0,-912.0,-66.0,405.0
2857,-237.0,-19.0,64.0,-44.0,17.0,-5.0,-911.0,-64.0,413.0
2858,-234.0,-18.0,66.0,-43.0,17.0,-5.0,-909.0,-65.0,407.0
2859,-238.0,-17.0,65.0,-43.0,20.0,-3.0,-912.0,-58.0,411.0
2860,-236.0,-20.0,68.0,-44.0,21.0,-4.0,-907.0,-63.0,409.0
2861,-239.0,-16.0,65.0,-44.0,23.0,-4.0,-909.0,-65.0,406.0
2862,-238.0,-18.0,68.0,-44.0,23.0,-4.0,-906.0,-65.0,407.0
2863,-237.0,-16.0,68.0,-45.0,21.0,-4.0,-913.0,-61.0,409.0
2864,-237.0,-14.0,66.0,-46.0,20.0,-3.0,-910.0,-65.0,407.0
2865,-237.0,-16.0,67.0,-47.0,20.0,-2.0,-907.0,-59.0,404.0
2866,-236.0,-17.0,64.0,-49.0,20.0,-3.0,-913.0,-59.0,410.0
2867,-239.0,-18.0,65.0,-49.0,16.0,-3.0,-910.0,-62.0,406.0
2868,-237.0,-15.0,68.0,-50.0,15.0,-4.0,-915.0,-62.0,409.0
2869,-236.0,-16.0,69.0,-52.0,15.0,-4.0,-912.0,-60.0,404.0
2870,-236.0,-18.0,64.0,-52.0,16.0,-4.0,-913.0,-60.0,405.0
2871,-240.0,-17.0,65.0,-52.0,16.0,-3.0,-915.0,-65.0,410.0
2872,-239.0,-19.0,68.0,-51.0,16.0,-2.0,-915.0,-64.0,404.0
2873,-237.0,-17.0,64.0,-51.0,18.0,-3.0,-915.0,-61.0,408.0
2874,-237.0,-16.0,66.0,-50.0,17.0,-3.0,-913.0,-63.0,404.0
2875,-238.0,-17.0,70.0,-49.0,17.0,-2.0,-911.0,-64.0,406.0
2876,-238.0,-21.0,67.0,-48.0,17.0,-1.0,-910.0,-61.0,408.0
2877,-240.0,-17.0,66.0,-48.0,18.0,-1.0,-913.0,-66.0,405.0
2878,-234.0,-18.0,66.0,-47.0,17.0,-2.0,-917.0,-68.0,410.0
2879,-237.0,-17.0,66.0,-46.0,15.0,-1.0,-911.0,-63.0,404.0
2880,-238.0,-16.0,64.0,-48.0,15.0,-3.0,-914.0,-62.0,413.0
2881,-239.0,-15.0,67.0,-47.0,14.0,-3.0,-911.0,-60.0,408.0
2882,-238.0,-20.0,64.0,-50.0,13.0,-3.0,-910.0,-59.0,407.0
2883,-235.0,-19.0,68.0,-51.0,15.0,-2.0,-916.0,-62.0,409.0
2884,-237.0,-17.0,68.0,-50.0,14.0,-2.0,-917.0,-64.0,405.0
2885,-238.0,-23.0,64.0,-51.0,14.0,-3.0,-912.0,-60.0,405.0
2886,-238.0,-19.0,66.0,-51.0,15.0,-3.0,-916.0,-65.0,406.0
2887,-237.0,-18.0,68.0,-51.0,16.0,-3.0,-913.0,-61.0,408.0
2888,-243.0,-17.0,64.0,-51.0,15.0,-4.0,-912.0,-68.0,405.0
2889,-237.0,-18.0,67.0,-52.0,13.0,-3.0,-917.0,-66.0,402.0
2890,-236.0,-24.0,67.0,-52.0,12.0,-1.0,-915.0,-64.0,402.0
2891,-238.0,-19.0,67.0,-51.0,12.0,-3.0,-916.0,-64.0,401.0
2892,-239.0,-19.0,63.0,-47.0,11.0,-2.0,-916.0,-69.0,407.0
2893,-235.0,-18.0,69.0,-46.0,10.0,-3.0,-912.0,-60.0,404.0
2894,-238.0,-18.0,66.0,-44.0,8.0,-4.0,-915.0,-66.0,405.0
2895,-238.0,-16.0,66.0,-43.0,8.0,-4.0,-913.0,-63.0,405.0
2896,-237.0,-18.0,65.0,-43.0,9.0,-4.0,-911.0,-62.0,406.0
2897,-238.0,-17.0,66.0,-42.0,8.0,-5.0,-914.0,-62.0,407.0
2898,-238.0,-18.0,68.0,-42.0,9.0,-4.0,-916.0,-63.0,411.0
2899,-236.0,-19.0,68.0,-41.0,9.0,-4.0,-909.0,-69.0,410.0
2900,-237.0,-21.0,68.0,-44.0,9.0,-4.0,-913.0,-66.0,412.0
2901,-237.0,-17.0,66.0,-43.0,8.0,-5.0,-912.0,-57.0,410.0
2902,-236.0,-19.0,66.0,-44.0,7.0,-5.0,-913.0,-65.0,410.0
2903,-237.0,-18.0,66.0,-46.0,8.0,-4.0,-912.0,-62.0,409.0
2904,-236.0,-18.0,64.0,-49.0,7.0,-4.0,-912.0,-62.0,409.0
2905,-237.0,-14.0,68.0,-49.0,7.0,-4.0,-913.0,-67.0,411.0
2906,-237.0,-18.0,69.0,-49.0,9.0,-4.0,-918.0,-63.0,409.0
2907,-236.0,-16.0,67.0,-48.0,8.0,-4.0,-910.0,-68.0,408.0
2908,-238.0,-19.0,65.0,-48.0,9.0,-3.0,-911.0,-66.0,410.0
2909,-237.0,-20.0,64.0,-47.0,10.0,-2.0,-913.0,-62.0,412.0
2910,-240.0,-17.0,66.0,-48.0,11.0,-2.0,-909.0,-63.0,409.0
2911,-239.0,-20.0,65.0,-49.0,11.0,-3.0,-910.0,-69.0,411.0
2912,-236.0,-18.0,67.0,-48.0,11.0,-3.0,-910.0,-64.0,409.0
2913,-238.0,-19.0,70.0,-48.0,13.0,-3.0,-909.0,-63.0,412.0
2914,-240.0,-16.0,65.0,-48.0,12.0,-3.0,-910.0,-60.0,409.0
2915,-236.0,-17.0,67.0,-47.0,12.0,-3.0,-912.0,-65.0,409.0
2916,-233.0,-19.0,65.0,-47.0,11.0,-2.0,-907.0,-66.0,411.0
2917,-237.0,-14.0,65.0,-48.0,11.0,-2.0,-911.0,-60.0,409.0
2918,-238.0,-17.0,70.0,-46.0,12.0,-2.0,-909.0,-61.0,407.0
2919,-235.0,-19.0,65.0,-43.0,11.0,-1.0,-912.0,-61.0,410.0
2920,-239.0,-17.0,67.0,-43.0,10.0,-2.0,-912.0,-62.0,406.0
2921,-237.0,-17.0,67.0,-42.0,12.0,-2.0,-913.0,-58.0,405.0
2922,-237.0,-16.0,67.0,-40.0,11.0,-3.0,-912.0,-61.0,410.0
2923,-236.0,-18.0,66.0,-37.0,10.0,-2.0,-915.0,-64.0,409.0
2924,-236.0,-18.0,65.0,-34.0,11.0,-1.0,-910.0,-65.0,407.0
2925,-234.0,-19.0,70.0,-34.0,10.0,-2.0,-915.0,-62.0,409.0
2926,-235.0,-20.0,66.0,-33.0,10.0,-1.0,-912.0,-65.0,409.0
2927,-239.0,-16.0,68.0,-32.0,9.0,-2.0,-917.0,-62.0,408.0
2928,-238.0,-20.0,67.0,-31.0,7.0,-2.0,-915.0,-69.0,405.0
2929,-239.0,-13.0,68.0,-32.0,7.0,-2.0,-909.0,-62.0,408.0
2930,-237.0,-19.0,67.0,-31.0,6.0,-1.0,-909.0,-65.0,410.0
2931,-237.0,-20.0,67.0,-30.0,6.0,-2.0,-909.0,-65.0,408.0
2932,-236.0,-19.0,70.0,-31.0,6.0,-4.0,-914.0,-64.0,409.0
2933,-237.0,-17.0,65.0,-31.0,7.0,-4.0,-906.0,-62.0,413.0
2934,-239.0,-14.0,70.0,-31.0,7.0,-3.0,-911.0,-54.0,412.0
2935,-235.0,-18.0,68.0,-35.0,9.0,-4.0,-910.0,-63.0,412.0
2936,-238.0,-16.0,66.0,-37.0,10.0,-3.0,-910.0,-59.0,406.0
2937,-235.0,-18.0,69.0,-41.0,10.0,-4.0,-910.0,-68.0,407.0
2938,-237.0,-18.0,67.0,-44.0,12.0,-4.0,-914.0,-66.0,409.0
2939,-238.0,-15.0,68.0,-46.0,12.0,-4.0,-906.0,-63.0,405.0
2940,-236.0,-18.0,67.0,-48.0,13.0,-4.0,-910.0,-59.0,412.0
2941,-237.0,-18.0,67.0,-47.0,14.0,-2.0,-908.0,-63.0,407.0
2942,-239.0,-16.0,67.0,-46.0,16.0,-3.0,-910.0,-58.0,409.0
2943,-237.0,-19.0,66.0,-45.0,15.0,-3.0,-909.0,-59.0,413.0
2944,-237.0,-16.0,69.0,-44.0,13.0,-2.0,-907.0,-60.0,411.0
2945,-236.0,-18.0,67.0,-43.0,11.0,-3.0,-913.0,-60.0,412.0
2946,-238.0,-16.0,66.0,-39.0,9.0,-3.0,-914.0,-64.0,406.0
2947,-238.0,-13.0,69.0,-40.0,6.0,-4.0,-913.0,-56.0,406.0
2948,-239.0,-18.0,67.0,-37.0,5.0,-3.0,-917.0,-55.0,409.0
2949,-236.0,-18.0,65.0,-33.0,5.0,-4.0,-911.0,-60.0,410.0
2950,-237.0,-17.0,67.0,-32.0,4.0,-5.0,-921.0,-61.0,408.0
2951,-237.0,-16.0,66.0,-30.0,2.0,-5.0,-912.0,-57.0,409.0
2952,-237.0,-17.0,67.0,-26.0,4.0,-6.0,-915.0,-59.0,410.0
2953,-238.0,-19.0,65.0,-25.0,5.0,-7.0,-912.0,-63.0,413.0
2954,-237.0,-18.0,67.0,-23.0,5.0,-5.0,-912.0,-63.0,413.0
2955,-236.0,-18.0,66.0,-22.0,8.0,-5.0,-909.0,-67.0,411.0
2956,-236.0,-20.0,71.0,-19.0,9.0,-2.0,-907.0,-69.0,413.0
2957,-236.0,-17.0,64.0,-16.0,9.0,-1.0,-910.0,-73.0,410.0
2958,-235.0,-18.0,66.0,-15.0,8.0,-3.0,-909.0,-68.0,411.0
2959,-239.0,-19.0,71.0,-18.0,11.0,-3.0,-909.0,-65.0,413.0
2960,-237.0,-19.0,68.0,-20.0,12.0,-2.0,-908.0,-72.0,412.0
2961,-237.0,-17.0,66.0,-21.0,11.0,-2.0,-907.0,-74.0,408.0
2962,-238.0,-17.0,65.0,-19.0,11.0,1.0,-907.0,-69.0,409.0
2963,-238.0,-17.0,67.0,-18.0,9.0,1.0,-918.0,-65.0,405.0
2964,-237.0,-15.0,66.0,-15.0,6.0,2.0,-911.0,-59.0,401.0
2965,-237.0,-17.0,63.0,-12.0,4.0,4.0,-913.0,-59.0,405.0
2966,-242.0,-15.0,70.0,-11.0,3.0,6.0,-915.0,-62.0,402.0
2967,-236.0,-17.0,67.0,-8.0,1.0,6.0,-915.0,-65.0,400.0
2968,-237.0,-17.0,67.0,-8.0,-2.0,4.0,-918.0,-65.0,400.0
2969,-235.0,-19.0,68.0,-8.0,-2.0,4.0,-910.0,-62.0,404.0
2970,-231.0,-19.0,71.0,-9.0,-3.0,4.0,-899.0,-55.0,412.0
2971,-237.0,-15.0,68.0,-7.0,-2.0,8.0,-919.0,-58.0,414.0
2972,-236.0,-18.0,65.0,-11.0,-2.0,5.0,-907.0,-59.0,412.0
2973,-235.0,-15.0,69.0,-13.0,1.0,1.0,-905.0,-56.0,417.0
2974,-234.0,-17.0,68.0,-11.0,3.0,1.0,-915.0,-56.0,414.0
2975,-238.0,-13.0,70.0,-17.0,4.0,-3.0,-909.0,-57.0,417.0
2976,-237.0,-14.0,70.0,-25.0,3.0,-4.0,-912.0,-59.0,424.0
2977,-239.0,-15.0,69.0,-31.0,2.0,-4.0,-910.0,-56.0,417.0
2978,-235.0,-17.0,70.0,-36.0,0.0,-4.0,-910.0,-54.0,420.0
2979,-237.0,-16.0,69.0,-40.0,1.0,-5.0,-908.0,-59.0,407.0
2980,-239.0,-18.0,66.0,-41.0,5.0,-6.0,-916.0,-58.0,418.0
2981,-238.0,-18.0,67.0,-40.0,5.0,-7.0,-915.0,-59.0,413.0
2982,-238.0,-15.0,67.0,-39.0,7.0,-8.0,-913.0,-57.0,412.0
2983,-236.0,-18.0,69.0,-37.0,8.0,-9.0,-920.0,-53.0,414.0
2984,-236.0,-17.0,67.0,-37.0,10.0,-7.0,-909.0,-59.0,414.0
2985,-238.0,-15.0,69.0,-35.0,9.0,-8.0,-910.0,-59.0,418.0
2986,-236.0,-16.0,68.0,-35.0,11.0,-9.0,-911.0,-55.0,415.0
2987,-236.0,-17.0,68.0,-37.0,11.0,-9.0,-906.0,-55.0,414.0
2988,-237.0,-14.0,68.0,-38.0,11.0,-11.0,-911.0,-58.0,412.0
2989,-239.0,-17.0,69.0,-37.0,10.0,-10.0,-910.0,-52.0,414.0
2990,-236.0,-15.0,65.0,-39.0,11.0,-11.0,-910.0,-60.0,413.0
2991,-238.0,-15.0,66.0,-38.0,11.0,-10.0,-916.0,-59.0,413.0
2992,-234.0,-16.0,69.0,-41.0,12.0,-11.0,-919.0,-59.0,415.0
2993,-236.0,-15.0,69.0,-43.0,12.0,-10.0,-910.0,-62.0,412.0
2994,-236.0,-17.0,67.0,-43.0,11.0,-12.0,-909.0,-60.0,412.0
2995,-233.0,-19.0,65.0,-42.0,12.0,-11.0,-911.0,-61.0,411.0
2996,-232.0,-17.0,66.0,-43.0,11.0,-10.0,-911.0,-63.0,409.0
2997,-236.0,-16.0,68.0,-45.0,12.0,-10.0,-910.0,-59.0,407.0
2998,-237.0,-18.0,68.0,-45.0,11.0,-10.0,-911.0,-60.0,407.0
2999,-239.0,-19.0,66.0,-47.0,11.0,-10.0,-909.0,-69.0,410.0
