,0,1,2,3,4,5,6,7,8
0,-9.0,-240.0,76.0,19.0,55.0,1.0,-64.0,-917.0,373.0
1,-9.0,-241.0,74.0,19.0,59.0,0.0,-64.0,-916.0,365.0
2,-10.0,-240.0,75.0,17.0,60.0,-1.0,-62.0,-914.0,365.0
3,-6.0,-240.0,77.0,14.0,62.0,-3.0,-64.0,-912.0,366.0
4,-10.0,-239.0,75.0,11.0,65.0,-1.0,-72.0,-914.0,359.0
5,-12.0,-238.0,74.0,8.0,66.0,-3.0,-67.0,-913.0,363.0
6,-12.0,-240.0,71.0,5.0,65.0,-2.0,-80.0,-908.0,359.0
7,-15.0,-235.0,74.0,2.0,64.0,-4.0,-89.0,-905.0,367.0
8,-16.0,-236.0,74.0,0.0,60.0,-1.0,-100.0,-908.0,359.0
9,-16.0,-236.0,77.0,0.0,54.0,-1.0,-87.0,-907.0,362.0
10,-12.0,-233.0,73.0,-1.0,51.0,-1.0,-76.0,-905.0,366.0
11,-12.0,-236.0,73.0,0.0,51.0,-1.0,-72.0,-907.0,370.0
12,-8.0,-242.0,76.0,2.0,53.0,4.0,-67.0,-911.0,364.0
13,-11.0,-238.0,74.0,4.0,57.0,3.0,-57.0,-909.0,369.0
14,-6.0,-237.0,77.0,6.0,60.0,5.0,-54.0,-908.0,371.0
15,-7.0,-238.0,74.0,9.0,64.0,3.0,-56.0,-906.0,369.0
16,-11.0,-238.0,75.0,9.0,66.0,3.0,-61.0,-911.0,370.0
17,-9.0,-236.0,75.0,7.0,64.0,-2.0,-56.0,-910.0,376.0
18,-10.0,-233.0,75.0,5.0,63.0,-2.0,-60.0,-902.0,367.0
19,-9.0,-238.0,75.0,1.0,62.0,-8.0,-68.0,-901.0,370.0
20,-12.0,-236.0,73.0,-3.0,58.0,-9.0,-75.0,-902.0,372.0
21,-14.0,-234.0,77.0,-5.0,54.0,-13.0,-78.0,-903.0,372.0
22,-11.0,-235.0,75.0,-7.0,50.0,-11.0,-75.0,-902.0,369.0
23,-10.0,-235.0,80.0,-10.0,48.0,-13.0,-67.0,-904.0,369.0
24,-9.0,-237.0,76.0,-12.0,49.0,-10.0,-61.0,-907.0,370.0
25,-5.0,-237.0,76.0,-15.0,52.0,-10.0,-48.0,-906.0,370.0
26,-6.0,-237.0,76.0,-18.0,57.0,-7.0,-46.0,-910.0,369.0
27,-5.0,-240.0,74.0,-20.0,62.0,-8.0,-51.0,-910.0,365.0
28,-8.0,-237.0,76.0,-19.0,64.0,-5.0,-52.0,-917.0,377.0
29,-8.0,-240.0,78.0,-17.0,65.0,-7.0,-55.0,-919.0,375.0
30,-8.0,-239.0,74.0,-16.0,63.0,-5.0,-59.0,-914.0,371.0
31,-11.0,-239.0,75.0,-14.0,61.0,-10.0,-67.0,-917.0,378.0
32,-8.0,-243.0,75.0,-13.0,58.0,-8.0,-72.0,-918.0,373.0
33,-10.0,-237.0,74.0,-11.0,54.0,-11.0,-68.0,-913.0,373.0
34,-12.0,-237.0,78.0,-12.0,52.0,-10.0,-74.0,-912.0,367.0
35,-12.0,-239.0,77.0,-14.0,52.0,-13.0,-70.0,-909.0,367.0
36,-13.0,-236.0,74.0,-17.0,53.0,-9.0,-78.0,-909.0,364.0
37,-12.0,-239.0,73.0,-18.0,54.0,-11.0,-76.0,-906.0,374.0
38,-12.0,-238.0,73.0,-19.0,55.0,-6.0,-74.0,-907.0,364.0
39,-10.0,-234.0,74.0,-19.0,57.0,-7.0,-74.0,-908.0,363.0
40,-11.0,-236.0,74.0,-21.0,60.0,-3.0,-75.0,-909.0,365.0
41,-9.0,-236.0,73.0,-20.0,59.0,-3.0,-63.0,-910.0,363.0
42,-12.0,-234.0,74.0,-21.0,61.0,-2.0,-54.0,-908.0,362.0
43,-8.0,-236.0,72.0,-23.0,62.0,-4.0,-57.0,-908.0,359.0
44,-6.0,-236.0,75.0,-25.0,63.0,-2.0,-52.0,-908.0,364.0
45,-7.0,-236.0,76.0,-28.0,63.0,-8.0,-55.0,-906.0,362.0
46,-9.0,-237.0,74.0,-32.0,63.0,-7.0,-53.0,-905.0,361.0
47,-7.0,-238.0,76.0,-38.0,61.0,-12.0,-52.0,-908.0,369.0
48,-6.0,-238.0,77.0,-42.0,61.0,-12.0,-52.0,-908.0,370.0
49,-6.0,-237.0,78.0,-48.0,58.0,-19.0,-54.0,-908.0,370.0
50,-7.0,-238.0,76.0,-52.0,59.0,-19.0,-50.0,-905.0,369.0
51,-8.0,-235.0,76.0,-55.0,57.0,-25.0,-53.0,-903.0,368.0
52,-6.0,-237.0,73.0,-60.0,55.0,-27.0,-50.0,-900.0,365.0
53,-4.0,-235.0,70.0,-64.0,53.0,-30.0,-51.0,-906.0,358.0
54,-8.0,-236.0,74.0,-69.0,51.0,-30.0,-51.0,-905.0,360.0
55,-6.0,-236.0,73.0,-74.0,52.0,-33.0,-51.0,-910.0,360.0
56,-5.0,-241.0,73.0,-77.0,51.0,-32.0,-46.0,-915.0,360.0
57,-9.0,-240.0,75.0,-78.0,52.0,-35.0,-44.0,-922.0,359.0
58,-6.0,-241.0,71.0,-78.0,54.0,-36.0,-49.0,-917.0,356.0
59,-9.0,-240.0,71.0,-79.0,54.0,-41.0,-47.0,-917.0,350.0
60,-7.0,-240.0,73.0,-83.0,54.0,-43.0,-54.0,-921.0,351.0
61,-8.0,-238.0,72.0,-85.0,55.0,-48.0,-47.0,-916.0,353.0
62,-6.0,-240.0,72.0,-88.0,56.0,-52.0,-54.0,-921.0,349.0
63,-9.0,-242.0,73.0,-92.0,58.0,-58.0,-54.0,-919.0,351.0
64,-8.0,-238.0,71.0,-94.0,57.0,-64.0,-54.0,-917.0,347.0
65,-10.0,-241.0,66.0,-99.0,56.0,-72.0,-62.0,-915.0,342.0
66,-8.0,-238.0,68.0,-103.0,53.0,-80.0,-62.0,-907.0,339.0
67,-7.0,-238.0,64.0,-109.0,51.0,-88.0,-52.0,-908.0,338.0
68,-9.0,-235.0,69.0,-114.0,52.0,-96.0,-53.0,-907.0,336.0
69,-6.0,-237.0,67.0,-122.0,51.0,-108.0,-51.0,-912.0,336.0
70,-9.0,-237.0,67.0,-134.0,49.0,-114.0,-53.0,-907.0,342.0
71,-8.0,-236.0,67.0,-142.0,51.0,-121.0,-60.0,-909.0,342.0
72,-9.0,-240.0,71.0,-146.0,52.0,-126.0,-61.0,-911.0,348.0
73,-7.0,-239.0,71.0,-148.0,55.0,-131.0,-57.0,-913.0,346.0
74,-6.0,-238.0,68.0,-150.0,57.0,-134.0,-49.0,-916.0,343.0
75,-5.0,-243.0,70.0,-153.0,63.0,-134.0,-44.0,-915.0,346.0
76,-6.0,-240.0,67.0,-156.0,66.0,-134.0,-46.0,-918.0,355.0
77,-5.0,-241.0,72.0,-158.0,70.0,-133.0,-47.0,-914.0,352.0
78,-5.0,-237.0,72.0,-158.0,73.0,-130.0,-49.0,-909.0,349.0
79,-5.0,-234.0,70.0,-156.0,77.0,-124.0,-51.0,-905.0,343.0
80,-9.0,-232.0,67.0,-158.0,80.0,-119.0,-51.0,-901.0,337.0
81,-8.0,-236.0,65.0,-162.0,80.0,-117.0,-47.0,-905.0,339.0
82,-8.0,-235.0,68.0,-168.0,78.0,-115.0,-49.0,-901.0,345.0
83,-5.0,-234.0,69.0,-170.0,77.0,-107.0,-54.0,-901.0,348.0
84,-9.0,-233.0,72.0,-169.0,79.0,-97.0,-51.0,-900.0,350.0
85,-4.0,-236.0,70.0,-163.0,83.0,-82.0,-42.0,-904.0,355.0
86,-3.0,-237.0,70.0,-154.0,90.0,-70.0,-39.0,-904.0,356.0
87,0.0,-236.0,66.0,-144.0,102.0,-57.0,-27.0,-906.0,344.0
88,-2.0,-237.0,68.0,-139.0,114.0,-50.0,-24.0,-910.0,338.0
89,2.0,-242.0,70.0,-136.0,128.0,-43.0,-23.0,-917.0,337.0
90,1.0,-244.0,70.0,-132.0,136.0,-42.0,-20.0,-929.0,344.0
91,2.0,-250.0,73.0,-125.0,137.0,-43.0,-22.0,-950.0,353.0
92,3.0,-256.0,71.0,-113.0,136.0,-47.0,-26.0,-969.0,357.0
93,-2.0,-254.0,76.0,-93.0,134.0,-46.0,-26.0,-976.0,362.0
94,-1.0,-255.0,73.0,-72.0,139.0,-46.0,-32.0,-979.0,356.0
95,-3.0,-257.0,73.0,-49.0,138.0,-45.0,-41.0,-990.0,358.0
96,-4.0,-258.0,72.0,-28.0,135.0,-46.0,-46.0,-993.0,352.0
97,-6.0,-256.0,73.0,-8.0,134.0,-39.0,-51.0,-985.0,346.0
98,-10.0,-256.0,70.0,8.0,132.0,-35.0,-67.0,-979.0,341.0
99,-11.0,-257.0,69.0,22.0,126.0,-28.0,-72.0,-969.0,348.0
100,-12.0,-250.0,73.0,33.0,117.0,-22.0,-79.0,-964.0,347.0
101,-13.0,-248.0,70.0,42.0,107.0,-14.0,-83.0,-956.0,347.0
102,-16.0,-247.0,71.0,51.0,98.0,-7.0,-97.0,-950.0,345.0
103,-20.0,-246.0,70.0,58.0,88.0,3.0,-101.0,-941.0,343.0
104,-19.0,-243.0,74.0,65.0,78.0,8.0,-105.0,-936.0,354.0
105,-22.0,-244.0,71.0,70.0,68.0,19.0,-108.0,-927.0,361.0
106,-22.0,-244.0,71.0,79.0,59.0,25.0,-108.0,-927.0,357.0
107,-23.0,-242.0,72.0,86.0,50.0,33.0,-110.0,-927.0,360.0
108,-22.0,-241.0,75.0,95.0,41.0,38.0,-112.0,-924.0,362.0
109,-20.0,-240.0,73.0,105.0,32.0,46.0,-110.0,-919.0,362.0
110,-14.0,-240.0,72.0,111.0,31.0,48.0,-109.0,-912.0,360.0
111,-18.0,-236.0,79.0,115.0,28.0,53.0,-98.0,-909.0,364.0
112,-15.0,-236.0,73.0,118.0,28.0,53.0,-98.0,-906.0,359.0
113,-16.0,-237.0,73.0,123.0,31.0,55.0,-95.0,-905.0,359.0
114,-13.0,-236.0,70.0,126.0,32.0,51.0,-86.0,-903.0,352.0
115,-12.0,-235.0,70.0,129.0,33.0,51.0,-80.0,-902.0,348.0
116,-12.0,-230.0,74.0,128.0,37.0,47.0,-73.0,-898.0,346.0
117,-11.0,-231.0,68.0,125.0,43.0,44.0,-64.0,-886.0,341.0
118,-9.0,-231.0,73.0,120.0,47.0,35.0,-49.0,-897.0,348.0
119,-1.0,-234.0,72.0,115.0,51.0,31.0,-40.0,-892.0,349.0
120,-4.0,-232.0,69.0,115.0,57.0,17.0,-40.0,-893.0,344.0
121,-2.0,-234.0,70.0,110.0,59.0,8.0,-33.0,-892.0,338.0
122,-2.0,-228.0,72.0,105.0,60.0,-3.0,-33.0,-890.0,340.0
123,1.0,-230.0,70.0,97.0,64.0,-10.0,-23.0,-893.0,332.0
124,1.0,-229.0,66.0,87.0,67.0,-20.0,-21.0,-892.0,333.0
125,3.0,-232.0,68.0,77.0,72.0,-25.0,-11.0,-893.0,338.0
126,3.0,-233.0,66.0,68.0,72.0,-37.0,-4.0,-893.0,327.0
127,4.0,-233.0,64.0,59.0,73.0,-43.0,-3.0,-898.0,328.0
128,5.0,-233.0,64.0,48.0,72.0,-53.0,-4.0,-894.0,325.0
129,4.0,-233.0,63.0,33.0,72.0,-55.0,-10.0,-902.0,323.0
130,-1.0,-234.0,61.0,18.0,68.0,-58.0,-15.0,-895.0,319.0
131,-1.0,-232.0,66.0,6.0,64.0,-55.0,-20.0,-897.0,318.0
132,-2.0,-232.0,62.0,-6.0,60.0,-54.0,-28.0,-903.0,322.0
133,-2.0,-234.0,66.0,-16.0,55.0,-47.0,-32.0,-904.0,320.0
134,-2.0,-235.0,63.0,-26.0,50.0,-45.0,-36.0,-908.0,315.0
135,-2.0,-235.0,63.0,-36.0,46.0,-39.0,-36.0,-908.0,312.0
136,-4.0,-237.0,60.0,-46.0,40.0,-35.0,-41.0,-910.0,311.0
137,-3.0,-241.0,59.0,-56.0,36.0,-32.0,-40.0,-911.0,304.0
138,-5.0,-239.0,59.0,-64.0,31.0,-27.0,-37.0,-917.0,304.0
139,-3.0,-242.0,62.0,-77.0,29.0,-20.0,-29.0,-917.0,305.0
140,-4.0,-241.0,59.0,-90.0,31.0,-18.0,-39.0,-918.0,302.0
141,-1.0,-240.0,61.0,-98.0,32.0,-9.0,-30.0,-918.0,307.0
142,-3.0,-240.0,63.0,-107.0,34.0,-3.0,-41.0,-919.0,309.0
143,-10.0,-237.0,59.0,-114.0,36.0,6.0,-47.0,-920.0,302.0
144,-5.0,-242.0,59.0,-117.0,37.0,13.0,-50.0,-924.0,311.0
145,-10.0,-241.0,60.0,-121.0,39.0,23.0,-58.0,-927.0,307.0
146,-11.0,-242.0,63.0,-120.0,40.0,31.0,-60.0,-929.0,307.0
147,-11.0,-243.0,62.0,-118.0,42.0,42.0,-63.0,-925.0,306.0
148,-11.0,-244.0,62.0,-114.0,40.0,52.0,-63.0,-926.0,309.0
149,-10.0,-245.0,58.0,-106.0,38.0,61.0,-63.0,-931.0,302.0
150,-11.0,-243.0,63.0,-99.0,38.0,65.0,-65.0,-937.0,308.0
151,-9.0,-245.0,62.0,-91.0,35.0,71.0,-57.0,-940.0,310.0
152,-5.0,-247.0,62.0,-83.0,35.0,74.0,-57.0,-945.0,303.0
153,-9.0,-245.0,59.0,-72.0,38.0,75.0,-49.0,-951.0,311.0
154,-2.0,-250.0,59.0,-63.0,44.0,73.0,-39.0,-953.0,304.0
155,-1.0,-249.0,59.0,-56.0,48.0,70.0,-36.0,-953.0,303.0
156,1.0,-249.0,60.0,-51.0,55.0,66.0,-24.0,-948.0,302.0
157,-1.0,-250.0,62.0,-44.0,60.0,61.0,-20.0,-954.0,305.0
158,5.0,-250.0,62.0,-38.0,66.0,53.0,-16.0,-954.0,312.0
159,-1.0,-249.0,63.0,-27.0,71.0,47.0,-13.0,-955.0,322.0
160,4.0,-249.0,65.0,-17.0,75.0,42.0,-12.0,-960.0,320.0
161,2.0,-249.0,68.0,-4.0,81.0,38.0,-11.0,-963.0,329.0
162,2.0,-253.0,69.0,13.0,85.0,35.0,-12.0,-961.0,333.0
163,2.0,-251.0,72.0,30.0,91.0,33.0,-15.0,-966.0,342.0
164,3.0,-250.0,72.0,50.0,94.0,30.0,-14.0,-959.0,347.0
165,-1.0,-247.0,71.0,68.0,96.0,28.0,-23.0,-959.0,353.0
166,0.0,-250.0,75.0,84.0,96.0,28.0,-23.0,-950.0,359.0
167,0.0,-250.0,75.0,102.0,98.0,26.0,-28.0,-947.0,365.0
168,-2.0,-246.0,73.0,118.0,99.0,26.0,-37.0,-949.0,369.0
169,-6.0,-242.0,76.0,127.0,99.0,27.0,-46.0,-935.0,370.0
170,-7.0,-245.0,74.0,132.0,100.0,27.0,-47.0,-930.0,369.0
171,-7.0,-246.0,76.0,132.0,99.0,32.0,-59.0,-929.0,370.0
172,-10.0,-240.0,74.0,136.0,97.0,36.0,-61.0,-924.0,371.0
173,-9.0,-239.0,79.0,133.0,96.0,34.0,-68.0,-912.0,371.0
174,-12.0,-239.0,73.0,128.0,93.0,35.0,-72.0,-910.0,379.0
175,-12.0,-236.0,80.0,118.0,87.0,35.0,-88.0,-912.0,381.0
176,-16.0,-240.0,77.0,110.0,81.0,39.0,-85.0,-903.0,378.0
177,-17.0,-236.0,79.0,104.0,73.0,37.0,-92.0,-903.0,378.0
178,-14.0,-236.0,77.0,95.0,66.0,37.0,-95.0,-903.0,384.0
179,-15.0,-231.0,79.0,90.0,57.0,36.0,-97.0,-903.0,383.0
180,-18.0,-234.0,79.0,82.0,50.0,36.0,-97.0,-906.0,383.0
181,-14.0,-238.0,80.0,76.0,45.0,34.0,-85.0,-906.0,386.0
182,-14.0,-236.0,81.0,73.0,41.0,35.0,-80.0,-910.0,389.0
183,-12.0,-238.0,75.0,69.0,40.0,31.0,-76.0,-912.0,384.0
184,-12.0,-238.0,80.0,63.0,40.0,34.0,-73.0,-909.0,385.0
185,-11.0,-237.0,79.0,60.0,39.0,29.0,-68.0,-911.0,384.0
186,-11.0,-236.0,79.0,55.0,42.0,30.0,-62.0,-911.0,382.0
187,-10.0,-238.0,79.0,48.0,43.0,27.0,-64.0,-911.0,380.0
188,-9.0,-238.0,79.0,43.0,46.0,27.0,-60.0,-908.0,377.0
189,-10.0,-237.0,74.0,39.0,46.0,24.0,-56.0,-909.0,377.0
190,-7.0,-239.0,76.0,35.0,47.0,24.0,-59.0,-907.0,377.0
191,-8.0,-233.0,77.0,30.0,48.0,20.0,-57.0,-902.0,378.0
192,-8.0,-237.0,76.0,26.0,49.0,24.0,-61.0,-904.0,376.0
193,-9.0,-235.0,76.0,24.0,50.0,22.0,-65.0,-903.0,379.0
194,-9.0,-235.0,77.0,23.0,51.0,26.0,-64.0,-903.0,371.0
195,-9.0,-237.0,75.0,21.0,50.0,23.0,-66.0,-905.0,369.0
196,-11.0,-238.0,78.0,18.0,52.0,27.0,-66.0,-906.0,374.0
197,-11.0,-234.0,79.0,19.0,52.0,27.0,-65.0,-904.0,365.0
198,-10.0,-237.0,77.0,17.0,51.0,32.0,-67.0,-905.0,371.0
199,-11.0,-234.0,75.0,17.0,52.0,31.0,-67.0,-909.0,368.0
200,-8.0,-238.0,78.0,17.0,53.0,35.0,-65.0,-908.0,367.0
201,-7.0,-239.0,77.0,18.0,55.0,33.0,-66.0,-902.0,373.0
202,-10.0,-239.0,73.0,19.0,57.0,38.0,-68.0,-909.0,365.0
203,-10.0,-237.0,73.0,19.0,54.0,37.0,-66.0,-908.0,368.0
204,-11.0,-236.0,73.0,21.0,55.0,41.0,-61.0,-906.0,366.0
205,-10.0,-238.0,73.0,22.0,56.0,37.0,-64.0,-909.0,361.0
206,-11.0,-237.0,76.0,24.0,54.0,38.0,-66.0,-909.0,362.0
207,-11.0,-237.0,76.0,23.0,54.0,36.0,-64.0,-907.0,362.0
208,-12.0,-236.0,74.0,21.0,53.0,37.0,-71.0,-907.0,365.0
209,-12.0,-237.0,73.0,20.0,51.0,32.0,-73.0,-903.0,361.0
210,-12.0,-235.0,73.0,18.0,49.0,33.0,-70.0,-906.0,359.0
211,-12.0,-235.0,74.0,16.0,47.0,30.0,-77.0,-907.0,360.0
212,-12.0,-235.0,73.0,16.0,43.0,30.0,-76.0,-906.0,361.0
213,-12.0,-237.0,76.0,14.0,42.0,26.0,-76.0,-904.0,362.0
214,-12.0,-238.0,73.0,12.0,41.0,27.0,-73.0,-908.0,357.0
215,-12.0,-235.0,72.0,8.0,38.0,23.0,-67.0,-909.0,361.0
216,-11.0,-234.0,71.0,7.0,36.0,22.0,-71.0,-908.0,357.0
217,-10.0,-239.0,74.0,4.0,37.0,20.0,-64.0,-906.0,359.0
218,-11.0,-236.0,72.0,3.0,35.0,19.0,-64.0,-905.0,359.0
219,-9.0,-241.0,70.0,1.0,35.0,15.0,-60.0,-910.0,360.0
220,-7.0,-239.0,74.0,0.0,37.0,17.0,-56.0,-910.0,358.0
221,-9.0,-236.0,76.0,-3.0,38.0,14.0,-51.0,-907.0,356.0
222,-5.0,-239.0,73.0,-4.0,38.0,14.0,-53.0,-908.0,359.0
223,-7.0,-239.0,72.0,-5.0,40.0,11.0,-57.0,-910.0,353.0
224,-6.0,-236.0,74.0,-6.0,41.0,13.0,-47.0,-907.0,352.0
225,-6.0,-238.0,74.0,-7.0,40.0,12.0,-52.0,-911.0,350.0
226,-6.0,-237.0,73.0,-9.0,40.0,12.0,-47.0,-908.0,350.0
227,-6.0,-237.0,72.0,-11.0,42.0,11.0,-51.0,-908.0,349.0
228,-6.0,-236.0,72.0,-13.0,43.0,13.0,-52.0,-909.0,351.0
229,-7.0,-240.0,73.0,-14.0,45.0,12.0,-53.0,-910.0,353.0
230,-9.0,-240.0,71.0,-16.0,48.0,14.0,-55.0,-908.0,350.0
231,-10.0,-237.0,74.0,-17.0,50.0,13.0,-53.0,-909.0,357.0
232,-9.0,-239.0,72.0,-18.0,51.0,15.0,-58.0,-904.0,352.0
233,-8.0,-237.0,75.0,-19.0,51.0,15.0,-59.0,-910.0,356.0
234,-9.0,-236.0,75.0,-19.0,52.0,14.0,-60.0,-905.0,359.0
235,-9.0,-237.0,73.0,-20.0,52.0,14.0,-62.0,-908.0,352.0
236,-8.0,-237.0,73.0,-20.0,53.0,13.0,-56.0,-910.0,356.0
237,-11.0,-237.0,72.0,-21.0,53.0,11.0,-58.0,-911.0,356.0
238,-10.0,-237.0,73.0,-20.0,53.0,12.0,-58.0,-913.0,355.0
239,-8.0,-239.0,76.0,-21.0,54.0,11.0,-60.0,-917.0,358.0
240,-11.0,-238.0,70.0,-20.0,55.0,12.0,-62.0,-915.0,357.0
241,-11.0,-235.0,69.0,-19.0,55.0,10.0,-63.0,-913.0,352.0
242,-9.0,-237.0,72.0,-21.0,56.0,10.0,-58.0,-910.0,352.0
243,-9.0,-240.0,72.0,-19.0,56.0,10.0,-63.0,-915.0,357.0
244,-7.0,-241.0,73.0,-17.0,56.0,9.0,-63.0,-913.0,358.0
245,-9.0,-241.0,77.0,-17.0,57.0,9.0,-60.0,-916.0,359.0
246,-13.0,-238.0,74.0,-16.0,56.0,9.0,-62.0,-914.0,358.0
247,-11.0,-240.0,70.0,-14.0,57.0,8.0,-63.0,-916.0,359.0
248,-11.0,-240.0,72.0,-12.0,57.0,7.0,-65.0,-917.0,362.0
249,-9.0,-238.0,72.0,-11.0,56.0,6.0,-69.0,-916.0,362.0
250,-10.0,-240.0,72.0,-11.0,57.0,6.0,-68.0,-919.0,360.0
251,-12.0,-237.0,73.0,-8.0,56.0,5.0,-64.0,-914.0,365.0
252,-8.0,-241.0,72.0,-9.0,55.0,4.0,-67.0,-912.0,362.0
253,-10.0,-238.0,72.0,-8.0,55.0,5.0,-68.0,-918.0,362.0
254,-11.0,-240.0,74.0,-9.0,54.0,5.0,-70.0,-912.0,360.0
255,-11.0,-237.0,73.0,-9.0,56.0,7.0,-64.0,-911.0,363.0
256,-8.0,-239.0,76.0,-10.0,55.0,4.0,-69.0,-914.0,360.0
257,-12.0,-239.0,76.0,-11.0,54.0,5.0,-66.0,-910.0,360.0
258,-11.0,-238.0,72.0,-13.0,56.0,3.0,-64.0,-911.0,361.0
259,-9.0,-237.0,74.0,-13.0,56.0,5.0,-67.0,-912.0,361.0
260,-10.0,-238.0,73.0,-14.0,56.0,3.0,-67.0,-913.0,364.0
261,-9.0,-240.0,73.0,-13.0,56.0,5.0,-69.0,-910.0,362.0
262,-11.0,-236.0,71.0,-15.0,56.0,4.0,-66.0,-908.0,362.0
263,-8.0,-240.0,74.0,-14.0,56.0,4.0,-67.0,-907.0,361.0
264,-10.0,-238.0,80.0,-13.0,56.0,1.0,-67.0,-907.0,369.0
265,-10.0,-237.0,79.0,-11.0,56.0,1.0,-62.0,-914.0,364.0
266,-11.0,-238.0,76.0,-11.0,57.0,-2.0,-67.0,-910.0,366.0
267,-12.0,-236.0,76.0,-11.0,57.0,-1.0,-67.0,-908.0,364.0
268,-11.0,-237.0,73.0,-12.0,57.0,-4.0,-66.0,-910.0,363.0
269,-12.0,-239.0,75.0,-12.0,57.0,-4.0,-66.0,-913.0,364.0
270,-12.0,-238.0,73.0,-14.0,56.0,-6.0,-72.0,-907.0,367.0
271,-11.0,-236.0,73.0,-15.0,56.0,-4.0,-68.0,-907.0,370.0
272,-11.0,-239.0,70.0,-18.0,56.0,-6.0,-68.0,-907.0,367.0
273,-11.0,-239.0,74.0,-21.0,57.0,-4.0,-65.0,-908.0,365.0
274,-11.0,-237.0,75.0,-24.0,56.0,-6.0,-70.0,-910.0,368.0
275,-11.0,-238.0,76.0,-27.0,54.0,-3.0,-70.0,-908.0,367.0
276,-11.0,-235.0,76.0,-28.0,53.0,-6.0,-63.0,-911.0,374.0
277,-11.0,-238.0,74.0,-30.0,53.0,-4.0,-68.0,-909.0,363.0
278,-9.0,-238.0,77.0,-32.0,54.0,-6.0,-62.0,-907.0,369.0
279,-11.0,-237.0,74.0,-33.0,54.0,-4.0,-62.0,-909.0,369.0
280,-10.0,-239.0,72.0,-34.0,54.0,-7.0,-66.0,-910.0,370.0
281,-12.0,-238.0,76.0,-37.0,54.0,-4.0,-65.0,-911.0,372.0
282,-8.0,-237.0,76.0,-37.0,54.0,-8.0,-69.0,-910.0,369.0
283,-8.0,-240.0,77.0,-38.0,55.0,-7.0,-68.0,-910.0,368.0
284,-12.0,-238.0,75.0,-40.0,55.0,-11.0,-69.0,-914.0,371.0
285,-10.0,-240.0,78.0,-42.0,55.0,-9.0,-65.0,-915.0,369.0
286,-10.0,-239.0,74.0,-42.0,55.0,-11.0,-66.0,-915.0,376.0
287,-9.0,-239.0,73.0,-44.0,55.0,-9.0,-63.0,-912.0,362.0
288,-11.0,-240.0,76.0,-43.0,59.0,-11.0,-60.0,-917.0,362.0
289,-11.0,-237.0,73.0,-42.0,59.0,-8.0,-61.0,-912.0,360.0
290,-10.0,-239.0,74.0,-42.0,61.0,-11.0,-64.0,-912.0,362.0
291,-7.0,-238.0,72.0,-42.0,60.0,-7.0,-61.0,-915.0,354.0
292,-11.0,-240.0,73.0,-43.0,61.0,-8.0,-63.0,-914.0,358.0
293,-8.0,-237.0,72.0,-43.0,61.0,-6.0,-65.0,-911.0,352.0
294,-10.0,-238.0,66.0,-43.0,60.0,-7.0,-66.0,-915.0,357.0
295,-12.0,-235.0,75.0,-43.0,59.0,-3.0,-65.0,-919.0,356.0
296,-12.0,-235.0,71.0,-43.0,57.0,-6.0,-65.0,-914.0,360.0
297,-11.0,-241.0,77.0,-41.0,56.0,-3.0,-62.0,-909.0,359.0
298,-12.0,-237.0,72.0,-39.0,54.0,-6.0,-67.0,-910.0,360.0
299,-12.0,-237.0,73.0,-39.0,54.0,-2.0,-65.0,-912.0,360.0
300,-11.0,-240.0,73.0,-37.0,54.0,-5.0,-66.0,-914.0,358.0
301,-10.0,-240.0,75.0,-38.0,55.0,-2.0,-68.0,-914.0,358.0
302,-9.0,-236.0,74.0,-39.0,55.0,-3.0,-69.0,-913.0,363.0
303,-12.0,-241.0,72.0,-37.0,56.0,-3.0,-70.0,-912.0,359.0
304,-12.0,-237.0,74.0,-38.0,56.0,-6.0,-69.0,-909.0,360.0
305,-8.0,-239.0,73.0,-38.0,54.0,-3.0,-65.0,-913.0,359.0
306,-10.0,-242.0,76.0,-42.0,56.0,-5.0,-67.0,-911.0,357.0
307,-9.0,-236.0,77.0,-43.0,57.0,-4.0,-62.0,-913.0,356.0
308,-9.0,-240.0,73.0,-46.0,58.0,-5.0,-68.0,-910.0,356.0
309,-11.0,-239.0,71.0,-49.0,57.0,-4.0,-65.0,-911.0,353.0
310,-8.0,-240.0,72.0,-52.0,58.0,-5.0,-69.0,-914.0,355.0
311,-9.0,-238.0,74.0,-54.0,59.0,-3.0,-62.0,-911.0,353.0
312,-9.0,-239.0,71.0,-53.0,59.0,-3.0,-65.0,-911.0,354.0
313,-9.0,-242.0,73.0,-54.0,58.0,-2.0,-65.0,-915.0,351.0
314,-10.0,-240.0,72.0,-55.0,58.0,-3.0,-65.0,-913.0,354.0
315,-11.0,-241.0,71.0,-53.0,58.0,-2.0,-65.0,-912.0,356.0
316,-9.0,-238.0,73.0,-51.0,58.0,-3.0,-65.0,-911.0,358.0
317,-10.0,-240.0,72.0,-50.0,58.0,-2.0,-63.0,-915.0,348.0
318,-12.0,-240.0,72.0,-49.0,59.0,-4.0,-65.0,-915.0,352.0
319,-9.0,-240.0,70.0,-46.0,58.0,-2.0,-63.0,-913.0,348.0
320,-11.0,-237.0,73.0,-46.0,58.0,-3.0,-63.0,-913.0,352.0
321,-10.0,-240.0,72.0,-47.0,58.0,-4.0,-58.0,-918.0,348.0
322,-8.0,-240.0,73.0,-45.0,58.0,-3.0,-61.0,-909.0,350.0
323,-11.0,-237.0,72.0,-43.0,58.0,-3.0,-60.0,-918.0,351.0
324,-10.0,-237.0,72.0,-42.0,57.0,-2.0,-60.0,-916.0,352.0
325,-8.0,-239.0,73.0,-41.0,57.0,-4.0,-57.0,-911.0,356.0
326,-8.0,-241.0,73.0,-40.0,55.0,-5.0,-60.0,-915.0,352.0
327,-8.0,-240.0,74.0,-37.0,54.0,-4.0,-60.0,-912.0,353.0
328,-10.0,-238.0,73.0,-37.0,54.0,-5.0,-63.0,-910.0,351.0
329,-8.0,-238.0,74.0,-37.0,54.0,-5.0,-56.0,-916.0,350.0
330,-8.0,-240.0,70.0,-38.0,55.0,-5.0,-60.0,-914.0,353.0
331,-10.0,-239.0,70.0,-38.0,55.0,-7.0,-59.0,-909.0,355.0
332,-7.0,-239.0,72.0,-37.0,55.0,-6.0,-60.0,-918.0,358.0
333,-8.0,-236.0,72.0,-39.0,56.0,-6.0,-61.0,-915.0,353.0
334,-12.0,-240.0,72.0,-39.0,56.0,-5.0,-60.0,-918.0,354.0
335,-11.0,-239.0,73.0,-40.0,59.0,-6.0,-57.0,-914.0,352.0
336,-8.0,-238.0,69.0,-41.0,60.0,-6.0,-62.0,-915.0,351.0
337,-9.0,-240.0,73.0,-43.0,61.0,-6.0,-65.0,-919.0,354.0
338,-8.0,-239.0,72.0,-43.0,61.0,-5.0,-62.0,-918.0,351.0
339,-10.0,-239.0,73.0,-43.0,62.0,-7.0,-60.0,-916.0,351.0
340,-11.0,-238.0,73.0,-42.0,61.0,-6.0,-65.0,-914.0,353.0
341,-11.0,-243.0,71.0,-43.0,61.0,-8.0,-66.0,-920.0,355.0
342,-10.0,-240.0,74.0,-41.0,61.0,-6.0,-68.0,-915.0,350.0
343,-11.0,-238.0,73.0,-40.0,62.0,-8.0,-65.0,-915.0,353.0
344,-8.0,-242.0,75.0,-40.0,63.0,-8.0,-63.0,-917.0,352.0
345,-10.0,-238.0,68.0,-39.0,63.0,-7.0,-60.0,-920.0,352.0
346,-10.0,-237.0,71.0,-39.0,66.0,-8.0,-63.0,-915.0,354.0
347,-9.0,-242.0,72.0,-37.0,66.0,-9.0,-61.0,-915.0,350.0
348,-11.0,-240.0,73.0,-37.0,66.0,-7.0,-64.0,-915.0,355.0
349,-11.0,-237.0,72.0,-37.0,65.0,-8.0,-67.0,-914.0,355.0
350,-9.0,-239.0,75.0,-39.0,65.0,-5.0,-65.0,-915.0,351.0
351,-12.0,-240.0,71.0,-39.0,65.0,-8.0,-64.0,-917.0,346.0
352,-10.0,-239.0,73.0,-42.0,64.0,-5.0,-68.0,-916.0,350.0
353,-10.0,-239.0,72.0,-42.0,66.0,-6.0,-66.0,-912.0,353.0
354,-11.0,-238.0,72.0,-43.0,67.0,-5.0,-67.0,-916.0,351.0
355,-10.0,-237.0,71.0,-44.0,65.0,-7.0,-66.0,-913.0,348.0
356,-11.0,-240.0,73.0,-45.0,66.0,-5.0,-69.0,-917.0,351.0
357,-10.0,-238.0,73.0,-47.0,66.0,-7.0,-64.0,-920.0,354.0
358,-12.0,-238.0,69.0,-48.0,66.0,-4.0,-68.0,-917.0,356.0
359,-12.0,-242.0,74.0,-47.0,63.0,-6.0,-78.0,-916.0,353.0
360,-12.0,-238.0,71.0,-47.0,63.0,-4.0,-72.0,-914.0,350.0
361,-11.0,-236.0,71.0,-49.0,60.0,-4.0,-60.0,-914.0,346.0
362,-7.0,-238.0,71.0,-51.0,60.0,-1.0,-57.0,-914.0,349.0
363,-8.0,-240.0,73.0,-50.0,62.0,-4.0,-50.0,-916.0,351.0
364,-11.0,-239.0,71.0,-48.0,65.0,-1.0,-61.0,-919.0,351.0
365,-12.0,-238.0,70.0,-49.0,66.0,-3.0,-64.0,-919.0,345.0
366,-9.0,-242.0,71.0,-50.0,64.0,-1.0,-64.0,-918.0,350.0
367,-12.0,-242.0,74.0,-50.0,64.0,-3.0,-66.0,-921.0,352.0
368,-12.0,-238.0,72.0,-49.0,62.0,-1.0,-65.0,-919.0,348.0
369,-10.0,-242.0,72.0,-48.0,62.0,-3.0,-66.0,-921.0,351.0
370,-12.0,-242.0,71.0,-44.0,61.0,-1.0,-70.0,-917.0,349.0
371,-11.0,-240.0,71.0,-43.0,60.0,-3.0,-68.0,-921.0,348.0
372,-10.0,-241.0,70.0,-43.0,58.0,-1.0,-68.0,-920.0,349.0
373,-12.0,-240.0,69.0,-44.0,58.0,-2.0,-66.0,-918.0,347.0
374,-11.0,-239.0,71.0,-42.0,57.0,0.0,-64.0,-919.0,346.0
375,-11.0,-239.0,70.0,-42.0,57.0,-2.0,-68.0,-915.0,344.0
376,-10.0,-242.0,71.0,-42.0,58.0,2.0,-63.0,-915.0,350.0
377,-12.0,-239.0,71.0,-41.0,60.0,0.0,-74.0,-915.0,349.0
378,-11.0,-241.0,71.0,-41.0,59.0,1.0,-68.0,-919.0,347.0
379,-8.0,-239.0,69.0,-41.0,58.0,-2.0,-69.0,-916.0,343.0
380,-9.0,-238.0,68.0,-41.0,58.0,0.0,-62.0,-916.0,343.0
381,-10.0,-241.0,67.0,-41.0,58.0,-1.0,-58.0,-922.0,344.0
382,-10.0,-239.0,71.0,-42.0,59.0,0.0,-61.0,-919.0,343.0
383,-10.0,-238.0,71.0,-42.0,61.0,-3.0,-60.0,-919.0,346.0
384,-9.0,-240.0,72.0,-41.0,59.0,1.0,-62.0,-918.0,344.0
385,-10.0,-235.0,73.0,-41.0,58.0,-3.0,-58.0,-917.0,342.0
386,-11.0,-241.0,69.0,-39.0,57.0,0.0,-56.0,-919.0,349.0
387,-6.0,-238.0,67.0,-41.0,58.0,-3.0,-59.0,-916.0,345.0
388,-8.0,-242.0,70.0,-41.0,60.0,-2.0,-61.0,-914.0,344.0
389,-11.0,-240.0,68.0,-40.0,58.0,-3.0,-68.0,-919.0,345.0
390,-11.0,-240.0,68.0,-40.0,59.0,-1.0,-65.0,-921.0,341.0
391,-11.0,-241.0,68.0,-41.0,58.0,-2.0,-67.0,-916.0,342.0
392,-9.0,-242.0,67.0,-42.0,57.0,1.0,-63.0,-918.0,339.0
393,-10.0,-239.0,70.0,-45.0,56.0,-1.0,-70.0,-918.0,340.0
394,-11.0,-242.0,69.0,-45.0,57.0,1.0,-73.0,-918.0,333.0
395,-11.0,-242.0,70.0,-44.0,55.0,0.0,-66.0,-919.0,332.0
396,-11.0,-239.0,68.0,-43.0,54.0,3.0,-68.0,-916.0,341.0
397,-10.0,-239.0,67.0,-41.0,54.0,2.0,-65.0,-921.0,333.0
398,-9.0,-240.0,70.0,-39.0,55.0,5.0,-60.0,-918.0,342.0
399,-9.0,-239.0,68.0,-35.0,56.0,4.0,-55.0,-917.0,342.0
400,-9.0,-239.0,70.0,-32.0,57.0,6.0,-55.0,-919.0,337.0
401,-7.0,-243.0,70.0,-31.0,58.0,5.0,-59.0,-924.0,345.0
402,-10.0,-240.0,69.0,-26.0,59.0,5.0,-56.0,-922.0,340.0
403,-9.0,-241.0,71.0,-22.0,58.0,4.0,-53.0,-924.0,342.0
404,-8.0,-243.0,70.0,-17.0,59.0,5.0,-61.0,-923.0,340.0
405,-8.0,-242.0,67.0,-14.0,58.0,1.0,-55.0,-922.0,342.0
406,-10.0,-243.0,70.0,-12.0,59.0,1.0,-54.0,-923.0,340.0
407,-10.0,-240.0,69.0,-8.0,57.0,-2.0,-61.0,-923.0,341.0
408,-8.0,-243.0,68.0,-5.0,56.0,-1.0,-60.0,-925.0,334.0
409,-9.0,-242.0,69.0,-4.0,56.0,-2.0,-54.0,-918.0,333.0
410,-11.0,-242.0,69.0,-4.0,57.0,-2.0,-57.0,-926.0,342.0
411,-7.0,-243.0,70.0,-2.0,58.0,-2.0,-57.0,-925.0,335.0
412,-9.0,-240.0,70.0,1.0,57.0,-4.0,-59.0,-926.0,338.0
413,-11.0,-243.0,71.0,3.0,60.0,-3.0,-57.0,-925.0,335.0
414,-9.0,-241.0,67.0,6.0,58.0,-1.0,-63.0,-921.0,331.0
415,-8.0,-239.0,65.0,8.0,59.0,0.0,-56.0,-921.0,337.0
416,-12.0,-239.0,65.0,9.0,59.0,0.0,-55.0,-915.0,334.0
417,-10.0,-240.0,68.0,7.0,60.0,-1.0,-65.0,-917.0,334.0
418,-10.0,-238.0,69.0,9.0,60.0,0.0,-67.0,-921.0,341.0
419,-9.0,-238.0,67.0,8.0,57.0,1.0,-61.0,-919.0,341.0
420,-11.0,-238.0,66.0,7.0,57.0,-1.0,-62.0,-916.0,342.0
421,-10.0,-242.0,68.0,7.0,58.0,1.0,-65.0,-918.0,340.0
422,-9.0,-239.0,71.0,6.0,59.0,-1.0,-62.0,-916.0,341.0
423,-12.0,-241.0,70.0,7.0,58.0,-1.0,-64.0,-922.0,346.0
424,-10.0,-241.0,71.0,4.0,58.0,0.0,-62.0,-914.0,346.0
425,-12.0,-241.0,71.0,5.0,60.0,-1.0,-61.0,-914.0,345.0
426,-10.0,-238.0,71.0,3.0,60.0,-2.0,-66.0,-918.0,346.0
427,-7.0,-242.0,72.0,3.0,61.0,-1.0,-61.0,-916.0,345.0
428,-9.0,-241.0,69.0,2.0,61.0,-3.0,-62.0,-912.0,345.0
429,-10.0,-241.0,71.0,1.0,61.0,-1.0,-61.0,-912.0,348.0
430,-10.0,-243.0,70.0,1.0,62.0,-3.0,-67.0,-921.0,346.0
431,-10.0,-241.0,71.0,0.0,61.0,-4.0,-65.0,-917.0,347.0
432,-10.0,-240.0,70.0,0.0,61.0,-4.0,-57.0,-920.0,340.0
433,-11.0,-240.0,68.0,0.0,60.0,-2.0,-58.0,-924.0,338.0
434,-7.0,-243.0,66.0,-2.0,59.0,-4.0,-57.0,-922.0,341.0
435,-10.0,-242.0,70.0,-2.0,58.0,-3.0,-60.0,-925.0,346.0
436,-9.0,-239.0,68.0,-1.0,58.0,-4.0,-57.0,-920.0,341.0
437,-7.0,-240.0,70.0,1.0,58.0,-3.0,-62.0,-922.0,342.0
438,-9.0,-241.0,71.0,2.0,59.0,-2.0,-63.0,-920.0,343.0
439,-9.0,-240.0,72.0,3.0,60.0,-1.0,-65.0,-924.0,345.0
440,-11.0,-241.0,70.0,5.0,60.0,-3.0,-66.0,-921.0,344.0
441,-11.0,-242.0,72.0,4.0,61.0,0.0,-67.0,-918.0,339.0
442,-10.0,-240.0,68.0,5.0,61.0,-1.0,-72.0,-921.0,342.0
443,-10.0,-239.0,70.0,6.0,61.0,0.0,-67.0,-921.0,344.0
444,-11.0,-244.0,69.0,7.0,61.0,-2.0,-68.0,-919.0,337.0
445,-12.0,-238.0,69.0,8.0,60.0,-1.0,-75.0,-922.0,337.0
446,-11.0,-240.0,71.0,9.0,61.0,-3.0,-70.0,-920.0,344.0
447,-11.0,-240.0,70.0,9.0,61.0,0.0,-67.0,-920.0,343.0
448,-10.0,-241.0,69.0,9.0,61.0,-3.0,-70.0,-917.0,345.0
449,-9.0,-241.0,70.0,8.0,61.0,0.0,-68.0,-925.0,341.0
450,-9.0,-242.0,70.0,8.0,61.0,0.0,-66.0,-917.0,338.0
451,-11.0,-240.0,71.0,7.0,61.0,1.0,-67.0,-916.0,342.0
452,-10.0,-240.0,72.0,5.0,62.0,-2.0,-65.0,-914.0,343.0
453,-9.0,-239.0,69.0,3.0,65.0,0.0,-64.0,-915.0,343.0
454,-11.0,-238.0,70.0,2.0,64.0,-1.0,-67.0,-916.0,342.0
455,-10.0,-240.0,70.0,0.0,63.0,0.0,-70.0,-916.0,342.0
456,-11.0,-240.0,68.0,0.0,62.0,-2.0,-71.0,-917.0,341.0
457,-11.0,-239.0,67.0,-2.0,62.0,0.0,-72.0,-916.0,343.0
458,-12.0,-243.0,70.0,-3.0,61.0,-2.0,-75.0,-916.0,344.0
459,-11.0,-240.0,72.0,-3.0,61.0,1.0,-72.0,-913.0,346.0
460,-12.0,-242.0,73.0,-1.0,60.0,-1.0,-70.0,-916.0,345.0
461,-9.0,-241.0,69.0,-2.0,60.0,1.0,-72.0,-920.0,345.0
462,-11.0,-239.0,72.0,0.0,59.0,0.0,-70.0,-923.0,344.0
463,-10.0,-240.0,72.0,0.0,59.0,5.0,-65.0,-919.0,349.0
464,-11.0,-241.0,68.0,2.0,60.0,4.0,-64.0,-916.0,348.0
465,-11.0,-240.0,72.0,3.0,60.0,6.0,-65.0,-917.0,350.0
466,-10.0,-242.0,71.0,2.0,62.0,4.0,-66.0,-922.0,347.0
467,-10.0,-238.0,72.0,4.0,60.0,6.0,-65.0,-919.0,348.0
468,-9.0,-239.0,74.0,3.0,61.0,4.0,-64.0,-919.0,346.0
469,-8.0,-241.0,69.0,4.0,61.0,6.0,-66.0,-916.0,349.0
470,-12.0,-241.0,70.0,3.0,61.0,3.0,-62.0,-916.0,347.0
471,-12.0,-240.0,72.0,3.0,60.0,5.0,-67.0,-919.0,348.0
472,-10.0,-241.0,74.0,3.0,59.0,3.0,-66.0,-918.0,345.0
473,-10.0,-238.0,75.0,2.0,59.0,5.0,-62.0,-920.0,352.0
474,-8.0,-243.0,72.0,1.0,57.0,1.0,-67.0,-920.0,348.0
475,-10.0,-239.0,74.0,1.0,57.0,3.0,-63.0,-916.0,349.0
476,-8.0,-241.0,71.0,0.0,58.0,1.0,-67.0,-915.0,345.0
477,-10.0,-238.0,70.0,1.0,59.0,4.0,-64.0,-919.0,355.0
478,-10.0,-239.0,70.0,0.0,58.0,3.0,-64.0,-917.0,346.0
479,-9.0,-239.0,72.0,2.0,58.0,4.0,-66.0,-917.0,346.0
480,-11.0,-242.0,71.0,3.0,60.0,2.0,-65.0,-916.0,347.0
481,-11.0,-240.0,73.0,2.0,61.0,3.0,-63.0,-915.0,350.0
482,-10.0,-240.0,72.0,3.0,60.0,1.0,-64.0,-917.0,350.0
483,-10.0,-242.0,67.0,4.0,60.0,4.0,-64.0,-913.0,349.0
484,-9.0,-239.0,70.0,7.0,61.0,3.0,-69.0,-916.0,350.0
485,-11.0,-238.0,70.0,6.0,61.0,5.0,-63.0,-911.0,350.0
486,-10.0,-241.0,74.0,6.0,62.0,4.0,-63.0,-915.0,353.0
487,-12.0,-236.0,70.0,7.0,63.0,6.0,-63.0,-917.0,350.0
488,-11.0,-238.0,72.0,9.0,64.0,6.0,-62.0,-914.0,350.0
489,-9.0,-239.0,72.0,11.0,65.0,6.0,-59.0,-912.0,352.0
490,-8.0,-237.0,73.0,12.0,64.0,4.0,-63.0,-916.0,355.0
491,-8.0,-243.0,72.0,12.0,63.0,5.0,-60.0,-917.0,357.0
492,-11.0,-237.0,70.0,12.0,64.0,4.0,-60.0,-914.0,354.0
493,-11.0,-239.0,74.0,12.0,64.0,6.0,-63.0,-913.0,349.0
494,-8.0,-242.0,74.0,12.0,64.0,3.0,-62.0,-914.0,349.0
495,-11.0,-238.0,71.0,10.0,63.0,5.0,-63.0,-913.0,352.0
496,-12.0,-239.0,74.0,10.0,61.0,3.0,-64.0,-911.0,352.0
497,-12.0,-241.0,71.0,7.0,61.0,2.0,-66.0,-911.0,352.0
498,-10.0,-240.0,72.0,5.0,60.0,2.0,-66.0,-913.0,354.0
499,-10.0,-241.0,74.0,3.0,61.0,2.0,-65.0,-913.0,352.0
500,-11.0,-239.0,72.0,2.0,62.0,2.0,-64.0,-913.0,353.0
501,-8.0,-241.0,71.0,1.0,63.0,3.0,-66.0,-911.0,351.0
502,-11.0,-239.0,72.0,0.0,64.0,5.0,-61.0,-911.0,351.0
503,-12.0,-239.0,76.0,0.0,64.0,4.0,-59.0,-912.0,353.0
504,-8.0,-238.0,74.0,1.0,63.0,3.0,-59.0,-912.0,354.0
505,-11.0,-238.0,73.0,1.0,64.0,4.0,-61.0,-913.0,355.0
506,-11.0,-237.0,71.0,1.0,64.0,5.0,-63.0,-907.0,353.0
507,-12.0,-240.0,71.0,1.0,64.0,6.0,-68.0,-911.0,355.0
508,-12.0,-238.0,74.0,2.0,63.0,6.0,-69.0,-912.0,355.0
509,-12.0,-237.0,75.0,2.0,63.0,3.0,-66.0,-911.0,360.0
510,-10.0,-238.0,73.0,2.0,62.0,4.0,-71.0,-915.0,352.0
511,-10.0,-239.0,72.0,-1.0,60.0,4.0,-70.0,-911.0,356.0
512,-10.0,-237.0,74.0,-3.0,60.0,4.0,-68.0,-909.0,355.0
513,-11.0,-242.0,74.0,-4.0,60.0,3.0,-68.0,-907.0,357.0
514,-12.0,-238.0,69.0,-8.0,59.0,3.0,-71.0,-914.0,354.0
515,-10.0,-240.0,73.0,-10.0,61.0,1.0,-67.0,-917.0,349.0
516,-10.0,-238.0,71.0,-11.0,61.0,1.0,-69.0,-916.0,353.0
517,-11.0,-239.0,74.0,-14.0,62.0,0.0,-66.0,-915.0,351.0
518,-11.0,-237.0,68.0,-15.0,65.0,2.0,-69.0,-916.0,350.0
519,-12.0,-240.0,72.0,-15.0,66.0,2.0,-71.0,-912.0,350.0
520,-12.0,-239.0,73.0,-16.0,65.0,1.0,-71.0,-913.0,354.0
521,-12.0,-237.0,73.0,-16.0,66.0,1.0,-70.0,-913.0,351.0
522,-10.0,-239.0,72.0,-16.0,67.0,1.0,-70.0,-916.0,351.0
523,-11.0,-236.0,73.0,-15.0,67.0,-1.0,-71.0,-916.0,355.0
524,-12.0,-238.0,71.0,-14.0,65.0,0.0,-74.0,-916.0,348.0
525,-10.0,-240.0,73.0,-11.0,65.0,-1.0,-69.0,-915.0,349.0
526,-12.0,-241.0,74.0,-10.0,64.0,0.0,-69.0,-922.0,351.0
527,-10.0,-241.0,73.0,-9.0,64.0,-2.0,-70.0,-915.0,353.0
528,-11.0,-238.0,71.0,-8.0,63.0,-2.0,-70.0,-915.0,357.0
529,-11.0,-239.0,72.0,-8.0,65.0,-3.0,-69.0,-918.0,350.0
530,-11.0,-238.0,70.0,-8.0,64.0,-2.0,-68.0,-921.0,354.0
531,-11.0,-240.0,73.0,-7.0,65.0,-3.0,-67.0,-917.0,348.0
532,-12.0,-241.0,72.0,-7.0,65.0,-3.0,-67.0,-922.0,357.0
533,-12.0,-242.0,72.0,-7.0,65.0,-5.0,-72.0,-920.0,351.0
534,-12.0,-238.0,72.0,-4.0,65.0,-3.0,-66.0,-924.0,352.0
535,-10.0,-240.0,70.0,-4.0,65.0,-5.0,-67.0,-921.0,351.0
536,-11.0,-242.0,73.0,-4.0,66.0,-3.0,-68.0,-917.0,347.0
537,-11.0,-243.0,71.0,-3.0,65.0,-5.0,-68.0,-912.0,348.0
538,-10.0,-243.0,70.0,-3.0,64.0,-4.0,-68.0,-918.0,348.0
539,-11.0,-239.0,69.0,-2.0,65.0,-4.0,-68.0,-916.0,350.0
540,-11.0,-239.0,72.0,-2.0,63.0,-2.0,-64.0,-917.0,347.0
541,-9.0,-241.0,71.0,0.0,63.0,-4.0,-67.0,-915.0,345.0
542,-12.0,-239.0,69.0,0.0,63.0,-2.0,-69.0,-915.0,345.0
543,-11.0,-240.0,71.0,1.0,60.0,-5.0,-71.0,-916.0,349.0
544,-11.0,-236.0,69.0,1.0,60.0,0.0,-74.0,-916.0,351.0
545,-10.0,-242.0,69.0,1.0,59.0,-2.0,-70.0,-911.0,354.0
546,-11.0,-239.0,71.0,2.0,60.0,2.0,-68.0,-910.0,349.0
547,-9.0,-239.0,72.0,3.0,58.0,-2.0,-70.0,-916.0,356.0
548,-10.0,-238.0,72.0,3.0,57.0,0.0,-66.0,-910.0,352.0
549,-10.0,-237.0,76.0,4.0,58.0,-2.0,-66.0,-906.0,355.0
550,-7.0,-240.0,75.0,3.0,60.0,-1.0,-68.0,-912.0,350.0
551,-12.0,-236.0,73.0,3.0,60.0,-2.0,-65.0,-908.0,355.0
552,-11.0,-239.0,72.0,-1.0,58.0,-2.0,-65.0,-913.0,350.0
553,-11.0,-238.0,74.0,-3.0,58.0,-5.0,-61.0,-915.0,356.0
554,-10.0,-238.0,70.0,-6.0,60.0,-5.0,-64.0,-909.0,352.0
555,-10.0,-238.0,71.0,-8.0,60.0,-7.0,-65.0,-915.0,349.0
556,-12.0,-236.0,71.0,-11.0,59.0,-6.0,-70.0,-913.0,352.0
557,-9.0,-241.0,70.0,-12.0,60.0,-7.0,-66.0,-912.0,349.0
558,-12.0,-241.0,72.0,-14.0,58.0,-4.0,-70.0,-918.0,355.0
559,-12.0,-237.0,71.0,-15.0,59.0,-6.0,-70.0,-915.0,349.0
560,-11.0,-237.0,71.0,-18.0,59.0,-3.0,-65.0,-916.0,352.0
561,-10.0,-241.0,75.0,-18.0,57.0,-6.0,-67.0,-912.0,350.0
562,-11.0,-239.0,68.0,-19.0,58.0,-2.0,-68.0,-915.0,351.0
563,-11.0,-239.0,71.0,-17.0,57.0,-5.0,-66.0,-916.0,352.0
564,-11.0,-241.0,73.0,-15.0,58.0,-4.0,-65.0,-915.0,350.0
565,-11.0,-239.0,74.0,-14.0,58.0,-4.0,-65.0,-916.0,356.0
566,-9.0,-240.0,72.0,-12.0,58.0,-1.0,-66.0,-914.0,349.0
567,-9.0,-242.0,72.0,-11.0,59.0,-4.0,-65.0,-921.0,350.0
568,-9.0,-239.0,73.0,-8.0,57.0,-2.0,-65.0,-918.0,350.0
569,-10.0,-243.0,74.0,-8.0,58.0,-5.0,-64.0,-917.0,353.0
570,-9.0,-239.0,71.0,-6.0,58.0,-4.0,-63.0,-916.0,347.0
571,-10.0,-237.0,73.0,-7.0,58.0,-7.0,-61.0,-915.0,351.0
572,-11.0,-240.0,72.0,-7.0,57.0,-5.0,-65.0,-916.0,344.0
573,-10.0,-238.0,71.0,-7.0,57.0,-7.0,-57.0,-914.0,346.0
574,-9.0,-240.0,72.0,-8.0,58.0,-6.0,-63.0,-910.0,349.0
575,-12.0,-239.0,70.0,-8.0,57.0,-7.0,-60.0,-918.0,348.0
576,-9.0,-239.0,71.0,-10.0,58.0,-6.0,-63.0,-910.0,352.0
577,-9.0,-236.0,73.0,-11.0,56.0,-7.0,-62.0,-913.0,351.0
578,-10.0,-238.0,75.0,-11.0,56.0,-5.0,-66.0,-915.0,349.0
579,-11.0,-241.0,72.0,-12.0,55.0,-7.0,-64.0,-913.0,352.0
580,-10.0,-237.0,73.0,-12.0,55.0,-3.0,-66.0,-918.0,353.0
581,-10.0,-239.0,73.0,-11.0,55.0,-5.0,-67.0,-911.0,353.0
582,-12.0,-239.0,73.0,-13.0,55.0,-4.0,-65.0,-920.0,351.0
583,-11.0,-239.0,68.0,-12.0,54.0,-4.0,-69.0,-920.0,355.0
584,-11.0,-238.0,78.0,-14.0,55.0,-4.0,-67.0,-913.0,349.0
585,-12.0,-238.0,73.0,-14.0,56.0,-5.0,-71.0,-918.0,354.0
586,-12.0,-239.0,70.0,-13.0,57.0,-3.0,-71.0,-918.0,348.0
587,-11.0,-240.0,73.0,-13.0,55.0,-4.0,-71.0,-917.0,352.0
588,-8.0,-241.0,73.0,-12.0,54.0,-4.0,-72.0,-913.0,349.0
589,-10.0,-241.0,71.0,-12.0,56.0,-4.0,-67.0,-913.0,348.0
590,-10.0,-242.0,71.0,-13.0,55.0,-5.0,-67.0,-916.0,348.0
591,-12.0,-239.0,72.0,-11.0,57.0,-5.0,-64.0,-918.0,351.0
592,-11.0,-238.0,74.0,-11.0,56.0,-4.0,-69.0,-917.0,352.0
593,-10.0,-241.0,70.0,-10.0,56.0,-4.0,-67.0,-913.0,351.0
594,-7.0,-240.0,71.0,-10.0,56.0,-4.0,-63.0,-917.0,355.0
595,-8.0,-239.0,74.0,-10.0,56.0,-3.0,-66.0,-916.0,347.0
596,-10.0,-237.0,74.0,-10.0,56.0,-4.0,-69.0,-915.0,356.0
597,-9.0,-236.0,73.0,-6.0,56.0,-4.0,-64.0,-914.0,355.0
598,-9.0,-239.0,73.0,-6.0,56.0,-3.0,-67.0,-913.0,351.0
599,-12.0,-239.0,71.0,-6.0,56.0,-3.0,-68.0,-912.0,357.0
600,-10.0,-238.0,72.0,-6.0,56.0,-4.0,-72.0,-916.0,355.0
601,-8.0,-242.0,71.0,-7.0,56.0,-3.0,-65.0,-912.0,355.0
602,-9.0,-239.0,72.0,-6.0,58.0,-3.0,-67.0,-908.0,358.0
603,-11.0,-239.0,75.0,-7.0,58.0,-3.0,-66.0,-913.0,356.0
604,-11.0,-238.0,72.0,-10.0,58.0,-4.0,-65.0,-915.0,356.0
605,-12.0,-240.0,73.0,-11.0,59.0,-4.0,-66.0,-912.0,356.0
606,-11.0,-238.0,72.0,-11.0,58.0,-4.0,-63.0,-916.0,357.0
607,-12.0,-237.0,73.0,-13.0,58.0,-3.0,-63.0,-916.0,357.0
608,-12.0,-241.0,72.0,-13.0,58.0,-3.0,-66.0,-915.0,359.0
609,-10.0,-241.0,73.0,-13.0,59.0,-3.0,-64.0,-914.0,355.0
610,-8.0,-240.0,72.0,-13.0,59.0,-4.0,-65.0,-915.0,355.0
611,-11.0,-239.0,72.0,-13.0,59.0,-2.0,-59.0,-913.0,358.0
612,-10.0,-238.0,74.0,-11.0,60.0,-4.0,-60.0,-912.0,352.0
613,-10.0,-240.0,72.0,-13.0,60.0,-1.0,-59.0,-914.0,359.0
614,-8.0,-238.0,76.0,-13.0,59.0,-4.0,-65.0,-914.0,358.0
615,-11.0,-236.0,74.0,-11.0,61.0,-2.0,-64.0,-910.0,356.0
616,-11.0,-239.0,72.0,-11.0,61.0,-5.0,-66.0,-917.0,356.0
617,-11.0,-238.0,72.0,-9.0,60.0,-5.0,-64.0,-912.0,357.0
618,-10.0,-238.0,70.0,-9.0,61.0,-5.0,-67.0,-912.0,356.0
619,-11.0,-239.0,71.0,-9.0,61.0,-4.0,-65.0,-915.0,357.0
620,-11.0,-237.0,73.0,-9.0,60.0,-6.0,-62.0,-913.0,357.0
621,-10.0,-240.0,73.0,-10.0,60.0,-5.0,-61.0,-914.0,357.0
622,-10.0,-237.0,73.0,-10.0,60.0,-7.0,-64.0,-912.0,356.0
623,-11.0,-239.0,72.0,-12.0,59.0,-4.0,-65.0,-915.0,357.0
624,-12.0,-244.0,72.0,-11.0,60.0,-8.0,-66.0,-910.0,354.0
625,-8.0,-238.0,73.0,-12.0,61.0,-6.0,-69.0,-912.0,351.0
626,-10.0,-237.0,70.0,-13.0,61.0,-6.0,-63.0,-913.0,356.0
627,-11.0,-241.0,72.0,-13.0,60.0,-5.0,-69.0,-911.0,354.0
628,-12.0,-239.0,72.0,-13.0,61.0,-6.0,-65.0,-912.0,356.0
629,-9.0,-240.0,74.0,-11.0,61.0,-5.0,-61.0,-912.0,352.0
630,-8.0,-239.0,71.0,-12.0,62.0,-6.0,-60.0,-913.0,350.0
631,-10.0,-240.0,72.0,-11.0,61.0,-5.0,-61.0,-916.0,353.0
632,-10.0,-239.0,73.0,-11.0,62.0,-7.0,-59.0,-916.0,355.0
633,-12.0,-237.0,72.0,-12.0,62.0,-4.0,-62.0,-913.0,355.0
634,-11.0,-238.0,74.0,-12.0,63.0,-6.0,-64.0,-914.0,355.0
635,-10.0,-241.0,71.0,-13.0,61.0,-4.0,-63.0,-911.0,353.0
636,-11.0,-239.0,70.0,-14.0,62.0,-6.0,-63.0,-914.0,355.0
637,-10.0,-240.0,71.0,-16.0,61.0,-4.0,-62.0,-912.0,355.0
638,-11.0,-241.0,72.0,-16.0,60.0,-6.0,-64.0,-916.0,356.0
639,-11.0,-238.0,75.0,-15.0,60.0,-4.0,-68.0,-912.0,357.0
640,-12.0,-239.0,72.0,-17.0,60.0,-7.0,-73.0,-913.0,353.0
641,-9.0,-240.0,72.0,-17.0,60.0,-6.0,-71.0,-916.0,349.0
642,-11.0,-238.0,72.0,-17.0,60.0,-8.0,-74.0,-915.0,353.0
643,-11.0,-238.0,70.0,-17.0,61.0,-4.0,-68.0,-913.0,352.0
644,-12.0,-237.0,72.0,-17.0,61.0,-5.0,-66.0,-913.0,350.0
645,-10.0,-239.0,73.0,-16.0,61.0,-3.0,-65.0,-911.0,351.0
646,-7.0,-240.0,72.0,-17.0,62.0,-4.0,-60.0,-911.0,349.0
647,-9.0,-239.0,72.0,-17.0,61.0,-3.0,-64.0,-913.0,351.0
648,-8.0,-241.0,73.0,-15.0,62.0,-5.0,-66.0,-913.0,353.0
649,-11.0,-241.0,70.0,-15.0,63.0,-2.0,-68.0,-918.0,357.0
650,-12.0,-240.0,75.0,-12.0,61.0,-5.0,-69.0,-915.0,351.0
651,-11.0,-239.0,70.0,-11.0,61.0,-3.0,-70.0,-915.0,359.0
652,-11.0,-239.0,71.0,-10.0,60.0,-5.0,-66.0,-917.0,359.0
653,-11.0,-239.0,75.0,-10.0,58.0,-5.0,-70.0,-917.0,357.0
654,-11.0,-241.0,78.0,-12.0,58.0,-6.0,-66.0,-920.0,359.0
655,-11.0,-239.0,72.0,-11.0,59.0,-3.0,-71.0,-917.0,361.0
656,-10.0,-239.0,74.0,-11.0,59.0,-5.0,-68.0,-917.0,361.0
657,-11.0,-242.0,71.0,-10.0,61.0,-2.0,-66.0,-920.0,358.0
658,-10.0,-242.0,75.0,-10.0,60.0,-4.0,-61.0,-918.0,354.0
659,-11.0,-241.0,74.0,-10.0,60.0,-2.0,-64.0,-918.0,358.0
660,-9.0,-240.0,74.0,-8.0,60.0,-3.0,-62.0,-916.0,351.0
661,-11.0,-241.0,72.0,-6.0,61.0,0.0,-65.0,-914.0,350.0
662,-8.0,-239.0,69.0,-4.0,62.0,0.0,-65.0,-917.0,350.0
663,-9.0,-242.0,72.0,-4.0,62.0,2.0,-63.0,-914.0,349.0
664,-11.0,-237.0,71.0,-4.0,61.0,-2.0,-67.0,-916.0,353.0
665,-10.0,-238.0,72.0,-4.0,60.0,1.0,-67.0,-911.0,348.0
666,-10.0,-239.0,70.0,-4.0,58.0,-2.0,-63.0,-911.0,351.0
667,-10.0,-238.0,72.0,-5.0,57.0,1.0,-66.0,-913.0,353.0
668,-11.0,-239.0,70.0,-5.0,56.0,-1.0,-65.0,-909.0,352.0
669,-11.0,-241.0,70.0,-4.0,55.0,1.0,-66.0,-907.0,354.0
670,6.0,-238.0,69.0,-5.0,56.0,-1.0,-67.0,-909.0,351.0
671,-10.0,-237.0,75.0,-6.0,55.0,2.0,-71.0,-908.0,354.0
672,-11.0,-236.0,72.0,-7.0,57.0,1.0,-68.0,-907.0,358.0
673,-12.0,-237.0,74.0,-7.0,59.0,1.0,-69.0,-915.0,352.0
674,-12.0,-238.0,74.0,-8.0,58.0,-2.0,-64.0,-908.0,350.0
675,-10.0,-238.0,73.0,-9.0,56.0,-1.0,-62.0,-911.0,354.0
676,-10.0,-241.0,73.0,-11.0,58.0,-2.0,-65.0,-917.0,358.0
677,-11.0,-238.0,71.0,-12.0,59.0,-1.0,-68.0,-909.0,357.0
678,-10.0,-239.0,72.0,-12.0,58.0,-3.0,-63.0,-912.0,354.0
679,-10.0,-240.0,75.0,-14.0,59.0,-3.0,-64.0,-916.0,354.0
680,-11.0,-239.0,72.0,-15.0,57.0,-3.0,-67.0,-915.0,353.0
681,-11.0,-240.0,71.0,-17.0,58.0,-3.0,-62.0,-911.0,357.0
682,-8.0,-243.0,71.0,-17.0,57.0,-3.0,-62.0,-919.0,355.0
683,-9.0,-239.0,75.0,-16.0,57.0,-2.0,-63.0,-916.0,353.0
684,-10.0,-240.0,72.0,-16.0,56.0,-2.0,-60.0,-914.0,357.0
685,-11.0,-240.0,72.0,-17.0,56.0,-1.0,-64.0,-920.0,350.0
686,-10.0,-237.0,71.0,-17.0,57.0,0.0,-56.0,-917.0,353.0
687,-9.0,-242.0,72.0,-14.0,58.0,0.0,-59.0,-915.0,350.0
688,-11.0,-239.0,69.0,-14.0,56.0,0.0,-59.0,-920.0,353.0
689,-11.0,-241.0,72.0,-13.0,57.0,0.0,-61.0,-917.0,347.0
690,-7.0,-244.0,67.0,-13.0,56.0,1.0,-62.0,-913.0,349.0
691,-6.0,-238.0,56.0,-11.0,58.0,0.0,-64.0,-916.0,347.0
692,-11.0,-239.0,82.0,-11.0,56.0,1.0,-60.0,-915.0,352.0
693,-13.0,-242.0,74.0,-10.0,56.0,0.0,-61.0,-917.0,352.0
694,5.0,-235.0,77.0,-10.0,58.0,0.0,-64.0,-915.0,349.0
695,-10.0,-233.0,64.0,-10.0,57.0,-1.0,-61.0,-916.0,346.0
696,-10.0,-240.0,73.0,-10.0,56.0,0.0,-67.0,-914.0,353.0
697,-12.0,-237.0,71.0,-9.0,57.0,0.0,-59.0,-918.0,348.0
698,-10.0,-239.0,68.0,-9.0,57.0,2.0,-66.0,-910.0,351.0
699,-11.0,-236.0,71.0,-8.0,59.0,1.0,-63.0,-914.0,349.0
700,-9.0,-240.0,73.0,-8.0,58.0,2.0,-67.0,-916.0,353.0
701,-12.0,-237.0,71.0,-10.0,60.0,1.0,-64.0,-913.0,352.0
702,-11.0,-239.0,72.0,-11.0,60.0,2.0,-64.0,-918.0,354.0
703,-9.0,-239.0,72.0,-12.0,60.0,1.0,-67.0,-915.0,354.0
704,-9.0,-240.0,72.0,-13.0,61.0,1.0,-61.0,-913.0,357.0
705,-10.0,-235.0,72.0,-15.0,62.0,0.0,-62.0,-915.0,359.0
706,-11.0,-240.0,72.0,-17.0,62.0,1.0,-62.0,-913.0,357.0
707,-9.0,-239.0,73.0,-18.0,61.0,-1.0,-61.0,-916.0,352.0
708,-13.0,-239.0,71.0,-18.0,63.0,0.0,-64.0,-914.0,355.0
709,-9.0,-238.0,72.0,-20.0,61.0,-1.0,-67.0,-912.0,354.0
710,-12.0,-240.0,70.0,-20.0,62.0,0.0,-65.0,-918.0,350.0
711,-9.0,-240.0,70.0,-20.0,62.0,-3.0,-66.0,-917.0,355.0
712,-11.0,-235.0,69.0,-20.0,62.0,-2.0,-69.0,-913.0,351.0
713,-10.0,-240.0,75.0,-20.0,62.0,-3.0,-68.0,-914.0,353.0
714,-12.0,-238.0,73.0,-19.0,62.0,-1.0,-69.0,-915.0,356.0
715,-12.0,-238.0,75.0,-17.0,61.0,-3.0,-67.0,-917.0,354.0
716,-11.0,-240.0,73.0,-19.0,61.0,0.0,-66.0,-917.0,358.0
717,-10.0,-240.0,75.0,-16.0,62.0,-2.0,-67.0,-922.0,357.0
718,-11.0,-239.0,73.0,-17.0,62.0,1.0,-67.0,-915.0,354.0
719,-11.0,-239.0,73.0,-15.0,61.0,-1.0,-63.0,-914.0,354.0
720,-9.0,-239.0,72.0,-16.0,63.0,2.0,-67.0,-913.0,354.0
721,-9.0,-241.0,74.0,-16.0,64.0,1.0,-71.0,-911.0,360.0
722,-10.0,-239.0,70.0,-14.0,64.0,2.0,-65.0,-915.0,358.0
723,-10.0,-240.0,71.0,-14.0,64.0,0.0,-65.0,-917.0,355.0
724,-11.0,-239.0,71.0,-16.0,65.0,2.0,-72.0,-912.0,358.0
725,-11.0,-240.0,71.0,-16.0,64.0,0.0,-69.0,-915.0,358.0
726,-11.0,-238.0,71.0,-18.0,63.0,2.0,-67.0,-911.0,358.0
727,-11.0,-239.0,75.0,-20.0,63.0,-1.0,-67.0,-912.0,362.0
728,-9.0,-238.0,72.0,-20.0,61.0,2.0,-70.0,-911.0,359.0
729,-11.0,-241.0,74.0,-23.0,61.0,0.0,-62.0,-913.0,359.0
730,-11.0,-241.0,71.0,-23.0,61.0,1.0,-64.0,-912.0,354.0
731,-12.0,-238.0,75.0,-25.0,61.0,0.0,-68.0,-913.0,350.0
732,-11.0,-239.0,72.0,-25.0,61.0,3.0,-67.0,-916.0,354.0
733,-11.0,-239.0,72.0,-26.0,61.0,0.0,-69.0,-914.0,354.0
734,-11.0,-241.0,70.0,-28.0,61.0,2.0,-69.0,-918.0,356.0
735,-11.0,-239.0,72.0,-29.0,61.0,-1.0,-68.0,-912.0,356.0
736,-12.0,-238.0,72.0,-28.0,60.0,2.0,-66.0,-913.0,350.0
737,-10.0,-239.0,74.0,-29.0,62.0,0.0,-69.0,-915.0,354.0
738,-12.0,-237.0,73.0,-28.0,61.0,1.0,-63.0,-911.0,350.0
739,-12.0,-239.0,69.0,-27.0,61.0,-1.0,-70.0,-909.0,354.0
740,-11.0,-237.0,70.0,-26.0,61.0,1.0,-68.0,-914.0,357.0
741,-12.0,-235.0,72.0,-25.0,64.0,-1.0,-68.0,-910.0,351.0
742,-12.0,-235.0,74.0,-27.0,63.0,1.0,-70.0,-914.0,354.0
743,-11.0,-239.0,71.0,-29.0,64.0,0.0,-68.0,-911.0,354.0
744,-12.0,-239.0,72.0,-29.0,63.0,2.0,-73.0,-910.0,353.0
745,-12.0,-238.0,72.0,-29.0,64.0,-1.0,-65.0,-911.0,358.0
746,-12.0,-238.0,72.0,-32.0,64.0,2.0,-67.0,-909.0,352.0
747,-10.0,-237.0,74.0,-34.0,62.0,0.0,-72.0,-909.0,351.0
748,-10.0,-238.0,72.0,-34.0,61.0,1.0,-63.0,-912.0,352.0
749,-10.0,-239.0,72.0,-37.0,63.0,-1.0,-69.0,-912.0,355.0
750,-10.0,-238.0,67.0,-38.0,61.0,2.0,-68.0,-912.0,353.0
751,-11.0,-240.0,71.0,-40.0,62.0,-1.0,-65.0,-911.0,353.0
752,-10.0,-239.0,71.0,-41.0,60.0,0.0,-71.0,-916.0,349.0
753,-10.0,-240.0,69.0,-42.0,60.0,-1.0,-66.0,-914.0,350.0
754,-11.0,-239.0,71.0,-42.0,61.0,1.0,-64.0,-918.0,354.0
755,-12.0,-242.0,72.0,-43.0,61.0,-1.0,-62.0,-914.0,351.0
756,-11.0,-238.0,72.0,-43.0,61.0,2.0,-67.0,-917.0,352.0
757,-9.0,-239.0,73.0,-42.0,63.0,-1.0,-67.0,-917.0,356.0
758,-11.0,-240.0,73.0,-42.0,62.0,0.0,-68.0,-918.0,356.0
759,-11.0,-237.0,69.0,-40.0,61.0,-3.0,-66.0,-922.0,352.0
760,-11.0,-241.0,73.0,-40.0,59.0,0.0,-63.0,-921.0,355.0
761,-12.0,-240.0,71.0,-41.0,58.0,-2.0,-65.0,-917.0,350.0
762,-11.0,-239.0,71.0,-39.0,57.0,-2.0,-63.0,-918.0,354.0
763,-10.0,-240.0,66.0,-39.0,58.0,-3.0,-66.0,-918.0,353.0
764,-12.0,-239.0,71.0,-40.0,59.0,-2.0,-67.0,-914.0,353.0
765,-11.0,-238.0,72.0,-42.0,59.0,-2.0,-63.0,-915.0,350.0
766,-10.0,-240.0,72.0,-42.0,59.0,-2.0,-71.0,-916.0,351.0
767,-10.0,-237.0,74.0,-42.0,60.0,-2.0,-65.0,-916.0,354.0
768,-10.0,-239.0,74.0,-43.0,60.0,-1.0,-66.0,-910.0,350.0
769,-11.0,-238.0,72.0,-44.0,60.0,-3.0,-65.0,-917.0,354.0
770,-9.0,-241.0,74.0,-44.0,61.0,0.0,-64.0,-914.0,350.0
771,-12.0,-239.0,72.0,-44.0,61.0,-1.0,-65.0,-916.0,353.0
772,-11.0,-240.0,71.0,-45.0,62.0,-1.0,-65.0,-913.0,355.0
773,-12.0,-238.0,70.0,-44.0,61.0,0.0,-67.0,-913.0,350.0
774,-12.0,-238.0,73.0,-44.0,61.0,0.0,-71.0,-916.0,352.0
775,-11.0,-240.0,69.0,-44.0,60.0,-1.0,-65.0,-916.0,350.0
776,-9.0,-240.0,68.0,-43.0,60.0,-1.0,-62.0,-914.0,350.0
777,-11.0,-238.0,73.0,-44.0,60.0,-2.0,-64.0,-913.0,349.0
778,-12.0,-240.0,72.0,-43.0,60.0,-1.0,-66.0,-923.0,349.0
779,-11.0,-239.0,65.0,-41.0,60.0,-3.0,-64.0,-917.0,351.0
780,-10.0,-237.0,70.0,-40.0,60.0,-3.0,-67.0,-918.0,348.0
781,-10.0,-240.0,72.0,-40.0,60.0,-3.0,-67.0,-915.0,350.0
782,-11.0,-238.0,72.0,-40.0,61.0,-3.0,-70.0,-918.0,349.0
783,-11.0,-242.0,72.0,-39.0,61.0,-3.0,-64.0,-918.0,350.0
784,-10.0,-240.0,69.0,-40.0,62.0,-4.0,-70.0,-921.0,348.0
785,-11.0,-239.0,71.0,-38.0,63.0,-2.0,-70.0,-926.0,348.0
786,-12.0,-240.0,69.0,-37.0,64.0,-4.0,-69.0,-923.0,349.0
787,-10.0,-241.0,70.0,-34.0,65.0,-2.0,-68.0,-919.0,349.0
788,-11.0,-239.0,71.0,-34.0,64.0,-1.0,-73.0,-921.0,342.0
789,-10.0,-242.0,69.0,-33.0,64.0,-1.0,-68.0,-918.0,345.0
790,-10.0,-240.0,71.0,-31.0,65.0,0.0,-66.0,-921.0,341.0
791,-9.0,-240.0,71.0,-31.0,63.0,1.0,-68.0,-918.0,343.0
792,-11.0,-237.0,68.0,-31.0,61.0,0.0,-73.0,-916.0,343.0
793,-10.0,-239.0,68.0,-31.0,59.0,2.0,-67.0,-918.0,341.0
794,-10.0,-238.0,71.0,-33.0,60.0,1.0,-69.0,-920.0,344.0
795,-11.0,-240.0,70.0,-32.0,60.0,2.0,-64.0,-917.0,341.0
796,-11.0,-239.0,69.0,-33.0,60.0,2.0,-69.0,-917.0,346.0
797,-10.0,-239.0,70.0,-33.0,61.0,3.0,-68.0,-918.0,348.0
798,-10.0,-240.0,72.0,-35.0,62.0,2.0,-62.0,-914.0,343.0
799,-9.0,-239.0,72.0,-33.0,63.0,3.0,-65.0,-918.0,341.0
800,-11.0,-238.0,70.0,-33.0,64.0,1.0,-69.0,-918.0,345.0
801,-11.0,-237.0,70.0,-34.0,62.0,1.0,-64.0,-918.0,348.0
802,-11.0,-238.0,71.0,-37.0,62.0,-2.0,-63.0,-913.0,346.0
803,-11.0,-237.0,69.0,-36.0,62.0,1.0,-67.0,-916.0,347.0
804,-10.0,-240.0,68.0,-38.0,62.0,-2.0,-70.0,-916.0,342.0
805,-12.0,-240.0,69.0,-40.0,61.0,-1.0,-69.0,-920.0,342.0
806,-9.0,-241.0,70.0,-40.0,60.0,-1.0,-67.0,-917.0,342.0
807,-10.0,-239.0,72.0,-42.0,60.0,0.0,-65.0,-918.0,343.0
808,-9.0,-241.0,67.0,-43.0,60.0,-1.0,-73.0,-921.0,340.0
809,-11.0,-240.0,68.0,-44.0,60.0,2.0,-68.0,-925.0,341.0
810,-11.0,-238.0,66.0,-43.0,60.0,0.0,-67.0,-919.0,343.0
811,-11.0,-240.0,72.0,-43.0,60.0,2.0,-69.0,-919.0,339.0
812,-11.0,-241.0,71.0,-44.0,59.0,-1.0,-66.0,-920.0,340.0
813,-12.0,-238.0,68.0,-42.0,59.0,3.0,-65.0,-917.0,338.0
814,-11.0,-241.0,72.0,-41.0,60.0,0.0,-69.0,-920.0,333.0
815,-12.0,-239.0,69.0,-40.0,60.0,1.0,-63.0,-926.0,337.0
816,-11.0,-237.0,69.0,-40.0,59.0,0.0,-69.0,-920.0,333.0
817,-11.0,-239.0,68.0,-39.0,60.0,2.0,-65.0,-917.0,331.0
818,-10.0,-243.0,68.0,-39.0,61.0,-1.0,-63.0,-918.0,334.0
819,-11.0,-241.0,70.0,-39.0,62.0,2.0,-65.0,-916.0,331.0
820,-10.0,-240.0,70.0,-40.0,64.0,-1.0,-59.0,-916.0,333.0
821,-10.0,-240.0,65.0,-40.0,65.0,2.0,-62.0,-915.0,333.0
822,-9.0,-240.0,64.0,-41.0,67.0,0.0,-59.0,-919.0,329.0
823,-9.0,-240.0,67.0,-43.0,67.0,2.0,-61.0,-915.0,333.0
824,-10.0,-240.0,68.0,-42.0,67.0,0.0,-62.0,-920.0,330.0
825,-9.0,-242.0,65.0,-43.0,65.0,5.0,-60.0,-922.0,333.0
826,-11.0,-239.0,65.0,-42.0,65.0,2.0,-61.0,-920.0,332.0
827,-7.0,-244.0,68.0,-42.0,64.0,4.0,-57.0,-916.0,329.0
828,-7.0,-242.0,69.0,-41.0,61.0,1.0,-60.0,-925.0,328.0
829,-10.0,-242.0,67.0,-43.0,58.0,2.0,-66.0,-925.0,321.0
830,-11.0,-238.0,64.0,-45.0,59.0,-3.0,-67.0,-923.0,330.0
831,-11.0,-240.0,62.0,-46.0,61.0,-3.0,-72.0,-924.0,322.0
832,-12.0,-239.0,66.0,-48.0,62.0,-7.0,-69.0,-923.0,319.0
833,-10.0,-238.0,61.0,-50.0,66.0,-6.0,-68.0,-913.0,308.0
834,-12.0,-237.0,65.0,-54.0,68.0,-10.0,-67.0,-915.0,312.0
835,-11.0,-236.0,64.0,-59.0,71.0,-11.0,-68.0,-911.0,313.0
836,-11.0,-236.0,57.0,-65.0,73.0,-17.0,-65.0,-910.0,310.0
837,-9.0,-238.0,59.0,-69.0,73.0,-17.0,-64.0,-907.0,304.0
838,-9.0,-237.0,55.0,-72.0,75.0,-22.0,-61.0,-909.0,299.0
839,-8.0,-238.0,57.0,-77.0,76.0,-21.0,-54.0,-908.0,305.0
840,-5.0,-238.0,59.0,-79.0,73.0,-24.0,-53.0,-907.0,299.0
841,-8.0,-234.0,60.0,-83.0,74.0,-23.0,-51.0,-907.0,305.0
842,-10.0,-237.0,57.0,-85.0,69.0,-25.0,-52.0,-906.0,302.0
843,-8.0,-237.0,57.0,-88.0,64.0,-26.0,-51.0,-908.0,297.0
844,-8.0,-237.0,58.0,-99.0,59.0,-30.0,-58.0,-905.0,297.0
845,-10.0,-233.0,59.0,-110.0,53.0,-31.0,-60.0,-899.0,293.0
846,-10.0,-234.0,61.0,-124.0,47.0,-38.0,-70.0,-901.0,290.0
847,-11.0,-233.0,59.0,-140.0,43.0,-40.0,-70.0,-901.0,293.0
848,-13.0,-233.0,58.0,-159.0,39.0,-50.0,-77.0,-898.0,289.0
849,-11.0,-233.0,55.0,-180.0,36.0,-56.0,-86.0,-896.0,287.0
850,-12.0,-232.0,52.0,-206.0,32.0,-64.0,-82.0,-893.0,285.0
851,-12.0,-234.0,54.0,-231.0,33.0,-69.0,-81.0,-895.0,277.0
852,-10.0,-234.0,57.0,-254.0,37.0,-80.0,-77.0,-896.0,282.0
853,-11.0,-228.0,54.0,-277.0,43.0,-81.0,-76.0,-902.0,281.0
854,-12.0,-234.0,57.0,-293.0,50.0,-84.0,-73.0,-907.0,289.0
855,-10.0,-237.0,61.0,-305.0,59.0,-80.0,-72.0,-907.0,290.0
856,-12.0,-236.0,58.0,-313.0,68.0,-80.0,-71.0,-914.0,295.0
857,-12.0,-236.0,59.0,-317.0,75.0,-77.0,-76.0,-916.0,296.0
858,-8.0,-245.0,63.0,-321.0,80.0,-76.0,-73.0,-922.0,302.0
859,-12.0,-243.0,59.0,-320.0,85.0,-71.0,-71.0,-927.0,311.0
860,-10.0,-245.0,64.0,-317.0,89.0,-65.0,-74.0,-941.0,314.0
861,-10.0,-248.0,66.0,-310.0,93.0,-58.0,-73.0,-945.0,309.0
862,-11.0,-252.0,63.0,-302.0,96.0,-55.0,-65.0,-950.0,312.0
863,-9.0,-249.0,62.0,-290.0,98.0,-52.0,-70.0,-953.0,308.0
864,-11.0,-250.0,64.0,-278.0,98.0,-50.0,-63.0,-954.0,306.0
865,-11.0,-249.0,62.0,-266.0,96.0,-47.0,-64.0,-951.0,309.0
866,-9.0,-248.0,62.0,-251.0,94.0,-45.0,-61.0,-950.0,305.0
867,-8.0,-248.0,61.0,-237.0,92.0,-42.0,-54.0,-945.0,306.0
868,-6.0,-246.0,62.0,-225.0,90.0,-41.0,-52.0,-945.0,309.0
869,-6.0,-245.0,60.0,-214.0,86.0,-40.0,-48.0,-944.0,307.0
870,-7.0,-246.0,61.0,-206.0,82.0,-37.0,-46.0,-938.0,304.0
871,-4.0,-244.0,61.0,-200.0,79.0,-33.0,-39.0,-932.0,306.0
872,-5.0,-242.0,57.0,-193.0,76.0,-33.0,-42.0,-928.0,305.0
873,-6.0,-241.0,61.0,-186.0,75.0,-31.0,-42.0,-932.0,307.0
874,-3.0,-244.0,61.0,-181.0,75.0,-30.0,-45.0,-932.0,315.0
875,-4.0,-242.0,58.0,-175.0,74.0,-28.0,-42.0,-932.0,316.0
876,-6.0,-243.0,61.0,-169.0,74.0,-25.0,-40.0,-932.0,312.0
877,-6.0,-244.0,67.0,-164.0,76.0,-25.0,-37.0,-932.0,320.0
878,-7.0,-244.0,66.0,-161.0,80.0,-25.0,-39.0,-934.0,316.0
879,-4.0,-242.0,67.0,-157.0,83.0,-26.0,-37.0,-936.0,323.0
880,-4.0,-243.0,67.0,-154.0,87.0,-23.0,-40.0,-934.0,315.0
881,-6.0,-244.0,65.0,-150.0,90.0,-21.0,-43.0,-929.0,324.0
882,-5.0,-242.0,57.0,-148.0,91.0,-21.0,-45.0,-933.0,312.0
883,-7.0,-239.0,61.0,-152.0,91.0,-20.0,-42.0,-930.0,300.0
884,-6.0,-240.0,67.0,-156.0,93.0,-18.0,-40.0,-930.0,302.0
885,-7.0,-241.0,62.0,-157.0,94.0,-17.0,-47.0,-927.0,313.0
886,-6.0,-242.0,61.0,-157.0,93.0,-17.0,-55.0,-924.0,304.0
887,-7.0,-241.0,58.0,-160.0,93.0,-18.0,-42.0,-926.0,310.0
888,-7.0,-239.0,61.0,-162.0,92.0,-19.0,-52.0,-930.0,307.0
889,-9.0,-239.0,61.0,-164.0,91.0,-23.0,-49.0,-926.0,314.0
890,-10.0,-243.0,61.0,-166.0,88.0,-23.0,-53.0,-931.0,311.0
891,-9.0,-243.0,61.0,-164.0,85.0,-25.0,-57.0,-926.0,306.0
892,-6.0,-242.0,60.0,-165.0,86.0,-23.0,-51.0,-929.0,307.0
893,-8.0,-243.0,62.0,-164.0,84.0,-25.0,-49.0,-923.0,311.0
894,-7.0,-243.0,60.0,-164.0,83.0,-24.0,-52.0,-928.0,307.0
895,-5.0,-247.0,60.0,-162.0,80.0,-25.0,-55.0,-928.0,310.0
896,-9.0,-243.0,60.0,-155.0,78.0,-23.0,-59.0,-928.0,306.0
897,-11.0,-245.0,64.0,-150.0,75.0,-24.0,-58.0,-928.0,315.0
898,-11.0,-243.0,62.0,-141.0,71.0,-22.0,-62.0,-935.0,300.0
899,-10.0,-244.0,61.0,-139.0,68.0,-23.0,-63.0,-927.0,308.0
900,-10.0,-243.0,59.0,-135.0,65.0,-22.0,-67.0,-930.0,300.0
901,-9.0,-247.0,59.0,-137.0,64.0,-21.0,-65.0,-927.0,300.0
902,-6.0,-239.0,61.0,-139.0,63.0,-15.0,-62.0,-921.0,296.0
903,-9.0,-238.0,54.0,-143.0,63.0,-14.0,-63.0,-921.0,297.0
904,-11.0,-243.0,61.0,-143.0,61.0,-12.0,-66.0,-921.0,304.0
905,-9.0,-240.0,61.0,-145.0,59.0,-13.0,-63.0,-919.0,307.0
906,-10.0,-240.0,59.0,-148.0,58.0,-12.0,-64.0,-915.0,298.0
907,-11.0,-235.0,61.0,-152.0,59.0,-14.0,-62.0,-913.0,313.0
908,-11.0,-237.0,59.0,-154.0,57.0,-12.0,-65.0,-912.0,295.0
909,-11.0,-244.0,63.0,-164.0,58.0,-14.0,-60.0,-909.0,307.0
910,-12.0,-238.0,60.0,-172.0,59.0,-12.0,-66.0,-915.0,296.0
911,-10.0,-237.0,61.0,-178.0,59.0,-15.0,-62.0,-918.0,303.0
912,-9.0,-240.0,58.0,-185.0,55.0,-12.0,-62.0,-914.0,300.0
913,-10.0,-241.0,56.0,-189.0,55.0,-16.0,-64.0,-917.0,293.0
914,-12.0,-241.0,55.0,-200.0,54.0,-15.0,-66.0,-918.0,289.0
915,-7.0,-246.0,53.0,-212.0,54.0,-19.0,-63.0,-919.0,281.0
916,-12.0,-238.0,52.0,-228.0,55.0,-14.0,-67.0,-923.0,272.0
917,-11.0,-240.0,54.0,-245.0,55.0,-15.0,-62.0,-927.0,283.0
918,-9.0,-242.0,56.0,-250.0,52.0,-15.0,-64.0,-931.0,282.0
919,-7.0,-246.0,53.0,-255.0,50.0,-18.0,-65.0,-934.0,283.0
920,-11.0,-243.0,54.0,-261.0,50.0,-18.0,-64.0,-939.0,275.0
921,-11.0,-244.0,52.0,-268.0,52.0,-21.0,-71.0,-934.0,273.0
922,-10.0,-244.0,49.0,-276.0,52.0,-19.0,-68.0,-932.0,267.0
923,-10.0,-245.0,50.0,-285.0,55.0,-20.0,-66.0,-943.0,260.0
924,-11.0,-246.0,49.0,-294.0,58.0,-18.0,-66.0,-946.0,265.0
925,-8.0,-247.0,49.0,-298.0,61.0,-22.0,-65.0,-951.0,264.0
926,-9.0,-247.0,48.0,-302.0,63.0,-21.0,-65.0,-952.0,256.0
927,-10.0,-244.0,47.0,-305.0,66.0,-22.0,-64.0,-945.0,251.0
928,-11.0,-245.0,47.0,-319.0,70.0,-20.0,-64.0,-944.0,250.0
929,-9.0,-249.0,45.0,-327.0,72.0,-21.0,-58.0,-952.0,250.0
930,-7.0,-250.0,44.0,-333.0,76.0,-17.0,-55.0,-943.0,248.0
931,-7.0,-248.0,48.0,-339.0,78.0,-19.0,-53.0,-950.0,247.0
932,-3.0,-249.0,49.0,-344.0,81.0,-14.0,-50.0,-950.0,251.0
933,-7.0,-249.0,42.0,-350.0,82.0,-15.0,-51.0,-951.0,240.0
934,-8.0,-247.0,41.0,-356.0,83.0,-12.0,-49.0,-954.0,234.0
935,-7.0,-250.0,42.0,-363.0,84.0,-14.0,-50.0,-952.0,237.0
936,-6.0,-249.0,43.0,-365.0,83.0,-13.0,-48.0,-953.0,230.0
937,-6.0,-249.0,38.0,-369.0,86.0,-15.0,-48.0,-951.0,222.0
938,-7.0,-247.0,35.0,-378.0,87.0,-11.0,-57.0,-953.0,210.0
939,-6.0,-248.0,36.0,-390.0,88.0,-13.0,-48.0,-950.0,200.0
940,-5.0,-246.0,35.0,-401.0,90.0,-10.0,-51.0,-948.0,205.0
941,-7.0,-243.0,33.0,-413.0,93.0,-14.0,-48.0,-949.0,190.0
942,-7.0,-249.0,33.0,-429.0,95.0,-12.0,-42.0,-951.0,198.0
943,-6.0,-246.0,37.0,-433.0,98.0,-16.0,-52.0,-954.0,208.0
944,-6.0,-248.0,30.0,-430.0,96.0,-17.0,-45.0,-963.0,201.0
945,-10.0,-250.0,30.0,-425.0,98.0,-22.0,-53.0,-962.0,195.0
946,-7.0,-250.0,26.0,-425.0,102.0,-25.0,-55.0,-960.0,189.0
947,-8.0,-249.0,27.0,-432.0,104.0,-27.0,-51.0,-958.0,178.0
948,-8.0,-246.0,26.0,-434.0,103.0,-28.0,-47.0,-952.0,178.0
949,-8.0,-248.0,26.0,-437.0,106.0,-31.0,-46.0,-955.0,175.0
950,-8.0,-245.0,25.0,-445.0,110.0,-29.0,-50.0,-951.0,160.0
951,-6.0,-248.0,28.0,-460.0,117.0,-29.0,-38.0,-954.0,180.0
952,-6.0,-249.0,30.0,-463.0,118.0,-28.0,-43.0,-958.0,194.0
953,-6.0,-251.0,32.0,-456.0,117.0,-31.0,-46.0,-968.0,192.0
954,-5.0,-254.0,27.0,-451.0,118.0,-34.0,-47.0,-972.0,182.0
955,-5.0,-252.0,28.0,-448.0,117.0,-34.0,-50.0,-969.0,171.0
956,-6.0,-252.0,18.0,-455.0,122.0,-30.0,-42.0,-967.0,162.0
957,-6.0,-249.0,25.0,-461.0,123.0,-30.0,-53.0,-955.0,164.0
958,-6.0,-247.0,20.0,-469.0,125.0,-29.0,-50.0,-954.0,160.0
959,-5.0,-249.0,23.0,-482.0,128.0,-32.0,-46.0,-956.0,165.0
960,-4.0,-252.0,26.0,-491.0,127.0,-32.0,-35.0,-967.0,163.0
961,-3.0,-253.0,22.0,-496.0,130.0,-34.0,-46.0,-961.0,160.0
962,-7.0,-251.0,20.0,-500.0,135.0,-33.0,-56.0,-961.0,153.0
963,-6.0,-252.0,19.0,-512.0,141.0,-32.0,-43.0,-966.0,160.0
964,-6.0,-250.0,19.0,-519.0,143.0,-33.0,-45.0,-968.0,147.0
965,-9.0,-252.0,19.0,-523.0,146.0,-34.0,-54.0,-967.0,143.0
966,-9.0,-253.0,18.0,-533.0,153.0,-31.0,-47.0,-966.0,149.0
967,-10.0,-253.0,17.0,-538.0,153.0,-33.0,-54.0,-970.0,145.0
968,-10.0,-252.0,17.0,-543.0,154.0,-33.0,-59.0,-965.0,146.0
969,-8.0,-251.0,18.0,-541.0,152.0,-32.0,-52.0,-968.0,142.0
970,-8.0,-250.0,16.0,-542.0,154.0,-32.0,-62.0,-966.0,133.0
971,-7.0,-251.0,17.0,-548.0,155.0,-29.0,-52.0,-966.0,131.0
972,-8.0,-250.0,18.0,-554.0,157.0,-28.0,-59.0,-960.0,134.0
973,-6.0,-253.0,19.0,-554.0,155.0,-30.0,-62.0,-968.0,133.0
974,-11.0,-248.0,12.0,-549.0,155.0,-34.0,-63.0,-965.0,117.0
975,-7.0,-252.0,12.0,-565.0,158.0,-32.0,-61.0,-962.0,119.0
976,-9.0,-248.0,8.0,-572.0,158.0,-35.0,-67.0,-958.0,114.0
977,-10.0,-252.0,14.0,-579.0,159.0,-35.0,-66.0,-959.0,112.0
978,-9.0,-252.0,8.0,-587.0,162.0,-37.0,-58.0,-968.0,114.0
979,-11.0,-253.0,9.0,-593.0,160.0,-38.0,-66.0,-973.0,113.0
980,-11.0,-251.0,4.0,-599.0,162.0,-41.0,-65.0,-968.0,100.0
981,-9.0,-251.0,7.0,-616.0,166.0,-39.0,-69.0,-966.0,93.0
982,-11.0,-254.0,9.0,-633.0,172.0,-39.0,-78.0,-973.0,98.0
983,-11.0,-256.0,10.0,-638.0,172.0,-38.0,-78.0,-976.0,107.0
984,-9.0,-258.0,9.0,-641.0,172.0,-40.0,-62.0,-987.0,109.0
985,-12.0,-257.0,9.0,-635.0,171.0,-44.0,-84.0,-999.0,106.0
986,-12.0,-258.0,9.0,-630.0,166.0,-45.0,-79.0,-989.0,95.0
987,-11.0,-261.0,0.0,-634.0,168.0,-42.0,-76.0,-991.0,79.0
988,-13.0,-255.0,1.0,-646.0,171.0,-42.0,-87.0,-992.0,86.0
989,-12.0,-256.0,6.0,-646.0,166.0,-40.0,-76.0,-993.0,86.0
990,-10.0,-259.0,7.0,-644.0,165.0,-41.0,-74.0,-1001.0,90.0
991,-12.0,-259.0,8.0,-634.0,156.0,-43.0,-72.0,-1002.0,99.0
992,-12.0,-255.0,7.0,-621.0,146.0,-46.0,-72.0,-997.0,89.0
993,-11.0,-256.0,7.0,-614.0,142.0,-44.0,-75.0,-982.0,90.0
994,-14.0,-258.0,4.0,-613.0,138.0,-45.0,-78.0,-986.0,84.0
995,-13.0,-258.0,4.0,-612.0,135.0,-42.0,-77.0,-990.0,82.0
996,-9.0,-255.0,2.0,-611.0,132.0,-42.0,-78.0,-978.0,80.0
997,-10.0,-256.0,2.0,-609.0,125.0,-41.0,-76.0,-987.0,78.0
998,-11.0,-259.0,6.0,-612.0,122.0,-41.0,-69.0,-994.0,80.0
999,-10.0,-256.0,0.0,-613.0,121.0,-38.0,-67.0,-1001.0,75.0
1000,-11.0,-253.0,3.0,-619.0,122.0,-37.0,-68.0,-991.0,73.0
1001,-8.0,-253.0,-2.0,-624.0,123.0,-34.0,-62.0,-984.0,66.0
1002,-8.0,-252.0,-7.0,-630.0,128.0,-36.0,-66.0,-974.0,51.0
1003,-10.0,-257.0,-4.0,-642.0,135.0,-31.0,-61.0,-971.0,57.0
1004,-8.0,-256.0,-6.0,-646.0,137.0,-33.0,-50.0,-976.0,62.0
1005,-7.0,-248.0,-11.0,-647.0,137.0,-35.0,-56.0,-971.0,44.0
1006,-10.0,-252.0,-9.0,-660.0,141.0,-38.0,-61.0,-976.0,39.0
1007,-8.0,-255.0,-10.0,-672.0,145.0,-37.0,-50.0,-969.0,44.0
1008,-4.0,-253.0,-13.0,-673.0,144.0,-42.0,-54.0,-971.0,35.0
1009,-5.0,-256.0,-10.0,-677.0,147.0,-42.0,-49.0,-978.0,26.0
1010,-5.0,-255.0,-12.0,-678.0,145.0,-46.0,-48.0,-985.0,26.0
1011,-4.0,-255.0,-18.0,-680.0,144.0,-45.0,-49.0,-982.0,13.0
1012,-3.0,-255.0,-14.0,-685.0,143.0,-49.0,-50.0,-989.0,5.0
1013,-8.0,-255.0,-14.0,-691.0,142.0,-51.0,-46.0,-986.0,11.0
1014,-3.0,-252.0,-21.0,-694.0,141.0,-54.0,-45.0,-990.0,-2.0
1015,-7.0,-254.0,-18.0,-695.0,141.0,-56.0,-46.0,-976.0,-5.0
1016,-4.0,-259.0,-19.0,-698.0,140.0,-60.0,-44.0,-982.0,-13.0
1017,-4.0,-255.0,-19.0,-700.0,141.0,-58.0,-45.0,-985.0,-14.0
1018,-5.0,-255.0,-23.0,-698.0,135.0,-68.0,-39.0,-974.0,-21.0
1019,-5.0,-255.0,-24.0,-700.0,137.0,-69.0,-39.0,-978.0,-24.0
1020,-5.0,-256.0,-25.0,-703.0,138.0,-74.0,-41.0,-986.0,-21.0
1021,-4.0,-254.0,-21.0,-703.0,137.0,-76.0,-47.0,-996.0,-25.0
1022,-4.0,-256.0,-26.0,-702.0,135.0,-81.0,-45.0,-979.0,-32.0
1023,-1.0,-256.0,-28.0,-703.0,133.0,-82.0,-41.0,-980.0,-35.0
1024,-2.0,-257.0,-28.0,-705.0,131.0,-86.0,-41.0,-981.0,-39.0
1025,-8.0,-254.0,-23.0,-707.0,130.0,-88.0,-47.0,-980.0,-38.0
1026,-4.0,-255.0,-31.0,-708.0,128.0,-90.0,-46.0,-986.0,-46.0
1027,-7.0,-255.0,-32.0,-710.0,129.0,-87.0,-45.0,-992.0,-47.0
1028,-6.0,-256.0,-31.0,-711.0,127.0,-89.0,-43.0,-980.0,-56.0
1029,-3.0,-255.0,-32.0,-717.0,130.0,-84.0,-43.0,-976.0,-63.0
1030,-6.0,-254.0,-36.0,-725.0,130.0,-84.0,-43.0,-977.0,-68.0
1031,-2.0,-256.0,-40.0,-735.0,130.0,-81.0,-46.0,-980.0,-69.0
1032,-7.0,-256.0,-39.0,-741.0,127.0,-81.0,-42.0,-982.0,-68.0
1033,-4.0,-254.0,-38.0,-744.0,127.0,-78.0,-44.0,-974.0,-87.0
1034,-5.0,-253.0,-45.0,-752.0,130.0,-77.0,-49.0,-975.0,-97.0
1035,-2.0,-252.0,-43.0,-764.0,130.0,-71.0,-43.0,-973.0,-97.0
1036,-2.0,-251.0,-44.0,-771.0,128.0,-75.0,-43.0,-971.0,-103.0
1037,-3.0,-254.0,-46.0,-773.0,127.0,-72.0,-44.0,-967.0,-102.0
1038,-8.0,-252.0,-48.0,-778.0,123.0,-74.0,-48.0,-969.0,-115.0
1039,-5.0,-251.0,-50.0,-784.0,122.0,-72.0,-44.0,-964.0,-122.0
1040,-3.0,-251.0,-52.0,-793.0,122.0,-72.0,-44.0,-965.0,-132.0
1041,-4.0,-252.0,-55.0,-795.0,118.0,-71.0,-45.0,-964.0,-135.0
1042,-3.0,-249.0,-55.0,-801.0,116.0,-74.0,-42.0,-966.0,-147.0
1043,-4.0,-249.0,-60.0,-809.0,115.0,-73.0,-45.0,-963.0,-151.0
1044,-3.0,-249.0,-57.0,-813.0,110.0,-77.0,-38.0,-958.0,-156.0
1045,-4.0,-252.0,-56.0,-820.0,107.0,-78.0,-40.0,-965.0,-165.0
1046,-4.0,-245.0,-58.0,-829.0,105.0,-81.0,-41.0,-954.0,-173.0
1047,-3.0,-250.0,-57.0,-835.0,100.0,-83.0,-39.0,-949.0,-170.0
1048,-4.0,-244.0,-64.0,-846.0,94.0,-88.0,-41.0,-948.0,-183.0
1049,-5.0,-243.0,-69.0,-862.0,92.0,-88.0,-47.0,-941.0,-197.0
1050,0.0,-244.0,-72.0,-881.0,91.0,-90.0,-34.0,-937.0,-205.0
1051,-2.0,-245.0,-67.0,-905.0,89.0,-90.0,-27.0,-949.0,-199.0
1052,-2.0,-246.0,-71.0,-918.0,82.0,-96.0,-27.0,-946.0,-196.0
1053,0.0,-244.0,-69.0,-929.0,79.0,-99.0,-22.0,-946.0,-204.0
1054,-1.0,-243.0,-70.0,-940.0,73.0,-103.0,-21.0,-944.0,-210.0
1055,-1.0,-246.0,-70.0,-953.0,68.0,-106.0,-23.0,-946.0,-213.0
1056,-1.0,-243.0,-73.0,-966.0,62.0,-109.0,-26.0,-947.0,-219.0
1057,0.0,-243.0,-76.0,-980.0,55.0,-110.0,-24.0,-941.0,-228.0
1058,-2.0,-244.0,-72.0,-994.0,51.0,-113.0,-32.0,-946.0,-233.0
1059,2.0,-237.0,-76.0,-1013.0,48.0,-115.0,-25.0,-949.0,-253.0
1060,4.0,-239.0,-86.0,-1037.0,51.0,-117.0,-18.0,-934.0,-266.0
1061,2.0,-241.0,-84.0,-1067.0,51.0,-120.0,-20.0,-938.0,-271.0
1062,-1.0,-242.0,-90.0,-1096.0,50.0,-123.0,-19.0,-932.0,-281.0
1063,0.0,-240.0,-86.0,-1132.0,52.0,-123.0,-16.0,-932.0,-286.0
1064,3.0,-241.0,-89.0,-1162.0,50.0,-127.0,-21.0,-928.0,-288.0
1065,1.0,-240.0,-92.0,-1190.0,47.0,-129.0,-22.0,-930.0,-305.0
1066,3.0,-243.0,-94.0,-1224.0,47.0,-131.0,-18.0,-939.0,-298.0
1067,4.0,-242.0,-93.0,-1253.0,47.0,-131.0,-16.0,-929.0,-309.0
1068,1.0,-243.0,-97.0,-1281.0,48.0,-131.0,-17.0,-932.0,-319.0
1069,2.0,-239.0,-97.0,-1311.0,47.0,-131.0,-18.0,-932.0,-326.0
1070,3.0,-240.0,-101.0,-1345.0,48.0,-129.0,-20.0,-939.0,-333.0
1071,1.0,-241.0,-103.0,-1376.0,46.0,-123.0,-22.0,-933.0,-335.0
1072,-1.0,-242.0,-106.0,-1403.0,46.0,-115.0,-26.0,-935.0,-344.0
1073,-1.0,-240.0,-101.0,-1433.0,45.0,-106.0,-25.0,-936.0,-343.0
1074,1.0,-242.0,-104.0,-1462.0,45.0,-93.0,-30.0,-933.0,-350.0
1075,-1.0,-240.0,-105.0,-1490.0,44.0,-82.0,-24.0,-925.0,-352.0
1076,-1.0,-235.0,-106.0,-1509.0,38.0,-77.0,-32.0,-914.0,-356.0
1077,-1.0,-237.0,-110.0,-1520.0,33.0,-78.0,-38.0,-909.0,-363.0
1078,-4.0,-238.0,-108.0,-1529.0,26.0,-74.0,-41.0,-913.0,-366.0
1079,-8.0,-233.0,-109.0,-1539.0,15.0,-73.0,-55.0,-902.0,-375.0
1080,-6.0,-232.0,-114.0,-1547.0,5.0,-71.0,-52.0,-901.0,-372.0
1081,-5.0,-232.0,-110.0,-1554.0,-6.0,-75.0,-46.0,-903.0,-377.0
1082,-9.0,-230.0,-113.0,-1556.0,-13.0,-77.0,-63.0,-898.0,-377.0
1083,-3.0,-229.0,-114.0,-1558.0,-22.0,-79.0,-48.0,-887.0,-390.0
1084,-9.0,-225.0,-118.0,-1557.0,-31.0,-85.0,-58.0,-882.0,-405.0
1085,-11.0,-227.0,-114.0,-1555.0,-39.0,-92.0,-60.0,-889.0,-404.0
1086,-9.0,-229.0,-118.0,-1546.0,-47.0,-97.0,-61.0,-884.0,-403.0
1087,-10.0,-225.0,-123.0,-1534.0,-56.0,-106.0,-69.0,-879.0,-425.0
1088,-12.0,-228.0,-124.0,-1524.0,-64.0,-116.0,-75.0,-881.0,-436.0
1089,-12.0,-229.0,-127.0,-1514.0,-72.0,-125.0,-70.0,-880.0,-445.0
1090,-12.0,-224.0,-132.0,-1506.0,-80.0,-134.0,-77.0,-875.0,-456.0
1091,-13.0,-221.0,-135.0,-1501.0,-87.0,-145.0,-80.0,-869.0,-467.0
1092,-13.0,-222.0,-136.0,-1500.0,-91.0,-148.0,-89.0,-860.0,-495.0
1093,-12.0,-220.0,-142.0,-1503.0,-95.0,-154.0,-79.0,-864.0,-498.0
1094,-12.0,-219.0,-148.0,-1508.0,-98.0,-158.0,-77.0,-853.0,-516.0
1095,-11.0,-218.0,-145.0,-1514.0,-106.0,-168.0,-75.0,-855.0,-525.0
1096,-12.0,-218.0,-153.0,-1520.0,-112.0,-176.0,-71.0,-853.0,-528.0
1097,-10.0,-217.0,-152.0,-1523.0,-117.0,-187.0,-57.0,-847.0,-529.0
1098,-11.0,-218.0,-154.0,-1521.0,-121.0,-194.0,-63.0,-849.0,-536.0
1099,-6.0,-215.0,-156.0,-1516.0,-128.0,-201.0,-51.0,-840.0,-547.0
1100,-4.0,-212.0,-158.0,-1509.0,-132.0,-204.0,-36.0,-834.0,-548.0
1101,-4.0,-221.0,-165.0,-1517.0,-142.0,-205.0,-33.0,-831.0,-569.0
1102,5.0,-200.0,-157.0,-1504.0,-145.0,-209.0,-14.0,-804.0,-562.0
1103,3.0,-204.0,-157.0,-1499.0,-142.0,-216.0,-12.0,-809.0,-571.0
1104,7.0,-207.0,-155.0,-1488.0,-135.0,-211.0,4.0,-808.0,-574.0
1105,8.0,-202.0,-163.0,-1480.0,-130.0,-213.0,5.0,-803.0,-587.0
1106,10.0,-199.0,-168.0,-1475.0,-130.0,-213.0,20.0,-790.0,-595.0
1107,13.0,-202.0,-169.0,-1475.0,-126.0,-217.0,21.0,-792.0,-603.0
1108,9.0,-196.0,-170.0,-1478.0,-124.0,-214.0,22.0,-779.0,-617.0
1109,14.0,-199.0,-175.0,-1483.0,-118.0,-212.0,27.0,-780.0,-624.0
1110,14.0,-195.0,-176.0,-1483.0,-111.0,-208.0,33.0,-769.0,-634.0
1111,14.0,-195.0,-178.0,-1482.0,-103.0,-209.0,36.0,-758.0,-646.0
1112,17.0,-193.0,-180.0,-1483.0,-97.0,-207.0,36.0,-747.0,-655.0
1113,16.0,-193.0,-181.0,-1482.0,-86.0,-211.0,28.0,-744.0,-671.0
1114,16.0,-191.0,-186.0,-1482.0,-76.0,-208.0,28.0,-730.0,-679.0
1115,14.0,-188.0,-186.0,-1476.0,-65.0,-211.0,26.0,-736.0,-680.0
1116,11.0,-189.0,-184.0,-1470.0,-55.0,-210.0,21.0,-732.0,-688.0
1117,13.0,-187.0,-189.0,-1460.0,-43.0,-212.0,20.0,-723.0,-698.0
1118,11.0,-183.0,-190.0,-1453.0,-33.0,-210.0,17.0,-719.0,-708.0
1119,9.0,-181.0,-194.0,-1444.0,-25.0,-214.0,4.0,-716.0,-718.0
1120,7.0,-182.0,-200.0,-1435.0,-16.0,-212.0,1.0,-712.0,-719.0
1121,9.0,-182.0,-197.0,-1421.0,-5.0,-213.0,0.0,-710.0,-724.0
1122,10.0,-177.0,-200.0,-1405.0,7.0,-211.0,7.0,-702.0,-732.0
1123,9.0,-177.0,-197.0,-1391.0,21.0,-215.0,11.0,-697.0,-742.0
1124,11.0,-176.0,-202.0,-1377.0,37.0,-217.0,19.0,-683.0,-748.0
1125,12.0,-175.0,-206.0,-1365.0,55.0,-221.0,18.0,-686.0,-755.0
1126,9.0,-171.0,-211.0,-1351.0,69.0,-223.0,13.0,-679.0,-772.0
1127,15.0,-169.0,-208.0,-1346.0,78.0,-230.0,24.0,-671.0,-789.0
1128,14.0,-168.0,-213.0,-1339.0,86.0,-231.0,31.0,-665.0,-797.0
1129,16.0,-167.0,-215.0,-1342.0,93.0,-238.0,38.0,-660.0,-803.0
1130,17.0,-163.0,-218.0,-1347.0,99.0,-240.0,47.0,-653.0,-806.0
1131,19.0,-160.0,-218.0,-1354.0,102.0,-246.0,54.0,-646.0,-812.0
1132,24.0,-159.0,-221.0,-1362.0,109.0,-250.0,56.0,-638.0,-824.0
1133,21.0,-159.0,-222.0,-1370.0,113.0,-255.0,58.0,-628.0,-833.0
1134,25.0,-160.0,-224.0,-1376.0,116.0,-255.0,70.0,-628.0,-829.0
1135,21.0,-158.0,-222.0,-1384.0,120.0,-263.0,62.0,-630.0,-815.0
1136,20.0,-161.0,-219.0,-1380.0,120.0,-262.0,58.0,-631.0,-807.0
1137,23.0,-157.0,-217.0,-1380.0,120.0,-265.0,57.0,-631.0,-810.0
1138,20.0,-156.0,-213.0,-1381.0,119.0,-265.0,56.0,-637.0,-800.0
1139,20.0,-159.0,-213.0,-1377.0,112.0,-273.0,59.0,-639.0,-786.0
1140,19.0,-158.0,-208.0,-1373.0,102.0,-282.0,52.0,-628.0,-764.0
1141,21.0,-157.0,-206.0,-1367.0,83.0,-296.0,55.0,-628.0,-754.0
1142,18.0,-156.0,-200.0,-1351.0,62.0,-306.0,58.0,-606.0,-747.0
1143,22.0,-155.0,-200.0,-1326.0,38.0,-317.0,62.0,-618.0,-741.0
1144,21.0,-156.0,-200.0,-1300.0,18.0,-325.0,63.0,-624.0,-741.0
1145,22.0,-157.0,-200.0,-1274.0,-1.0,-335.0,64.0,-625.0,-739.0
1146,21.0,-164.0,-201.0,-1257.0,-6.0,-342.0,47.0,-646.0,-743.0
1147,13.0,-165.0,-203.0,-1239.0,-5.0,-351.0,22.0,-651.0,-744.0
1148,12.0,-163.0,-198.0,-1224.0,-4.0,-349.0,21.0,-643.0,-746.0
1149,12.0,-163.0,-205.0,-1205.0,-7.0,-350.0,20.0,-639.0,-742.0
1150,14.0,-160.0,-196.0,-1186.0,-11.0,-347.0,26.0,-632.0,-741.0
1151,15.0,-158.0,-202.0,-1169.0,-18.0,-346.0,37.0,-627.0,-745.0
1152,21.0,-156.0,-206.0,-1156.0,-27.0,-346.0,47.0,-613.0,-749.0
1153,20.0,-152.0,-206.0,-1148.0,-34.0,-346.0,54.0,-610.0,-768.0
1154,23.0,-152.0,-209.0,-1146.0,-41.0,-341.0,59.0,-588.0,-775.0
1155,22.0,-149.0,-211.0,-1150.0,-49.0,-340.0,64.0,-585.0,-775.0
1156,25.0,-149.0,-207.0,-1154.0,-57.0,-338.0,80.0,-592.0,-767.0
1157,27.0,-146.0,-207.0,-1157.0,-66.0,-339.0,83.0,-585.0,-762.0
1158,32.0,-148.0,-207.0,-1159.0,-76.0,-341.0,88.0,-582.0,-766.0
1159,31.0,-150.0,-208.0,-1157.0,-83.0,-345.0,99.0,-588.0,-765.0
1160,35.0,-148.0,-207.0,-1149.0,-91.0,-351.0,105.0,-588.0,-764.0
1161,32.0,-147.0,-204.0,-1140.0,-96.0,-357.0,111.0,-582.0,-766.0
1162,33.0,-147.0,-201.0,-1128.0,-100.0,-365.0,105.0,-590.0,-759.0
1163,34.0,-150.0,-209.0,-1114.0,-106.0,-376.0,100.0,-586.0,-756.0
1164,28.0,-150.0,-204.0,-1096.0,-122.0,-384.0,93.0,-586.0,-747.0
1165,26.0,-151.0,-201.0,-1078.0,-134.0,-394.0,75.0,-584.0,-740.0
1166,23.0,-147.0,-203.0,-1058.0,-144.0,-399.0,72.0,-573.0,-738.0
1167,26.0,-145.0,-200.0,-1040.0,-148.0,-400.0,63.0,-570.0,-737.0
1168,25.0,-142.0,-202.0,-1025.0,-147.0,-399.0,71.0,-564.0,-748.0
1169,26.0,-145.0,-200.0,-1014.0,-145.0,-397.0,69.0,-570.0,-739.0
1170,27.0,-144.0,-201.0,-1002.0,-140.0,-392.0,72.0,-568.0,-734.0
1171,23.0,-143.0,-195.0,-987.0,-144.0,-389.0,61.0,-568.0,-729.0
1172,19.0,-140.0,-197.0,-973.0,-149.0,-388.0,57.0,-559.0,-723.0
1173,17.0,-140.0,-193.0,-958.0,-161.0,-383.0,43.0,-557.0,-716.0
1174,14.0,-142.0,-196.0,-944.0,-170.0,-376.0,40.0,-553.0,-717.0
1175,14.0,-141.0,-194.0,-928.0,-180.0,-371.0,43.0,-561.0,-717.0
1176,24.0,-149.0,-189.0,-904.0,-188.0,-369.0,59.0,-577.0,-694.0
1177,28.0,-148.0,-183.0,-865.0,-188.0,-366.0,77.0,-585.0,-681.0
1178,23.0,-146.0,-190.0,-818.0,-192.0,-364.0,68.0,-574.0,-670.0
1179,23.0,-148.0,-181.0,-778.0,-196.0,-356.0,72.0,-586.0,-667.0
1180,21.0,-149.0,-183.0,-740.0,-205.0,-347.0,69.0,-583.0,-659.0
1181,22.0,-147.0,-180.0,-705.0,-217.0,-338.0,75.0,-574.0,-657.0
1182,24.0,-145.0,-179.0,-673.0,-231.0,-339.0,62.0,-566.0,-651.0
1183,21.0,-146.0,-177.0,-626.0,-241.0,-337.0,59.0,-563.0,-644.0
1184,18.0,-140.0,-180.0,-587.0,-248.0,-337.0,46.0,-548.0,-648.0
1185,12.0,-138.0,-180.0,-553.0,-251.0,-333.0,29.0,-548.0,-651.0
1186,11.0,-138.0,-178.0,-517.0,-249.0,-330.0,31.0,-544.0,-650.0
1187,4.0,-139.0,-182.0,-481.0,-250.0,-324.0,2.0,-541.0,-642.0
1188,6.0,-144.0,-179.0,-441.0,-256.0,-322.0,-1.0,-550.0,-643.0
1189,4.0,-142.0,-177.0,-399.0,-260.0,-315.0,-7.0,-547.0,-648.0
1190,4.0,-138.0,-176.0,-357.0,-258.0,-310.0,0.0,-543.0,-653.0
1191,6.0,-139.0,-184.0,-319.0,-250.0,-299.0,-2.0,-537.0,-658.0
1192,6.0,-136.0,-184.0,-281.0,-233.0,-284.0,6.0,-532.0,-680.0
1193,6.0,-133.0,-184.0,-265.0,-215.0,-266.0,8.0,-528.0,-679.0
1194,9.0,-131.0,-188.0,-249.0,-194.0,-249.0,7.0,-522.0,-669.0
1195,9.0,-131.0,-184.0,-234.0,-176.0,-230.0,3.0,-508.0,-670.0
1196,6.0,-124.0,-188.0,-220.0,-161.0,-216.0,6.0,-492.0,-685.0
1197,6.0,-120.0,-189.0,-224.0,-146.0,-199.0,-5.0,-470.0,-698.0
1198,4.0,-113.0,-196.0,-244.0,-132.0,-183.0,-9.0,-446.0,-713.0
1199,-5.0,-106.0,-197.0,-279.0,-118.0,-162.0,-31.0,-426.0,-738.0
1200,-8.0,-107.0,-201.0,-323.0,-107.0,-139.0,-42.0,-417.0,-735.0
1201,-9.0,-103.0,-199.0,-358.0,-94.0,-103.0,-50.0,-415.0,-732.0
1202,-10.0,-110.0,-195.0,-386.0,-86.0,-78.0,-59.0,-427.0,-721.0
1203,-10.0,-111.0,-188.0,-394.0,-82.0,-55.0,-49.0,-440.0,-708.0
1204,-12.0,-113.0,-192.0,-390.0,-78.0,-43.0,-72.0,-437.0,-718.0
1205,-12.0,-108.0,-195.0,-396.0,-76.0,-19.0,-71.0,-430.0,-715.0
1206,-12.0,-109.0,-192.0,-415.0,-75.0,-3.0,-83.0,-432.0,-715.0
1207,-14.0,-113.0,-190.0,-428.0,-74.0,14.0,-95.0,-435.0,-691.0
1208,-18.0,-109.0,-182.0,-441.0,-77.0,25.0,-101.0,-437.0,-673.0
1209,-23.0,-113.0,-177.0,-450.0,-81.0,39.0,-101.0,-445.0,-643.0
1210,-23.0,-118.0,-167.0,-454.0,-90.0,44.0,-114.0,-467.0,-619.0
1211,-24.0,-119.0,-169.0,-454.0,-96.0,53.0,-120.0,-474.0,-601.0
1212,-26.0,-121.0,-162.0,-451.0,-99.0,56.0,-119.0,-477.0,-582.0
1213,-23.0,-123.0,-159.0,-445.0,-101.0,62.0,-107.0,-483.0,-572.0
1214,-19.0,-130.0,-154.0,-434.0,-102.0,58.0,-102.0,-501.0,-560.0
1215,-15.0,-133.0,-153.0,-418.0,-97.0,57.0,-93.0,-510.0,-551.0
1216,-19.0,-137.0,-155.0,-396.0,-86.0,52.0,-93.0,-531.0,-549.0
1217,-16.0,-139.0,-153.0,-372.0,-73.0,54.0,-104.0,-548.0,-545.0
1218,-16.0,-143.0,-151.0,-349.0,-54.0,56.0,-104.0,-551.0,-541.0
1219,-17.0,-143.0,-147.0,-331.0,-31.0,66.0,-93.0,-550.0,-534.0
1220,-11.0,-142.0,-147.0,-313.0,2.0,75.0,-68.0,-560.0,-520.0
1221,-4.0,-144.0,-143.0,-292.0,38.0,84.0,-43.0,-567.0,-511.0
1222,5.0,-146.0,-141.0,-278.0,76.0,84.0,-14.0,-565.0,-505.0
1223,12.0,-148.0,-134.0,-266.0,118.0,84.0,13.0,-580.0,-485.0
1224,14.0,-143.0,-139.0,-255.0,159.0,74.0,24.0,-571.0,-481.0
1225,19.0,-145.0,-135.0,-244.0,204.0,69.0,41.0,-572.0,-479.0
1226,21.0,-142.0,-132.0,-240.0,242.0,58.0,50.0,-557.0,-472.0
1227,18.0,-141.0,-133.0,-238.0,276.0,54.0,52.0,-549.0,-464.0
1228,16.0,-135.0,-132.0,-240.0,304.0,43.0,45.0,-538.0,-463.0
1229,9.0,-133.0,-131.0,-245.0,334.0,34.0,27.0,-528.0,-465.0
1230,3.0,-132.0,-132.0,-261.0,372.0,24.0,-1.0,-521.0,-469.0
1231,4.0,-130.0,-129.0,-281.0,405.0,25.0,-18.0,-509.0,-464.0
1232,-2.0,-129.0,-129.0,-303.0,431.0,16.0,-27.0,-504.0,-455.0
1233,-5.0,-128.0,-126.0,-322.0,456.0,8.0,-55.0,-502.0,-448.0
1234,-18.0,-124.0,-125.0,-335.0,473.0,-1.0,-83.0,-499.0,-440.0
1235,-24.0,-121.0,-131.0,-344.0,480.0,-5.0,-116.0,-482.0,-447.0
1236,-31.0,-118.0,-128.0,-359.0,485.0,-4.0,-142.0,-462.0,-456.0
1237,-36.0,-109.0,-132.0,-381.0,492.0,6.0,-160.0,-430.0,-469.0
1238,-42.0,-95.0,-138.0,-416.0,500.0,14.0,-178.0,-388.0,-496.0
1239,-41.0,-89.0,-146.0,-457.0,496.0,23.0,-178.0,-361.0,-511.0
1240,-44.0,-82.0,-151.0,-494.0,490.0,23.0,-186.0,-327.0,-535.0
1241,-38.0,-71.0,-162.0,-538.0,492.0,33.0,-173.0,-297.0,-584.0
1242,-39.0,-66.0,-171.0,-595.0,499.0,38.0,-172.0,-263.0,-631.0
1243,-39.0,-54.0,-180.0,-657.0,513.0,48.0,-175.0,-224.0,-664.0
1244,-39.0,-50.0,-191.0,-724.0,531.0,57.0,-162.0,-209.0,-703.0
1245,-36.0,-38.0,-201.0,-793.0,546.0,67.0,-155.0,-165.0,-729.0
1246,-31.0,-30.0,-212.0,-860.0,556.0,68.0,-128.0,-143.0,-775.0
1247,-26.0,-29.0,-223.0,-946.0,570.0,73.0,-116.0,-131.0,-835.0
1248,-16.0,-23.0,-223.0,-1041.0,587.0,68.0,-92.0,-119.0,-850.0
1249,-13.0,-23.0,-233.0,-1132.0,597.0,57.0,-72.0,-106.0,-878.0
1250,-12.0,-12.0,-238.0,-1205.0,608.0,34.0,-63.0,-94.0,-894.0
1251,-10.0,-12.0,-241.0,-1292.0,619.0,8.0,-55.0,-69.0,-907.0
1252,-16.0,-12.0,-244.0,-1392.0,623.0,-31.0,-76.0,-80.0,-919.0
1253,-21.0,-22.0,-239.0,-1498.0,622.0,-67.0,-80.0,-107.0,-898.0
1254,-22.0,-19.0,-232.0,-1601.0,604.0,-107.0,-100.0,-115.0,-878.0
1255,-30.0,-29.0,-234.0,-1680.0,564.0,-149.0,-130.0,-135.0,-877.0
1256,-38.0,-24.0,-224.0,-1761.0,515.0,-188.0,-152.0,-114.0,-845.0
1257,-41.0,-24.0,-219.0,-1848.0,457.0,-219.0,-153.0,-119.0,-813.0
1258,-43.0,-16.0,-229.0,-1944.0,372.0,-256.0,-174.0,-100.0,-845.0
1259,-53.0,-9.0,-224.0,-2153.0,284.0,-290.0,-198.0,-84.0,-841.0
1260,-44.0,-9.0,-223.0,-2379.0,194.0,-325.0,-185.0,-87.0,-832.0
1261,-48.0,-18.0,-206.0,-2642.0,105.0,-383.0,-189.0,-100.0,-793.0
1262,-51.0,-35.0,-190.0,-2884.0,-1.0,-450.0,-201.0,-139.0,-703.0
1263,-52.0,-56.0,-164.0,-3021.0,-135.0,-515.0,-189.0,-211.0,-590.0
1264,-45.0,-90.0,-133.0,-2973.0,-303.0,-576.0,-166.0,-307.0,-465.0
1265,-51.0,-109.0,-123.0,-2734.0,-497.0,-603.0,-185.0,-376.0,-430.0
1266,-52.0,-107.0,-141.0,-2433.0,-677.0,-560.0,-198.0,-410.0,-483.0
1267,-58.0,-97.0,-159.0,-2222.0,-829.0,-494.0,-218.0,-404.0,-552.0
1268,-62.0,-87.0,-165.0,-2147.0,-950.0,-447.0,-262.0,-368.0,-602.0
1269,-69.0,-81.0,-141.0,-2218.0,-1004.0,-436.0,-274.0,-328.0,-519.0
1270,-74.0,-90.0,-126.0,-2257.0,-1023.0,-427.0,-293.0,-339.0,-431.0
1271,-53.0,-98.0,-127.0,-2183.0,-994.0,-423.0,-224.0,-359.0,-450.0
1272,-53.0,-67.0,-147.0,-2076.0,-925.0,-459.0,-251.0,-195.0,-536.0
1273,-47.0,-84.0,-158.0,-1772.0,-845.0,-475.0,-224.0,-288.0,-522.0
1274,-10.0,-35.0,-223.0,-1354.0,-807.0,-445.0,-76.0,-164.0,-811.0
1275,13.0,398.0,-538.0,-428.0,-1143.0,-580.0,85.0,1716.0,-1907.0
1276,95.0,519.0,-665.0,1448.0,-1825.0,-826.0,175.0,1890.0,-2282.0
1277,56.0,425.0,-592.0,1504.0,-1400.0,-926.0,213.0,1579.0,-2422.0
1278,108.0,379.0,-564.0,774.0,-631.0,-670.0,345.0,1366.0,-2243.0
1279,98.0,183.0,-312.0,-366.0,-255.0,-347.0,378.0,567.0,-1381.0
1280,149.0,205.0,-299.0,-1485.0,-155.0,52.0,483.0,757.0,-1073.0
1281,208.0,90.0,-140.0,-2138.0,180.0,377.0,784.0,376.0,-466.0
1282,167.0,136.0,-287.0,-2253.0,557.0,472.0,584.0,503.0,-1045.0
1283,102.0,328.0,-441.0,-2252.0,790.0,421.0,427.0,1196.0,-1585.0
1284,87.0,517.0,-592.0,-2205.0,779.0,359.0,460.0,1799.0,-2244.0
1285,73.0,609.0,-659.0,-2071.0,390.0,175.0,367.0,2354.0,-2670.0
1286,34.0,602.0,-719.0,-1762.0,55.0,-70.0,138.0,2149.0,-2799.0
1287,17.0,245.0,-526.0,-1587.0,-88.0,-310.0,-33.0,972.0,-2082.0
1288,94.0,82.0,-466.0,-1259.0,218.0,-220.0,296.0,375.0,-1788.0
1289,10.0,96.0,-506.0,-832.0,422.0,-227.0,57.0,377.0,-2025.0
1290,24.0,41.0,-552.0,-432.0,572.0,-252.0,31.0,278.0,-2077.0
1291,18.0,90.0,-580.0,79.0,591.0,-265.0,71.0,-12.0,-2209.0
1292,4.0,216.0,-648.0,419.0,595.0,-257.0,-10.0,839.0,-2400.0
1293,-3.0,246.0,-538.0,496.0,678.0,-238.0,-35.0,690.0,-2204.0
1294,36.0,263.0,-595.0,391.0,812.0,-176.0,115.0,862.0,-2249.0
1295,-2.0,301.0,-517.0,149.0,933.0,-135.0,66.0,1024.0,-2141.0
1296,32.0,195.0,-488.0,-54.0,1031.0,-144.0,77.0,876.0,-1896.0
1297,-11.0,289.0,-470.0,-141.0,1061.0,-114.0,45.0,983.0,-1843.0
1298,-3.0,228.0,-444.0,-179.0,1022.0,-41.0,118.0,722.0,-1691.0
1299,-5.0,299.0,-379.0,-222.0,1003.0,-87.0,221.0,1125.0,-1633.0
1300,48.0,299.0,-426.0,-192.0,990.0,-75.0,144.0,1071.0,-1713.0
1301,15.0,253.0,-416.0,-252.0,1014.0,-32.0,27.0,1004.0,-1553.0
1302,37.0,334.0,-416.0,-187.0,1068.0,44.0,210.0,998.0,-1603.0
1303,69.0,255.0,-438.0,-204.0,1157.0,58.0,144.0,966.0,-1533.0
1304,18.0,250.0,-378.0,-322.0,1268.0,95.0,64.0,1117.0,-1538.0
1305,75.0,205.0,-376.0,-398.0,1342.0,110.0,148.0,741.0,-1393.0
1306,56.0,206.0,-335.0,-426.0,1315.0,99.0,314.0,547.0,-1253.0
1307,62.0,275.0,-359.0,-442.0,1290.0,87.0,232.0,854.0,-1354.0
1308,57.0,206.0,-347.0,-444.0,1296.0,101.0,171.0,670.0,-1279.0
1309,60.0,180.0,-321.0,-439.0,1348.0,127.0,248.0,650.0,-1254.0
1310,67.0,193.0,-318.0,-426.0,1403.0,177.0,268.0,722.0,-1187.0
1311,100.0,304.0,-346.0,-407.0,1431.0,213.0,357.0,1031.0,-1299.0
1312,97.0,229.0,-337.0,-489.0,1457.0,233.0,361.0,866.0,-1259.0
1313,101.0,186.0,-305.0,-526.0,1496.0,262.0,386.0,678.0,-1169.0
1314,101.0,171.0,-306.0,-529.0,1533.0,307.0,397.0,612.0,-1192.0
1315,96.0,179.0,-301.0,-542.0,1560.0,385.0,388.0,683.0,-1171.0
1316,84.0,170.0,-293.0,-600.0,1572.0,436.0,348.0,668.0,-1137.0
1317,71.0,136.0,-278.0,-611.0,1562.0,489.0,317.0,554.0,-1088.0
1318,82.0,147.0,-265.0,-578.0,1559.0,533.0,315.0,584.0,-1031.0
1319,64.0,143.0,-249.0,-498.0,1554.0,583.0,267.0,520.0,-956.0
1320,51.0,169.0,-256.0,-413.0,1534.0,611.0,207.0,618.0,-970.0
1321,44.0,176.0,-256.0,-372.0,1499.0,589.0,175.0,648.0,-968.0
1322,23.0,141.0,-237.0,-313.0,1432.0,558.0,122.0,559.0,-895.0
1323,22.0,156.0,-229.0,-207.0,1335.0,529.0,104.0,600.0,-872.0
1324,3.0,155.0,-230.0,-100.0,1219.0,474.0,31.0,589.0,-870.0
1325,-9.0,134.0,-225.0,-21.0,1106.0,433.0,-15.0,520.0,-845.0
1326,-18.0,127.0,-215.0,49.0,1012.0,423.0,-77.0,476.0,-835.0
1327,-8.0,130.0,-211.0,97.0,916.0,447.0,-14.0,501.0,-803.0
1328,3.0,138.0,-201.0,141.0,809.0,459.0,21.0,506.0,-757.0
1329,10.0,150.0,-191.0,213.0,711.0,454.0,58.0,547.0,-743.0
1330,17.0,159.0,-199.0,278.0,621.0,446.0,75.0,590.0,-732.0
1331,29.0,162.0,-187.0,309.0,541.0,445.0,107.0,596.0,-695.0
1332,40.0,168.0,-174.0,313.0,474.0,450.0,154.0,622.0,-634.0
1333,48.0,177.0,-169.0,314.0,404.0,450.0,199.0,647.0,-607.0
1334,54.0,170.0,-167.0,321.0,311.0,441.0,220.0,637.0,-590.0
1335,57.0,176.0,-155.0,341.0,209.0,426.0,235.0,654.0,-572.0
1336,61.0,178.0,-150.0,355.0,128.0,400.0,253.0,656.0,-543.0
1337,69.0,182.0,-149.0,367.0,46.0,356.0,286.0,663.0,-528.0
1338,77.0,176.0,-141.0,383.0,-34.0,307.0,291.0,650.0,-498.0
1339,79.0,176.0,-132.0,406.0,-109.0,255.0,304.0,643.0,-467.0
1340,80.0,176.0,-131.0,423.0,-182.0,213.0,299.0,649.0,-463.0
1341,75.0,182.0,-131.0,430.0,-253.0,177.0,312.0,668.0,-463.0
1342,85.0,187.0,-134.0,419.0,-323.0,147.0,329.0,690.0,-471.0
1343,81.0,192.0,-134.0,396.0,-390.0,112.0,306.0,712.0,-473.0
1344,79.0,188.0,-133.0,365.0,-462.0,83.0,315.0,705.0,-470.0
1345,73.0,195.0,-134.0,336.0,-534.0,56.0,295.0,718.0,-476.0
1346,78.0,193.0,-134.0,314.0,-598.0,38.0,307.0,724.0,-463.0
1347,75.0,193.0,-135.0,293.0,-651.0,13.0,295.0,714.0,-468.0
1348,64.0,195.0,-143.0,263.0,-701.0,-11.0,280.0,722.0,-509.0
1349,69.0,190.0,-145.0,227.0,-753.0,-37.0,278.0,719.0,-520.0
1350,64.0,192.0,-155.0,195.0,-797.0,-69.0,266.0,702.0,-541.0
1351,66.0,186.0,-160.0,180.0,-830.0,-97.0,267.0,692.0,-566.0
1352,65.0,186.0,-163.0,177.0,-850.0,-125.0,260.0,688.0,-587.0
1353,68.0,185.0,-164.0,188.0,-864.0,-158.0,264.0,689.0,-598.0
1354,64.0,187.0,-175.0,222.0,-875.0,-196.0,249.0,687.0,-632.0
1355,65.0,190.0,-184.0,265.0,-881.0,-225.0,247.0,709.0,-662.0
1356,55.0,184.0,-202.0,287.0,-883.0,-244.0,235.0,692.0,-740.0
1357,56.0,167.0,-221.0,269.0,-875.0,-246.0,210.0,618.0,-822.0
1358,57.0,164.0,-232.0,215.0,-848.0,-238.0,214.0,591.0,-875.0
1359,56.0,144.0,-234.0,124.0,-802.0,-217.0,219.0,504.0,-883.0
1360,81.0,125.0,-217.0,64.0,-766.0,-185.0,303.0,463.0,-828.0
1361,69.0,126.0,-225.0,62.0,-749.0,-188.0,267.0,466.0,-832.0
1362,64.0,136.0,-226.0,69.0,-741.0,-197.0,256.0,487.0,-842.0
1363,71.0,137.0,-223.0,82.0,-731.0,-204.0,264.0,499.0,-846.0
1364,64.0,139.0,-222.0,101.0,-725.0,-217.0,252.0,508.0,-846.0
1365,67.0,140.0,-240.0,119.0,-721.0,-230.0,255.0,518.0,-873.0
1366,67.0,148.0,-243.0,139.0,-711.0,-244.0,249.0,529.0,-912.0
1367,67.0,155.0,-245.0,154.0,-699.0,-257.0,262.0,561.0,-927.0
1368,56.0,128.0,-250.0,180.0,-686.0,-262.0,222.0,477.0,-943.0
1369,56.0,103.0,-264.0,218.0,-679.0,-248.0,208.0,400.0,-1013.0
1370,52.0,80.0,-288.0,266.0,-672.0,-226.0,201.0,314.0,-1081.0
1371,40.0,77.0,-294.0,321.0,-661.0,-210.0,151.0,279.0,-1122.0
1372,39.0,77.0,-296.0,364.0,-645.0,-202.0,141.0,292.0,-1122.0
1373,51.0,82.0,-302.0,391.0,-621.0,-187.0,141.0,288.0,-1117.0
1374,45.0,74.0,-292.0,396.0,-599.0,-168.0,151.0,286.0,-1109.0
1375,39.0,75.0,-296.0,408.0,-582.0,-152.0,145.0,283.0,-1122.0
1376,39.0,60.0,-293.0,418.0,-570.0,-135.0,137.0,264.0,-1123.0
1377,39.0,66.0,-297.0,426.0,-556.0,-119.0,144.0,257.0,-1121.0
1378,27.0,67.0,-309.0,444.0,-558.0,-114.0,119.0,251.0,-1148.0
1379,32.0,63.0,-293.0,456.0,-546.0,-100.0,116.0,231.0,-1136.0
1380,37.0,67.0,-301.0,462.0,-537.0,-89.0,134.0,240.0,-1145.0
1381,32.0,65.0,-296.0,456.0,-523.0,-75.0,109.0,232.0,-1128.0
1382,26.0,70.0,-295.0,450.0,-511.0,-61.0,93.0,258.0,-1123.0
1383,25.0,68.0,-288.0,456.0,-528.0,-61.0,106.0,243.0,-1102.0
1384,19.0,63.0,-287.0,462.0,-520.0,-58.0,68.0,227.0,-1094.0
1385,24.0,63.0,-277.0,455.0,-496.0,-50.0,90.0,230.0,-1066.0
1386,24.0,61.0,-278.0,471.0,-494.0,-50.0,81.0,226.0,-1059.0
1387,20.0,56.0,-279.0,482.0,-483.0,-44.0,70.0,202.0,-1073.0
1388,24.0,59.0,-273.0,481.0,-472.0,-39.0,93.0,208.0,-1025.0
1389,22.0,59.0,-277.0,494.0,-473.0,-35.0,73.0,202.0,-1051.0
1390,19.0,54.0,-270.0,481.0,-452.0,-32.0,69.0,193.0,-1044.0
1391,23.0,59.0,-274.0,478.0,-444.0,-29.0,78.0,205.0,-1019.0
1392,14.0,57.0,-277.0,480.0,-436.0,-30.0,54.0,189.0,-1049.0
1393,19.0,45.0,-261.0,465.0,-419.0,-23.0,60.0,171.0,-1020.0
1394,21.0,54.0,-268.0,471.0,-414.0,-25.0,71.0,200.0,-1025.0
1395,14.0,47.0,-265.0,458.0,-402.0,-20.0,49.0,173.0,-1028.0
1396,18.0,52.0,-259.0,444.0,-386.0,-18.0,64.0,178.0,-999.0
1397,15.0,51.0,-265.0,440.0,-376.0,-12.0,38.0,181.0,-1000.0
1398,16.0,45.0,-261.0,427.0,-353.0,-4.0,48.0,152.0,-999.0
1399,11.0,38.0,-260.0,416.0,-343.0,0.0,23.0,139.0,-990.0
1400,11.0,42.0,-258.0,413.0,-335.0,2.0,38.0,145.0,-992.0
1401,8.0,43.0,-266.0,404.0,-324.0,4.0,19.0,151.0,-999.0
1402,12.0,53.0,-264.0,351.0,-290.0,23.0,32.0,210.0,-1072.0
1403,4.0,32.0,-256.0,316.0,-264.0,41.0,12.0,103.0,-961.0
1404,2.0,32.0,-257.0,326.0,-263.0,33.0,2.0,102.0,-993.0
1405,13.0,28.0,-255.0,313.0,-253.0,39.0,40.0,104.0,-986.0
1406,8.0,34.0,-262.0,300.0,-243.0,32.0,19.0,120.0,-994.0
1407,-4.0,25.0,-265.0,278.0,-225.0,32.0,-37.0,98.0,-1018.0
1408,-3.0,21.0,-267.0,236.0,-195.0,37.0,-16.0,68.0,-1012.0
1409,1.0,19.0,-263.0,192.0,-169.0,41.0,4.0,55.0,-990.0
1410,6.0,20.0,-250.0,181.0,-161.0,32.0,14.0,81.0,-966.0
1411,3.0,33.0,-266.0,186.0,-153.0,23.0,-5.0,95.0,-1026.0
1412,6.0,27.0,-267.0,149.0,-130.0,15.0,5.0,87.0,-1015.0
1413,6.0,31.0,-265.0,116.0,-112.0,15.0,15.0,84.0,-1003.0
1414,8.0,29.0,-265.0,96.0,-99.0,8.0,18.0,93.0,-1004.0
1415,7.0,27.0,-262.0,83.0,-88.0,7.0,16.0,91.0,-1011.0
1416,6.0,28.0,-263.0,69.0,-79.0,2.0,14.0,88.0,-1002.0
1417,9.0,31.0,-263.0,58.0,-71.0,3.0,17.0,95.0,-1008.0
1418,6.0,32.0,-265.0,46.0,-66.0,-1.0,21.0,97.0,-1016.0
1419,10.0,31.0,-263.0,32.0,-58.0,-1.0,21.0,104.0,-1008.0
1420,10.0,29.0,-270.0,19.0,-54.0,-6.0,22.0,104.0,-1016.0
1421,10.0,31.0,-267.0,6.0,-46.0,-6.0,22.0,108.0,-1011.0
1422,6.0,32.0,-268.0,-3.0,-40.0,-9.0,19.0,104.0,-1019.0
1423,5.0,34.0,-268.0,-13.0,-32.0,-9.0,16.0,109.0,-1021.0
1424,6.0,35.0,-272.0,-23.0,-23.0,-13.0,16.0,119.0,-1027.0
1425,9.0,36.0,-265.0,-29.0,-16.0,-11.0,19.0,117.0,-1031.0
1426,6.0,36.0,-271.0,-38.0,-6.0,-14.0,19.0,125.0,-1034.0
1427,6.0,37.0,-270.0,-43.0,3.0,-12.0,16.0,123.0,-1033.0
1428,7.0,36.0,-273.0,-49.0,12.0,-13.0,17.0,127.0,-1039.0
1429,6.0,37.0,-273.0,-53.0,24.0,-12.0,17.0,127.0,-1033.0
1430,8.0,38.0,-273.0,-57.0,35.0,-15.0,14.0,130.0,-1041.0
1431,9.0,37.0,-271.0,-61.0,47.0,-13.0,17.0,132.0,-1039.0
1432,6.0,40.0,-271.0,-67.0,59.0,-16.0,11.0,136.0,-1035.0
1433,7.0,41.0,-274.0,-71.0,68.0,-14.0,20.0,141.0,-1036.0
1434,8.0,43.0,-273.0,-76.0,78.0,-16.0,17.0,147.0,-1035.0
1435,6.0,42.0,-271.0,-80.0,87.0,-14.0,19.0,151.0,-1031.0
1436,9.0,44.0,-271.0,-82.0,94.0,-16.0,24.0,154.0,-1027.0
1437,8.0,42.0,-271.0,-85.0,101.0,-15.0,23.0,152.0,-1025.0
1438,10.0,44.0,-269.0,-89.0,108.0,-16.0,24.0,150.0,-1024.0
1439,8.0,46.0,-264.0,-92.0,112.0,-14.0,21.0,152.0,-1017.0
1440,10.0,43.0,-269.0,-93.0,115.0,-15.0,20.0,151.0,-1015.0
1441,9.0,47.0,-264.0,-95.0,116.0,-12.0,21.0,154.0,-1006.0
1442,9.0,44.0,-265.0,-95.0,117.0,-13.0,24.0,156.0,-1006.0
1443,9.0,43.0,-263.0,-96.0,118.0,-12.0,21.0,159.0,-1007.0
1444,6.0,45.0,-262.0,-95.0,120.0,-14.0,23.0,160.0,-1002.0
1445,8.0,46.0,-263.0,-93.0,121.0,-12.0,17.0,157.0,-999.0
1446,7.0,45.0,-260.0,-89.0,122.0,-11.0,22.0,159.0,-1000.0
1447,7.0,46.0,-262.0,-86.0,124.0,-10.0,26.0,156.0,-1001.0
1448,10.0,43.0,-263.0,-83.0,126.0,-10.0,22.0,159.0,-1003.0
1449,10.0,45.0,-261.0,-79.0,128.0,-10.0,23.0,164.0,-993.0
1450,7.0,47.0,-257.0,-74.0,131.0,-11.0,24.0,160.0,-994.0
1451,10.0,47.0,-258.0,-69.0,132.0,-8.0,26.0,162.0,-988.0
1452,9.0,45.0,-256.0,-66.0,133.0,-8.0,26.0,162.0,-993.0
1453,7.0,44.0,-257.0,-60.0,132.0,-6.0,34.0,166.0,-990.0
1454,10.0,46.0,-257.0,-56.0,132.0,-7.0,25.0,160.0,-989.0
1455,11.0,46.0,-261.0,-51.0,131.0,-6.0,33.0,161.0,-975.0
1456,12.0,46.0,-257.0,-46.0,126.0,-6.0,33.0,159.0,-985.0
1457,10.0,47.0,-258.0,-40.0,123.0,-5.0,35.0,164.0,-982.0
1458,13.0,46.0,-258.0,-34.0,119.0,-3.0,30.0,161.0,-990.0
1459,13.0,46.0,-260.0,-27.0,115.0,-2.0,36.0,163.0,-979.0
1460,14.0,46.0,-260.0,-22.0,109.0,-2.0,32.0,161.0,-980.0
1461,10.0,49.0,-258.0,-18.0,105.0,1.0,36.0,163.0,-987.0
1462,12.0,47.0,-259.0,-14.0,99.0,1.0,40.0,159.0,-982.0
1463,13.0,44.0,-253.0,-9.0,93.0,3.0,41.0,162.0,-989.0
1464,9.0,47.0,-261.0,-6.0,87.0,3.0,38.0,164.0,-986.0
1465,9.0,44.0,-261.0,-2.0,82.0,3.0,40.0,157.0,-988.0
1466,11.0,44.0,-261.0,2.0,77.0,4.0,38.0,158.0,-990.0
1467,13.0,48.0,-260.0,4.0,74.0,3.0,41.0,162.0,-989.0
1468,14.0,44.0,-259.0,8.0,69.0,4.0,38.0,158.0,-991.0
1469,12.0,44.0,-259.0,11.0,64.0,5.0,38.0,158.0,-990.0
1470,12.0,42.0,-260.0,13.0,62.0,6.0,46.0,153.0,-992.0
1471,14.0,44.0,-259.0,17.0,58.0,5.0,36.0,155.0,-993.0
1472,13.0,42.0,-263.0,19.0,55.0,7.0,43.0,155.0,-1004.0
1473,13.0,43.0,-260.0,22.0,51.0,7.0,43.0,155.0,-993.0
1474,14.0,39.0,-263.0,23.0,48.0,7.0,36.0,151.0,-995.0
1475,13.0,44.0,-265.0,24.0,45.0,5.0,38.0,152.0,-994.0
1476,14.0,42.0,-259.0,25.0,41.0,7.0,42.0,148.0,-998.0
1477,14.0,43.0,-262.0,25.0,37.0,6.0,39.0,152.0,-998.0
1478,12.0,41.0,-263.0,26.0,33.0,6.0,39.0,152.0,-997.0
1479,14.0,42.0,-262.0,27.0,32.0,6.0,39.0,146.0,-999.0
1480,10.0,44.0,-261.0,28.0,27.0,6.0,37.0,145.0,-1000.0
1481,11.0,44.0,-263.0,27.0,25.0,5.0,33.0,146.0,-1001.0
1482,11.0,41.0,-263.0,28.0,24.0,5.0,33.0,143.0,-1004.0
1483,12.0,41.0,-261.0,26.0,23.0,3.0,37.0,144.0,-1003.0
1484,12.0,43.0,-262.0,24.0,21.0,4.0,35.0,144.0,-1007.0
1485,12.0,38.0,-265.0,23.0,19.0,0.0,38.0,141.0,-1002.0
1486,11.0,39.0,-260.0,22.0,16.0,1.0,33.0,142.0,-1001.0
1487,12.0,42.0,-263.0,19.0,12.0,0.0,37.0,144.0,-1007.0
1488,8.0,42.0,-261.0,18.0,11.0,0.0,32.0,145.0,-1006.0
1489,11.0,41.0,-263.0,16.0,8.0,-2.0,32.0,140.0,-1004.0
1490,10.0,41.0,-263.0,14.0,7.0,0.0,32.0,133.0,-1002.0
1491,9.0,45.0,-262.0,11.0,5.0,-3.0,30.0,145.0,-1006.0
1492,0.0,38.0,-265.0,8.0,3.0,-2.0,29.0,140.0,-1005.0
1493,10.0,39.0,-260.0,5.0,0.0,-5.0,34.0,141.0,-1006.0
1494,11.0,44.0,-263.0,2.0,0.0,-3.0,29.0,132.0,-1003.0
1495,8.0,42.0,-261.0,1.0,-2.0,-6.0,30.0,133.0,-1001.0
1496,10.0,40.0,-261.0,-4.0,-3.0,-5.0,31.0,138.0,-1003.0
1497,9.0,43.0,-266.0,-6.0,-5.0,-8.0,27.0,140.0,-1005.0
1498,8.0,41.0,-260.0,-8.0,-6.0,-6.0,24.0,138.0,-1014.0
1499,11.0,41.0,-264.0,-11.0,-7.0,-9.0,25.0,139.0,-1001.0
1500,8.0,39.0,-260.0,-13.0,-8.0,-8.0,21.0,144.0,-997.0
1501,9.0,40.0,-263.0,-15.0,-9.0,-10.0,25.0,138.0,-1003.0
1502,9.0,41.0,-263.0,-18.0,-10.0,-7.0,24.0,141.0,-1002.0
1503,7.0,41.0,-261.0,-19.0,-10.0,-10.0,19.0,144.0,-1001.0
1504,7.0,42.0,-261.0,-21.0,-10.0,-9.0,21.0,143.0,-1003.0
1505,6.0,42.0,-265.0,-22.0,-7.0,-12.0,21.0,144.0,-1005.0
1506,8.0,41.0,-266.0,-22.0,-7.0,-9.0,21.0,142.0,-1003.0
1507,6.0,41.0,-263.0,-23.0,-6.0,-12.0,19.0,141.0,-1002.0
1508,5.0,41.0,-264.0,-24.0,-3.0,-10.0,19.0,145.0,-997.0
1509,6.0,43.0,-261.0,-24.0,-2.0,-11.0,15.0,148.0,-1002.0
1510,7.0,43.0,-263.0,-25.0,0.0,-9.0,18.0,148.0,-1000.0
1511,10.0,41.0,-263.0,-25.0,1.0,-12.0,17.0,148.0,-1000.0
1512,4.0,45.0,-264.0,-25.0,3.0,-10.0,17.0,147.0,-1001.0
1513,8.0,43.0,-264.0,-24.0,6.0,-12.0,16.0,145.0,-1003.0
1514,8.0,41.0,-263.0,-25.0,9.0,-9.0,15.0,148.0,-1000.0
1515,8.0,41.0,-263.0,-25.0,11.0,-11.0,14.0,150.0,-1003.0
1516,10.0,43.0,-265.0,-25.0,14.0,-9.0,16.0,143.0,-1002.0
1517,5.0,42.0,-263.0,-26.0,16.0,-11.0,15.0,150.0,-1004.0
1518,8.0,44.0,-262.0,-27.0,18.0,-9.0,21.0,154.0,-1000.0
1519,5.0,44.0,-263.0,-27.0,19.0,-12.0,12.0,150.0,-1000.0
1520,6.0,42.0,-263.0,-25.0,22.0,-9.0,9.0,152.0,-1000.0
1521,4.0,42.0,-263.0,-24.0,25.0,-11.0,16.0,148.0,-999.0
1522,3.0,39.0,-260.0,-22.0,26.0,-8.0,13.0,154.0,-1000.0
1523,7.0,43.0,-265.0,-22.0,31.0,-10.0,12.0,150.0,-1002.0
1524,6.0,45.0,-261.0,-22.0,34.0,-7.0,15.0,145.0,-1002.0
1525,8.0,45.0,-260.0,-22.0,35.0,-8.0,15.0,156.0,-1001.0
1526,6.0,44.0,-265.0,-21.0,37.0,-5.0,13.0,156.0,-1001.0
1527,4.0,45.0,-261.0,-19.0,40.0,-7.0,12.0,150.0,-999.0
1528,7.0,42.0,-263.0,-18.0,43.0,-5.0,15.0,148.0,-999.0
1529,6.0,43.0,-261.0,-19.0,45.0,-6.0,15.0,146.0,-999.0
1530,7.0,44.0,-265.0,-16.0,48.0,-4.0,14.0,152.0,-1001.0
1531,8.0,45.0,-262.0,-16.0,49.0,-6.0,11.0,145.0,-997.0
1532,7.0,44.0,-261.0,-16.0,51.0,-2.0,15.0,150.0,-1000.0
1533,4.0,44.0,-265.0,-15.0,52.0,-4.0,13.0,155.0,-999.0
1534,5.0,42.0,-261.0,-14.0,54.0,-2.0,17.0,154.0,-1003.0
1535,5.0,45.0,-266.0,-13.0,55.0,-4.0,14.0,147.0,-999.0
1536,5.0,44.0,-262.0,-12.0,56.0,-1.0,17.0,153.0,-1002.0
1537,5.0,44.0,-264.0,-11.0,57.0,-1.0,14.0,155.0,-1000.0
1538,6.0,43.0,-264.0,-10.0,58.0,0.0,14.0,145.0,-999.0
1539,4.0,44.0,-263.0,-9.0,60.0,-1.0,16.0,154.0,-1003.0
1540,6.0,44.0,-262.0,-8.0,63.0,1.0,13.0,146.0,-999.0
1541,8.0,42.0,-262.0,-6.0,65.0,0.0,16.0,149.0,-999.0
1542,7.0,44.0,-260.0,-6.0,65.0,3.0,14.0,148.0,-1001.0
1543,5.0,44.0,-264.0,-7.0,65.0,1.0,13.0,151.0,-1007.0
1544,7.0,41.0,-263.0,-7.0,67.0,2.0,17.0,145.0,-996.0
1545,5.0,42.0,-260.0,-5.0,67.0,0.0,15.0,151.0,-1003.0
1546,6.0,41.0,-262.0,-6.0,68.0,2.0,20.0,147.0,-1001.0
1547,5.0,41.0,-265.0,-5.0,68.0,1.0,17.0,143.0,-1001.0
1548,6.0,41.0,-260.0,-4.0,69.0,2.0,17.0,148.0,-999.0
1549,5.0,43.0,-266.0,-4.0,70.0,1.0,14.0,146.0,-998.0
1550,7.0,43.0,-261.0,-3.0,69.0,3.0,15.0,145.0,-1000.0
1551,7.0,42.0,-269.0,-3.0,69.0,2.0,17.0,142.0,-1002.0
1552,4.0,45.0,-261.0,-4.0,70.0,2.0,17.0,150.0,-999.0
1553,8.0,44.0,-261.0,-3.0,69.0,1.0,12.0,144.0,-999.0
1554,8.0,40.0,-263.0,-5.0,68.0,3.0,17.0,147.0,-999.0
1555,6.0,41.0,-264.0,-4.0,70.0,1.0,18.0,148.0,-995.0
1556,6.0,43.0,-264.0,-6.0,70.0,2.0,18.0,145.0,-998.0
1557,8.0,41.0,-264.0,-7.0,69.0,2.0,16.0,139.0,-998.0
1558,4.0,42.0,-257.0,-9.0,67.0,1.0,20.0,146.0,-995.0
1559,8.0,43.0,-259.0,-10.0,67.0,1.0,15.0,144.0,-994.0
1560,6.0,44.0,-262.0,-10.0,65.0,2.0,17.0,142.0,-998.0
1561,7.0,42.0,-262.0,-10.0,65.0,1.0,15.0,142.0,-1001.0
1562,7.0,41.0,-263.0,-9.0,64.0,1.0,20.0,143.0,-997.0
1563,7.0,42.0,-260.0,-8.0,64.0,0.0,17.0,145.0,-1003.0
1564,7.0,42.0,-264.0,-9.0,63.0,2.0,18.0,146.0,-1002.0
1565,7.0,42.0,-263.0,-9.0,64.0,1.0,18.0,140.0,-1001.0
1566,5.0,41.0,-261.0,-10.0,64.0,0.0,15.0,141.0,-1002.0
1567,7.0,42.0,-265.0,-10.0,62.0,-1.0,15.0,143.0,-1001.0
1568,6.0,43.0,-260.0,-9.0,63.0,-2.0,15.0,143.0,-1005.0
1569,7.0,43.0,-264.0,-10.0,63.0,-1.0,19.0,148.0,-1005.0
1570,6.0,42.0,-260.0,-9.0,61.0,-3.0,20.0,143.0,-1000.0
1571,4.0,42.0,-264.0,-11.0,62.0,-1.0,21.0,142.0,-1001.0
1572,7.0,41.0,-263.0,-9.0,61.0,-2.0,18.0,145.0,-999.0
1573,9.0,41.0,-267.0,-8.0,60.0,-2.0,20.0,145.0,-1001.0
1574,8.0,41.0,-263.0,-7.0,60.0,-2.0,21.0,145.0,-1000.0
1575,8.0,42.0,-263.0,-6.0,59.0,-2.0,17.0,144.0,-1001.0
1576,7.0,40.0,-259.0,-4.0,58.0,-3.0,19.0,144.0,-1000.0
1577,8.0,43.0,-266.0,-4.0,57.0,-2.0,17.0,143.0,-999.0
1578,7.0,41.0,-265.0,-4.0,58.0,-2.0,17.0,147.0,-1003.0
1579,11.0,40.0,-259.0,-3.0,57.0,-1.0,20.0,144.0,-1001.0
1580,10.0,41.0,-260.0,-2.0,56.0,-2.0,20.0,146.0,-998.0
1581,9.0,42.0,-262.0,-2.0,54.0,-1.0,17.0,150.0,-1000.0
1582,5.0,45.0,-262.0,-1.0,52.0,-3.0,19.0,147.0,-997.0
1583,7.0,42.0,-264.0,-1.0,50.0,-1.0,17.0,147.0,-999.0
1584,7.0,44.0,-263.0,-1.0,46.0,-4.0,14.0,143.0,-1004.0
1585,7.0,41.0,-261.0,0.0,46.0,-2.0,18.0,142.0,-1001.0
1586,22.0,43.0,-259.0,1.0,43.0,-5.0,64.0,145.0,-991.0
1587,6.0,42.0,-261.0,2.0,27.0,-6.0,16.0,146.0,-986.0
1588,3.0,41.0,-262.0,1.0,34.0,-5.0,10.0,150.0,-990.0
1589,7.0,42.0,-262.0,3.0,43.0,-1.0,11.0,147.0,-998.0
1590,7.0,41.0,-261.0,3.0,48.0,-4.0,17.0,147.0,-1003.0
1591,6.0,42.0,-261.0,5.0,50.0,-1.0,17.0,143.0,-1003.0
1592,5.0,39.0,-263.0,3.0,50.0,-3.0,18.0,144.0,-1001.0
1593,5.0,43.0,-265.0,3.0,49.0,-1.0,20.0,142.0,-999.0
1594,5.0,42.0,-263.0,3.0,50.0,-2.0,19.0,146.0,-1003.0
1595,6.0,40.0,-266.0,3.0,50.0,0.0,22.0,140.0,-999.0
1596,11.0,43.0,-263.0,2.0,47.0,-3.0,21.0,148.0,-1002.0
1597,29.0,46.0,-268.0,6.0,36.0,-3.0,104.0,139.0,-1003.0
1598,6.0,43.0,-260.0,1.0,20.0,-8.0,20.0,150.0,-984.0
1599,2.0,43.0,-260.0,4.0,29.0,-4.0,3.0,144.0,-988.0
1600,5.0,44.0,-261.0,3.0,43.0,-3.0,11.0,150.0,-1003.0
1601,6.0,40.0,-261.0,3.0,49.0,-2.0,11.0,144.0,-1005.0
1602,4.0,43.0,-263.0,3.0,51.0,-4.0,12.0,145.0,-1002.0
1603,5.0,40.0,-262.0,3.0,53.0,-3.0,13.0,144.0,-1004.0
1604,6.0,40.0,-268.0,1.0,52.0,-5.0,17.0,145.0,-1000.0
1605,7.0,44.0,-260.0,0.0,53.0,-2.0,17.0,144.0,-1003.0
1606,5.0,41.0,-263.0,1.0,54.0,-4.0,14.0,149.0,-1003.0
1607,5.0,43.0,-266.0,1.0,54.0,0.0,17.0,144.0,-1001.0
1608,8.0,40.0,-263.0,1.0,55.0,-4.0,16.0,145.0,-1000.0
1609,5.0,41.0,-262.0,0.0,55.0,-2.0,15.0,143.0,-1001.0
1610,7.0,40.0,-263.0,1.0,54.0,-3.0,16.0,146.0,-1000.0
1611,5.0,42.0,-262.0,0.0,56.0,0.0,11.0,145.0,-1001.0
1612,8.0,39.0,-263.0,1.0,55.0,-3.0,15.0,144.0,-1002.0
1613,8.0,40.0,-259.0,-1.0,53.0,1.0,12.0,145.0,-1001.0
1614,8.0,40.0,-262.0,-1.0,54.0,-3.0,14.0,137.0,-1006.0
1615,7.0,43.0,-266.0,3.0,49.0,-1.0,17.0,140.0,-1004.0
1616,4.0,37.0,-260.0,5.0,29.0,-9.0,7.0,133.0,-1017.0
1617,3.0,43.0,-263.0,2.0,34.0,-5.0,-1.0,145.0,-1001.0
1618,2.0,41.0,-259.0,3.0,39.0,-6.0,2.0,148.0,-994.0
1619,0.0,43.0,-259.0,3.0,52.0,-1.0,8.0,143.0,-998.0
1620,6.0,40.0,-263.0,1.0,59.0,-3.0,11.0,139.0,-1002.0
1621,4.0,44.0,-262.0,2.0,63.0,0.0,12.0,139.0,-1001.0
1622,8.0,41.0,-263.0,1.0,68.0,-2.0,16.0,143.0,-1000.0
1623,5.0,39.0,-261.0,1.0,66.0,0.0,21.0,143.0,-998.0
1624,8.0,40.0,-262.0,1.0,66.0,-2.0,15.0,142.0,-1006.0
1625,6.0,41.0,-259.0,1.0,67.0,1.0,17.0,141.0,-1003.0
1626,7.0,40.0,-267.0,2.0,69.0,-2.0,19.0,140.0,-1014.0
1627,9.0,41.0,-264.0,2.0,69.0,0.0,13.0,141.0,-1000.0
1628,6.0,41.0,-260.0,3.0,67.0,-2.0,17.0,140.0,-1003.0
1629,8.0,40.0,-263.0,2.0,66.0,1.0,17.0,142.0,-1000.0
1630,10.0,39.0,-260.0,2.0,68.0,-2.0,17.0,142.0,-1000.0
1631,6.0,41.0,-263.0,2.0,66.0,0.0,15.0,143.0,-1001.0
1632,8.0,40.0,-260.0,0.0,67.0,-3.0,19.0,142.0,-1000.0
1633,5.0,42.0,-260.0,0.0,65.0,0.0,18.0,139.0,-1002.0
1634,6.0,39.0,-263.0,0.0,64.0,-2.0,13.0,142.0,-1001.0
1635,8.0,43.0,-264.0,2.0,60.0,-1.0,11.0,149.0,-1003.0
1636,4.0,41.0,-270.0,6.0,41.0,-6.0,-5.0,128.0,-1018.0
1637,1.0,40.0,-261.0,0.0,38.0,-4.0,-4.0,144.0,-995.0
1638,5.0,40.0,-261.0,0.0,49.0,-4.0,4.0,141.0,-985.0
1639,5.0,40.0,-261.0,3.0,61.0,0.0,14.0,140.0,-1001.0
1640,3.0,42.0,-264.0,1.0,63.0,-1.0,8.0,144.0,-1004.0
1641,7.0,41.0,-263.0,1.0,67.0,0.0,17.0,143.0,-999.0
1642,4.0,41.0,-264.0,0.0,66.0,-3.0,11.0,142.0,-999.0
1643,6.0,42.0,-260.0,0.0,68.0,0.0,18.0,142.0,-1000.0
1644,8.0,38.0,-263.0,-2.0,66.0,-2.0,13.0,138.0,-1001.0
1645,6.0,44.0,-265.0,-2.0,65.0,-1.0,14.0,141.0,-1000.0
1646,9.0,38.0,-262.0,-2.0,65.0,-3.0,13.0,141.0,-1001.0
1647,6.0,40.0,-263.0,-2.0,67.0,-1.0,15.0,139.0,-1004.0
1648,8.0,42.0,-259.0,-2.0,66.0,-3.0,16.0,142.0,-999.0
1649,4.0,43.0,-261.0,-4.0,65.0,-1.0,16.0,140.0,-1004.0
1650,7.0,39.0,-259.0,-1.0,64.0,-1.0,5.0,135.0,-1003.0
1651,8.0,38.0,-267.0,-2.0,63.0,-1.0,12.0,137.0,-998.0
1652,6.0,39.0,-262.0,-4.0,63.0,-2.0,19.0,141.0,-1001.0
1653,6.0,41.0,-262.0,-4.0,63.0,-1.0,17.0,140.0,-1001.0
1654,8.0,38.0,-262.0,-2.0,62.0,-3.0,10.0,141.0,-1000.0
1655,6.0,40.0,-259.0,-3.0,64.0,-3.0,13.0,140.0,-998.0
1656,12.0,42.0,-262.0,-2.0,64.0,-2.0,33.0,137.0,-995.0
1657,7.0,39.0,-265.0,-2.0,62.0,-1.0,18.0,140.0,-999.0
1658,8.0,41.0,-258.0,-2.0,60.0,-3.0,42.0,136.0,-991.0
1659,0.0,41.0,-261.0,-2.0,29.0,-7.0,-9.0,136.0,-1005.0
1660,4.0,39.0,-257.0,-3.0,25.0,-7.0,6.0,139.0,-994.0
1661,6.0,41.0,-255.0,1.0,28.0,-5.0,16.0,140.0,-988.0
1662,2.0,41.0,-263.0,1.0,43.0,-3.0,0.0,132.0,-995.0
1663,7.0,41.0,-262.0,-1.0,54.0,-3.0,8.0,143.0,-997.0
1664,9.0,40.0,-258.0,-2.0,58.0,-2.0,17.0,140.0,-1004.0
1665,7.0,38.0,-261.0,-2.0,60.0,-3.0,13.0,138.0,-998.0
1666,5.0,42.0,-259.0,-2.0,63.0,-3.0,16.0,141.0,-1004.0
1667,9.0,38.0,-263.0,-5.0,64.0,-2.0,16.0,134.0,-1000.0
1668,7.0,40.0,-261.0,-4.0,64.0,-1.0,18.0,139.0,-1002.0
1669,7.0,44.0,-260.0,-4.0,64.0,0.0,13.0,140.0,-1001.0
1670,4.0,37.0,-267.0,-3.0,62.0,-1.0,14.0,144.0,-999.0
1671,8.0,42.0,-258.0,-3.0,63.0,-2.0,14.0,138.0,-999.0
1672,5.0,42.0,-262.0,-2.0,62.0,-2.0,20.0,141.0,-1000.0
1673,7.0,38.0,-266.0,-3.0,61.0,-2.0,17.0,137.0,-998.0
1674,6.0,41.0,-260.0,-2.0,61.0,0.0,15.0,142.0,-1001.0
1675,4.0,37.0,-265.0,-3.0,60.0,-3.0,16.0,141.0,-1000.0
1676,8.0,39.0,-262.0,-3.0,59.0,-1.0,14.0,137.0,-1000.0
1677,6.0,39.0,-261.0,-3.0,60.0,-2.0,13.0,138.0,-1000.0
1678,12.0,40.0,-264.0,-3.0,58.0,-2.0,24.0,139.0,-999.0
1679,8.0,39.0,-262.0,-4.0,54.0,-3.0,19.0,143.0,-997.0
1680,27.0,42.0,-256.0,-1.0,54.0,-3.0,89.0,149.0,-992.0
1681,15.0,42.0,-259.0,-3.0,30.0,-6.0,53.0,137.0,-985.0
1682,0.0,40.0,-257.0,-5.0,29.0,-5.0,-12.0,138.0,-982.0
1683,5.0,41.0,-259.0,-3.0,46.0,-5.0,8.0,137.0,-1000.0
1684,7.0,39.0,-266.0,0.0,53.0,-2.0,12.0,137.0,-1000.0
1685,5.0,40.0,-263.0,0.0,58.0,-2.0,10.0,134.0,-1002.0
1686,5.0,41.0,-264.0,-2.0,61.0,-1.0,12.0,136.0,-1007.0
1687,6.0,39.0,-264.0,-4.0,62.0,-2.0,13.0,134.0,-999.0
1688,8.0,40.0,-262.0,-5.0,62.0,0.0,12.0,140.0,-999.0
1689,6.0,39.0,-263.0,-4.0,64.0,-2.0,17.0,138.0,-1000.0
1690,6.0,41.0,-265.0,-5.0,66.0,-1.0,18.0,140.0,-1001.0
1691,5.0,40.0,-265.0,-6.0,66.0,-2.0,16.0,142.0,-1002.0
1692,7.0,40.0,-263.0,-4.0,67.0,0.0,17.0,138.0,-1013.0
1693,6.0,41.0,-258.0,-3.0,65.0,-2.0,11.0,136.0,-1005.0
1694,7.0,37.0,-261.0,-5.0,66.0,1.0,19.0,137.0,-1004.0
1695,6.0,41.0,-261.0,-4.0,66.0,-3.0,15.0,134.0,-1006.0
1696,5.0,41.0,-260.0,-6.0,67.0,-1.0,15.0,136.0,-1003.0
1697,7.0,42.0,-265.0,-6.0,67.0,-1.0,16.0,137.0,-1001.0
1698,6.0,40.0,-261.0,-5.0,67.0,0.0,13.0,137.0,-1002.0
1699,7.0,38.0,-264.0,-7.0,69.0,-3.0,13.0,139.0,-998.0
1700,7.0,39.0,-261.0,-7.0,68.0,1.0,21.0,136.0,-997.0
1701,10.0,36.0,-261.0,-9.0,69.0,-1.0,16.0,136.0,-997.0
1702,10.0,36.0,-265.0,-8.0,69.0,1.0,13.0,135.0,-1000.0
1703,7.0,39.0,-256.0,-7.0,69.0,-2.0,13.0,135.0,-998.0
1704,7.0,37.0,-261.0,-6.0,68.0,1.0,14.0,136.0,-1000.0
1705,10.0,36.0,-263.0,-7.0,67.0,0.0,16.0,139.0,-997.0
1706,5.0,39.0,-263.0,-7.0,66.0,2.0,16.0,136.0,-1000.0
1707,8.0,40.0,-263.0,-8.0,65.0,-1.0,16.0,136.0,-997.0
1708,6.0,38.0,-259.0,-9.0,65.0,1.0,15.0,137.0,-997.0
1709,7.0,39.0,-262.0,-9.0,62.0,-2.0,15.0,139.0,-996.0
1710,4.0,40.0,-260.0,-10.0,60.0,0.0,18.0,137.0,-997.0
1711,6.0,39.0,-260.0,-11.0,61.0,-3.0,14.0,138.0,-998.0
1712,6.0,39.0,-260.0,-11.0,61.0,0.0,13.0,141.0,-1000.0
1713,10.0,40.0,-260.0,-11.0,62.0,-2.0,16.0,137.0,-998.0
1714,5.0,41.0,-266.0,-11.0,59.0,-1.0,6.0,137.0,-1002.0
1715,5.0,38.0,-266.0,-12.0,59.0,-4.0,14.0,140.0,-1005.0
1716,8.0,40.0,-260.0,-11.0,61.0,-2.0,16.0,134.0,-1001.0
1717,7.0,41.0,-264.0,-11.0,62.0,-3.0,16.0,139.0,-1002.0
1718,6.0,41.0,-262.0,-11.0,61.0,-1.0,15.0,135.0,-1001.0
1719,6.0,40.0,-263.0,-12.0,60.0,-2.0,16.0,139.0,-995.0
1720,6.0,40.0,-264.0,-11.0,60.0,0.0,15.0,137.0,-1005.0
1721,6.0,40.0,-263.0,-10.0,61.0,-2.0,14.0,141.0,-1003.0
1722,7.0,43.0,-264.0,-12.0,59.0,0.0,17.0,137.0,-1000.0
1723,7.0,41.0,-265.0,-10.0,58.0,-2.0,13.0,139.0,-1006.0
1724,6.0,42.0,-262.0,-11.0,58.0,0.0,18.0,139.0,-1002.0
1725,6.0,40.0,-264.0,-10.0,58.0,-2.0,18.0,140.0,-1002.0
1726,9.0,41.0,-261.0,-12.0,58.0,-1.0,22.0,137.0,-998.0
1727,5.0,38.0,-266.0,-11.0,57.0,-4.0,15.0,136.0,-999.0
1728,6.0,42.0,-263.0,-12.0,57.0,-1.0,17.0,139.0,-1001.0
1729,6.0,39.0,-265.0,-12.0,56.0,-2.0,17.0,135.0,-1005.0
1730,5.0,41.0,-261.0,-12.0,57.0,0.0,19.0,134.0,-1004.0
1731,6.0,43.0,-264.0,-14.0,57.0,-2.0,16.0,136.0,-1004.0
1732,7.0,41.0,-265.0,-14.0,57.0,-1.0,18.0,140.0,-998.0
1733,8.0,40.0,-263.0,-14.0,57.0,-2.0,18.0,136.0,-1000.0
1734,7.0,38.0,-265.0,-14.0,56.0,0.0,15.0,136.0,-1002.0
1735,6.0,41.0,-264.0,-13.0,56.0,-2.0,18.0,135.0,-1000.0
1736,9.0,37.0,-265.0,-14.0,55.0,0.0,20.0,133.0,-1001.0
1737,6.0,40.0,-263.0,-14.0,55.0,-3.0,17.0,134.0,-1003.0
1738,5.0,42.0,-265.0,-14.0,55.0,-1.0,14.0,137.0,-999.0
1739,7.0,40.0,-266.0,-14.0,53.0,-3.0,15.0,134.0,-1002.0
1740,9.0,39.0,-260.0,-14.0,55.0,-2.0,16.0,133.0,-1001.0
1741,6.0,41.0,-262.0,-14.0,55.0,-3.0,15.0,140.0,-1000.0
1742,8.0,39.0,-262.0,-14.0,55.0,-1.0,14.0,140.0,-999.0
1743,8.0,40.0,-259.0,-14.0,56.0,-2.0,18.0,134.0,-1003.0
1744,9.0,40.0,-262.0,-14.0,58.0,1.0,18.0,139.0,-1000.0
1745,7.0,40.0,-262.0,-13.0,57.0,-3.0,16.0,135.0,-1003.0
1746,6.0,41.0,-263.0,-14.0,57.0,-1.0,16.0,139.0,-1001.0
1747,4.0,37.0,-260.0,-13.0,57.0,-2.0,13.0,138.0,-1000.0
1748,7.0,35.0,-263.0,-13.0,57.0,0.0,18.0,138.0,-1002.0
1749,7.0,38.0,-263.0,-12.0,56.0,-1.0,14.0,139.0,-999.0
1750,8.0,41.0,-265.0,-15.0,57.0,0.0,16.0,136.0,-998.0
1751,8.0,39.0,-263.0,-14.0,56.0,-1.0,13.0,138.0,-999.0
1752,6.0,39.0,-261.0,-14.0,57.0,0.0,15.0,135.0,-999.0
1753,10.0,40.0,-263.0,-14.0,55.0,-2.0,21.0,135.0,-997.0
1754,6.0,40.0,-266.0,-14.0,56.0,0.0,17.0,140.0,-1003.0
1755,6.0,39.0,-268.0,-15.0,54.0,-1.0,14.0,137.0,-1002.0
1756,5.0,40.0,-261.0,-15.0,54.0,0.0,13.0,135.0,-996.0
1757,5.0,41.0,-265.0,-14.0,55.0,-2.0,16.0,137.0,-999.0
1758,3.0,39.0,-259.0,-14.0,53.0,0.0,12.0,139.0,-1000.0
1759,5.0,41.0,-263.0,-12.0,53.0,-1.0,12.0,140.0,-999.0
1760,6.0,38.0,-262.0,-14.0,53.0,-2.0,15.0,141.0,-1001.0
1761,7.0,36.0,-262.0,-16.0,53.0,-2.0,18.0,132.0,-998.0
1762,6.0,39.0,-263.0,-15.0,52.0,-1.0,14.0,134.0,-999.0
1763,7.0,40.0,-263.0,-15.0,53.0,-1.0,13.0,139.0,-995.0
1764,5.0,41.0,-262.0,-17.0,53.0,-2.0,15.0,136.0,-996.0
1765,6.0,36.0,-261.0,-17.0,51.0,-2.0,11.0,142.0,-1001.0
1766,7.0,41.0,-260.0,-16.0,51.0,-3.0,13.0,139.0,-1001.0
1767,7.0,40.0,-261.0,-15.0,50.0,-2.0,16.0,134.0,-1004.0
1768,6.0,40.0,-264.0,-15.0,49.0,-2.0,15.0,136.0,-1004.0
1769,5.0,39.0,-266.0,-17.0,51.0,-1.0,20.0,137.0,-999.0
1770,5.0,42.0,-259.0,-17.0,51.0,-2.0,14.0,134.0,-1000.0
1771,7.0,40.0,-264.0,-17.0,51.0,-1.0,15.0,137.0,-1000.0
1772,8.0,38.0,-261.0,-18.0,51.0,-3.0,18.0,137.0,-1003.0
1773,5.0,40.0,-265.0,-18.0,50.0,-2.0,12.0,136.0,-1001.0
1774,7.0,40.0,-265.0,-18.0,51.0,-2.0,17.0,137.0,-1001.0
1775,5.0,39.0,-266.0,-17.0,52.0,-1.0,12.0,138.0,-1004.0
1776,8.0,41.0,-262.0,-15.0,53.0,-1.0,16.0,139.0,-1000.0
1777,5.0,40.0,-266.0,-17.0,53.0,-1.0,14.0,134.0,-1001.0
1778,4.0,42.0,-262.0,-17.0,54.0,-2.0,18.0,136.0,-1000.0
1779,5.0,41.0,-265.0,-16.0,54.0,0.0,15.0,137.0,-999.0
1780,6.0,40.0,-265.0,-15.0,52.0,-3.0,15.0,140.0,-1001.0
1781,4.0,39.0,-263.0,-16.0,54.0,-3.0,12.0,138.0,-1000.0
1782,5.0,39.0,-263.0,-16.0,53.0,-3.0,15.0,139.0,-1002.0
1783,6.0,39.0,-262.0,-16.0,53.0,-1.0,18.0,139.0,-996.0
1784,6.0,40.0,-265.0,-16.0,54.0,-3.0,14.0,137.0,-1001.0
1785,9.0,41.0,-263.0,-17.0,52.0,-2.0,17.0,135.0,-1002.0
1786,9.0,40.0,-264.0,-16.0,54.0,-3.0,19.0,135.0,-997.0
1787,4.0,39.0,-263.0,-15.0,52.0,0.0,14.0,136.0,-1001.0
1788,6.0,40.0,-260.0,-17.0,52.0,-3.0,18.0,141.0,-1002.0
1789,6.0,39.0,-263.0,-18.0,51.0,0.0,15.0,142.0,-998.0
1790,5.0,42.0,-262.0,-19.0,51.0,-3.0,18.0,135.0,-1003.0
1791,4.0,41.0,-261.0,-16.0,51.0,-1.0,14.0,141.0,-1000.0
1792,6.0,40.0,-264.0,-17.0,51.0,-2.0,12.0,137.0,-1000.0
1793,6.0,40.0,-263.0,-16.0,52.0,-1.0,12.0,136.0,-998.0
1794,6.0,41.0,-261.0,-15.0,51.0,-3.0,11.0,135.0,-1001.0
1795,7.0,39.0,-263.0,-15.0,52.0,-2.0,11.0,134.0,-1000.0
1796,6.0,42.0,-258.0,-16.0,52.0,-3.0,18.0,141.0,-1005.0
1797,8.0,39.0,-263.0,-16.0,52.0,-2.0,14.0,135.0,-1000.0
1798,6.0,40.0,-262.0,-15.0,53.0,-3.0,13.0,134.0,-1006.0
1799,9.0,40.0,-265.0,-16.0,52.0,0.0,13.0,138.0,-1004.0
1800,7.0,35.0,-263.0,-16.0,51.0,-2.0,14.0,138.0,-998.0
1801,4.0,40.0,-263.0,-16.0,52.0,-1.0,13.0,134.0,-1000.0
1802,5.0,42.0,-263.0,-16.0,51.0,-1.0,12.0,138.0,-1000.0
1803,7.0,39.0,-260.0,-16.0,50.0,-1.0,14.0,134.0,-1000.0
1804,3.0,43.0,-266.0,-16.0,50.0,-3.0,16.0,141.0,-1003.0
1805,7.0,38.0,-260.0,-15.0,50.0,-1.0,13.0,134.0,-1000.0
1806,6.0,41.0,-264.0,-17.0,50.0,-3.0,11.0,139.0,-999.0
1807,8.0,41.0,-266.0,-16.0,49.0,-1.0,12.0,136.0,-999.0
1808,5.0,38.0,-262.0,-17.0,49.0,-3.0,12.0,139.0,-997.0
1809,4.0,40.0,-261.0,-18.0,48.0,-1.0,18.0,136.0,-1001.0
1810,7.0,39.0,-263.0,-16.0,47.0,-4.0,13.0,139.0,-1000.0
1811,7.0,38.0,-261.0,-18.0,47.0,-1.0,10.0,138.0,-1003.0
1812,5.0,40.0,-260.0,-17.0,46.0,-1.0,10.0,136.0,-1001.0
1813,5.0,42.0,-264.0,-15.0,48.0,0.0,12.0,140.0,-1000.0
1814,5.0,39.0,-262.0,-15.0,48.0,-3.0,13.0,142.0,-998.0
1815,4.0,40.0,-264.0,-15.0,47.0,0.0,16.0,134.0,-1002.0
1816,5.0,39.0,-263.0,-15.0,47.0,-2.0,14.0,140.0,-1002.0
1817,5.0,40.0,-262.0,-15.0,48.0,0.0,16.0,135.0,-1003.0
1818,6.0,41.0,-263.0,-15.0,47.0,-3.0,8.0,137.0,-1002.0
1819,8.0,38.0,-263.0,-16.0,47.0,0.0,11.0,138.0,-1000.0
1820,5.0,40.0,-264.0,-14.0,47.0,-3.0,13.0,139.0,-1003.0
1821,7.0,39.0,-266.0,-15.0,46.0,0.0,13.0,139.0,-998.0
1822,7.0,40.0,-261.0,-16.0,47.0,-2.0,14.0,137.0,-1001.0
1823,3.0,39.0,-263.0,-16.0,48.0,0.0,12.0,142.0,-1000.0
1824,3.0,40.0,-262.0,-17.0,48.0,-3.0,10.0,138.0,-999.0
1825,5.0,41.0,-260.0,-17.0,48.0,-1.0,12.0,134.0,-999.0
1826,7.0,41.0,-257.0,-16.0,49.0,-3.0,14.0,139.0,-1004.0
1827,5.0,40.0,-263.0,-16.0,50.0,-1.0,11.0,137.0,-1001.0
1828,6.0,40.0,-261.0,-16.0,49.0,-3.0,11.0,144.0,-999.0
1829,5.0,41.0,-263.0,-15.0,49.0,0.0,13.0,141.0,-1002.0
1830,8.0,41.0,-262.0,-15.0,48.0,-2.0,10.0,138.0,-1003.0
1831,7.0,41.0,-262.0,-15.0,50.0,0.0,14.0,137.0,-1004.0
1832,3.0,40.0,-261.0,-16.0,49.0,-3.0,6.0,136.0,-1001.0
1833,4.0,39.0,-267.0,-16.0,50.0,-1.0,11.0,138.0,-1000.0
1834,2.0,44.0,-263.0,-15.0,49.0,-2.0,10.0,140.0,-997.0
1835,4.0,40.0,-259.0,-17.0,49.0,-2.0,10.0,143.0,-999.0
1836,4.0,41.0,-262.0,-16.0,49.0,-2.0,15.0,140.0,-999.0
1837,5.0,40.0,-264.0,-15.0,50.0,-1.0,10.0,140.0,-1004.0
1838,6.0,38.0,-261.0,-14.0,52.0,-2.0,12.0,140.0,-1000.0
1839,4.0,40.0,-263.0,-15.0,50.0,0.0,11.0,140.0,-1003.0
1840,6.0,40.0,-262.0,-13.0,50.0,-3.0,15.0,136.0,-999.0
1841,3.0,41.0,-262.0,-13.0,51.0,0.0,9.0,140.0,-998.0
1842,4.0,41.0,-261.0,-13.0,52.0,-2.0,7.0,141.0,-1000.0
1843,5.0,37.0,-260.0,-13.0,52.0,0.0,12.0,143.0,-997.0
1844,6.0,36.0,-264.0,-13.0,53.0,-2.0,13.0,139.0,-999.0
1845,5.0,41.0,-260.0,-12.0,52.0,-1.0,12.0,141.0,-1000.0
1846,3.0,41.0,-261.0,-14.0,53.0,-3.0,13.0,135.0,-1001.0
1847,6.0,38.0,-262.0,-14.0,54.0,-1.0,16.0,135.0,-998.0
1848,5.0,40.0,-262.0,-13.0,53.0,-2.0,16.0,139.0,-998.0
1849,6.0,41.0,-267.0,-14.0,53.0,-1.0,11.0,137.0,-997.0
1850,6.0,39.0,-267.0,-15.0,53.0,-2.0,13.0,136.0,-999.0
1851,5.0,38.0,-263.0,-11.0,54.0,-1.0,11.0,137.0,-1001.0
1852,4.0,40.0,-261.0,-12.0,53.0,-2.0,12.0,140.0,-1000.0
1853,5.0,40.0,-259.0,-12.0,54.0,0.0,12.0,136.0,-1001.0
1854,6.0,37.0,-262.0,-12.0,54.0,-2.0,8.0,141.0,-1002.0
1855,3.0,43.0,-262.0,-12.0,54.0,-1.0,8.0,133.0,-993.0
1856,5.0,41.0,-264.0,-12.0,53.0,-3.0,9.0,136.0,-1005.0
1857,3.0,41.0,-262.0,-12.0,54.0,-2.0,9.0,141.0,-1000.0
1858,5.0,39.0,-263.0,-11.0,54.0,-2.0,10.0,139.0,-1003.0
1859,5.0,37.0,-263.0,-11.0,54.0,-1.0,11.0,137.0,-1001.0
1860,5.0,43.0,-267.0,-11.0,54.0,-2.0,10.0,138.0,-1002.0
1861,6.0,40.0,-262.0,-12.0,55.0,-1.0,10.0,139.0,-1002.0
1862,4.0,40.0,-262.0,-10.0,55.0,-1.0,6.0,137.0,-1002.0
1863,4.0,41.0,-261.0,-10.0,54.0,-2.0,8.0,139.0,-1003.0
1864,6.0,37.0,-259.0,-9.0,55.0,-2.0,8.0,143.0,-999.0
1865,5.0,39.0,-263.0,-10.0,56.0,-2.0,5.0,141.0,-1006.0
1866,5.0,40.0,-262.0,-11.0,55.0,-3.0,7.0,139.0,-1005.0
1867,4.0,41.0,-265.0,-9.0,55.0,-1.0,12.0,140.0,-1002.0
1868,5.0,41.0,-265.0,-9.0,54.0,-3.0,9.0,140.0,-1008.0
1869,2.0,41.0,-266.0,-7.0,55.0,-2.0,11.0,137.0,-1007.0
1870,5.0,39.0,-263.0,-7.0,57.0,-3.0,10.0,140.0,-1002.0
1871,8.0,39.0,-261.0,-8.0,57.0,-2.0,7.0,139.0,-999.0
1872,4.0,39.0,-258.0,-8.0,55.0,-2.0,8.0,139.0,-999.0
1873,5.0,39.0,-262.0,-8.0,56.0,-2.0,9.0,137.0,-996.0
1874,5.0,39.0,-264.0,-7.0,56.0,-1.0,8.0,138.0,-1000.0
1875,5.0,40.0,-262.0,-8.0,56.0,-3.0,8.0,136.0,-1000.0
1876,5.0,41.0,-263.0,-7.0,56.0,-1.0,8.0,135.0,-1000.0
1877,3.0,41.0,-262.0,-7.0,57.0,-2.0,11.0,136.0,-998.0
1878,4.0,39.0,-260.0,-7.0,56.0,-2.0,9.0,135.0,-999.0
1879,3.0,42.0,-261.0,-7.0,56.0,-2.0,9.0,137.0,-1000.0
1880,5.0,41.0,-260.0,-8.0,57.0,-1.0,12.0,139.0,-999.0
1881,2.0,40.0,-259.0,-6.0,56.0,-2.0,8.0,138.0,-998.0
1882,4.0,39.0,-267.0,-6.0,57.0,-1.0,11.0,138.0,-999.0
1883,4.0,37.0,-261.0,-7.0,56.0,-3.0,9.0,131.0,-998.0
1884,6.0,38.0,-259.0,-7.0,57.0,-2.0,13.0,135.0,-998.0
1885,4.0,39.0,-263.0,-7.0,58.0,-1.0,6.0,138.0,-1002.0
1886,6.0,40.0,-264.0,-7.0,57.0,-1.0,12.0,139.0,-997.0
1887,3.0,40.0,-261.0,-7.0,55.0,-3.0,13.0,142.0,-1001.0
1888,7.0,39.0,-260.0,-9.0,56.0,-2.0,9.0,135.0,-1000.0
1889,4.0,39.0,-265.0,-9.0,56.0,-3.0,11.0,137.0,-1000.0
1890,5.0,40.0,-263.0,-9.0,57.0,-2.0,7.0,140.0,-1001.0
1891,7.0,39.0,-265.0,-8.0,57.0,-4.0,10.0,138.0,-1002.0
1892,6.0,39.0,-265.0,-7.0,57.0,-2.0,10.0,140.0,-1003.0
1893,5.0,40.0,-264.0,-7.0,56.0,-4.0,6.0,138.0,-1002.0
1894,5.0,41.0,-264.0,-6.0,58.0,-2.0,12.0,143.0,-1000.0
1895,7.0,39.0,-263.0,-6.0,57.0,-2.0,10.0,135.0,-1004.0
1896,4.0,38.0,-260.0,-8.0,57.0,-1.0,9.0,138.0,-1002.0
1897,5.0,41.0,-264.0,-8.0,57.0,-3.0,13.0,142.0,-999.0
1898,7.0,38.0,-259.0,-8.0,57.0,-1.0,9.0,137.0,-1004.0
1899,5.0,39.0,-263.0,-8.0,57.0,-3.0,6.0,138.0,-1003.0
1900,4.0,41.0,-265.0,-8.0,58.0,0.0,8.0,138.0,-1005.0
1901,3.0,40.0,-262.0,-9.0,57.0,-3.0,9.0,134.0,-1002.0
1902,3.0,39.0,-259.0,-8.0,57.0,-1.0,10.0,135.0,-1000.0
1903,3.0,41.0,-263.0,-8.0,56.0,-2.0,11.0,132.0,-1003.0
1904,4.0,40.0,-260.0,-8.0,58.0,-1.0,8.0,136.0,-1000.0
1905,4.0,41.0,-265.0,-9.0,56.0,-4.0,6.0,132.0,-999.0
1906,4.0,40.0,-262.0,-9.0,57.0,-2.0,10.0,140.0,-1005.0
1907,8.0,41.0,-263.0,-10.0,55.0,-4.0,6.0,136.0,-999.0
1908,5.0,41.0,-262.0,-11.0,55.0,-2.0,11.0,137.0,-999.0
1909,3.0,39.0,-264.0,-10.0,55.0,-4.0,9.0,136.0,-996.0
1910,4.0,39.0,-264.0,-10.0,52.0,-2.0,7.0,137.0,-1000.0
1911,5.0,40.0,-259.0,-10.0,54.0,-5.0,13.0,137.0,-997.0
1912,4.0,38.0,-266.0,-10.0,54.0,-1.0,6.0,137.0,-997.0
1913,5.0,38.0,-259.0,-10.0,54.0,-2.0,10.0,139.0,-998.0
1914,3.0,39.0,-265.0,-11.0,52.0,-1.0,8.0,136.0,-998.0
1915,6.0,40.0,-261.0,-11.0,51.0,-3.0,13.0,136.0,-999.0
1916,6.0,37.0,-262.0,-11.0,52.0,-1.0,7.0,137.0,-1000.0
1917,6.0,39.0,-258.0,-10.0,50.0,-4.0,7.0,135.0,-999.0
1918,5.0,38.0,-260.0,-11.0,51.0,-1.0,8.0,134.0,-1000.0
1919,4.0,40.0,-265.0,-11.0,51.0,-4.0,12.0,133.0,-999.0
1920,4.0,41.0,-263.0,-10.0,51.0,-2.0,8.0,139.0,-1006.0
1921,5.0,39.0,-265.0,-8.0,50.0,-3.0,10.0,140.0,-1003.0
1922,5.0,39.0,-265.0,-9.0,49.0,0.0,8.0,138.0,-1003.0
1923,7.0,39.0,-263.0,-7.0,48.0,-4.0,9.0,139.0,-1002.0
1924,5.0,42.0,-265.0,-7.0,50.0,-1.0,4.0,134.0,-999.0
1925,7.0,40.0,-264.0,-7.0,51.0,-4.0,6.0,137.0,-1001.0
1926,4.0,41.0,-262.0,-8.0,51.0,-1.0,8.0,144.0,-1000.0
1927,5.0,39.0,-261.0,-8.0,51.0,-4.0,9.0,138.0,-1000.0
1928,4.0,38.0,-264.0,-8.0,50.0,-1.0,12.0,142.0,-1001.0
1929,5.0,38.0,-264.0,-8.0,50.0,-4.0,5.0,136.0,-1004.0
1930,3.0,37.0,-258.0,-7.0,50.0,-2.0,12.0,135.0,-1001.0
1931,3.0,40.0,-262.0,-6.0,51.0,-4.0,5.0,141.0,-1001.0
1932,3.0,41.0,-262.0,-7.0,51.0,-1.0,11.0,137.0,-999.0
1933,7.0,40.0,-266.0,-5.0,50.0,-4.0,13.0,138.0,-1004.0
1934,5.0,40.0,-262.0,-5.0,50.0,-1.0,8.0,139.0,-999.0
1935,6.0,39.0,-260.0,-5.0,51.0,-3.0,5.0,135.0,-1002.0
1936,4.0,42.0,-262.0,-5.0,51.0,0.0,9.0,139.0,-1002.0
1937,4.0,39.0,-264.0,-7.0,51.0,-4.0,7.0,137.0,-1004.0
1938,2.0,40.0,-262.0,-7.0,51.0,-3.0,8.0,136.0,-1001.0
1939,6.0,38.0,-259.0,-7.0,51.0,-4.0,9.0,135.0,-999.0
1940,6.0,41.0,-259.0,-5.0,45.0,-1.0,9.0,141.0,-997.0
1941,3.0,41.0,-263.0,-6.0,44.0,-3.0,0.0,131.0,-997.0
1942,6.0,39.0,-264.0,-6.0,46.0,-1.0,8.0,136.0,-999.0
1943,4.0,36.0,-261.0,-6.0,49.0,-3.0,3.0,136.0,-1002.0
1944,2.0,42.0,-260.0,-6.0,51.0,0.0,10.0,137.0,-998.0
1945,3.0,37.0,-264.0,-7.0,52.0,-4.0,8.0,140.0,-998.0
1946,5.0,40.0,-262.0,-6.0,54.0,-1.0,3.0,133.0,-1000.0
1947,7.0,39.0,-258.0,-6.0,55.0,-2.0,9.0,134.0,-1004.0
1948,5.0,39.0,-264.0,-6.0,55.0,-1.0,8.0,131.0,-999.0
1949,4.0,39.0,-261.0,-7.0,55.0,-2.0,3.0,137.0,-1001.0
1950,4.0,39.0,-261.0,-7.0,56.0,-1.0,9.0,136.0,-1000.0
1951,5.0,40.0,-263.0,-8.0,57.0,-3.0,10.0,136.0,-999.0
1952,7.0,43.0,-264.0,-7.0,55.0,-1.0,7.0,133.0,-1001.0
1953,5.0,36.0,-261.0,-8.0,55.0,-2.0,8.0,137.0,-1002.0
1954,6.0,40.0,-259.0,-7.0,56.0,-1.0,6.0,136.0,-1002.0
1955,3.0,41.0,-262.0,-7.0,55.0,-3.0,10.0,142.0,-1000.0
1956,3.0,40.0,-262.0,-7.0,54.0,-2.0,5.0,140.0,-1003.0
1957,7.0,39.0,-257.0,-5.0,55.0,-2.0,10.0,135.0,-991.0
1958,15.0,39.0,-263.0,-5.0,50.0,-2.0,43.0,133.0,-1004.0
1959,5.0,33.0,-269.0,2.0,15.0,-10.0,-1.0,126.0,-1029.0
1960,-2.0,36.0,-257.0,-4.0,2.0,-9.0,-31.0,139.0,-981.0
1961,0.0,39.0,-262.0,-8.0,29.0,-5.0,-6.0,143.0,-986.0
1962,3.0,39.0,-261.0,-6.0,41.0,-3.0,3.0,138.0,-1001.0
1963,3.0,38.0,-262.0,-7.0,49.0,-3.0,5.0,134.0,-1004.0
1964,4.0,38.0,-263.0,-7.0,52.0,-1.0,5.0,135.0,-1004.0
1965,5.0,39.0,-261.0,-8.0,55.0,-3.0,8.0,139.0,-1000.0
1966,3.0,40.0,-263.0,-8.0,57.0,-3.0,6.0,136.0,-1005.0
1967,0.0,37.0,-263.0,-9.0,57.0,-2.0,6.0,133.0,-1002.0
1968,4.0,37.0,-261.0,-9.0,57.0,-2.0,4.0,133.0,-1004.0
1969,5.0,37.0,-262.0,-9.0,60.0,-2.0,4.0,137.0,-1006.0
1970,4.0,38.0,-263.0,-7.0,59.0,-1.0,9.0,137.0,-1005.0
1971,4.0,37.0,-266.0,-8.0,59.0,-2.0,7.0,136.0,-1007.0
1972,4.0,37.0,-264.0,-8.0,60.0,-2.0,8.0,137.0,-1004.0
1973,1.0,41.0,-263.0,-8.0,59.0,-2.0,4.0,133.0,-1003.0
1974,3.0,39.0,-261.0,-8.0,59.0,-2.0,7.0,138.0,-1005.0
1975,4.0,39.0,-261.0,-7.0,60.0,-2.0,-7.0,138.0,-1002.0
1976,3.0,39.0,-262.0,-8.0,60.0,-2.0,8.0,133.0,-1003.0
1977,4.0,39.0,-263.0,-9.0,59.0,-2.0,7.0,138.0,-998.0
1978,5.0,36.0,-263.0,-8.0,57.0,-2.0,7.0,135.0,-999.0
1979,6.0,37.0,-264.0,-9.0,56.0,-1.0,7.0,132.0,-1000.0
1980,3.0,38.0,-264.0,-9.0,55.0,-2.0,9.0,133.0,-999.0
1981,2.0,40.0,-259.0,-9.0,56.0,-1.0,5.0,135.0,-1000.0
1982,3.0,43.0,-263.0,-9.0,57.0,-1.0,3.0,138.0,-1002.0
1983,3.0,38.0,-259.0,-9.0,59.0,-1.0,12.0,130.0,-1003.0
1984,4.0,40.0,-264.0,-10.0,58.0,-2.0,7.0,134.0,-1002.0
1985,4.0,40.0,-262.0,-8.0,57.0,0.0,7.0,133.0,-1005.0
1986,2.0,41.0,-262.0,-7.0,59.0,-2.0,6.0,135.0,-1002.0
1987,3.0,40.0,-261.0,-10.0,59.0,-1.0,10.0,133.0,-1000.0
1988,2.0,38.0,-261.0,-10.0,60.0,-2.0,7.0,137.0,-1001.0
1989,5.0,38.0,-260.0,-10.0,60.0,-1.0,9.0,132.0,-994.0
1990,6.0,40.0,-260.0,-11.0,59.0,-3.0,2.0,135.0,-1001.0
1991,4.0,40.0,-262.0,-9.0,60.0,-2.0,6.0,136.0,-1002.0
1992,5.0,38.0,-266.0,-7.0,59.0,-4.0,4.0,134.0,-1000.0
1993,6.0,37.0,-262.0,-6.0,59.0,-2.0,4.0,134.0,-1001.0
1994,5.0,39.0,-263.0,-7.0,59.0,-2.0,5.0,136.0,-1006.0
1995,4.0,39.0,-258.0,-7.0,60.0,0.0,5.0,137.0,-1003.0
1996,6.0,36.0,-266.0,-5.0,62.0,-3.0,7.0,131.0,-997.0
1997,3.0,36.0,-264.0,-7.0,59.0,0.0,11.0,134.0,-1001.0
1998,5.0,39.0,-262.0,-6.0,56.0,-4.0,17.0,137.0,-1000.0
1999,5.0,38.0,-261.0,-7.0,54.0,-3.0,4.0,130.0,-1002.0
2000,3.0,40.0,-260.0,-6.0,54.0,-4.0,6.0,135.0,-999.0
2001,3.0,38.0,-264.0,-7.0,53.0,-2.0,9.0,130.0,-1002.0
2002,3.0,38.0,-262.0,-7.0,52.0,-2.0,7.0,140.0,-1001.0
2003,6.0,40.0,-264.0,-5.0,54.0,-2.0,11.0,139.0,-1001.0
2004,5.0,39.0,-258.0,-5.0,53.0,-3.0,11.0,139.0,-1000.0
2005,9.0,42.0,-265.0,-6.0,48.0,-2.0,16.0,134.0,-1001.0
2006,0.0,39.0,-255.0,-3.0,22.0,-8.0,-8.0,127.0,-1001.0
2007,6.0,42.0,-264.0,-3.0,20.0,-9.0,11.0,145.0,-1006.0
2008,6.0,36.0,-259.0,1.0,10.0,-8.0,0.0,139.0,-985.0
2009,-2.0,37.0,-266.0,-1.0,30.0,-1.0,-13.0,128.0,-996.0
2010,3.0,40.0,-265.0,-5.0,45.0,-3.0,-2.0,141.0,-1001.0
2011,2.0,41.0,-267.0,-6.0,50.0,-1.0,2.0,131.0,-1007.0
2012,3.0,39.0,-263.0,-7.0,54.0,-3.0,6.0,131.0,-1005.0
2013,4.0,41.0,-265.0,-9.0,54.0,-1.0,9.0,138.0,-1003.0
2014,3.0,40.0,-263.0,-9.0,56.0,-3.0,10.0,133.0,-1000.0
2015,4.0,40.0,-261.0,-9.0,57.0,-2.0,7.0,135.0,-1001.0
2016,4.0,40.0,-261.0,-9.0,57.0,-3.0,1.0,135.0,-1002.0
2017,1.0,42.0,-264.0,-8.0,58.0,0.0,5.0,137.0,-1003.0
2018,4.0,38.0,-259.0,-8.0,58.0,-3.0,5.0,134.0,-1002.0
2019,4.0,39.0,-262.0,-8.0,57.0,0.0,3.0,133.0,-1002.0
2020,1.0,39.0,-261.0,-10.0,56.0,-4.0,4.0,128.0,-1003.0
2021,4.0,38.0,-266.0,-9.0,55.0,0.0,7.0,136.0,-1003.0
2022,3.0,42.0,-260.0,-10.0,54.0,-3.0,6.0,127.0,-1002.0
2023,4.0,35.0,-260.0,-10.0,54.0,-1.0,3.0,133.0,-1001.0
2024,5.0,39.0,-262.0,-11.0,56.0,-3.0,3.0,138.0,-999.0
2025,4.0,39.0,-263.0,-11.0,55.0,-2.0,5.0,133.0,-997.0
2026,3.0,38.0,-261.0,-10.0,55.0,-3.0,6.0,134.0,-1001.0
2027,4.0,40.0,-267.0,-9.0,55.0,0.0,4.0,135.0,-1003.0
2028,1.0,31.0,-242.0,-10.0,56.0,-3.0,4.0,133.0,-1001.0
2029,-1.0,32.0,-255.0,-11.0,55.0,-1.0,4.0,133.0,-1002.0
2030,4.0,38.0,-261.0,-10.0,56.0,-3.0,7.0,134.0,-1002.0
2031,8.0,34.0,-259.0,-10.0,55.0,-1.0,2.0,134.0,-1003.0
2032,-8.0,43.0,-263.0,-11.0,55.0,-3.0,3.0,134.0,-1002.0
2033,-1.0,40.0,-271.0,-10.0,56.0,0.0,1.0,134.0,-1001.0
2034,4.0,38.0,-261.0,-10.0,56.0,-3.0,6.0,133.0,-1001.0
2035,3.0,38.0,-264.0,-11.0,54.0,-1.0,0.0,132.0,-1004.0
2036,4.0,35.0,-265.0,-10.0,57.0,-3.0,4.0,136.0,-1000.0
2037,1.0,37.0,-261.0,-10.0,55.0,-1.0,5.0,133.0,-1002.0
2038,7.0,37.0,-259.0,-12.0,54.0,-3.0,4.0,135.0,-1001.0
2039,1.0,42.0,-264.0,-9.0,54.0,-2.0,4.0,135.0,-1008.0
2040,5.0,39.0,-263.0,-10.0,55.0,-3.0,1.0,130.0,-1002.0
2041,6.0,40.0,-265.0,-11.0,56.0,-2.0,5.0,133.0,-1006.0
2042,4.0,39.0,-263.0,-10.0,56.0,-3.0,6.0,132.0,-1005.0
2043,4.0,39.0,-265.0,-10.0,57.0,-3.0,3.0,129.0,-1001.0
2044,7.0,37.0,-262.0,-11.0,56.0,-4.0,5.0,135.0,-1004.0
2045,4.0,40.0,-262.0,-11.0,57.0,-1.0,7.0,131.0,-1001.0
2046,2.0,39.0,-259.0,-10.0,57.0,-3.0,9.0,133.0,-1004.0
2047,2.0,42.0,-263.0,-9.0,57.0,-1.0,6.0,133.0,-996.0
2048,4.0,39.0,-264.0,-10.0,58.0,-3.0,5.0,132.0,-1000.0
2049,4.0,38.0,-263.0,-12.0,57.0,-1.0,4.0,131.0,-1001.0
2050,3.0,36.0,-264.0,-13.0,56.0,-2.0,4.0,133.0,-999.0
2051,2.0,38.0,-261.0,-11.0,57.0,-1.0,5.0,131.0,-1000.0
2052,0.0,38.0,-262.0,-11.0,58.0,-3.0,4.0,137.0,-998.0
2053,3.0,38.0,-260.0,-12.0,58.0,-1.0,8.0,136.0,-1002.0
2054,0.0,40.0,-262.0,-12.0,58.0,-2.0,6.0,136.0,-994.0
2055,3.0,39.0,-261.0,-13.0,58.0,-2.0,7.0,137.0,-1003.0
2056,4.0,38.0,-265.0,-12.0,58.0,-2.0,6.0,131.0,-999.0
2057,3.0,40.0,-260.0,-12.0,58.0,-2.0,6.0,134.0,-1002.0
2058,2.0,39.0,-260.0,-12.0,57.0,-3.0,3.0,135.0,-1002.0
2059,2.0,39.0,-265.0,-12.0,57.0,-2.0,2.0,133.0,-1002.0
2060,3.0,38.0,-263.0,-13.0,57.0,-3.0,5.0,132.0,-1003.0
2061,7.0,38.0,-263.0,-12.0,55.0,-2.0,7.0,134.0,-995.0
2062,1.0,38.0,-265.0,-12.0,55.0,-3.0,2.0,128.0,-1007.0
2063,4.0,39.0,-262.0,-11.0,55.0,-3.0,4.0,132.0,-1002.0
2064,3.0,36.0,-263.0,-12.0,55.0,-2.0,8.0,133.0,-1001.0
2065,4.0,39.0,-265.0,-12.0,54.0,-2.0,4.0,135.0,-999.0
2066,3.0,39.0,-263.0,-12.0,53.0,-4.0,6.0,135.0,-1005.0
2067,2.0,39.0,-264.0,-12.0,54.0,-1.0,4.0,135.0,-1006.0
2068,2.0,42.0,-263.0,-12.0,54.0,-3.0,6.0,133.0,-1000.0
2069,0.0,38.0,-267.0,-12.0,54.0,-2.0,5.0,134.0,-1003.0
2070,5.0,40.0,-260.0,-12.0,55.0,-2.0,1.0,135.0,-1001.0
2071,4.0,36.0,-263.0,-12.0,54.0,-3.0,4.0,135.0,-1004.0
2072,6.0,40.0,-259.0,-13.0,54.0,-1.0,5.0,130.0,-998.0
2073,3.0,38.0,-264.0,-12.0,55.0,-2.0,9.0,134.0,-996.0
2074,8.0,38.0,-265.0,-13.0,55.0,-1.0,-1.0,139.0,-1000.0
2075,3.0,39.0,-264.0,-14.0,56.0,-3.0,6.0,135.0,-996.0
2076,4.0,39.0,-264.0,-13.0,56.0,-1.0,0.0,136.0,-1001.0
2077,1.0,40.0,-260.0,-13.0,56.0,-1.0,3.0,137.0,-1002.0
2078,3.0,39.0,-266.0,-14.0,56.0,-1.0,6.0,135.0,-1000.0
2079,3.0,37.0,-261.0,-13.0,56.0,-2.0,2.0,133.0,-1000.0
2080,4.0,38.0,-261.0,-14.0,54.0,-1.0,7.0,132.0,-1002.0
2081,3.0,38.0,-260.0,-15.0,56.0,-2.0,7.0,131.0,-1003.0
2082,4.0,36.0,-259.0,-14.0,55.0,-2.0,5.0,133.0,-1003.0
2083,1.0,38.0,-265.0,-15.0,55.0,-2.0,6.0,133.0,-1002.0
2084,5.0,38.0,-263.0,-15.0,55.0,-1.0,1.0,132.0,-999.0
2085,0.0,39.0,-264.0,-15.0,55.0,-1.0,2.0,133.0,-1005.0
2086,3.0,40.0,-261.0,-14.0,54.0,-2.0,7.0,127.0,-1001.0
2087,2.0,38.0,-263.0,-15.0,54.0,-2.0,0.0,135.0,-998.0
2088,3.0,38.0,-265.0,-14.0,55.0,-1.0,-1.0,132.0,-1002.0
2089,4.0,38.0,-263.0,-15.0,54.0,-3.0,4.0,133.0,-1002.0
2090,3.0,36.0,-262.0,-16.0,55.0,-1.0,3.0,133.0,-1002.0
2091,4.0,38.0,-264.0,-14.0,57.0,-2.0,4.0,133.0,-995.0
2092,2.0,40.0,-262.0,-15.0,56.0,1.0,5.0,132.0,-999.0
2093,2.0,39.0,-265.0,-16.0,54.0,-3.0,-1.0,135.0,-1005.0
2094,4.0,36.0,-262.0,-16.0,56.0,-1.0,6.0,132.0,-998.0
2095,2.0,37.0,-262.0,-16.0,56.0,-3.0,4.0,132.0,-1003.0
2096,2.0,37.0,-264.0,-16.0,55.0,0.0,6.0,129.0,-1001.0
2097,3.0,36.0,-263.0,-16.0,56.0,-2.0,9.0,133.0,-1002.0
2098,5.0,40.0,-262.0,-15.0,55.0,1.0,8.0,135.0,-999.0
2099,2.0,38.0,-262.0,-17.0,55.0,-2.0,3.0,137.0,-1002.0
2100,1.0,37.0,-266.0,-16.0,53.0,-1.0,2.0,135.0,-1002.0
2101,3.0,37.0,-264.0,-16.0,52.0,-4.0,3.0,134.0,-1000.0
2102,3.0,38.0,-261.0,-16.0,51.0,-2.0,4.0,131.0,-1002.0
2103,4.0,41.0,-262.0,-17.0,51.0,-5.0,2.0,129.0,-1002.0
2104,2.0,41.0,-261.0,-18.0,51.0,-1.0,6.0,132.0,-999.0
2105,5.0,38.0,-261.0,-16.0,50.0,-3.0,6.0,131.0,-1002.0
2106,3.0,37.0,-264.0,-16.0,51.0,-1.0,1.0,130.0,-1003.0
2107,4.0,39.0,-264.0,-16.0,50.0,-4.0,5.0,132.0,-1007.0
2108,3.0,38.0,-266.0,-15.0,52.0,-1.0,5.0,135.0,-998.0
2109,1.0,41.0,-264.0,-17.0,53.0,-4.0,1.0,134.0,-999.0
2110,3.0,39.0,-258.0,-18.0,55.0,-1.0,9.0,135.0,-1006.0
2111,2.0,39.0,-261.0,-17.0,53.0,-5.0,1.0,135.0,-999.0
2112,7.0,39.0,-263.0,-18.0,53.0,-2.0,3.0,136.0,-1002.0
2113,4.0,40.0,-265.0,-18.0,55.0,-5.0,6.0,137.0,-1001.0
2114,4.0,39.0,-264.0,-19.0,55.0,-1.0,0.0,136.0,-1000.0
2115,6.0,42.0,-263.0,-18.0,55.0,-4.0,3.0,132.0,-1003.0
2116,4.0,36.0,-261.0,-17.0,57.0,-1.0,2.0,136.0,-1001.0
2117,2.0,39.0,-262.0,-16.0,58.0,-5.0,3.0,136.0,-1002.0
2118,1.0,41.0,-261.0,-17.0,58.0,-1.0,5.0,136.0,-999.0
2119,2.0,40.0,-260.0,-16.0,59.0,-4.0,1.0,136.0,-999.0
2120,4.0,38.0,-263.0,-16.0,60.0,-2.0,2.0,136.0,-996.0
2121,5.0,37.0,-263.0,-15.0,60.0,-4.0,6.0,135.0,-995.0
2122,2.0,39.0,-267.0,-16.0,60.0,-2.0,3.0,137.0,-996.0
2123,9.0,39.0,-260.0,-16.0,60.0,-5.0,3.0,137.0,-1003.0
2124,2.0,40.0,-263.0,-15.0,57.0,-1.0,5.0,137.0,-1002.0
2125,3.0,40.0,-265.0,-17.0,54.0,-3.0,4.0,139.0,-1000.0
2126,3.0,41.0,-264.0,-16.0,54.0,0.0,4.0,134.0,-1005.0
2127,3.0,37.0,-259.0,-16.0,54.0,-3.0,0.0,133.0,-997.0
2128,4.0,36.0,-266.0,-16.0,55.0,-1.0,1.0,136.0,-1007.0
2129,3.0,38.0,-265.0,-14.0,55.0,-4.0,-2.0,136.0,-1005.0
2130,5.0,38.0,-264.0,-15.0,56.0,0.0,-2.0,132.0,-1001.0
2131,3.0,41.0,-262.0,-13.0,58.0,-2.0,0.0,131.0,-1002.0
2132,3.0,39.0,-265.0,-14.0,59.0,0.0,1.0,133.0,-999.0
2133,7.0,38.0,-260.0,-14.0,60.0,-3.0,0.0,132.0,-996.0
2134,1.0,41.0,-262.0,-14.0,61.0,-1.0,3.0,132.0,-996.0
2135,2.0,36.0,-262.0,-14.0,62.0,-2.0,2.0,133.0,-998.0
2136,4.0,36.0,-258.0,-15.0,62.0,1.0,2.0,133.0,-1007.0
2137,2.0,39.0,-261.0,-12.0,61.0,-1.0,2.0,134.0,-998.0
2138,3.0,37.0,-262.0,-12.0,61.0,1.0,1.0,132.0,-995.0
2139,2.0,38.0,-266.0,-10.0,61.0,-2.0,6.0,135.0,-999.0
2140,1.0,38.0,-264.0,-12.0,60.0,1.0,3.0,132.0,-1001.0
2141,5.0,36.0,-265.0,-11.0,60.0,-1.0,0.0,130.0,-1001.0
2142,2.0,37.0,-265.0,-10.0,60.0,1.0,5.0,135.0,-1000.0
2143,5.0,38.0,-262.0,-11.0,60.0,-1.0,1.0,132.0,-1004.0
2144,6.0,35.0,-264.0,-12.0,60.0,0.0,1.0,133.0,-1005.0
2145,0.0,38.0,-263.0,-13.0,60.0,-2.0,4.0,132.0,-1005.0
2146,4.0,41.0,-261.0,-13.0,59.0,0.0,4.0,133.0,-1003.0
2147,3.0,38.0,-263.0,-13.0,60.0,-1.0,3.0,138.0,-1004.0
2148,5.0,36.0,-263.0,-14.0,59.0,1.0,2.0,138.0,-1005.0
2149,1.0,39.0,-266.0,-15.0,60.0,0.0,5.0,133.0,-1000.0
2150,2.0,40.0,-267.0,-15.0,61.0,0.0,8.0,133.0,-1004.0
2151,5.0,39.0,-265.0,-16.0,60.0,-1.0,4.0,132.0,-1002.0
2152,7.0,35.0,-263.0,-17.0,61.0,0.0,2.0,136.0,-1003.0
2153,4.0,42.0,-262.0,-16.0,59.0,-2.0,0.0,134.0,-1006.0
2154,5.0,38.0,-264.0,-17.0,59.0,-1.0,5.0,136.0,-1006.0
2155,4.0,39.0,-261.0,-16.0,59.0,-2.0,2.0,138.0,-1004.0
2156,3.0,41.0,-262.0,-17.0,57.0,-2.0,4.0,134.0,-1003.0
2157,2.0,41.0,-260.0,-17.0,59.0,-1.0,5.0,137.0,-1001.0
2158,5.0,37.0,-263.0,-17.0,57.0,-1.0,6.0,134.0,-1003.0
2159,1.0,37.0,-261.0,-17.0,56.0,-2.0,4.0,135.0,-1001.0
2160,2.0,38.0,-263.0,-16.0,58.0,0.0,4.0,135.0,-1000.0
2161,4.0,40.0,-267.0,-16.0,57.0,-1.0,0.0,138.0,-1007.0
2162,3.0,36.0,-264.0,-17.0,57.0,-2.0,2.0,134.0,-996.0
2163,2.0,40.0,-264.0,-17.0,57.0,-2.0,7.0,135.0,-1004.0
2164,5.0,37.0,-261.0,-17.0,56.0,0.0,-2.0,136.0,-1000.0
2165,4.0,40.0,-263.0,-17.0,57.0,-2.0,6.0,138.0,-1001.0
2166,5.0,35.0,-264.0,-17.0,56.0,-1.0,1.0,135.0,-998.0
2167,7.0,37.0,-260.0,-16.0,56.0,-1.0,8.0,139.0,-999.0
2168,2.0,40.0,-267.0,-15.0,56.0,-2.0,2.0,140.0,-1003.0
2169,3.0,40.0,-263.0,-16.0,54.0,0.0,6.0,135.0,-1003.0
2170,3.0,40.0,-262.0,-16.0,53.0,-2.0,5.0,131.0,-1000.0
2171,4.0,39.0,-264.0,-16.0,53.0,-2.0,6.0,132.0,-999.0
2172,2.0,39.0,-262.0,-16.0,52.0,-1.0,9.0,136.0,-998.0
2173,2.0,37.0,-263.0,-15.0,51.0,-2.0,8.0,137.0,-1001.0
2174,3.0,40.0,-261.0,-16.0,51.0,-3.0,7.0,135.0,-998.0
2175,2.0,39.0,-263.0,-16.0,51.0,-2.0,2.0,135.0,-1003.0
2176,3.0,38.0,-263.0,-17.0,49.0,-2.0,2.0,136.0,-1004.0
2177,0.0,40.0,-263.0,-17.0,49.0,-2.0,3.0,135.0,-999.0
2178,2.0,38.0,-259.0,-15.0,49.0,-2.0,6.0,133.0,-998.0
2179,2.0,40.0,-263.0,-16.0,48.0,-1.0,-1.0,136.0,-1005.0
2180,3.0,41.0,-261.0,-16.0,47.0,-3.0,4.0,135.0,-999.0
2181,2.0,40.0,-262.0,-16.0,48.0,-1.0,6.0,139.0,-1000.0
2182,4.0,39.0,-262.0,-16.0,48.0,-2.0,4.0,137.0,-1000.0
2183,2.0,38.0,-262.0,-16.0,48.0,-2.0,5.0,136.0,-999.0
2184,1.0,37.0,-263.0,-16.0,48.0,-2.0,4.0,135.0,-999.0
2185,5.0,38.0,-258.0,-15.0,49.0,-1.0,4.0,137.0,-1002.0
2186,2.0,38.0,-265.0,-15.0,49.0,-2.0,1.0,133.0,-1003.0
2187,0.0,42.0,-259.0,-15.0,47.0,-2.0,5.0,132.0,-995.0
2188,1.0,40.0,-263.0,-15.0,47.0,-3.0,0.0,134.0,-1002.0
2189,0.0,44.0,-261.0,-14.0,48.0,-3.0,5.0,138.0,-1006.0
2190,4.0,38.0,-262.0,-15.0,48.0,-3.0,0.0,133.0,-1002.0
2191,5.0,39.0,-260.0,-15.0,49.0,-1.0,4.0,137.0,-1004.0
2192,3.0,36.0,-262.0,-13.0,50.0,-3.0,1.0,135.0,-1003.0
2193,1.0,37.0,-260.0,-14.0,50.0,-2.0,0.0,134.0,-1000.0
2194,1.0,39.0,-262.0,-14.0,50.0,-2.0,0.0,134.0,-1005.0
2195,1.0,39.0,-261.0,-14.0,48.0,0.0,4.0,138.0,-1000.0
2196,4.0,37.0,-261.0,-14.0,50.0,-4.0,-1.0,137.0,-1002.0
2197,4.0,38.0,-261.0,-14.0,53.0,-1.0,5.0,137.0,-1000.0
2198,2.0,41.0,-262.0,-14.0,51.0,-3.0,0.0,132.0,-1004.0
2199,2.0,39.0,-265.0,-14.0,52.0,-2.0,4.0,135.0,-1000.0
2200,0.0,42.0,-261.0,-13.0,51.0,-3.0,0.0,140.0,-1001.0
2201,-2.0,41.0,-265.0,-13.0,51.0,-2.0,6.0,131.0,-1003.0
2202,1.0,41.0,-263.0,-14.0,51.0,-3.0,0.0,137.0,-1002.0
2203,1.0,40.0,-260.0,-12.0,53.0,-2.0,1.0,135.0,-1003.0
2204,3.0,37.0,-262.0,-13.0,52.0,-2.0,0.0,136.0,-999.0
2205,2.0,39.0,-265.0,-11.0,53.0,-1.0,5.0,134.0,-1000.0
2206,1.0,39.0,-260.0,-12.0,54.0,-2.0,-1.0,138.0,-1000.0
2207,1.0,39.0,-261.0,-11.0,56.0,0.0,1.0,137.0,-1000.0
2208,2.0,41.0,-261.0,-11.0,54.0,-4.0,0.0,133.0,-1003.0
2209,4.0,38.0,-262.0,-11.0,53.0,-1.0,3.0,138.0,-1002.0
2210,4.0,38.0,-266.0,-9.0,55.0,-4.0,-2.0,136.0,-1003.0
2211,4.0,36.0,-261.0,-9.0,56.0,-1.0,-1.0,134.0,-1000.0
2212,0.0,39.0,-265.0,-11.0,56.0,-4.0,-1.0,135.0,-1006.0
2213,2.0,40.0,-262.0,-10.0,57.0,-1.0,-1.0,134.0,-1000.0
2214,2.0,38.0,-262.0,-9.0,57.0,-4.0,-1.0,131.0,-999.0
2215,4.0,37.0,-264.0,-9.0,58.0,-2.0,1.0,136.0,-1000.0
2216,4.0,39.0,-263.0,-10.0,58.0,-3.0,2.0,133.0,-1001.0
2217,4.0,39.0,-264.0,-11.0,59.0,-2.0,2.0,134.0,-1003.0
2218,1.0,38.0,-261.0,-11.0,58.0,-3.0,1.0,134.0,-999.0
2219,3.0,40.0,-264.0,-9.0,58.0,-1.0,3.0,138.0,-1003.0
2220,2.0,39.0,-268.0,-10.0,58.0,-4.0,1.0,129.0,-1001.0
2221,3.0,37.0,-265.0,-11.0,59.0,-1.0,3.0,135.0,-1001.0
2222,-1.0,39.0,-264.0,-9.0,58.0,-4.0,3.0,135.0,-999.0
2223,1.0,37.0,-262.0,-10.0,59.0,-2.0,4.0,136.0,-999.0
2224,2.0,40.0,-262.0,-11.0,59.0,-4.0,5.0,135.0,-1001.0
2225,0.0,39.0,-262.0,-11.0,59.0,-1.0,2.0,133.0,-1000.0
2226,3.0,37.0,-263.0,-10.0,57.0,-4.0,3.0,133.0,-999.0
2227,3.0,38.0,-264.0,-10.0,59.0,-2.0,0.0,137.0,-1006.0
2228,4.0,38.0,-264.0,-10.0,60.0,-3.0,0.0,135.0,-1004.0
2229,0.0,39.0,-263.0,-9.0,60.0,-1.0,-2.0,137.0,-1004.0
2230,2.0,37.0,-265.0,-11.0,59.0,-4.0,-1.0,133.0,-1000.0
2231,4.0,37.0,-262.0,-12.0,58.0,-1.0,3.0,137.0,-1000.0
2232,4.0,38.0,-263.0,-10.0,59.0,-3.0,4.0,137.0,-999.0
2233,2.0,39.0,-266.0,-10.0,60.0,-2.0,0.0,134.0,-999.0
2234,1.0,39.0,-267.0,-9.0,60.0,-3.0,-2.0,135.0,-1002.0
2235,1.0,40.0,-263.0,-9.0,60.0,-1.0,-4.0,134.0,-1002.0
2236,2.0,38.0,-261.0,-9.0,60.0,-3.0,-3.0,138.0,-999.0
2237,2.0,39.0,-263.0,-9.0,59.0,-1.0,0.0,137.0,-998.0
2238,3.0,37.0,-265.0,-10.0,60.0,-3.0,2.0,141.0,-1002.0
2239,3.0,39.0,-261.0,-10.0,58.0,0.0,0.0,136.0,-995.0
2240,3.0,37.0,-264.0,-9.0,59.0,-3.0,5.0,129.0,-1001.0
2241,1.0,42.0,-261.0,-9.0,60.0,-1.0,1.0,130.0,-1007.0
2242,2.0,37.0,-261.0,-10.0,59.0,-3.0,7.0,136.0,-1006.0
2243,3.0,38.0,-261.0,-8.0,58.0,0.0,4.0,131.0,-995.0
2244,2.0,38.0,-265.0,-9.0,59.0,-3.0,6.0,135.0,-998.0
2245,3.0,40.0,-264.0,-9.0,59.0,-3.0,5.0,136.0,-1000.0
2246,3.0,40.0,-263.0,-9.0,60.0,-3.0,7.0,136.0,-1000.0
2247,1.0,41.0,-261.0,-9.0,60.0,-1.0,5.0,135.0,-1001.0
2248,2.0,40.0,-262.0,-8.0,59.0,-3.0,0.0,135.0,-999.0
2249,3.0,39.0,-264.0,-8.0,58.0,-1.0,5.0,138.0,-1000.0
2250,3.0,38.0,-263.0,-8.0,58.0,-3.0,3.0,135.0,-1003.0
2251,4.0,40.0,-261.0,-8.0,57.0,-1.0,4.0,136.0,-997.0
2252,3.0,38.0,-262.0,-9.0,58.0,-3.0,2.0,134.0,-1001.0
2253,4.0,36.0,-265.0,-9.0,57.0,-2.0,3.0,137.0,-1003.0
2254,1.0,37.0,-263.0,-8.0,57.0,-3.0,1.0,136.0,-1000.0
2255,2.0,38.0,-266.0,-8.0,58.0,-1.0,4.0,133.0,-998.0
2256,1.0,37.0,-263.0,-8.0,58.0,-2.0,-1.0,139.0,-999.0
2257,1.0,40.0,-263.0,-8.0,56.0,-1.0,2.0,139.0,-1002.0
2258,3.0,38.0,-262.0,-8.0,57.0,-2.0,-1.0,139.0,-1001.0
2259,3.0,39.0,-264.0,-9.0,57.0,-2.0,0.0,138.0,-1003.0
2260,1.0,42.0,-262.0,-9.0,56.0,-2.0,4.0,136.0,-1005.0
2261,3.0,42.0,-266.0,-9.0,57.0,-2.0,0.0,135.0,-1004.0
2262,2.0,37.0,-264.0,-8.0,57.0,-2.0,4.0,137.0,-1000.0
2263,1.0,39.0,-269.0,-7.0,58.0,-2.0,3.0,134.0,-1006.0
2264,2.0,39.0,-262.0,-9.0,57.0,-2.0,1.0,136.0,-1001.0
2265,2.0,40.0,-265.0,-9.0,57.0,-2.0,1.0,134.0,-997.0
2266,2.0,40.0,-261.0,-9.0,57.0,-3.0,5.0,130.0,-1006.0
2267,5.0,36.0,-262.0,-8.0,57.0,-2.0,1.0,130.0,-1003.0
2268,2.0,40.0,-263.0,-9.0,57.0,-2.0,0.0,138.0,-1000.0
2269,4.0,38.0,-264.0,-10.0,58.0,-2.0,-2.0,131.0,-1001.0
2270,3.0,39.0,-266.0,-10.0,58.0,-3.0,1.0,138.0,-1001.0
2271,3.0,39.0,-265.0,-9.0,58.0,-2.0,0.0,131.0,-1001.0
2272,1.0,39.0,-265.0,-10.0,58.0,-3.0,-1.0,137.0,-1002.0
2273,3.0,39.0,-263.0,-10.0,56.0,-2.0,1.0,134.0,-1002.0
2274,1.0,36.0,-266.0,-10.0,55.0,-2.0,2.0,135.0,-1003.0
2275,2.0,39.0,-262.0,-9.0,56.0,-3.0,4.0,135.0,-1003.0
2276,2.0,37.0,-262.0,-8.0,58.0,-2.0,1.0,133.0,-1010.0
2277,3.0,39.0,-260.0,-8.0,58.0,-2.0,3.0,128.0,-998.0
2278,2.0,39.0,-265.0,-8.0,58.0,-1.0,0.0,136.0,-1002.0
2279,2.0,37.0,-263.0,-9.0,57.0,-2.0,0.0,129.0,-1000.0
2280,1.0,37.0,-260.0,-10.0,57.0,-3.0,0.0,135.0,-996.0
2281,2.0,38.0,-261.0,-11.0,57.0,-3.0,4.0,136.0,-998.0
2282,3.0,39.0,-262.0,-10.0,57.0,-2.0,0.0,131.0,-995.0
2283,2.0,39.0,-263.0,-11.0,56.0,-3.0,2.0,136.0,-999.0
2284,3.0,36.0,-259.0,-10.0,56.0,-1.0,1.0,134.0,-999.0
2285,2.0,40.0,-263.0,-10.0,57.0,-2.0,4.0,129.0,-1002.0
2286,4.0,38.0,-263.0,-9.0,56.0,-3.0,3.0,135.0,-1004.0
2287,3.0,41.0,-267.0,-9.0,54.0,-2.0,0.0,132.0,-1003.0
2288,3.0,38.0,-263.0,-9.0,56.0,-2.0,-2.0,130.0,-1000.0
2289,4.0,38.0,-260.0,-8.0,57.0,-3.0,4.0,133.0,-1007.0
2290,1.0,40.0,-265.0,-8.0,57.0,-1.0,1.0,137.0,-1001.0
2291,6.0,39.0,-265.0,-9.0,58.0,-3.0,3.0,133.0,-1005.0
2292,3.0,38.0,-264.0,-9.0,58.0,-2.0,1.0,130.0,-1000.0
2293,5.0,37.0,-261.0,-9.0,58.0,-4.0,1.0,137.0,-1008.0
2294,4.0,40.0,-264.0,-9.0,59.0,-3.0,-1.0,132.0,-1005.0
2295,5.0,38.0,-262.0,-10.0,58.0,-3.0,1.0,137.0,-1002.0
2296,5.0,35.0,-262.0,-10.0,58.0,-2.0,2.0,130.0,-999.0
2297,2.0,39.0,-264.0,-10.0,57.0,-3.0,1.0,136.0,-999.0
2298,0.0,39.0,-264.0,-9.0,56.0,-2.0,4.0,136.0,-1003.0
2299,2.0,38.0,-261.0,-10.0,56.0,-4.0,6.0,134.0,-1000.0
2300,5.0,37.0,-265.0,-10.0,56.0,-2.0,0.0,134.0,-1003.0
2301,4.0,39.0,-261.0,-9.0,55.0,-3.0,-1.0,127.0,-1003.0
2302,0.0,42.0,-259.0,-8.0,52.0,-2.0,-4.0,145.0,-1000.0
2303,0.0,41.0,-261.0,-8.0,48.0,-4.0,-3.0,134.0,-992.0
2304,3.0,38.0,-262.0,-9.0,55.0,-1.0,-3.0,133.0,-998.0
2305,2.0,37.0,-262.0,-8.0,58.0,-3.0,1.0,134.0,-1004.0
2306,4.0,40.0,-261.0,-8.0,58.0,-2.0,-4.0,134.0,-999.0
2307,3.0,39.0,-265.0,-9.0,59.0,-3.0,2.0,134.0,-1002.0
2308,2.0,38.0,-263.0,-10.0,60.0,-2.0,0.0,138.0,-1003.0
2309,2.0,38.0,-262.0,-8.0,59.0,-4.0,-1.0,136.0,-1000.0
2310,3.0,37.0,-263.0,-9.0,59.0,-2.0,-1.0,134.0,-1002.0
2311,3.0,38.0,-261.0,-8.0,58.0,-4.0,-1.0,137.0,-1001.0
2312,2.0,37.0,-262.0,-8.0,59.0,-1.0,-4.0,131.0,-998.0
2313,1.0,38.0,-263.0,-7.0,60.0,-4.0,4.0,133.0,-999.0
2314,2.0,41.0,-263.0,-8.0,59.0,0.0,2.0,135.0,-1002.0
2315,1.0,38.0,-264.0,-10.0,59.0,-2.0,5.0,132.0,-994.0
2316,2.0,36.0,-266.0,-9.0,58.0,0.0,2.0,135.0,-999.0
2317,5.0,39.0,-265.0,-8.0,58.0,-3.0,3.0,133.0,-999.0
2318,1.0,40.0,-259.0,-10.0,59.0,-2.0,1.0,135.0,-999.0
2319,5.0,34.0,-246.0,-9.0,58.0,-5.0,-1.0,134.0,-1007.0
2320,1.0,40.0,-266.0,-8.0,60.0,-1.0,2.0,133.0,-1004.0
2321,2.0,41.0,-265.0,-8.0,61.0,-4.0,1.0,134.0,-999.0
2322,5.0,40.0,-262.0,-7.0,63.0,0.0,3.0,137.0,-999.0
2323,4.0,36.0,-264.0,-8.0,60.0,-2.0,0.0,131.0,-999.0
2324,2.0,39.0,-266.0,-10.0,59.0,0.0,2.0,137.0,-999.0
2325,4.0,35.0,-261.0,-10.0,59.0,-3.0,5.0,135.0,-999.0
2326,3.0,38.0,-262.0,-8.0,59.0,-1.0,0.0,132.0,-1002.0
2327,4.0,37.0,-264.0,-9.0,58.0,-2.0,0.0,133.0,-1001.0
2328,1.0,37.0,-263.0,-9.0,57.0,0.0,-1.0,134.0,-996.0
2329,1.0,38.0,-261.0,-10.0,59.0,-3.0,-1.0,135.0,-998.0
2330,2.0,39.0,-263.0,-9.0,59.0,0.0,1.0,130.0,-1005.0
2331,3.0,37.0,-265.0,-9.0,60.0,-2.0,0.0,130.0,-1002.0
2332,4.0,37.0,-263.0,-9.0,57.0,-1.0,1.0,133.0,-1005.0
2333,2.0,37.0,-263.0,-8.0,57.0,-3.0,2.0,134.0,-999.0
2334,3.0,37.0,-265.0,-9.0,57.0,0.0,1.0,129.0,-1006.0
2335,2.0,38.0,-265.0,-9.0,58.0,-3.0,0.0,134.0,-1007.0
2336,3.0,39.0,-261.0,-9.0,59.0,-1.0,2.0,130.0,-1002.0
2337,2.0,38.0,-263.0,-11.0,58.0,-4.0,-2.0,131.0,-1008.0
2338,9.0,38.0,-264.0,-10.0,58.0,0.0,2.0,131.0,-998.0
2339,2.0,39.0,-263.0,-12.0,58.0,-3.0,4.0,132.0,-1001.0
2340,3.0,39.0,-262.0,-10.0,58.0,-1.0,3.0,131.0,-997.0
2341,3.0,41.0,-263.0,-12.0,57.0,-3.0,-1.0,136.0,-1001.0
2342,3.0,40.0,-261.0,-12.0,57.0,0.0,-2.0,129.0,-1001.0
2343,2.0,38.0,-264.0,-13.0,57.0,-3.0,4.0,130.0,-1000.0
2344,0.0,39.0,-262.0,-12.0,56.0,0.0,-2.0,134.0,-1000.0
2345,0.0,40.0,-264.0,-11.0,56.0,-3.0,0.0,136.0,-1000.0
2346,3.0,36.0,-263.0,-11.0,57.0,-1.0,6.0,135.0,-998.0
2347,2.0,39.0,-265.0,-10.0,55.0,-3.0,3.0,133.0,-1001.0
2348,3.0,38.0,-261.0,-11.0,55.0,-2.0,3.0,133.0,-1000.0
2349,1.0,37.0,-262.0,-11.0,58.0,-3.0,-2.0,132.0,-1003.0
2350,5.0,40.0,-261.0,-13.0,57.0,-1.0,0.0,130.0,-1002.0
2351,1.0,39.0,-263.0,-12.0,56.0,-2.0,-1.0,130.0,-1001.0
2352,1.0,39.0,-266.0,-10.0,57.0,-1.0,6.0,129.0,-1003.0
2353,-1.0,39.0,-258.0,-11.0,57.0,-2.0,-5.0,135.0,-998.0
2354,1.0,37.0,-264.0,-10.0,57.0,-1.0,-1.0,132.0,-998.0
2355,2.0,40.0,-264.0,-9.0,56.0,-3.0,1.0,134.0,-1000.0
2356,2.0,38.0,-265.0,-9.0,57.0,-2.0,1.0,135.0,-1001.0
2357,4.0,37.0,-262.0,-9.0,59.0,-3.0,0.0,137.0,-998.0
2358,4.0,37.0,-263.0,-10.0,58.0,-2.0,4.0,132.0,-1002.0
2359,1.0,42.0,-264.0,-10.0,58.0,-3.0,-1.0,131.0,-1003.0
2360,0.0,46.0,-264.0,-9.0,58.0,-3.0,3.0,134.0,-998.0
2361,7.0,37.0,-262.0,-9.0,57.0,-3.0,0.0,133.0,-1002.0
2362,1.0,36.0,-263.0,-9.0,57.0,-1.0,5.0,137.0,-1003.0
2363,4.0,37.0,-263.0,-10.0,57.0,-1.0,3.0,134.0,-1001.0
2364,2.0,37.0,-263.0,-10.0,59.0,0.0,0.0,132.0,-1002.0
2365,3.0,39.0,-266.0,-9.0,57.0,-1.0,1.0,135.0,-1002.0
2366,4.0,34.0,-264.0,-10.0,57.0,-2.0,-1.0,133.0,-999.0
2367,3.0,38.0,-263.0,-11.0,58.0,-3.0,-4.0,132.0,-1000.0
2368,5.0,34.0,-259.0,-10.0,55.0,0.0,0.0,136.0,-1000.0
2369,2.0,40.0,-264.0,-10.0,53.0,0.0,3.0,137.0,-998.0
2370,2.0,39.0,-260.0,-11.0,52.0,-3.0,2.0,136.0,-1005.0
2371,0.0,40.0,-260.0,-9.0,53.0,-4.0,3.0,137.0,-999.0
2372,1.0,39.0,-262.0,-7.0,54.0,-2.0,-1.0,135.0,-1008.0
2373,3.0,38.0,-264.0,-9.0,56.0,-2.0,4.0,130.0,-999.0
2374,1.0,40.0,-264.0,-10.0,56.0,-2.0,4.0,131.0,-1004.0
2375,3.0,41.0,-262.0,-11.0,55.0,-3.0,-1.0,132.0,-1006.0
2376,4.0,34.0,-263.0,-10.0,56.0,-3.0,-1.0,131.0,-1001.0
2377,2.0,38.0,-261.0,-11.0,57.0,-2.0,2.0,130.0,-1004.0
2378,2.0,37.0,-263.0,-11.0,56.0,-2.0,0.0,132.0,-1010.0
2379,2.0,38.0,-263.0,-10.0,59.0,-2.0,1.0,132.0,-1005.0
2380,2.0,38.0,-260.0,-9.0,59.0,-2.0,1.0,129.0,-1000.0
2381,2.0,39.0,-261.0,-9.0,59.0,-2.0,-1.0,129.0,-1000.0
2382,2.0,37.0,-261.0,-10.0,57.0,-4.0,5.0,133.0,-992.0
2383,1.0,39.0,-261.0,-9.0,56.0,-2.0,2.0,131.0,-998.0
2384,3.0,36.0,-263.0,-10.0,55.0,-2.0,2.0,130.0,-997.0
2385,1.0,40.0,-265.0,-10.0,54.0,-1.0,-2.0,130.0,-999.0
2386,2.0,37.0,-263.0,-10.0,53.0,-2.0,4.0,134.0,-1000.0
2387,2.0,37.0,-259.0,-12.0,51.0,-3.0,-2.0,133.0,-1002.0
2388,4.0,38.0,-261.0,-11.0,54.0,-3.0,0.0,131.0,-1003.0
2389,2.0,35.0,-264.0,-10.0,52.0,-2.0,3.0,131.0,-1004.0
2390,2.0,37.0,-262.0,-11.0,52.0,-2.0,0.0,133.0,-1002.0
2391,4.0,37.0,-257.0,-13.0,53.0,-1.0,3.0,132.0,-1011.0
2392,4.0,36.0,-264.0,-12.0,53.0,-3.0,1.0,132.0,-1003.0
2393,1.0,36.0,-263.0,-11.0,54.0,-2.0,1.0,129.0,-1003.0
2394,2.0,39.0,-263.0,-12.0,54.0,-3.0,0.0,134.0,-998.0
2395,2.0,40.0,-263.0,-12.0,53.0,-2.0,0.0,132.0,-1001.0
2396,2.0,38.0,-264.0,-12.0,52.0,-3.0,-3.0,130.0,-1001.0
2397,1.0,38.0,-263.0,-13.0,53.0,-3.0,0.0,134.0,-998.0
2398,2.0,37.0,-267.0,-13.0,52.0,-4.0,-1.0,131.0,-1001.0
2399,2.0,40.0,-260.0,-12.0,48.0,-2.0,3.0,136.0,-998.0
2400,36.0,40.0,-255.0,-8.0,47.0,-8.0,103.0,144.0,-1007.0
2401,-6.0,35.0,-273.0,1.0,-20.0,-16.0,-41.0,120.0,-1042.0
2402,-3.0,39.0,-252.0,-7.0,1.0,-8.0,-33.0,134.0,-965.0
2403,1.0,36.0,-262.0,-6.0,27.0,-2.0,-16.0,134.0,-989.0
2404,1.0,39.0,-266.0,-7.0,40.0,-4.0,-13.0,133.0,-1009.0
2405,-3.0,39.0,-261.0,-9.0,44.0,-3.0,-7.0,133.0,-1012.0
2406,3.0,38.0,-260.0,-10.0,47.0,-3.0,-1.0,130.0,-1000.0
2407,-1.0,38.0,-266.0,-12.0,51.0,-3.0,2.0,134.0,-1006.0
2408,2.0,40.0,-263.0,-12.0,53.0,-3.0,-2.0,133.0,-1006.0
2409,0.0,39.0,-264.0,-11.0,55.0,-1.0,-7.0,137.0,-1000.0
2410,2.0,37.0,-263.0,-11.0,56.0,-3.0,-2.0,129.0,-1006.0
2411,2.0,36.0,-263.0,-9.0,55.0,0.0,-1.0,130.0,-1003.0
2412,2.0,37.0,-265.0,-9.0,55.0,-3.0,-1.0,133.0,-1002.0
2413,5.0,39.0,-259.0,-8.0,55.0,-1.0,-3.0,136.0,-1005.0
2414,-1.0,38.0,-265.0,-8.0,55.0,-3.0,-2.0,136.0,-999.0
2415,2.0,38.0,-263.0,-10.0,56.0,-1.0,-3.0,130.0,-1005.0
2416,3.0,36.0,-262.0,-9.0,55.0,-3.0,-4.0,132.0,-995.0
2417,1.0,37.0,-261.0,-8.0,56.0,0.0,-4.0,132.0,-1014.0
2418,0.0,40.0,-265.0,-9.0,56.0,-3.0,-2.0,132.0,-1002.0
2419,2.0,35.0,-264.0,-8.0,57.0,0.0,-1.0,132.0,-1005.0
2420,3.0,37.0,-263.0,-8.0,57.0,-2.0,-2.0,128.0,-1001.0
2421,1.0,39.0,-262.0,-8.0,58.0,0.0,0.0,129.0,-1002.0
2422,2.0,37.0,-264.0,-8.0,57.0,-2.0,-4.0,132.0,-1003.0
2423,2.0,38.0,-266.0,-9.0,59.0,1.0,-4.0,132.0,-1003.0
2424,2.0,38.0,-264.0,-9.0,59.0,-3.0,-2.0,129.0,-1000.0
2425,1.0,37.0,-261.0,-10.0,60.0,0.0,-10.0,131.0,-1002.0
2426,3.0,37.0,-265.0,-9.0,62.0,-2.0,0.0,128.0,-999.0
2427,1.0,40.0,-257.0,-10.0,61.0,0.0,-3.0,136.0,-1003.0
2428,-1.0,37.0,-260.0,-9.0,61.0,-3.0,-3.0,126.0,-1004.0
2429,2.0,37.0,-261.0,-10.0,62.0,0.0,-1.0,129.0,-1000.0
2430,2.0,38.0,-262.0,-10.0,62.0,-3.0,-4.0,130.0,-1001.0
2431,3.0,36.0,-258.0,-9.0,63.0,-1.0,-1.0,131.0,-999.0
2432,0.0,37.0,-264.0,-9.0,63.0,-3.0,-1.0,131.0,-1001.0
2433,3.0,38.0,-260.0,-8.0,62.0,-1.0,-1.0,131.0,-1004.0
2434,1.0,38.0,-262.0,-10.0,61.0,-5.0,0.0,133.0,-998.0
2435,-2.0,42.0,-257.0,-10.0,61.0,-2.0,-3.0,132.0,-998.0
2436,-1.0,38.0,-260.0,-11.0,60.0,-3.0,-3.0,127.0,-999.0
2437,-3.0,36.0,-264.0,-13.0,60.0,-1.0,-5.0,128.0,-997.0
2438,1.0,38.0,-263.0,-14.0,58.0,-4.0,-2.0,130.0,-999.0
2439,0.0,37.0,-264.0,-12.0,60.0,-1.0,-3.0,129.0,-1001.0
2440,5.0,37.0,-262.0,-11.0,59.0,-4.0,2.0,121.0,-998.0
2441,2.0,37.0,-262.0,-11.0,59.0,-2.0,-1.0,127.0,-1003.0
2442,1.0,36.0,-266.0,-10.0,60.0,-4.0,0.0,133.0,-1004.0
2443,2.0,40.0,-261.0,-12.0,60.0,-2.0,-2.0,131.0,-1002.0
2444,0.0,40.0,-264.0,-12.0,60.0,-3.0,-3.0,130.0,-1001.0
2445,3.0,38.0,-263.0,-13.0,59.0,-2.0,2.0,133.0,-1005.0
2446,1.0,40.0,-263.0,-14.0,57.0,-4.0,-1.0,134.0,-1000.0
2447,3.0,36.0,-269.0,-15.0,58.0,-1.0,-2.0,128.0,-1001.0
2448,2.0,37.0,-263.0,-15.0,58.0,-4.0,-1.0,131.0,-1005.0
2449,3.0,40.0,-263.0,-14.0,58.0,-1.0,-2.0,131.0,-1005.0
2450,4.0,37.0,-265.0,-14.0,58.0,-3.0,-4.0,131.0,-1009.0
2451,2.0,37.0,-260.0,-14.0,60.0,0.0,1.0,131.0,-1009.0
2452,1.0,37.0,-264.0,-14.0,58.0,-3.0,-1.0,133.0,-1006.0
2453,0.0,39.0,-264.0,-14.0,59.0,0.0,-1.0,134.0,-1004.0
2454,2.0,38.0,-263.0,-15.0,59.0,-4.0,2.0,132.0,-997.0
2455,2.0,40.0,-265.0,-15.0,60.0,-1.0,-2.0,130.0,-1008.0
2456,5.0,37.0,-268.0,-15.0,61.0,-3.0,1.0,132.0,-1006.0
2457,1.0,38.0,-265.0,-13.0,61.0,-2.0,-2.0,132.0,-1007.0
2458,1.0,39.0,-265.0,-16.0,62.0,-3.0,0.0,133.0,-1002.0
2459,4.0,38.0,-262.0,-16.0,61.0,-1.0,0.0,132.0,-1003.0
2460,3.0,41.0,-264.0,-14.0,61.0,-3.0,0.0,133.0,-1001.0
2461,0.0,41.0,-260.0,-16.0,60.0,-2.0,1.0,133.0,-1004.0
2462,1.0,36.0,-263.0,-15.0,60.0,-3.0,0.0,133.0,-1001.0
2463,3.0,38.0,-262.0,-15.0,60.0,-1.0,-4.0,134.0,-1000.0
2464,1.0,39.0,-266.0,-15.0,61.0,-3.0,-1.0,131.0,-997.0
2465,-1.0,37.0,-263.0,-15.0,60.0,-1.0,-3.0,134.0,-996.0
2466,2.0,38.0,-262.0,-14.0,58.0,-3.0,-2.0,131.0,-1001.0
2467,0.0,40.0,-263.0,-15.0,58.0,-1.0,-4.0,134.0,-995.0
2468,0.0,39.0,-264.0,-14.0,58.0,-3.0,-1.0,134.0,-997.0
2469,2.0,38.0,-265.0,-14.0,56.0,-1.0,1.0,133.0,-1005.0
2470,3.0,38.0,-262.0,-15.0,56.0,-2.0,-1.0,131.0,-1001.0
2471,3.0,40.0,-265.0,-14.0,55.0,-1.0,0.0,133.0,-1000.0
2472,2.0,38.0,-259.0,-15.0,55.0,-1.0,1.0,136.0,-1001.0
2473,2.0,38.0,-262.0,-14.0,53.0,-1.0,-2.0,130.0,-999.0
2474,0.0,38.0,-262.0,-15.0,54.0,-2.0,-5.0,133.0,-1005.0
2475,3.0,38.0,-264.0,-14.0,54.0,-1.0,0.0,135.0,-999.0
2476,3.0,39.0,-266.0,-13.0,56.0,-3.0,-1.0,136.0,-1000.0
2477,4.0,37.0,-265.0,-15.0,55.0,-1.0,-5.0,132.0,-999.0
2478,1.0,39.0,-264.0,-13.0,56.0,-1.0,-2.0,130.0,-1003.0
2479,0.0,38.0,-269.0,-13.0,55.0,-1.0,0.0,134.0,-999.0
2480,1.0,38.0,-264.0,-12.0,55.0,-2.0,-2.0,131.0,-1003.0
2481,1.0,36.0,-263.0,-14.0,54.0,-1.0,0.0,135.0,-1000.0
2482,1.0,37.0,-263.0,-13.0,53.0,-1.0,-3.0,127.0,-1004.0
2483,2.0,37.0,-263.0,-14.0,53.0,-2.0,-2.0,131.0,-1003.0
2484,3.0,38.0,-264.0,-13.0,51.0,-2.0,1.0,134.0,-1001.0
2485,0.0,40.0,-262.0,-12.0,52.0,-2.0,-4.0,134.0,-1002.0
2486,3.0,40.0,-265.0,-13.0,53.0,-2.0,1.0,132.0,-1004.0
2487,4.0,38.0,-266.0,-14.0,52.0,-2.0,-3.0,132.0,-1000.0
2488,2.0,38.0,-262.0,-13.0,55.0,0.0,-5.0,136.0,-1000.0
2489,1.0,37.0,-261.0,-14.0,56.0,-1.0,2.0,131.0,-1001.0
2490,3.0,37.0,-261.0,-13.0,55.0,-1.0,1.0,125.0,-999.0
2491,3.0,36.0,-260.0,-14.0,57.0,-2.0,-4.0,131.0,-1001.0
2492,2.0,37.0,-261.0,-14.0,56.0,-1.0,-2.0,134.0,-999.0
2493,4.0,39.0,-262.0,-15.0,56.0,-1.0,-6.0,130.0,-1003.0
2494,0.0,37.0,-264.0,-15.0,55.0,0.0,0.0,133.0,-999.0
2495,3.0,38.0,-263.0,-16.0,55.0,-1.0,0.0,133.0,-1000.0
2496,1.0,36.0,-263.0,-17.0,54.0,-1.0,-7.0,131.0,-1001.0
2497,0.0,39.0,-261.0,-17.0,53.0,-2.0,-3.0,132.0,-1005.0
2498,1.0,37.0,-261.0,-16.0,55.0,0.0,-2.0,132.0,-1002.0
2499,1.0,38.0,-262.0,-17.0,57.0,-2.0,-9.0,130.0,-1002.0
2500,0.0,39.0,-265.0,-17.0,58.0,0.0,-2.0,130.0,-1005.0
2501,2.0,38.0,-263.0,-16.0,59.0,-2.0,0.0,129.0,-1001.0
2502,2.0,37.0,-261.0,-16.0,57.0,-2.0,-5.0,129.0,-1000.0
2503,1.0,40.0,-262.0,-17.0,57.0,-2.0,-2.0,132.0,-1004.0
2504,2.0,38.0,-263.0,-18.0,57.0,-2.0,1.0,136.0,-1001.0
2505,3.0,39.0,-266.0,-20.0,57.0,-3.0,-2.0,134.0,-1002.0
2506,0.0,38.0,-263.0,-18.0,56.0,-1.0,-1.0,136.0,-1003.0
2507,0.0,35.0,-265.0,-19.0,55.0,-1.0,0.0,134.0,-1001.0
2508,1.0,38.0,-263.0,-18.0,57.0,0.0,0.0,130.0,-1003.0
2509,2.0,37.0,-266.0,-17.0,57.0,-3.0,-2.0,134.0,-1003.0
2510,2.0,37.0,-264.0,-19.0,56.0,0.0,-1.0,127.0,-1002.0
2511,3.0,37.0,-263.0,-19.0,56.0,-2.0,-2.0,127.0,-1006.0
2512,-1.0,36.0,-262.0,-19.0,58.0,-2.0,-1.0,132.0,-1000.0
2513,1.0,40.0,-266.0,-19.0,57.0,-4.0,-5.0,131.0,-1005.0
2514,4.0,37.0,-264.0,-20.0,57.0,-2.0,-4.0,130.0,-1000.0
2515,2.0,39.0,-263.0,-18.0,56.0,-3.0,-3.0,132.0,-1005.0
2516,0.0,37.0,-261.0,-20.0,55.0,-1.0,-3.0,137.0,-1001.0
2517,1.0,39.0,-260.0,-19.0,56.0,-2.0,-4.0,131.0,-998.0
2518,1.0,41.0,-264.0,-19.0,55.0,0.0,-4.0,130.0,-999.0
2519,0.0,43.0,-265.0,-18.0,56.0,-3.0,-1.0,136.0,-998.0
2520,1.0,39.0,-265.0,-18.0,55.0,-1.0,-4.0,137.0,-1002.0
2521,0.0,38.0,-259.0,-18.0,55.0,-3.0,0.0,133.0,-1001.0
2522,0.0,39.0,-263.0,-17.0,56.0,-1.0,-1.0,136.0,-1001.0
2523,2.0,39.0,-262.0,-18.0,55.0,-4.0,0.0,133.0,-1005.0
2524,2.0,37.0,-262.0,-19.0,56.0,0.0,-1.0,133.0,-1003.0
2525,1.0,40.0,-265.0,-18.0,55.0,-3.0,-1.0,135.0,-1003.0
2526,0.0,40.0,-265.0,-17.0,55.0,0.0,-5.0,130.0,-1002.0
2527,4.0,39.0,-262.0,-19.0,55.0,-3.0,-1.0,138.0,-1004.0
2528,-1.0,39.0,-262.0,-17.0,56.0,0.0,-2.0,135.0,-999.0
2529,4.0,38.0,-262.0,-17.0,54.0,-4.0,1.0,131.0,-1002.0
2530,0.0,39.0,-260.0,-19.0,54.0,0.0,1.0,136.0,-1003.0
2531,1.0,38.0,-264.0,-17.0,53.0,-3.0,0.0,131.0,-1004.0
2532,1.0,39.0,-266.0,-18.0,52.0,-1.0,-4.0,134.0,-1002.0
2533,2.0,37.0,-263.0,-18.0,52.0,-2.0,-2.0,130.0,-1000.0
2534,3.0,40.0,-262.0,-16.0,53.0,0.0,-3.0,132.0,-1002.0
2535,2.0,39.0,-262.0,-16.0,53.0,-3.0,-4.0,134.0,-1002.0
2536,1.0,39.0,-265.0,-17.0,52.0,-2.0,-1.0,129.0,-1001.0
2537,0.0,37.0,-265.0,-16.0,54.0,-2.0,-3.0,136.0,-1006.0
2538,3.0,38.0,-260.0,-16.0,56.0,0.0,-3.0,135.0,-1001.0
2539,1.0,39.0,-266.0,-15.0,55.0,-3.0,-6.0,136.0,-1003.0
2540,0.0,41.0,-265.0,-15.0,52.0,0.0,-2.0,133.0,-1001.0
2541,2.0,40.0,-262.0,-15.0,53.0,-2.0,-5.0,131.0,-998.0
2542,4.0,35.0,-261.0,-15.0,54.0,0.0,-2.0,133.0,-1000.0
2543,1.0,38.0,-263.0,-15.0,54.0,-2.0,-4.0,131.0,-1003.0
2544,3.0,39.0,-265.0,-14.0,54.0,-1.0,-3.0,132.0,-1001.0
2545,1.0,39.0,-262.0,-15.0,53.0,-3.0,-7.0,129.0,-1001.0
2546,1.0,38.0,-266.0,-15.0,52.0,-1.0,-4.0,135.0,-1002.0
2547,3.0,35.0,-266.0,-14.0,53.0,-3.0,0.0,130.0,-1004.0
2548,3.0,37.0,-265.0,-14.0,53.0,-1.0,-3.0,132.0,-1006.0
2549,0.0,42.0,-264.0,-13.0,52.0,-4.0,-3.0,134.0,-1003.0
2550,1.0,39.0,-264.0,-14.0,53.0,-1.0,-3.0,133.0,-998.0
2551,1.0,42.0,-264.0,-16.0,54.0,-3.0,-5.0,130.0,-1006.0
2552,-1.0,38.0,-263.0,-15.0,54.0,-1.0,-8.0,133.0,-1002.0
2553,0.0,38.0,-259.0,-16.0,54.0,-3.0,-4.0,134.0,-1001.0
2554,-1.0,38.0,-260.0,-15.0,55.0,-1.0,-3.0,132.0,-1005.0
2555,2.0,39.0,-265.0,-16.0,55.0,-4.0,-1.0,132.0,-1001.0
2556,1.0,42.0,-263.0,-16.0,54.0,1.0,-7.0,136.0,-993.0
2557,2.0,36.0,-264.0,-15.0,55.0,-2.0,0.0,135.0,-1006.0
2558,2.0,42.0,-259.0,-16.0,56.0,-2.0,-2.0,135.0,-999.0
2559,1.0,39.0,-260.0,-16.0,56.0,-3.0,-2.0,136.0,-1000.0
2560,0.0,39.0,-263.0,-16.0,56.0,-1.0,-5.0,137.0,-1004.0
2561,2.0,35.0,-262.0,-16.0,56.0,-3.0,-3.0,134.0,-1003.0
2562,2.0,38.0,-264.0,-15.0,56.0,0.0,-7.0,131.0,-1003.0
2563,-1.0,40.0,-258.0,-15.0,54.0,-3.0,-5.0,134.0,-1004.0
2564,3.0,37.0,-266.0,-16.0,56.0,-1.0,-2.0,134.0,-1001.0
2565,0.0,38.0,-265.0,-17.0,58.0,-2.0,-7.0,133.0,-999.0
2566,-2.0,38.0,-261.0,-14.0,58.0,-1.0,-6.0,135.0,-1003.0
2567,0.0,38.0,-266.0,-14.0,57.0,-2.0,-4.0,135.0,-998.0
2568,0.0,37.0,-263.0,-13.0,57.0,-1.0,-3.0,132.0,-997.0
2569,0.0,37.0,-266.0,-14.0,56.0,-2.0,-3.0,133.0,-1006.0
2570,2.0,38.0,-264.0,-15.0,54.0,-1.0,-6.0,135.0,-1001.0
2571,2.0,38.0,-264.0,-15.0,55.0,-3.0,-6.0,131.0,-999.0
2572,0.0,38.0,-261.0,-14.0,56.0,-1.0,-1.0,131.0,-998.0
2573,1.0,38.0,-263.0,-14.0,56.0,-2.0,1.0,129.0,-1005.0
2574,1.0,41.0,-266.0,-14.0,55.0,-1.0,-9.0,131.0,-1004.0
2575,2.0,40.0,-259.0,-13.0,56.0,-2.0,-2.0,132.0,-1001.0
2576,0.0,39.0,-265.0,-13.0,55.0,-1.0,-4.0,135.0,-1005.0
2577,0.0,42.0,-265.0,-12.0,56.0,-2.0,-2.0,134.0,-1006.0
2578,3.0,39.0,-264.0,-11.0,57.0,-2.0,-1.0,136.0,-1000.0
2579,2.0,38.0,-259.0,-12.0,56.0,-2.0,-4.0,134.0,-1000.0
2580,0.0,41.0,-263.0,-11.0,56.0,-2.0,-5.0,135.0,-1000.0
2581,1.0,38.0,-263.0,-11.0,57.0,-2.0,-3.0,136.0,-998.0
2582,1.0,40.0,-264.0,-11.0,56.0,-2.0,-3.0,129.0,-1007.0
2583,1.0,40.0,-261.0,-11.0,56.0,-1.0,-5.0,139.0,-1002.0
2584,3.0,37.0,-265.0,-10.0,56.0,-2.0,-4.0,133.0,-1000.0
2585,1.0,39.0,-266.0,-9.0,57.0,-2.0,-8.0,137.0,-1003.0
2586,1.0,38.0,-261.0,-10.0,57.0,-2.0,-10.0,136.0,-1002.0
2587,0.0,37.0,-262.0,-8.0,58.0,-3.0,-1.0,130.0,-999.0
2588,1.0,36.0,-264.0,-7.0,58.0,-2.0,-5.0,133.0,-1004.0
2589,-1.0,38.0,-264.0,-8.0,58.0,-2.0,-7.0,135.0,-998.0
2590,0.0,35.0,-263.0,-7.0,59.0,-1.0,-1.0,130.0,-1001.0
2591,0.0,38.0,-263.0,-7.0,57.0,-1.0,-2.0,131.0,-1000.0
2592,4.0,39.0,-260.0,-9.0,57.0,-1.0,-5.0,131.0,-998.0
2593,0.0,38.0,-260.0,-9.0,57.0,-1.0,-4.0,130.0,-999.0
2594,0.0,38.0,-264.0,-10.0,58.0,-2.0,-1.0,130.0,-995.0
2595,2.0,40.0,-262.0,-11.0,57.0,-1.0,-2.0,130.0,-996.0
2596,0.0,39.0,-263.0,-10.0,58.0,-2.0,-4.0,131.0,-1000.0
2597,0.0,40.0,-264.0,-10.0,58.0,-1.0,-1.0,133.0,-996.0
2598,2.0,39.0,-263.0,-7.0,60.0,-1.0,-8.0,130.0,-1004.0
2599,-2.0,40.0,-261.0,-8.0,59.0,-2.0,0.0,134.0,-999.0
2600,0.0,41.0,-263.0,-9.0,59.0,-4.0,-7.0,134.0,-1001.0
2601,2.0,40.0,-262.0,-9.0,59.0,-4.0,-1.0,133.0,-1002.0
2602,0.0,38.0,-266.0,-8.0,57.0,-2.0,-5.0,133.0,-1006.0
2603,1.0,39.0,-266.0,-8.0,58.0,-2.0,-6.0,135.0,-1006.0
2604,-2.0,41.0,-260.0,-8.0,58.0,-3.0,-2.0,135.0,-1002.0
2605,-1.0,43.0,-259.0,-8.0,58.0,-1.0,-1.0,133.0,-1010.0
2606,4.0,39.0,-263.0,-9.0,58.0,-3.0,-4.0,132.0,-1006.0
2607,0.0,37.0,-264.0,-9.0,59.0,-1.0,-5.0,134.0,-1006.0
2608,2.0,38.0,-267.0,-9.0,60.0,-3.0,0.0,139.0,-999.0
2609,1.0,38.0,-266.0,-9.0,60.0,-1.0,0.0,136.0,-1003.0
2610,-2.0,40.0,-265.0,-9.0,60.0,-2.0,-5.0,134.0,-1005.0
2611,0.0,39.0,-262.0,-9.0,59.0,-2.0,0.0,132.0,-1007.0
2612,1.0,38.0,-267.0,-7.0,60.0,-3.0,-6.0,132.0,-999.0
2613,0.0,37.0,-266.0,-9.0,62.0,-1.0,-3.0,134.0,-1004.0
2614,2.0,36.0,-263.0,-10.0,61.0,-4.0,-6.0,130.0,-1004.0
2615,2.0,39.0,-262.0,-9.0,61.0,-2.0,-6.0,133.0,-1003.0
2616,2.0,37.0,-265.0,-10.0,61.0,-4.0,-7.0,134.0,-1002.0
2617,3.0,38.0,-260.0,-9.0,61.0,-2.0,-5.0,133.0,-1003.0
2618,0.0,40.0,-262.0,-10.0,59.0,-2.0,-3.0,132.0,-1000.0
2619,2.0,35.0,-264.0,-9.0,60.0,-1.0,-3.0,137.0,-1001.0
2620,0.0,40.0,-261.0,-9.0,60.0,-3.0,0.0,132.0,-996.0
2621,0.0,40.0,-260.0,-8.0,59.0,-1.0,-5.0,131.0,-999.0
2622,2.0,41.0,-263.0,-8.0,59.0,-3.0,0.0,133.0,-994.0
2623,0.0,37.0,-261.0,-8.0,60.0,-2.0,-2.0,133.0,-1000.0
2624,-1.0,40.0,-264.0,-8.0,59.0,-3.0,-1.0,133.0,-1004.0
2625,0.0,41.0,-263.0,-9.0,58.0,-1.0,-8.0,137.0,-1001.0
2626,1.0,38.0,-261.0,-10.0,58.0,-4.0,-4.0,137.0,-1003.0
2627,2.0,40.0,-263.0,-8.0,58.0,0.0,-2.0,134.0,-1002.0
2628,3.0,37.0,-262.0,-10.0,59.0,-2.0,-8.0,131.0,-1002.0
2629,0.0,39.0,-262.0,-9.0,58.0,-1.0,-4.0,133.0,-1000.0
2630,1.0,38.0,-261.0,-10.0,59.0,-3.0,-5.0,133.0,-1003.0
2631,1.0,37.0,-262.0,-9.0,58.0,0.0,-1.0,133.0,-1003.0
2632,3.0,37.0,-260.0,-9.0,60.0,-3.0,-7.0,133.0,-1002.0
2633,-3.0,40.0,-265.0,-9.0,59.0,-1.0,-5.0,134.0,-999.0
2634,0.0,37.0,-258.0,-10.0,58.0,-2.0,-3.0,133.0,-1002.0
2635,2.0,38.0,-261.0,-8.0,58.0,1.0,0.0,133.0,-1008.0
2636,2.0,38.0,-265.0,-8.0,59.0,-3.0,-1.0,131.0,-1001.0
2637,0.0,37.0,-265.0,-8.0,59.0,-1.0,-5.0,131.0,-999.0
2638,2.0,38.0,-262.0,-9.0,58.0,-3.0,0.0,128.0,-1002.0
2639,3.0,37.0,-264.0,-8.0,58.0,-1.0,-3.0,135.0,-999.0
2640,-1.0,37.0,-261.0,-9.0,59.0,-2.0,-3.0,132.0,-1003.0
2641,0.0,39.0,-263.0,-9.0,58.0,-1.0,1.0,133.0,-999.0
2642,2.0,38.0,-261.0,-8.0,58.0,-3.0,-2.0,130.0,-1002.0
2643,2.0,38.0,-263.0,-7.0,59.0,0.0,-6.0,133.0,-1004.0
2644,0.0,38.0,-265.0,-8.0,59.0,-4.0,-4.0,131.0,-1003.0
2645,4.0,38.0,-262.0,-8.0,59.0,-1.0,-4.0,132.0,-1003.0
2646,0.0,43.0,-266.0,-9.0,57.0,-3.0,-8.0,134.0,-1000.0
2647,1.0,37.0,-262.0,-9.0,58.0,-1.0,-5.0,133.0,-1005.0
2648,2.0,38.0,-261.0,-9.0,57.0,-3.0,-9.0,130.0,-1002.0
2649,2.0,38.0,-264.0,-9.0,59.0,-1.0,-2.0,130.0,-1000.0
2650,-1.0,42.0,-264.0,-9.0,60.0,-3.0,-4.0,129.0,-1005.0
2651,-1.0,39.0,-260.0,-9.0,57.0,0.0,-4.0,134.0,-1001.0
2652,1.0,38.0,-262.0,-11.0,57.0,-4.0,-6.0,128.0,-1000.0
2653,2.0,38.0,-263.0,-10.0,59.0,-1.0,-1.0,133.0,-999.0
2654,2.0,38.0,-262.0,-9.0,58.0,-5.0,-8.0,131.0,-998.0
2655,2.0,38.0,-264.0,-9.0,58.0,-2.0,-4.0,132.0,-1001.0
2656,0.0,41.0,-260.0,-11.0,59.0,-4.0,-5.0,136.0,-998.0
2657,0.0,37.0,-263.0,-10.0,58.0,-3.0,-1.0,133.0,-1006.0
2658,-2.0,37.0,-266.0,-11.0,58.0,-4.0,-5.0,133.0,-1004.0
2659,1.0,37.0,-263.0,-10.0,59.0,-1.0,-3.0,130.0,-998.0
2660,1.0,39.0,-260.0,-10.0,59.0,-4.0,-4.0,132.0,-1004.0
2661,-2.0,44.0,-253.0,-11.0,58.0,-2.0,-6.0,132.0,-999.0
2662,1.0,40.0,-272.0,-11.0,59.0,-4.0,-6.0,132.0,-1003.0
2663,1.0,32.0,-263.0,-10.0,58.0,-1.0,-6.0,132.0,-1003.0
2664,4.0,43.0,-268.0,-11.0,58.0,-3.0,-6.0,135.0,-1002.0
2665,4.0,36.0,-272.0,-12.0,57.0,0.0,-4.0,134.0,-1001.0
2666,-7.0,40.0,-253.0,-12.0,56.0,-3.0,-3.0,133.0,-1001.0
2667,0.0,35.0,-260.0,-11.0,55.0,0.0,-6.0,129.0,-1006.0
2668,-1.0,40.0,-262.0,-11.0,56.0,-4.0,-5.0,133.0,-1006.0
2669,1.0,38.0,-262.0,-11.0,57.0,-2.0,-6.0,133.0,-1000.0
2670,-2.0,39.0,-262.0,-10.0,56.0,-3.0,-2.0,132.0,-1001.0
2671,6.0,37.0,-258.0,-11.0,57.0,-1.0,0.0,133.0,-1002.0
2672,-1.0,35.0,-264.0,-11.0,58.0,-3.0,-6.0,133.0,-1002.0
2673,1.0,38.0,-263.0,-11.0,58.0,-2.0,-4.0,131.0,-1003.0
2674,-1.0,37.0,-264.0,-10.0,59.0,-5.0,-7.0,127.0,-1002.0
2675,-1.0,40.0,-264.0,-9.0,59.0,-1.0,-2.0,130.0,-998.0
2676,3.0,38.0,-260.0,-8.0,60.0,-2.0,0.0,130.0,-1001.0
2677,2.0,37.0,-259.0,-9.0,60.0,-1.0,0.0,135.0,-1003.0
2678,3.0,38.0,-260.0,-8.0,60.0,-2.0,-5.0,132.0,-999.0
2679,0.0,37.0,-263.0,-9.0,60.0,-2.0,-6.0,130.0,-1001.0
2680,1.0,40.0,-261.0,-7.0,60.0,-3.0,-6.0,133.0,-1000.0
2681,2.0,38.0,-260.0,-10.0,60.0,-2.0,-8.0,133.0,-1001.0
2682,1.0,35.0,-264.0,-8.0,61.0,-2.0,-1.0,132.0,-1002.0
2683,3.0,37.0,-261.0,-10.0,60.0,-2.0,-8.0,132.0,-998.0
2684,-2.0,40.0,-264.0,-10.0,60.0,-2.0,-3.0,132.0,-996.0
2685,2.0,37.0,-264.0,-10.0,60.0,-1.0,-3.0,131.0,-999.0
2686,-2.0,39.0,-262.0,-9.0,60.0,-4.0,-6.0,131.0,-1000.0
2687,1.0,36.0,-264.0,-9.0,60.0,-3.0,-6.0,135.0,-1001.0
2688,1.0,38.0,-268.0,-10.0,60.0,-3.0,-4.0,133.0,-1005.0
2689,0.0,37.0,-263.0,-9.0,60.0,-2.0,-4.0,130.0,-1000.0
2690,-2.0,38.0,-269.0,-9.0,61.0,-2.0,-3.0,132.0,-1002.0
2691,1.0,39.0,-263.0,-8.0,60.0,-1.0,-2.0,129.0,-1002.0
2692,2.0,39.0,-264.0,-9.0,59.0,-2.0,-5.0,129.0,-1001.0
2693,3.0,37.0,-262.0,-10.0,59.0,-2.0,-1.0,130.0,-1000.0
2694,2.0,39.0,-260.0,-10.0,58.0,-2.0,-7.0,131.0,-1000.0
2695,-1.0,38.0,-262.0,-8.0,57.0,-2.0,-2.0,135.0,-1001.0
2696,1.0,38.0,-264.0,-9.0,57.0,-2.0,-3.0,133.0,-1004.0
2697,1.0,39.0,-261.0,-11.0,57.0,-1.0,-3.0,131.0,-1005.0
2698,0.0,40.0,-264.0,-11.0,58.0,-2.0,-4.0,128.0,-1008.0
2699,-1.0,40.0,-261.0,-9.0,57.0,-3.0,-1.0,131.0,-1006.0
2700,2.0,37.0,-266.0,-10.0,57.0,-2.0,-2.0,133.0,-1002.0
2701,4.0,36.0,-263.0,-10.0,58.0,-3.0,0.0,130.0,-1006.0
2702,2.0,38.0,-263.0,-11.0,56.0,-1.0,-4.0,129.0,-1001.0
2703,-2.0,39.0,-263.0,-10.0,58.0,-2.0,-3.0,131.0,-1001.0
2704,2.0,39.0,-262.0,-10.0,57.0,-2.0,-5.0,132.0,-1004.0
2705,-2.0,39.0,-260.0,-11.0,58.0,-2.0,-5.0,133.0,-999.0
2706,0.0,40.0,-260.0,-9.0,58.0,-1.0,-2.0,129.0,-1003.0
2707,1.0,38.0,-265.0,-10.0,58.0,-2.0,-6.0,130.0,-1003.0
2708,-2.0,36.0,-262.0,-10.0,58.0,-1.0,-3.0,130.0,-1000.0
2709,0.0,36.0,-260.0,-10.0,56.0,-1.0,-1.0,126.0,-1003.0
2710,2.0,38.0,-263.0,-9.0,56.0,-1.0,-4.0,134.0,-999.0
2711,2.0,38.0,-263.0,-9.0,56.0,-2.0,-3.0,132.0,-1000.0
2712,-1.0,38.0,-263.0,-10.0,55.0,-3.0,-4.0,130.0,-1002.0
2713,2.0,37.0,-262.0,-10.0,59.0,-2.0,-2.0,131.0,-1000.0
2714,0.0,37.0,-264.0,-10.0,59.0,-1.0,-4.0,128.0,-1002.0
2715,2.0,41.0,-264.0,-11.0,58.0,-1.0,-7.0,130.0,-1003.0
2716,-1.0,41.0,-265.0,-12.0,58.0,-1.0,-2.0,131.0,-1000.0
2717,-1.0,39.0,-264.0,-11.0,59.0,-3.0,-6.0,133.0,-1001.0
2718,2.0,38.0,-265.0,-10.0,60.0,0.0,-10.0,134.0,-1005.0
2719,1.0,39.0,-264.0,-11.0,60.0,-2.0,-5.0,130.0,-1004.0
2720,-1.0,40.0,-259.0,-10.0,59.0,-1.0,-3.0,128.0,-1003.0
2721,-1.0,41.0,-260.0,-10.0,60.0,-3.0,-2.0,127.0,-1001.0
2722,0.0,39.0,-265.0,-11.0,58.0,-1.0,-2.0,133.0,-1004.0
2723,2.0,36.0,-263.0,-12.0,58.0,-2.0,-4.0,131.0,-1001.0
2724,2.0,36.0,-264.0,-11.0,58.0,-2.0,-3.0,132.0,-1003.0
2725,1.0,38.0,-262.0,-11.0,59.0,-4.0,-6.0,129.0,-1006.0
2726,3.0,39.0,-261.0,-12.0,58.0,-1.0,-8.0,134.0,-999.0
2727,2.0,37.0,-263.0,-11.0,59.0,-2.0,-1.0,129.0,-1002.0
2728,2.0,37.0,-264.0,-10.0,57.0,-1.0,-2.0,131.0,-998.0
2729,1.0,37.0,-263.0,-11.0,58.0,-5.0,-5.0,131.0,-1003.0
2730,0.0,38.0,-262.0,-11.0,58.0,-1.0,-1.0,133.0,-1004.0
2731,-1.0,38.0,-263.0,-9.0,57.0,-3.0,-3.0,133.0,-1005.0
2732,0.0,38.0,-263.0,-9.0,58.0,0.0,-11.0,130.0,-999.0
2733,0.0,38.0,-260.0,-10.0,58.0,-3.0,0.0,130.0,-1000.0
2734,4.0,37.0,-263.0,-11.0,57.0,-2.0,-4.0,133.0,-1002.0
2735,0.0,39.0,-260.0,-11.0,56.0,-3.0,-3.0,130.0,-998.0
2736,0.0,39.0,-261.0,-10.0,56.0,-2.0,-2.0,129.0,-997.0
2737,1.0,36.0,-260.0,-11.0,57.0,-4.0,-9.0,133.0,-1001.0
2738,1.0,38.0,-260.0,-9.0,57.0,-1.0,-9.0,132.0,-1002.0
2739,3.0,39.0,-264.0,-10.0,56.0,-4.0,-4.0,132.0,-1006.0
2740,0.0,37.0,-263.0,-9.0,56.0,0.0,-6.0,130.0,-1002.0
2741,0.0,37.0,-263.0,-9.0,56.0,-4.0,-4.0,132.0,-1000.0
2742,3.0,35.0,-261.0,-8.0,57.0,0.0,-3.0,125.0,-1002.0
2743,2.0,37.0,-260.0,-9.0,58.0,-3.0,-1.0,129.0,-1002.0
2744,1.0,35.0,-264.0,-8.0,58.0,0.0,-3.0,129.0,-1000.0
2745,6.0,35.0,-261.0,-10.0,58.0,-3.0,-2.0,130.0,-1005.0
2746,2.0,38.0,-262.0,-10.0,60.0,-1.0,-12.0,132.0,-1002.0
2747,-2.0,34.0,-264.0,-10.0,62.0,-4.0,-8.0,132.0,-1001.0
2748,-1.0,39.0,-263.0,-7.0,62.0,-2.0,2.0,125.0,-996.0
2749,3.0,37.0,-261.0,-8.0,59.0,-4.0,-2.0,128.0,-999.0
2750,2.0,38.0,-263.0,-9.0,58.0,-2.0,-3.0,133.0,-1001.0
2751,2.0,38.0,-269.0,-9.0,59.0,-5.0,-6.0,127.0,-1005.0
2752,1.0,35.0,-261.0,-8.0,58.0,-1.0,-2.0,136.0,-1003.0
2753,1.0,39.0,-263.0,-7.0,59.0,-5.0,-4.0,131.0,-999.0
2754,1.0,36.0,-261.0,-9.0,59.0,-1.0,-3.0,129.0,-1001.0
2755,1.0,41.0,-265.0,-9.0,58.0,-4.0,-4.0,134.0,-1001.0
2756,2.0,38.0,-262.0,-9.0,58.0,-1.0,-3.0,134.0,-1001.0
2757,3.0,39.0,-264.0,-8.0,56.0,-2.0,14.0,137.0,-998.0
2758,0.0,36.0,-262.0,-6.0,49.0,-2.0,-8.0,122.0,-1003.0
2759,-1.0,37.0,-265.0,-5.0,46.0,-4.0,3.0,128.0,-1016.0
2760,0.0,39.0,-264.0,-7.0,51.0,-2.0,-11.0,125.0,-996.0
2761,-1.0,39.0,-264.0,-10.0,56.0,-4.0,-5.0,129.0,-1003.0
2762,2.0,35.0,-262.0,-9.0,55.0,-2.0,-2.0,135.0,-1001.0
2763,3.0,37.0,-260.0,-9.0,57.0,-4.0,-7.0,133.0,-1004.0
2764,0.0,37.0,-262.0,-10.0,58.0,-2.0,-4.0,133.0,-1006.0
2765,0.0,35.0,-261.0,-9.0,58.0,-5.0,-3.0,130.0,-1005.0
2766,0.0,40.0,-265.0,-9.0,57.0,-2.0,-9.0,132.0,-1005.0
2767,-1.0,39.0,-263.0,-10.0,58.0,-5.0,-8.0,133.0,-999.0
2768,1.0,37.0,-261.0,-10.0,60.0,-3.0,1.0,133.0,-1004.0
2769,-1.0,35.0,-264.0,-9.0,59.0,-5.0,-5.0,134.0,-1004.0
2770,-3.0,36.0,-258.0,-9.0,59.0,-2.0,-4.0,132.0,-1004.0
2771,1.0,37.0,-260.0,-11.0,58.0,-5.0,-2.0,135.0,-1003.0
2772,0.0,39.0,-263.0,-11.0,58.0,-1.0,-5.0,129.0,-999.0
2773,2.0,36.0,-266.0,-10.0,57.0,-3.0,-5.0,135.0,-1001.0
2774,2.0,42.0,-259.0,-10.0,58.0,-1.0,-10.0,132.0,-999.0
2775,1.0,37.0,-265.0,-11.0,58.0,-3.0,-7.0,132.0,-1000.0
2776,0.0,36.0,-264.0,-10.0,58.0,-2.0,-6.0,131.0,-1001.0
2777,2.0,37.0,-264.0,-10.0,57.0,-3.0,-7.0,131.0,-1000.0
2778,2.0,35.0,-265.0,-10.0,58.0,-1.0,-3.0,134.0,-1000.0
2779,1.0,41.0,-261.0,-10.0,58.0,-4.0,-6.0,132.0,-1000.0
2780,-1.0,39.0,-262.0,-10.0,56.0,0.0,-7.0,131.0,-998.0
2781,-1.0,38.0,-265.0,-9.0,58.0,-3.0,-4.0,133.0,-999.0
2782,-2.0,37.0,-264.0,-10.0,56.0,-1.0,-8.0,130.0,-1001.0
2783,3.0,36.0,-264.0,-10.0,59.0,-3.0,-3.0,131.0,-1001.0
2784,4.0,36.0,-260.0,-10.0,60.0,-1.0,-5.0,129.0,-999.0
2785,0.0,38.0,-263.0,-10.0,60.0,-2.0,-2.0,127.0,-999.0
2786,2.0,37.0,-264.0,-11.0,59.0,-2.0,-5.0,127.0,-1006.0
2787,1.0,36.0,-263.0,-9.0,60.0,-2.0,-4.0,123.0,-1004.0
2788,-1.0,36.0,-261.0,-10.0,61.0,0.0,2.0,133.0,-1000.0
2789,0.0,37.0,-265.0,-11.0,60.0,-2.0,-3.0,128.0,-1000.0
2790,1.0,40.0,-261.0,-10.0,60.0,0.0,-4.0,129.0,-1002.0
2791,-1.0,37.0,-264.0,-10.0,59.0,-3.0,-2.0,131.0,-1003.0
2792,2.0,37.0,-261.0,-11.0,58.0,-1.0,-2.0,127.0,-1008.0
2793,1.0,38.0,-263.0,-11.0,58.0,-1.0,-4.0,129.0,-1006.0
2794,2.0,35.0,-264.0,-12.0,60.0,-1.0,-4.0,128.0,-1003.0
2795,2.0,38.0,-265.0,-11.0,61.0,-2.0,-2.0,130.0,-1003.0
2796,3.0,36.0,-262.0,-12.0,60.0,-1.0,-4.0,135.0,-1002.0
2797,1.0,37.0,-260.0,-13.0,59.0,-1.0,-4.0,132.0,-1002.0
2798,1.0,38.0,-264.0,-13.0,58.0,-1.0,-5.0,130.0,-1007.0
2799,1.0,39.0,-263.0,-12.0,57.0,-2.0,-1.0,126.0,-999.0
2800,1.0,38.0,-262.0,-11.0,58.0,-1.0,-5.0,135.0,-1000.0
2801,1.0,35.0,-262.0,-12.0,60.0,-2.0,-4.0,124.0,-1001.0
2802,-1.0,38.0,-264.0,-14.0,60.0,-2.0,-5.0,129.0,-1006.0
2803,1.0,37.0,-263.0,-13.0,59.0,-1.0,-1.0,130.0,-1000.0
2804,-2.0,38.0,-264.0,-11.0,59.0,-2.0,0.0,132.0,-1007.0
2805,2.0,37.0,-264.0,-15.0,58.0,-1.0,-5.0,130.0,-1003.0
2806,0.0,38.0,-264.0,-14.0,59.0,-2.0,-5.0,131.0,-1000.0
2807,1.0,38.0,-264.0,-14.0,59.0,-2.0,-3.0,130.0,-1006.0
2808,-2.0,37.0,-261.0,-15.0,58.0,-2.0,-5.0,127.0,-999.0
2809,0.0,37.0,-264.0,-15.0,58.0,-3.0,-2.0,131.0,-1000.0
2810,-2.0,37.0,-262.0,-15.0,59.0,-3.0,-4.0,127.0,-996.0
2811,-1.0,37.0,-261.0,-15.0,58.0,-3.0,-2.0,127.0,-997.0
2812,2.0,37.0,-263.0,-16.0,56.0,-3.0,-2.0,127.0,-1002.0
2813,3.0,34.0,-265.0,-16.0,58.0,-1.0,-6.0,127.0,-1003.0
2814,-1.0,36.0,-261.0,-16.0,59.0,-4.0,-5.0,127.0,-1001.0
2815,1.0,39.0,-261.0,-16.0,58.0,-2.0,-2.0,130.0,-1007.0
2816,3.0,38.0,-261.0,-16.0,59.0,-4.0,-5.0,132.0,-1005.0
2817,0.0,37.0,-262.0,-17.0,57.0,-2.0,-6.0,129.0,-1000.0
2818,3.0,36.0,-265.0,-17.0,56.0,-3.0,-3.0,131.0,-1004.0
2819,-1.0,38.0,-263.0,-17.0,56.0,-2.0,-2.0,132.0,-1006.0
2820,1.0,38.0,-263.0,-18.0,58.0,-3.0,-3.0,135.0,-1002.0
2821,-1.0,38.0,-264.0,-16.0,57.0,-2.0,-6.0,130.0,-1002.0
2822,-2.0,39.0,-262.0,-17.0,57.0,-3.0,-2.0,130.0,-1002.0
2823,1.0,40.0,-262.0,-16.0,56.0,-1.0,-1.0,133.0,-1003.0
2824,0.0,38.0,-266.0,-17.0,57.0,-3.0,-4.0,134.0,-1000.0
2825,0.0,36.0,-262.0,-17.0,56.0,-2.0,-4.0,132.0,-1003.0
2826,0.0,40.0,-262.0,-16.0,57.0,-3.0,-4.0,129.0,-1003.0
2827,-1.0,39.0,-261.0,-15.0,57.0,-1.0,-9.0,134.0,-1000.0
2828,1.0,39.0,-262.0,-16.0,56.0,-3.0,-5.0,130.0,-1006.0
2829,1.0,38.0,-263.0,-14.0,57.0,-1.0,-12.0,131.0,-1002.0
2830,3.0,34.0,-261.0,-14.0,56.0,-3.0,-3.0,132.0,-999.0
2831,0.0,38.0,-266.0,-16.0,57.0,-1.0,-6.0,130.0,-1001.0
2832,1.0,38.0,-264.0,-15.0,56.0,-3.0,-1.0,129.0,-1000.0
2833,2.0,37.0,-260.0,-14.0,56.0,-2.0,-8.0,130.0,-998.0
2834,0.0,39.0,-265.0,-15.0,55.0,-3.0,-7.0,131.0,-1002.0
2835,-1.0,39.0,-263.0,-14.0,55.0,0.0,-6.0,128.0,-1002.0
2836,1.0,38.0,-265.0,-15.0,57.0,-3.0,-7.0,130.0,-1002.0
2837,1.0,36.0,-262.0,-14.0,57.0,0.0,-3.0,124.0,-1000.0
2838,1.0,37.0,-264.0,-16.0,57.0,-3.0,-5.0,126.0,-998.0
2839,0.0,41.0,-257.0,-15.0,57.0,0.0,0.0,128.0,-1000.0
2840,1.0,37.0,-261.0,-15.0,58.0,-3.0,-7.0,130.0,-1004.0
2841,2.0,37.0,-264.0,-12.0,58.0,0.0,-2.0,135.0,-999.0
2842,2.0,37.0,-261.0,-14.0,58.0,-3.0,-6.0,135.0,-999.0
2843,2.0,38.0,-261.0,-13.0,59.0,1.0,-7.0,130.0,-1003.0
2844,3.0,36.0,-262.0,-13.0,59.0,-2.0,-3.0,128.0,-999.0
2845,1.0,40.0,-261.0,-14.0,59.0,1.0,-5.0,128.0,-1004.0
2846,2.0,38.0,-264.0,-14.0,59.0,-2.0,-5.0,132.0,-999.0
2847,3.0,36.0,-261.0,-14.0,60.0,1.0,-4.0,131.0,-1004.0
2848,2.0,34.0,-264.0,-13.0,61.0,-2.0,-3.0,135.0,-1006.0
2849,1.0,37.0,-262.0,-14.0,60.0,0.0,-9.0,133.0,-998.0
2850,-2.0,39.0,-261.0,-15.0,61.0,-3.0,-4.0,131.0,-998.0
2851,2.0,39.0,-264.0,-14.0,60.0,1.0,-2.0,129.0,-998.0
2852,1.0,36.0,-264.0,-15.0,61.0,-2.0,-4.0,129.0,-1007.0
2853,1.0,36.0,-264.0,-15.0,61.0,1.0,-4.0,133.0,-999.0
2854,1.0,38.0,-262.0,-14.0,61.0,-2.0,-4.0,128.0,-1003.0
2855,1.0,38.0,-259.0,-14.0,62.0,0.0,-4.0,130.0,-998.0
2856,3.0,36.0,-261.0,-15.0,62.0,-2.0,-11.0,132.0,-1001.0
2857,1.0,38.0,-262.0,-15.0,61.0,0.0,0.0,127.0,-1000.0
2858,0.0,40.0,-260.0,-16.0,61.0,-2.0,-4.0,127.0,-998.0
2859,3.0,34.0,-263.0,-17.0,59.0,1.0,-4.0,128.0,-1001.0
2860,2.0,38.0,-266.0,-16.0,60.0,-3.0,-6.0,134.0,-997.0
2861,-1.0,38.0,-260.0,-15.0,61.0,0.0,-4.0,128.0,-1005.0
2862,-1.0,39.0,-264.0,-15.0,59.0,-3.0,-6.0,133.0,-998.0
2863,0.0,38.0,-261.0,-15.0,58.0,0.0,-3.0,130.0,-1002.0
2864,2.0,35.0,-264.0,-16.0,58.0,-1.0,-4.0,132.0,-1000.0
2865,5.0,36.0,-264.0,-17.0,59.0,1.0,-1.0,130.0,-999.0
2866,0.0,38.0,-262.0,-17.0,58.0,-3.0,-4.0,130.0,-1004.0
2867,0.0,40.0,-264.0,-18.0,57.0,-1.0,-2.0,131.0,-997.0
2868,3.0,35.0,-263.0,-17.0,58.0,-1.0,-1.0,130.0,-1001.0
2869,2.0,38.0,-261.0,-17.0,57.0,1.0,-5.0,134.0,-1004.0
2870,1.0,36.0,-265.0,-17.0,56.0,-3.0,-1.0,130.0,-1004.0
2871,4.0,36.0,-267.0,-18.0,57.0,-2.0,-3.0,131.0,-1004.0
2872,0.0,39.0,-265.0,-16.0,56.0,-3.0,-9.0,127.0,-1001.0
2873,1.0,37.0,-266.0,-17.0,56.0,-1.0,-3.0,130.0,-1001.0
2874,4.0,37.0,-263.0,-17.0,56.0,-2.0,-6.0,130.0,-1003.0
2875,1.0,37.0,-264.0,-17.0,56.0,0.0,-4.0,125.0,-1006.0
2876,0.0,35.0,-265.0,-17.0,56.0,-3.0,-6.0,131.0,-1000.0
2877,2.0,36.0,-266.0,-18.0,55.0,-1.0,-6.0,132.0,-1003.0
2878,0.0,36.0,-265.0,-19.0,55.0,-4.0,-4.0,135.0,-1002.0
2879,-1.0,36.0,-267.0,-18.0,56.0,-1.0,-9.0,132.0,-1001.0
2880,2.0,38.0,-257.0,-17.0,56.0,-2.0,-3.0,133.0,-1000.0
2881,-3.0,39.0,-267.0,-17.0,56.0,0.0,-6.0,131.0,-998.0
2882,2.0,39.0,-264.0,-17.0,55.0,-3.0,-5.0,131.0,-1005.0
2883,3.0,35.0,-260.0,-19.0,55.0,-2.0,0.0,130.0,-1001.0
2884,0.0,38.0,-265.0,-19.0,56.0,-3.0,-1.0,134.0,-998.0
2885,4.0,36.0,-261.0,-19.0,57.0,-2.0,-4.0,135.0,-1000.0
2886,0.0,40.0,-262.0,-19.0,55.0,-4.0,-5.0,135.0,-1001.0
2887,3.0,36.0,-264.0,-18.0,55.0,0.0,-6.0,133.0,-1002.0
2888,1.0,37.0,-260.0,-18.0,55.0,-3.0,-3.0,130.0,-998.0
2889,0.0,37.0,-265.0,-18.0,56.0,-1.0,-6.0,133.0,-1004.0
2890,0.0,38.0,-261.0,-17.0,56.0,-2.0,-10.0,130.0,-1002.0
2891,3.0,37.0,-263.0,-17.0,55.0,-2.0,-3.0,129.0,-1003.0
2892,3.0,37.0,-264.0,-17.0,56.0,-3.0,-3.0,132.0,-1001.0
2893,-2.0,38.0,-264.0,-18.0,54.0,-1.0,-2.0,135.0,-1003.0
2894,1.0,36.0,-260.0,-18.0,54.0,-2.0,-9.0,133.0,-1001.0
2895,0.0,37.0,-263.0,-19.0,54.0,-1.0,-2.0,132.0,-1002.0
2896,2.0,39.0,-262.0,-19.0,55.0,-1.0,-2.0,131.0,-1002.0
2897,1.0,40.0,-262.0,-18.0,54.0,-1.0,-8.0,128.0,-1001.0
2898,-1.0,38.0,-261.0,-17.0,55.0,-1.0,-3.0,131.0,-1005.0
2899,0.0,37.0,-264.0,-17.0,54.0,-1.0,-3.0,132.0,-1002.0
2900,2.0,41.0,-262.0,-17.0,53.0,-1.0,-4.0,133.0,-1001.0
2901,2.0,36.0,-264.0,-16.0,53.0,-1.0,-2.0,134.0,-999.0
2902,0.0,36.0,-265.0,-15.0,51.0,-1.0,-5.0,129.0,-1003.0
2903,0.0,40.0,-261.0,-16.0,53.0,-2.0,-4.0,131.0,-997.0
2904,1.0,37.0,-267.0,-17.0,53.0,-1.0,-4.0,131.0,-1000.0
2905,0.0,41.0,-262.0,-16.0,52.0,-1.0,-7.0,133.0,-1001.0
2906,1.0,36.0,-263.0,-16.0,51.0,-2.0,-6.0,132.0,-1004.0
2907,2.0,38.0,-263.0,-17.0,52.0,-2.0,-3.0,136.0,-1001.0
2908,1.0,35.0,-264.0,-17.0,52.0,-1.0,-4.0,132.0,-1003.0
2909,-1.0,39.0,-261.0,-15.0,53.0,-1.0,-6.0,132.0,-999.0
2910,1.0,36.0,-260.0,-15.0,53.0,0.0,-6.0,132.0,-1001.0
2911,-1.0,42.0,-262.0,-15.0,53.0,-1.0,-7.0,132.0,-1004.0
2912,-1.0,38.0,-262.0,-15.0,53.0,-1.0,-7.0,135.0,-998.0
2913,1.0,38.0,-262.0,-14.0,54.0,0.0,-4.0,132.0,-1001.0
2914,0.0,37.0,-262.0,-16.0,54.0,-2.0,-8.0,133.0,-999.0
2915,0.0,36.0,-261.0,-15.0,54.0,-2.0,-5.0,133.0,-1002.0
2916,0.0,38.0,-261.0,-15.0,53.0,-1.0,-7.0,128.0,-1002.0
2917,0.0,36.0,-259.0,-16.0,51.0,-2.0,-7.0,130.0,-996.0
2918,0.0,37.0,-263.0,-17.0,54.0,-1.0,-8.0,133.0,-996.0
2919,-1.0,36.0,-263.0,-18.0,53.0,-3.0,-7.0,131.0,-995.0
2920,1.0,39.0,-261.0,-19.0,53.0,-2.0,-5.0,130.0,-996.0
2921,0.0,40.0,-261.0,-19.0,55.0,-2.0,-2.0,130.0,-1000.0
2922,1.0,36.0,-265.0,-15.0,54.0,-1.0,-5.0,136.0,-1000.0
2923,1.0,39.0,-269.0,-14.0,54.0,-2.0,-7.0,130.0,-998.0
2924,0.0,37.0,-263.0,-14.0,53.0,-1.0,-5.0,133.0,-1005.0
2925,-1.0,39.0,-261.0,-15.0,53.0,-2.0,-6.0,134.0,-1003.0
2926,-2.0,39.0,-264.0,-16.0,54.0,-1.0,-10.0,136.0,-1003.0
2927,3.0,39.0,-261.0,-15.0,54.0,-3.0,-11.0,134.0,-1002.0
2928,-3.0,41.0,-266.0,-16.0,55.0,-1.0,-4.0,135.0,-1000.0
2929,-1.0,37.0,-265.0,-15.0,55.0,-2.0,-2.0,136.0,-1005.0
2930,0.0,36.0,-262.0,-15.0,55.0,-1.0,-4.0,132.0,-1004.0
2931,-2.0,41.0,-262.0,-15.0,56.0,-1.0,-5.0,129.0,-1008.0
2932,-1.0,38.0,-263.0,-14.0,56.0,0.0,-8.0,138.0,-1007.0
2933,0.0,41.0,-262.0,-15.0,58.0,-3.0,-5.0,137.0,-1004.0
2934,1.0,37.0,-268.0,-16.0,56.0,-1.0,-6.0,139.0,-1006.0
2935,-1.0,40.0,-264.0,-15.0,56.0,-3.0,-10.0,134.0,-1006.0
2936,-2.0,38.0,-261.0,-14.0,57.0,0.0,-5.0,133.0,-1006.0
2937,1.0,39.0,-263.0,-14.0,57.0,-3.0,-10.0,137.0,-1006.0
2938,2.0,38.0,-266.0,-14.0,57.0,0.0,-4.0,132.0,-1005.0
2939,1.0,39.0,-263.0,-14.0,58.0,-2.0,-6.0,135.0,-1004.0
2940,2.0,39.0,-263.0,-12.0,58.0,-2.0,-5.0,134.0,-1004.0
2941,0.0,38.0,-262.0,-12.0,57.0,-2.0,-9.0,133.0,-1003.0
2942,-1.0,40.0,-263.0,-12.0,57.0,-1.0,-1.0,136.0,-1001.0
2943,1.0,40.0,-259.0,-12.0,56.0,-2.0,-6.0,134.0,-1001.0
2944,-2.0,37.0,-261.0,-12.0,57.0,0.0,-11.0,137.0,-1000.0
2945,2.0,38.0,-263.0,-11.0,57.0,-3.0,-1.0,137.0,-1002.0
2946,3.0,39.0,-262.0,-11.0,58.0,-1.0,-8.0,128.0,-999.0
2947,-1.0,40.0,-266.0,-11.0,57.0,-3.0,-5.0,134.0,-1000.0
2948,-1.0,39.0,-263.0,-11.0,57.0,1.0,-2.0,135.0,-1003.0
2949,0.0,42.0,-264.0,-11.0,57.0,-2.0,-4.0,130.0,-1001.0
2950,2.0,37.0,-260.0,-9.0,56.0,-1.0,-7.0,127.0,-1001.0
2951,1.0,38.0,-262.0,-9.0,57.0,-3.0,-4.0,135.0,-998.0
2952,-1.0,39.0,-260.0,-8.0,57.0,0.0,-10.0,135.0,-998.0
2953,0.0,38.0,-264.0,-10.0,57.0,-3.0,-6.0,132.0,-998.0
2954,-1.0,40.0,-259.0,-8.0,57.0,-1.0,-7.0,129.0,-1001.0
2955,1.0,37.0,-261.0,-9.0,57.0,-1.0,-3.0,131.0,-999.0
2956,0.0,37.0,-265.0,-9.0,57.0,0.0,-4.0,131.0,-999.0
2957,2.0,37.0,-263.0,-9.0,57.0,-3.0,-10.0,129.0,-1002.0
2958,-2.0,38.0,-264.0,-10.0,57.0,-1.0,-8.0,131.0,-998.0
2959,0.0,38.0,-263.0,-9.0,57.0,-3.0,-7.0,125.0,-1001.0
2960,-1.0,39.0,-260.0,-7.0,56.0,-2.0,-9.0,133.0,-1004.0
2961,-1.0,37.0,-265.0,-8.0,57.0,-3.0,-8.0,132.0,-999.0
2962,0.0,39.0,-261.0,-9.0,56.0,-1.0,-7.0,135.0,-998.0
2963,0.0,37.0,-263.0,-8.0,56.0,-4.0,-1.0,133.0,-1000.0
2964,0.0,38.0,-265.0,-8.0,57.0,-1.0,-4.0,130.0,-997.0
2965,3.0,35.0,-262.0,-9.0,58.0,-3.0,-9.0,133.0,-996.0
2966,2.0,39.0,-266.0,-10.0,58.0,-1.0,-6.0,135.0,-1002.0
2967,-1.0,39.0,-260.0,-10.0,58.0,-3.0,-8.0,135.0,-1002.0
2968,0.0,38.0,-262.0,-8.0,58.0,-1.0,-7.0,135.0,-999.0
2969,-3.0,37.0,-264.0,-9.0,57.0,-4.0,-10.0,134.0,-1000.0
2970,0.0,36.0,-266.0,-11.0,57.0,-2.0,-4.0,134.0,-1004.0
2971,-2.0,40.0,-268.0,-11.0,57.0,-3.0,-5.0,128.0,-1004.0
2972,1.0,35.0,-263.0,-11.0,59.0,-2.0,-5.0,131.0,-1003.0
2973,3.0,37.0,-265.0,-11.0,58.0,-4.0,-7.0,131.0,-1007.0
2974,3.0,37.0,-261.0,-11.0,59.0,-1.0,-9.0,130.0,-1003.0
2975,-2.0,36.0,-263.0,-11.0,58.0,-4.0,-7.0,132.0,-1005.0
2976,1.0,38.0,-263.0,-12.0,58.0,-3.0,-9.0,126.0,-1000.0
2977,3.0,39.0,-263.0,-12.0,58.0,-4.0,-10.0,134.0,-999.0
2978,0.0,37.0,-262.0,-11.0,58.0,-2.0,-11.0,133.0,-1001.0
2979,2.0,35.0,-259.0,-12.0,57.0,-4.0,-12.0,131.0,-1000.0
2980,2.0,37.0,-264.0,-13.0,59.0,-1.0,-6.0,132.0,-1002.0
2981,0.0,39.0,-265.0,-11.0,59.0,-4.0,-6.0,135.0,-999.0
2982,1.0,40.0,-262.0,-11.0,59.0,-3.0,-5.0,135.0,-1000.0
2983,-1.0,40.0,-263.0,-12.0,60.0,-5.0,-7.0,132.0,-1002.0
2984,2.0,38.0,-263.0,-12.0,61.0,-3.0,-6.0,134.0,-1002.0
2985,0.0,38.0,-262.0,-11.0,61.0,-3.0,-5.0,131.0,-998.0
2986,0.0,36.0,-261.0,-12.0,62.0,-3.0,-8.0,133.0,-1001.0
2987,0.0,39.0,-265.0,-11.0,61.0,-4.0,-5.0,133.0,-1000.0
2988,0.0,40.0,-264.0,-11.0,61.0,-1.0,-7.0,128.0,-1007.0
2989,-2.0,39.0,-262.0,-9.0,61.0,-3.0,-8.0,135.0,-1002.0
2990,-1.0,38.0,-262.0,-11.0,61.0,-1.0,-11.0,129.0,-997.0
2991,-1.0,39.0,-260.0,-11.0,59.0,-4.0,-10.0,132.0,-1000.0
2992,2.0,38.0,-262.0,-9.0,59.0,-2.0,-8.0,132.0,-1000.0
2993,0.0,37.0,-266.0,-9.0,59.0,-3.0,-5.0,130.0,-1001.0
2994,1.0,38.0,-264.0,-8.0,58.0,-2.0,-10.0,136.0,-1003.0
2995,-1.0,37.0,-263.0,-9.0,58.0,-3.0,-6.0,131.0,-1003.0
2996,0.0,35.0,-263.0,-9.0,59.0,-2.0,-10.0,135.0,-1002.0
2997,1.0,40.0,-262.0,-8.0,60.0,-3.0,-5.0,129.0,-1000.0
2998,-2.0,39.0,-266.0,-8.0,59.0,-2.0,-3.0,131.0,-1003.0
2999,1.0,38.0,-261.0,-9.0,59.0,-3.0,-4.0,134.0,-1000.0
