,acc1_x,acc1_y,acc1_z,gyro_x,gyro_y,gyro_z,acc2_x,acc2_y,acc2_z,label
0,43.0,-235.0,-56.0,-8.0,84.0,-219.0,139.0,-914.0,-148.0,2
1,43.0,-235.0,-57.0,-6.0,87.0,-208.0,135.0,-908.0,-151.0,2
2,42.0,-233.0,-55.0,-11.0,97.0,-198.0,131.0,-905.0,-162.0,2
3,37.0,-231.0,-56.0,-24.0,111.0,-182.0,124.0,-905.0,-158.0,2
4,36.0,-232.0,-57.0,-38.0,123.0,-165.0,123.0,-902.0,-149.0,2
5,31.0,-234.0,-51.0,-48.0,128.0,-151.0,113.0,-905.0,-145.0,2
6,28.0,-234.0,-55.0,-56.0,127.0,-136.0,113.0,-900.0,-136.0,2
7,39.0,-234.0,-47.0,-61.0,117.0,-123.0,102.0,-900.0,-135.0,2
8,38.0,-225.0,-47.0,-62.0,108.0,-107.0,104.0,-894.0,-126.0,2
9,33.0,-224.0,-57.0,-59.0,101.0,-94.0,98.0,-893.0,-145.0,2
10,31.0,-232.0,-53.0,-69.0,111.0,-74.0,103.0,-890.0,-146.0,2
11,40.0,-247.0,-48.0,-86.0,122.0,-55.0,111.0,-889.0,-132.0,2
12,30.0,-219.0,-51.0,-101.0,119.0,-47.0,111.0,-890.0,-125.0,2
13,41.0,-229.0,-48.0,-110.0,108.0,-41.0,106.0,-891.0,-133.0,2
14,38.0,-228.0,-64.0,-123.0,104.0,-35.0,102.0,-899.0,-131.0,2
15,31.0,-233.0,-43.0,-138.0,101.0,-25.0,97.0,-905.0,-127.0,2
16,29.0,-240.0,-43.0,-150.0,97.0,-14.0,93.0,-914.0,-126.0,2
17,35.0,-236.0,-56.0,-161.0,85.0,-7.0,88.0,-920.0,-126.0,2
18,27.0,-244.0,-46.0,-164.0,70.0,3.0,94.0,-928.0,-120.0,2
19,27.0,-239.0,-40.0,-165.0,56.0,10.0,91.0,-932.0,-112.0,2
20,28.0,-244.0,-41.0,-160.0,46.0,14.0,82.0,-941.0,-107.0,2
21,27.0,-241.0,-50.0,-152.0,39.0,19.0,77.0,-944.0,-97.0,2
22,29.0,-246.0,-43.0,-140.0,29.0,27.0,68.0,-936.0,-92.0,2
23,22.0,-250.0,-45.0,-128.0,11.0,36.0,67.0,-938.0,-99.0,2
24,13.0,-244.0,-17.0,-115.0,-7.0,45.0,69.0,-936.0,-111.0,2
25,23.0,-242.0,-49.0,-111.0,-21.0,57.0,69.0,-933.0,-121.0,2
26,24.0,-242.0,-50.0,-113.0,-36.0,66.0,72.0,-934.0,-122.0,2
27,27.0,-242.0,-51.0,-115.0,-52.0,75.0,75.0,-933.0,-124.0,2
28,23.0,-243.0,-49.0,-117.0,-70.0,83.0,75.0,-940.0,-127.0,2
29,25.0,-241.0,-46.0,-117.0,-91.0,90.0,76.0,-947.0,-125.0,2
30,29.0,-247.0,-47.0,-116.0,-113.0,95.0,74.0,-955.0,-122.0,2
31,30.0,-250.0,-50.0,-116.0,-133.0,96.0,71.0,-964.0,-114.0,2
32,27.0,-250.0,-47.0,-115.0,-150.0,99.0,70.0,-966.0,-112.0,2
33,26.0,-249.0,-46.0,-112.0,-163.0,99.0,68.0,-972.0,-105.0,2
34,28.0,-255.0,-34.0,-104.0,-178.0,101.0,75.0,-974.0,-103.0,2
35,29.0,-252.0,-43.0,-94.0,-194.0,99.0,82.0,-969.0,-99.0,2
36,31.0,-251.0,-40.0,-85.0,-204.0,99.0,91.0,-971.0,-98.0,2
37,33.0,-252.0,-42.0,-78.0,-212.0,96.0,96.0,-966.0,-100.0,2
38,33.0,-249.0,-44.0,-75.0,-220.0,93.0,100.0,-969.0,-101.0,2
39,32.0,-252.0,-44.0,-74.0,-229.0,88.0,99.0,-959.0,-97.0,2
40,33.0,-251.0,-43.0,-71.0,-241.0,82.0,96.0,-969.0,-99.0,2
41,31.0,-251.0,-45.0,-67.0,-253.0,77.0,97.0,-966.0,-99.0,2
42,30.0,-249.0,-47.0,-60.0,-267.0,79.0,101.0,-960.0,-103.0,2
43,34.0,-245.0,-46.0,-50.0,-280.0,77.0,110.0,-956.0,-114.0,2
44,36.0,-248.0,-49.0,-43.0,-294.0,79.0,124.0,-956.0,-121.0,2
45,39.0,-248.0,-49.0,-38.0,-305.0,75.0,124.0,-959.0,-124.0,2
46,41.0,-248.0,-47.0,-35.0,-320.0,71.0,129.0,-958.0,-121.0,2
47,40.0,-250.0,-50.0,-32.0,-332.0,70.0,129.0,-956.0,-115.0,2
48,39.0,-248.0,-47.0,-29.0,-346.0,70.0,122.0,-961.0,-123.0,2
49,39.0,-250.0,-47.0,-29.0,-358.0,67.0,116.0,-966.0,-120.0,2
50,36.0,-250.0,-48.0,-31.0,-364.0,69.0,110.0,-964.0,-123.0,2
51,36.0,-249.0,-50.0,-31.0,-368.0,70.0,110.0,-962.0,-129.0,2
52,34.0,-247.0,-49.0,-28.0,-375.0,70.0,108.0,-960.0,-133.0,2
53,38.0,-248.0,-57.0,-21.0,-384.0,67.0,105.0,-955.0,-140.0,2
54,32.0,-247.0,-55.0,-16.0,-389.0,68.0,103.0,-954.0,-149.0,2
55,32.0,-246.0,-59.0,-14.0,-395.0,63.0,100.0,-944.0,-155.0,2
56,35.0,-244.0,-60.0,-12.0,-399.0,63.0,105.0,-938.0,-158.0,2
57,42.0,-242.0,-60.0,-11.0,-406.0,61.0,118.0,-936.0,-167.0,2
58,42.0,-244.0,-60.0,-15.0,-413.0,60.0,130.0,-934.0,-167.0,2
59,43.0,-238.0,-57.0,-22.0,-421.0,54.0,128.0,-940.0,-163.0,2
60,41.0,-244.0,-56.0,-32.0,-429.0,54.0,129.0,-950.0,-153.0,2
61,43.0,-246.0,-54.0,-47.0,-442.0,51.0,125.0,-953.0,-142.0,2
62,36.0,-251.0,-52.0,-59.0,-451.0,55.0,129.0,-981.0,-130.0,2
63,39.0,-258.0,-45.0,-71.0,-460.0,56.0,126.0,-1006.0,-104.0,2
64,40.0,-264.0,-35.0,-75.0,-466.0,60.0,129.0,-1033.0,-85.0,2
65,37.0,-272.0,-37.0,-63.0,-476.0,53.0,129.0,-1054.0,-73.0,2
66,38.0,-276.0,-39.0,-40.0,-489.0,43.0,125.0,-1077.0,-79.0,2
67,39.0,-281.0,-43.0,-12.0,-511.0,25.0,116.0,-1100.0,-93.0,2
68,37.0,-286.0,-46.0,3.0,-537.0,12.0,117.0,-1129.0,-95.0,2
69,37.0,-292.0,-45.0,19.0,-567.0,-17.0,119.0,-1129.0,-109.0,2
70,36.0,-297.0,-45.0,46.0,-589.0,-36.0,106.0,-1137.0,-122.0,2
71,39.0,-290.0,-54.0,69.0,-606.0,-58.0,118.0,-1132.0,-132.0,2
72,40.0,-290.0,-55.0,86.0,-616.0,-79.0,125.0,-1125.0,-149.0,2
73,41.0,-284.0,-60.0,90.0,-621.0,-105.0,132.0,-1116.0,-160.0,2
74,44.0,-283.0,-59.0,86.0,-626.0,-123.0,136.0,-1102.0,-173.0,2
75,47.0,-278.0,-57.0,82.0,-634.0,-146.0,141.0,-1086.0,-173.0,2
76,46.0,-271.0,-61.0,91.0,-641.0,-163.0,147.0,-1066.0,-168.0,2
77,47.0,-270.0,-65.0,106.0,-643.0,-186.0,141.0,-1043.0,-178.0,2
78,45.0,-261.0,-65.0,116.0,-646.0,-198.0,140.0,-1022.0,-187.0,2
79,41.0,-257.0,-68.0,115.0,-654.0,-210.0,134.0,-1009.0,-204.0,2
80,43.0,-253.0,-73.0,105.0,-658.0,-213.0,133.0,-1000.0,-218.0,2
81,45.0,-252.0,-78.0,85.0,-657.0,-217.0,133.0,-976.0,-243.0,2
82,48.0,-248.0,-79.0,64.0,-648.0,-215.0,147.0,-972.0,-249.0,2
83,46.0,-251.0,-80.0,40.0,-630.0,-219.0,146.0,-973.0,-255.0,2
84,47.0,-252.0,-82.0,13.0,-607.0,-217.0,155.0,-1002.0,-254.0,2
85,50.0,-258.0,-81.0,-24.0,-579.0,-214.0,160.0,-1016.0,-253.0,2
86,51.0,-265.0,-80.0,-61.0,-547.0,-206.0,171.0,-1044.0,-244.0,2
87,59.0,-274.0,-79.0,-96.0,-515.0,-196.0,195.0,-1080.0,-238.0,2
88,71.0,-281.0,-88.0,-130.0,-481.0,-180.0,225.0,-1109.0,-252.0,2
89,81.0,-290.0,-87.0,-161.0,-442.0,-166.0,261.0,-1140.0,-263.0,2
90,93.0,-300.0,-88.0,-184.0,-398.0,-152.0,302.0,-1168.0,-276.0,2
91,98.0,-308.0,-97.0,-191.0,-357.0,-146.0,328.0,-1194.0,-294.0,2
92,105.0,-315.0,-95.0,-180.0,-310.0,-136.0,353.0,-1211.0,-299.0,2
93,99.0,-318.0,-92.0,-141.0,-283.0,-147.0,336.0,-1221.0,-293.0,2
94,91.0,-319.0,-84.0,-89.0,-255.0,-147.0,314.0,-1233.0,-264.0,2
95,81.0,-319.0,-77.0,-31.0,-229.0,-150.0,275.0,-1220.0,-224.0,2
96,69.0,-310.0,-65.0,25.0,-205.0,-144.0,232.0,-1196.0,-190.0,2
97,61.0,-299.0,-60.0,78.0,-182.0,-135.0,194.0,-1148.0,-169.0,2
98,53.0,-286.0,-59.0,129.0,-163.0,-112.0,175.0,-1111.0,-158.0,2
99,47.0,-273.0,-61.0,173.0,-151.0,-96.0,146.0,-1072.0,-167.0,2
100,39.0,-265.0,-63.0,204.0,-147.0,-76.0,124.0,-1027.0,-184.0,2
101,31.0,-254.0,-67.0,229.0,-154.0,-66.0,102.0,-974.0,-192.0,2
102,29.0,-242.0,-66.0,252.0,-170.0,-53.0,87.0,-934.0,-186.0,2
103,30.0,-231.0,-60.0,276.0,-195.0,-41.0,89.0,-901.0,-178.0,2
104,25.0,-223.0,-58.0,310.0,-212.0,-32.0,82.0,-869.0,-162.0,2
105,25.0,-213.0,-60.0,331.0,-220.0,-24.0,68.0,-849.0,-157.0,2
106,18.0,-209.0,-57.0,340.0,-216.0,-8.0,58.0,-827.0,-162.0,2
107,15.0,-206.0,-60.0,329.0,-207.0,3.0,36.0,-822.0,-165.0,2
108,11.0,-207.0,-62.0,302.0,-200.0,18.0,19.0,-826.0,-169.0,2
109,4.0,-211.0,-60.0,270.0,-205.0,26.0,0.0,-822.0,-174.0,2
110,1.0,-215.0,-63.0,235.0,-225.0,39.0,-14.0,-833.0,-172.0,2
111,2.0,-218.0,-62.0,206.0,-253.0,45.0,-11.0,-848.0,-178.0,2
112,5.0,-222.0,-60.0,179.0,-283.0,54.0,-1.0,-868.0,-186.0,2
113,8.0,-228.0,-66.0,153.0,-308.0,55.0,2.0,-889.0,-191.0,2
114,12.0,-230.0,-69.0,139.0,-326.0,60.0,18.0,-903.0,-191.0,2
115,18.0,-238.0,-68.0,139.0,-343.0,61.0,41.0,-921.0,-199.0,2
116,21.0,-241.0,-67.0,150.0,-350.0,60.0,64.0,-932.0,-201.0,2
117,29.0,-246.0,-67.0,168.0,-351.0,53.0,75.0,-943.0,-206.0,2
118,31.0,-243.0,-67.0,182.0,-342.0,50.0,93.0,-946.0,-210.0,2
119,36.0,-243.0,-73.0,196.0,-321.0,41.0,103.0,-943.0,-217.0,2
120,39.0,-243.0,-76.0,197.0,-296.0,39.0,111.0,-940.0,-227.0,2
121,43.0,-242.0,-79.0,194.0,-273.0,34.0,129.0,-939.0,-255.0,2
122,50.0,-241.0,-85.0,182.0,-252.0,35.0,163.0,-944.0,-271.0,2
123,53.0,-244.0,-94.0,165.0,-234.0,32.0,176.0,-954.0,-291.0,2
124,55.0,-243.0,-95.0,147.0,-216.0,34.0,188.0,-955.0,-310.0,2
125,54.0,-249.0,-94.0,141.0,-201.0,34.0,185.0,-963.0,-320.0,2
126,52.0,-250.0,-98.0,152.0,-185.0,36.0,173.0,-965.0,-324.0,2
127,44.0,-249.0,-101.0,177.0,-172.0,36.0,146.0,-955.0,-327.0,2
128,39.0,-244.0,-102.0,202.0,-160.0,45.0,117.0,-951.0,-336.0,2
129,28.0,-241.0,-103.0,214.0,-155.0,50.0,85.0,-935.0,-335.0,2
130,22.0,-235.0,-100.0,219.0,-156.0,61.0,57.0,-915.0,-342.0,2
131,16.0,-232.0,-103.0,220.0,-164.0,71.0,42.0,-903.0,-334.0,2
132,14.0,-226.0,-99.0,223.0,-169.0,86.0,22.0,-883.0,-333.0,2
133,8.0,-224.0,-104.0,230.0,-169.0,100.0,7.0,-877.0,-347.0,2
134,5.0,-221.0,-105.0,229.0,-168.0,119.0,-8.0,-865.0,-347.0,2
135,1.0,-219.0,-111.0,230.0,-169.0,130.0,-20.0,-861.0,-359.0,2
136,1.0,-221.0,-107.0,228.0,-175.0,143.0,-37.0,-870.0,-366.0,2
137,-9.0,-221.0,-108.0,225.0,-189.0,148.0,-51.0,-878.0,-382.0,2
138,-9.0,-225.0,-113.0,214.0,-199.0,159.0,-60.0,-878.0,-373.0,2
139,-7.0,-226.0,-109.0,206.0,-199.0,166.0,-56.0,-882.0,-362.0,2
140,-1.0,-229.0,-110.0,200.0,-181.0,175.0,-36.0,-900.0,-360.0,2
141,3.0,-234.0,-105.0,184.0,-154.0,178.0,-21.0,-907.0,-335.0,2
142,5.0,-232.0,-100.0,165.0,-116.0,184.0,-14.0,-908.0,-329.0,2
143,10.0,-239.0,-96.0,156.0,-75.0,182.0,4.0,-918.0,-303.0,2
144,16.0,-240.0,-86.0,156.0,-38.0,180.0,16.0,-925.0,-281.0,2
145,20.0,-242.0,-89.0,162.0,-3.0,177.0,31.0,-940.0,-278.0,2
146,16.0,-247.0,-79.0,160.0,25.0,180.0,36.0,-950.0,-270.0,2
147,20.0,-248.0,-78.0,158.0,48.0,181.0,36.0,-951.0,-230.0,2
148,21.0,-247.0,-71.0,174.0,69.0,180.0,59.0,-962.0,-244.0,2
149,26.0,-248.0,-76.0,182.0,94.0,171.0,64.0,-966.0,-228.0,2
150,27.0,-248.0,-73.0,180.0,119.0,174.0,64.0,-962.0,-220.0,2
151,26.0,-250.0,-73.0,177.0,156.0,179.0,65.0,-970.0,-213.0,2
152,18.0,-251.0,-70.0,167.0,190.0,188.0,54.0,-977.0,-213.0,2
153,19.0,-254.0,-69.0,153.0,213.0,198.0,35.0,-986.0,-204.0,2
154,16.0,-256.0,-70.0,146.0,225.0,211.0,38.0,-1005.0,-205.0,2
155,17.0,-257.0,-62.0,141.0,233.0,218.0,34.0,-1000.0,-195.0,2
156,15.0,-257.0,-64.0,137.0,250.0,233.0,13.0,-1005.0,-196.0,2
157,8.0,-259.0,-65.0,137.0,271.0,247.0,3.0,-1005.0,-198.0,2
158,10.0,-260.0,-68.0,138.0,291.0,267.0,8.0,-1006.0,-186.0,2
159,13.0,-259.0,-72.0,144.0,304.0,279.0,16.0,-1007.0,-215.0,2
160,3.0,-255.0,-75.0,139.0,328.0,287.0,-5.0,-1001.0,-219.0,2
161,-6.0,-256.0,-70.0,141.0,345.0,293.0,-37.0,-997.0,-213.0,2
162,-5.0,-253.0,-75.0,158.0,340.0,308.0,-42.0,-980.0,-225.0,2
163,-5.0,-253.0,-79.0,180.0,315.0,315.0,-41.0,-973.0,-247.0,2
164,-10.0,-251.0,-77.0,194.0,289.0,317.0,-51.0,-962.0,-247.0,2
165,-9.0,-248.0,-78.0,199.0,267.0,322.0,-61.0,-950.0,-241.0,2
166,-12.0,-243.0,-71.0,194.0,250.0,334.0,-74.0,-932.0,-230.0,2
167,-11.0,-236.0,-59.0,191.0,240.0,332.0,-80.0,-913.0,-181.0,2
168,-12.0,-232.0,-61.0,206.0,231.0,327.0,-75.0,-904.0,-178.0,2
169,-12.0,-227.0,-63.0,216.0,225.0,313.0,-79.0,-888.0,-172.0,2
170,-14.0,-226.0,-67.0,217.0,224.0,298.0,-86.0,-879.0,-186.0,2
171,-16.0,-224.0,-69.0,196.0,216.0,300.0,-91.0,-873.0,-197.0,2
172,-13.0,-222.0,-69.0,174.0,200.0,319.0,-88.0,-873.0,-205.0,2
173,-14.0,-226.0,-66.0,153.0,180.0,339.0,-96.0,-870.0,-209.0,2
174,-17.0,-223.0,-73.0,139.0,167.0,348.0,-97.0,-856.0,-213.0,2
175,-19.0,-216.0,-73.0,131.0,168.0,328.0,-112.0,-849.0,-215.0,2
176,-25.0,-217.0,-67.0,113.0,163.0,304.0,-117.0,-846.0,-217.0,2
177,-21.0,-216.0,-70.0,86.0,143.0,293.0,-107.0,-850.0,-212.0,2
178,-16.0,-223.0,-70.0,48.0,123.0,291.0,-87.0,-857.0,-200.0,2
179,-12.0,-221.0,-65.0,14.0,109.0,284.0,-69.0,-865.0,-185.0,2
180,-9.0,-225.0,-65.0,-17.0,102.0,279.0,-64.0,-881.0,-185.0,2
181,-11.0,-230.0,-64.0,-46.0,102.0,274.0,-61.0,-894.0,-186.0,2
182,-6.0,-235.0,-60.0,-71.0,105.0,282.0,-49.0,-914.0,-178.0,2
183,-6.0,-239.0,-58.0,-91.0,104.0,283.0,-41.0,-921.0,-170.0,2
184,-4.0,-245.0,-58.0,-92.0,100.0,281.0,-43.0,-929.0,-158.0,2
185,-6.0,-243.0,-57.0,-85.0,103.0,259.0,-45.0,-948.0,-150.0,2
186,-6.0,-247.0,-53.0,-82.0,103.0,228.0,-51.0,-954.0,-151.0,2
187,-7.0,-245.0,-56.0,-84.0,101.0,204.0,-46.0,-955.0,-140.0,2
188,-4.0,-249.0,-55.0,-81.0,98.0,190.0,-41.0,-960.0,-138.0,2
189,-1.0,-250.0,-50.0,-73.0,101.0,181.0,-32.0,-962.0,-129.0,2
190,-1.0,-251.0,-53.0,-59.0,104.0,175.0,-35.0,-965.0,-135.0,2
191,-3.0,-251.0,-53.0,-49.0,99.0,182.0,-37.0,-967.0,-139.0,2
192,-4.0,-252.0,-56.0,-33.0,100.0,190.0,-47.0,-959.0,-142.0,2
193,-11.0,-245.0,-55.0,-17.0,104.0,185.0,-61.0,-951.0,-144.0,2
194,-12.0,-245.0,-54.0,-4.0,111.0,160.0,-69.0,-943.0,-151.0,2
195,-11.0,-244.0,-56.0,3.0,112.0,133.0,-83.0,-932.0,-158.0,2
196,-14.0,-241.0,-56.0,-1.0,107.0,118.0,-85.0,-930.0,-151.0,2
197,-12.0,-245.0,-54.0,-9.0,101.0,110.0,-80.0,-930.0,-148.0,2
198,-13.0,-243.0,-52.0,-16.0,94.0,104.0,-89.0,-944.0,-127.0,2
199,-11.0,-247.0,-48.0,-20.0,91.0,99.0,-80.0,-942.0,-124.0,2
200,-11.0,-248.0,-47.0,-16.0,91.0,92.0,-77.0,-951.0,-109.0,2
201,-10.0,-246.0,-45.0,-5.0,104.0,82.0,-65.0,-948.0,-98.0,2
202,-7.0,-244.0,-45.0,10.0,120.0,69.0,-50.0,-946.0,-101.0,2
203,-4.0,-244.0,-43.0,26.0,137.0,60.0,-36.0,-937.0,-107.0,2
204,5.0,-241.0,-50.0,39.0,157.0,50.0,-17.0,-926.0,-117.0,2
205,7.0,-241.0,-51.0,40.0,169.0,37.0,-7.0,-921.0,-135.0,2
206,8.0,-236.0,-53.0,38.0,182.0,26.0,0.0,-912.0,-135.0,2
207,7.0,-236.0,-53.0,25.0,193.0,15.0,0.0,-905.0,-134.0,2
208,8.0,-236.0,-54.0,10.0,201.0,5.0,-1.0,-905.0,-125.0,2
209,5.0,-233.0,-43.0,-6.0,206.0,-6.0,-9.0,-905.0,-112.0,2
210,3.0,-235.0,-46.0,-24.0,211.0,-13.0,-14.0,-904.0,-111.0,2
211,-1.0,-233.0,-48.0,-43.0,217.0,-20.0,-23.0,-908.0,-107.0,2
212,-2.0,-236.0,-43.0,-67.0,222.0,-23.0,-31.0,-916.0,-102.0,2
213,-4.0,-240.0,-43.0,-94.0,227.0,-28.0,-39.0,-925.0,-103.0,2
214,-7.0,-242.0,-45.0,-118.0,230.0,-35.0,-49.0,-948.0,-98.0,2
215,-8.0,-248.0,-44.0,-135.0,227.0,-38.0,-61.0,-959.0,-97.0,2
216,-9.0,-252.0,-44.0,-147.0,223.0,-39.0,-68.0,-977.0,-94.0,2
217,-12.0,-256.0,-40.0,-150.0,217.0,-41.0,-78.0,-999.0,-98.0,2
218,-18.0,-260.0,-43.0,-148.0,209.0,-40.0,-102.0,-1003.0,-98.0,2
219,-22.0,-259.0,-45.0,-141.0,200.0,-38.0,-120.0,-1010.0,-104.0,2
220,-28.0,-260.0,-47.0,-134.0,185.0,-34.0,-132.0,-1012.0,-108.0,2
221,-30.0,-259.0,-51.0,-129.0,163.0,-24.0,-142.0,-1006.0,-133.0,2
222,-27.0,-258.0,-54.0,-133.0,138.0,-13.0,-139.0,-1007.0,-148.0,2
223,-30.0,-257.0,-60.0,-144.0,118.0,0.0,-141.0,-1008.0,-159.0,2
224,-32.0,-258.0,-53.0,-156.0,106.0,13.0,-139.0,-1010.0,-165.0,2
225,-31.0,-259.0,-57.0,-164.0,103.0,30.0,-147.0,-1013.0,-161.0,2
226,-24.0,-263.0,-58.0,-167.0,101.0,51.0,-125.0,-1017.0,-160.0,2
227,-16.0,-262.0,-54.0,-168.0,94.0,70.0,-97.0,-1022.0,-152.0,2
228,-10.0,-267.0,-54.0,-166.0,76.0,117.0,-73.0,-1039.0,-137.0,2
229,-10.0,-266.0,-50.0,-154.0,73.0,148.0,-72.0,-1022.0,-130.0,2
230,-11.0,-260.0,-52.0,-127.0,93.0,139.0,-72.0,-1014.0,-128.0,2
231,-8.0,-261.0,-48.0,-101.0,108.0,128.0,-59.0,-999.0,-126.0,2
232,-3.0,-255.0,-52.0,-80.0,113.0,116.0,-44.0,-986.0,-134.0,2
233,-2.0,-253.0,-54.0,-66.0,113.0,114.0,-28.0,-974.0,-133.0,2
234,0.0,-250.0,-53.0,-68.0,105.0,138.0,-20.0,-979.0,-135.0,2
235,4.0,-255.0,-52.0,-78.0,103.0,172.0,-20.0,-973.0,-130.0,2
236,1.0,-254.0,-49.0,-89.0,121.0,184.0,-26.0,-974.0,-118.0,2
237,-3.0,-254.0,-42.0,-86.0,145.0,184.0,-42.0,-973.0,-96.0,2
238,-8.0,-255.0,-41.0,-70.0,166.0,170.0,-54.0,-977.0,-86.0,2
239,-8.0,-251.0,-38.0,-51.0,186.0,139.0,-62.0,-970.0,-70.0,2
240,-4.0,-255.0,-36.0,-25.0,207.0,102.0,-59.0,-986.0,-78.0,2
241,-2.0,-259.0,-36.0,-16.0,221.0,64.0,-37.0,-1002.0,-75.0,2
242,2.0,-261.0,-36.0,-12.0,235.0,39.0,-18.0,-1021.0,-69.0,2
243,4.0,-264.0,-34.0,-13.0,251.0,29.0,-17.0,-1028.0,-64.0,2
244,3.0,-264.0,-34.0,-7.0,266.0,22.0,-15.0,-1033.0,-52.0,2
245,4.0,-267.0,-32.0,8.0,282.0,24.0,-15.0,-1036.0,-44.0,2
246,-1.0,-267.0,-31.0,28.0,312.0,21.0,-28.0,-1043.0,-46.0,2
247,1.0,-269.0,-32.0,40.0,346.0,20.0,-30.0,-1040.0,-41.0,2
248,5.0,-265.0,-31.0,44.0,378.0,17.0,-21.0,-1036.0,-46.0,2
249,3.0,-263.0,-29.0,39.0,413.0,14.0,-18.0,-1025.0,-31.0,2
250,4.0,-262.0,-23.0,38.0,438.0,11.0,-18.0,-1017.0,-16.0,2
251,3.0,-262.0,-20.0,44.0,457.0,10.0,-25.0,-1016.0,-4.0,2
252,-5.0,-262.0,-16.0,64.0,462.0,9.0,-37.0,-1014.0,-1.0,2
253,-7.0,-260.0,-17.0,85.0,461.0,9.0,-46.0,-1000.0,15.0,2
254,-9.0,-256.0,-17.0,104.0,455.0,10.0,-59.0,-992.0,-1.0,2
255,-8.0,-255.0,-18.0,111.0,449.0,19.0,-56.0,-981.0,-8.0,2
256,-8.0,-248.0,-20.0,104.0,450.0,28.0,-57.0,-961.0,1.0,2
257,-10.0,-244.0,-14.0,99.0,453.0,35.0,-64.0,-950.0,12.0,2
258,-11.0,-246.0,-15.0,103.0,456.0,35.0,-77.0,-943.0,15.0,2
259,-15.0,-242.0,-13.0,106.0,457.0,31.0,-87.0,-935.0,12.0,2
260,-16.0,-239.0,-14.0,106.0,462.0,25.0,-96.0,-914.0,14.0,2
261,-12.0,-237.0,-19.0,103.0,476.0,18.0,-91.0,-916.0,0.0,2
262,-13.0,-234.0,-15.0,89.0,495.0,8.0,-90.0,-903.0,13.0,2
263,-12.0,-234.0,-14.0,81.0,508.0,2.0,-79.0,-900.0,10.0,2
264,-10.0,-235.0,-18.0,76.0,512.0,-12.0,-68.0,-900.0,14.0,2
265,-9.0,-233.0,-17.0,71.0,509.0,-28.0,-64.0,-899.0,15.0,2
266,-9.0,-231.0,-18.0,61.0,502.0,-50.0,-60.0,-901.0,7.0,2
267,-11.0,-235.0,-17.0,45.0,497.0,-72.0,-68.0,-907.0,6.0,2
268,-10.0,-235.0,-17.0,24.0,497.0,-96.0,-66.0,-912.0,15.0,2
269,-12.0,-239.0,-15.0,2.0,498.0,-117.0,-98.0,-917.0,22.0,2
270,-18.0,-240.0,-11.0,-16.0,505.0,-140.0,-103.0,-920.0,32.0,2
271,-18.0,-247.0,-11.0,-29.0,516.0,-156.0,-109.0,-929.0,26.0,2
272,-23.0,-246.0,-12.0,-41.0,520.0,-172.0,-127.0,-943.0,21.0,2
273,-27.0,-247.0,-9.0,-51.0,526.0,-182.0,-125.0,-951.0,29.0,2
274,-28.0,-249.0,-10.0,-54.0,526.0,-190.0,-128.0,-949.0,24.0,2
275,-29.0,-248.0,-12.0,-51.0,524.0,-194.0,-133.0,-954.0,25.0,2
276,-26.0,-249.0,-11.0,-42.0,517.0,-201.0,-136.0,-952.0,26.0,2
277,-29.0,-247.0,-16.0,-36.0,507.0,-202.0,-138.0,-954.0,23.0,2
278,-24.0,-250.0,-12.0,-33.0,497.0,-208.0,-131.0,-959.0,26.0,2
279,-25.0,-248.0,-18.0,-39.0,484.0,-209.0,-120.0,-956.0,7.0,2
280,-22.0,-244.0,-26.0,-59.0,468.0,-214.0,-125.0,-961.0,-32.0,2
281,-21.0,-248.0,-45.0,-98.0,454.0,-209.0,-125.0,-962.0,-96.0,2
282,-27.0,-254.0,-56.0,-188.0,452.0,-201.0,-136.0,-980.0,-155.0,2
283,-28.0,-257.0,-71.0,-279.0,457.0,-180.0,-143.0,-1019.0,-217.0,2
284,-29.0,-269.0,-75.0,-369.0,460.0,-162.0,-163.0,-1060.0,-247.0,2
285,-39.0,-287.0,-73.0,-431.0,448.0,-137.0,-178.0,-1121.0,-219.0,2
286,-49.0,-308.0,-64.0,-445.0,413.0,-115.0,-216.0,-1174.0,-183.0,2
287,-53.0,-323.0,-52.0,-403.0,351.0,-87.0,-230.0,-1230.0,-152.0,2
288,-56.0,-332.0,-54.0,-330.0,271.0,-61.0,-245.0,-1263.0,-136.0,2
289,-58.0,-333.0,-55.0,-254.0,191.0,-34.0,-242.0,-1276.0,-155.0,2
290,-48.0,-328.0,-64.0,-192.0,122.0,-10.0,-233.0,-1261.0,-182.0,2
291,-42.0,-323.0,-76.0,-150.0,70.0,24.0,-199.0,-1242.0,-238.0,2
292,-36.0,-317.0,-86.0,-133.0,40.0,49.0,-177.0,-1216.0,-274.0,2
293,-33.0,-316.0,-89.0,-126.0,14.0,82.0,-156.0,-1213.0,-303.0,2
294,-34.0,-313.0,-90.0,-122.0,-15.0,103.0,-167.0,-1211.0,-299.0,2
295,-39.0,-317.0,-88.0,-115.0,-54.0,128.0,-185.0,-1213.0,-290.0,2
296,-43.0,-318.0,-82.0,-96.0,-97.0,153.0,-196.0,-1225.0,-274.0,2
297,-41.0,-322.0,-76.0,-68.0,-144.0,187.0,-187.0,-1233.0,-255.0,2
298,-35.0,-318.0,-77.0,-31.0,-192.0,214.0,-168.0,-1232.0,-242.0,2
299,-28.0,-318.0,-72.0,11.0,-237.0,237.0,-137.0,-1216.0,-215.0,2
300,-19.0,-312.0,-69.0,60.0,-275.0,246.0,-107.0,-1196.0,-202.0,2
301,-12.0,-305.0,-59.0,108.0,-303.0,251.0,-70.0,-1165.0,-174.0,2
302,-3.0,-294.0,-62.0,159.0,-323.0,242.0,-43.0,-1134.0,-167.0,2
303,10.0,-281.0,-60.0,209.0,-327.0,226.0,-3.0,-1101.0,-163.0,2
304,17.0,-271.0,-58.0,249.0,-316.0,189.0,16.0,-1059.0,-159.0,2
305,18.0,-261.0,-58.0,275.0,-296.0,159.0,41.0,-1028.0,-167.0,2
306,19.0,-249.0,-61.0,269.0,-272.0,118.0,49.0,-986.0,-167.0,2
307,16.0,-239.0,-64.0,255.0,-247.0,78.0,42.0,-937.0,-174.0,2
308,21.0,-237.0,-63.0,237.0,-212.0,40.0,42.0,-910.0,-175.0,2
309,22.0,-230.0,-63.0,222.0,-160.0,10.0,43.0,-893.0,-173.0,2
310,24.0,-231.0,-64.0,213.0,-100.0,-21.0,53.0,-886.0,-178.0,2
311,25.0,-229.0,-69.0,211.0,-38.0,-48.0,59.0,-889.0,-192.0,2
312,30.0,-230.0,-71.0,217.0,17.0,-76.0,80.0,-893.0,-207.0,2
313,36.0,-231.0,-74.0,224.0,68.0,-92.0,102.0,-898.0,-230.0,2
314,38.0,-230.0,-82.0,222.0,116.0,-114.0,110.0,-902.0,-254.0,2
315,40.0,-235.0,-85.0,217.0,164.0,-133.0,121.0,-910.0,-276.0,2
316,35.0,-232.0,-87.0,195.0,198.0,-147.0,117.0,-909.0,-283.0,2
317,37.0,-233.0,-88.0,179.0,223.0,-148.0,115.0,-909.0,-282.0,2
318,40.0,-233.0,-89.0,167.0,238.0,-148.0,122.0,-911.0,-278.0,2
319,39.0,-230.0,-91.0,152.0,251.0,-140.0,118.0,-904.0,-290.0,2
320,38.0,-221.0,-93.0,123.0,265.0,-132.0,119.0,-875.0,-292.0,2
321,35.0,-223.0,-94.0,95.0,280.0,-112.0,103.0,-878.0,-314.0,2
322,29.0,-220.0,-96.0,68.0,296.0,-92.0,79.0,-867.0,-317.0,2
323,24.0,-218.0,-96.0,51.0,307.0,-69.0,63.0,-852.0,-322.0,2
324,16.0,-216.0,-104.0,45.0,305.0,-49.0,39.0,-845.0,-332.0,2
325,11.0,-212.0,-105.0,35.0,290.0,-20.0,23.0,-832.0,-345.0,2
326,7.0,-212.0,-104.0,25.0,266.0,11.0,2.0,-818.0,-350.0,2
327,2.0,-203.0,-108.0,10.0,245.0,38.0,-22.0,-806.0,-363.0,2
328,-1.0,-203.0,-110.0,-3.0,228.0,56.0,-30.0,-803.0,-367.0,2
329,-4.0,-206.0,-109.0,-19.0,211.0,76.0,-39.0,-805.0,-368.0,2
330,-4.0,-202.0,-112.0,-43.0,200.0,88.0,-27.0,-804.0,-377.0,2
331,1.0,-205.0,-112.0,-74.0,201.0,102.0,-15.0,-809.0,-370.0,2
332,11.0,-207.0,-110.0,-98.0,210.0,109.0,7.0,-820.0,-357.0,2
333,17.0,-210.0,-99.0,-109.0,223.0,119.0,39.0,-833.0,-338.0,2
334,28.0,-217.0,-104.0,-111.0,236.0,115.0,73.0,-851.0,-345.0,2
335,34.0,-219.0,-104.0,-123.0,255.0,105.0,103.0,-864.0,-347.0,2
336,45.0,-226.0,-101.0,-139.0,267.0,84.0,134.0,-873.0,-323.0,2
337,41.0,-228.0,-98.0,-143.0,272.0,59.0,137.0,-887.0,-316.0,2
338,42.0,-234.0,-99.0,-134.0,275.0,28.0,133.0,-901.0,-323.0,2
339,42.0,-239.0,-106.0,-133.0,281.0,1.0,120.0,-923.0,-343.0,2
340,35.0,-249.0,-103.0,-136.0,291.0,-28.0,99.0,-969.0,-342.0,2
341,33.0,-259.0,-101.0,-145.0,302.0,-45.0,102.0,-1014.0,-350.0,2
342,32.0,-266.0,-103.0,-157.0,299.0,-67.0,97.0,-1051.0,-340.0,2
343,25.0,-276.0,-96.0,-164.0,290.0,-89.0,72.0,-1068.0,-312.0,2
344,17.0,-280.0,-83.0,-142.0,274.0,-111.0,43.0,-1079.0,-278.0,2
345,10.0,-284.0,-85.0,-88.0,243.0,-126.0,18.0,-1093.0,-256.0,2
346,4.0,-279.0,-77.0,-21.0,203.0,-148.0,3.0,-1080.0,-242.0,2
347,0.0,-276.0,-78.0,45.0,165.0,-158.0,-11.0,-1064.0,-239.0,2
348,2.0,-270.0,-78.0,115.0,129.0,-169.0,-15.0,-1044.0,-238.0,2
349,2.0,-260.0,-77.0,172.0,107.0,-174.0,-14.0,-1018.0,-239.0,2
350,4.0,-259.0,-73.0,195.0,95.0,-186.0,-15.0,-1004.0,-235.0,2
351,8.0,-254.0,-72.0,199.0,86.0,-196.0,-2.0,-975.0,-220.0,2
352,8.0,-247.0,-66.0,194.0,68.0,-213.0,8.0,-967.0,-200.0,2
353,13.0,-249.0,-64.0,189.0,50.0,-227.0,19.0,-958.0,-182.0,2
354,18.0,-251.0,-57.0,183.0,33.0,-247.0,45.0,-965.0,-169.0,2
355,26.0,-253.0,-58.0,169.0,21.0,-258.0,65.0,-977.0,-165.0,2
356,29.0,-256.0,-60.0,156.0,15.0,-270.0,80.0,-999.0,-168.0,2
357,28.0,-258.0,-61.0,149.0,11.0,-275.0,78.0,-1012.0,-185.0,2
358,29.0,-261.0,-66.0,151.0,9.0,-281.0,81.0,-1023.0,-188.0,2
359,29.0,-263.0,-65.0,163.0,-8.0,-278.0,78.0,-1031.0,-198.0,2
360,21.0,-262.0,-72.0,188.0,-24.0,-284.0,56.0,-1031.0,-212.0,2
361,21.0,-263.0,-70.0,208.0,-36.0,-279.0,44.0,-1020.0,-223.0,2
362,14.0,-259.0,-73.0,223.0,-40.0,-277.0,31.0,-1005.0,-230.0,2
363,12.0,-252.0,-77.0,231.0,-45.0,-277.0,24.0,-978.0,-225.0,2
364,10.0,-247.0,-69.0,232.0,-49.0,-282.0,16.0,-951.0,-221.0,2
365,7.0,-234.0,-70.0,228.0,-51.0,-285.0,5.0,-914.0,-208.0,2
366,3.0,-228.0,-69.0,224.0,-48.0,-290.0,-11.0,-899.0,-202.0,2
367,0.0,-226.0,-72.0,205.0,-38.0,-285.0,-19.0,-883.0,-207.0,2
368,4.0,-222.0,-66.0,172.0,-26.0,-280.0,-14.0,-865.0,-189.0,2
369,-2.0,-212.0,-55.0,139.0,-12.0,-270.0,-2.0,-850.0,-183.0,2
370,8.0,-219.0,-61.0,113.0,1.0,-268.0,12.0,-851.0,-188.0,2
371,13.0,-217.0,-64.0,82.0,17.0,-266.0,25.0,-852.0,-191.0,2
372,18.0,-216.0,-60.0,54.0,30.0,-270.0,37.0,-854.0,-181.0,2
373,17.0,-223.0,-64.0,37.0,23.0,-276.0,60.0,-872.0,-187.0,2
374,23.0,-228.0,-56.0,16.0,6.0,-288.0,52.0,-863.0,-167.0,2
375,21.0,-226.0,-54.0,17.0,-2.0,-292.0,56.0,-877.0,-148.0,2
376,19.0,-227.0,-52.0,25.0,-25.0,-297.0,51.0,-877.0,-129.0,2
377,21.0,-229.0,-51.0,32.0,-42.0,-290.0,54.0,-894.0,-139.0,2
378,22.0,-233.0,-53.0,19.0,-49.0,-284.0,61.0,-904.0,-135.0,2
379,19.0,-237.0,-48.0,-2.0,-62.0,-280.0,55.0,-911.0,-116.0,2
380,18.0,-240.0,-53.0,-16.0,-86.0,-275.0,46.0,-926.0,-128.0,2
381,19.0,-245.0,-55.0,-29.0,-105.0,-270.0,58.0,-944.0,-142.0,2
382,17.0,-244.0,-58.0,-42.0,-114.0,-268.0,53.0,-951.0,-150.0,2
383,21.0,-244.0,-59.0,-42.0,-117.0,-258.0,48.0,-950.0,-164.0,2
384,21.0,-244.0,-60.0,-38.0,-112.0,-248.0,42.0,-939.0,-175.0,2
385,15.0,-244.0,-64.0,-41.0,-105.0,-227.0,45.0,-941.0,-187.0,2
386,19.0,-242.0,-63.0,-53.0,-105.0,-213.0,44.0,-931.0,-185.0,2
387,16.0,-239.0,-60.0,-66.0,-110.0,-198.0,48.0,-936.0,-167.0,2
388,17.0,-240.0,-55.0,-72.0,-117.0,-190.0,39.0,-929.0,-150.0,2
389,15.0,-239.0,-56.0,-75.0,-120.0,-176.0,35.0,-931.0,-142.0,2
390,17.0,-240.0,-49.0,-79.0,-122.0,-161.0,35.0,-929.0,-138.0,2
391,21.0,-241.0,-50.0,-81.0,-122.0,-146.0,39.0,-927.0,-128.0,2
392,22.0,-239.0,-50.0,-79.0,-123.0,-132.0,48.0,-923.0,-126.0,2
393,25.0,-237.0,-49.0,-74.0,-125.0,-121.0,66.0,-922.0,-121.0,2
394,27.0,-236.0,-50.0,-68.0,-129.0,-115.0,75.0,-916.0,-124.0,2
395,29.0,-238.0,-55.0,-63.0,-133.0,-109.0,81.0,-918.0,-131.0,2
396,29.0,-237.0,-50.0,-61.0,-135.0,-110.0,81.0,-914.0,-134.0,2
397,29.0,-235.0,-62.0,-65.0,-137.0,-102.0,79.0,-911.0,-149.0,2
398,25.0,-236.0,-60.0,-74.0,-142.0,-98.0,71.0,-916.0,-150.0,2
399,25.0,-238.0,-58.0,-86.0,-151.0,-90.0,68.0,-917.0,-163.0,2
400,25.0,-239.0,-56.0,-103.0,-151.0,-84.0,72.0,-932.0,-155.0,2
401,26.0,-243.0,-56.0,-119.0,-148.0,-74.0,75.0,-944.0,-147.0,2
402,27.0,-249.0,-56.0,-134.0,-142.0,-67.0,70.0,-957.0,-139.0,2
403,27.0,-253.0,-53.0,-142.0,-136.0,-56.0,72.0,-974.0,-133.0,2
404,29.0,-257.0,-53.0,-141.0,-130.0,-52.0,77.0,-1003.0,-128.0,2
405,31.0,-261.0,-52.0,-129.0,-125.0,-46.0,81.0,-1020.0,-123.0,2
406,30.0,-262.0,-46.0,-114.0,-121.0,-45.0,89.0,-1032.0,-124.0,2
407,30.0,-268.0,-46.0,-98.0,-122.0,-44.0,87.0,-1038.0,-112.0,2
408,31.0,-267.0,-47.0,-78.0,-121.0,-47.0,90.0,-1042.0,-113.0,2
409,29.0,-268.0,-46.0,-59.0,-121.0,-49.0,81.0,-1049.0,-110.0,2
410,30.0,-269.0,-47.0,-43.0,-124.0,-55.0,85.0,-1048.0,-107.0,2
411,30.0,-267.0,-48.0,-31.0,-128.0,-61.0,81.0,-1044.0,-116.0,2
412,25.0,-266.0,-45.0,-26.0,-132.0,-69.0,74.0,-1040.0,-116.0,2
413,25.0,-267.0,-47.0,-26.0,-138.0,-73.0,78.0,-1036.0,-116.0,2
414,26.0,-264.0,-48.0,-27.0,-143.0,-79.0,76.0,-1036.0,-114.0,2
415,28.0,-265.0,-47.0,-29.0,-146.0,-80.0,80.0,-1035.0,-108.0,2
416,30.0,-267.0,-47.0,-28.0,-146.0,-87.0,79.0,-1032.0,-104.0,2
417,31.0,-265.0,-49.0,-21.0,-151.0,-89.0,87.0,-1033.0,-105.0,2
418,31.0,-266.0,-45.0,-19.0,-156.0,-98.0,94.0,-1032.0,-89.0,2
419,32.0,-262.0,-35.0,-5.0,-168.0,-107.0,90.0,-1021.0,-73.0,2
420,29.0,-261.0,-36.0,26.0,-181.0,-122.0,81.0,-1013.0,-81.0,2
421,24.0,-258.0,-36.0,44.0,-190.0,-131.0,75.0,-1003.0,-82.0,2
422,25.0,-253.0,-36.0,52.0,-194.0,-141.0,72.0,-988.0,-78.0,2
423,21.0,-252.0,-39.0,57.0,-200.0,-148.0,57.0,-971.0,-74.0,2
424,18.0,-251.0,-41.0,59.0,-210.0,-155.0,52.0,-963.0,-76.0,2
425,17.0,-246.0,-40.0,54.0,-220.0,-159.0,37.0,-956.0,-81.0,2
426,17.0,-245.0,-39.0,36.0,-238.0,-164.0,38.0,-948.0,-76.0,2
427,17.0,-246.0,-36.0,28.0,-255.0,-163.0,41.0,-953.0,-64.0,2
428,16.0,-246.0,-34.0,26.0,-271.0,-168.0,34.0,-956.0,-50.0,2
429,13.0,-245.0,-35.0,29.0,-286.0,-168.0,35.0,-965.0,-55.0,2
430,17.0,-248.0,-33.0,32.0,-303.0,-169.0,38.0,-961.0,-56.0,2
431,14.0,-250.0,-34.0,30.0,-324.0,-165.0,30.0,-956.0,-61.0,2
432,15.0,-248.0,-34.0,31.0,-343.0,-166.0,23.0,-956.0,-68.0,2
433,14.0,-248.0,-45.0,35.0,-357.0,-165.0,29.0,-951.0,-75.0,2
434,12.0,-247.0,-43.0,37.0,-370.0,-168.0,25.0,-951.0,-83.0,2
435,13.0,-247.0,-45.0,38.0,-385.0,-164.0,22.0,-952.0,-89.0,2
436,11.0,-245.0,-40.0,34.0,-399.0,-156.0,16.0,-941.0,-88.0,2
437,11.0,-243.0,-34.0,38.0,-411.0,-143.0,19.0,-935.0,-85.0,2
438,19.0,-240.0,-34.0,44.0,-420.0,-133.0,41.0,-927.0,-77.0,2
439,20.0,-238.0,-38.0,49.0,-426.0,-127.0,47.0,-916.0,-77.0,2
440,21.0,-234.0,-35.0,43.0,-426.0,-118.0,59.0,-919.0,-73.0,2
441,25.0,-238.0,-31.0,24.0,-429.0,-104.0,68.0,-908.0,-60.0,2
442,26.0,-234.0,-35.0,5.0,-436.0,-93.0,81.0,-909.0,-69.0,2
443,29.0,-233.0,-34.0,-8.0,-443.0,-87.0,86.0,-908.0,-60.0,2
444,33.0,-234.0,-32.0,-17.0,-448.0,-82.0,96.0,-898.0,-45.0,2
445,36.0,-235.0,-30.0,-3.0,-444.0,-75.0,103.0,-898.0,-47.0,2
446,40.0,-234.0,-28.0,10.0,-433.0,-67.0,125.0,-909.0,-48.0,2
447,38.0,-241.0,-29.0,9.0,-428.0,-65.0,129.0,-924.0,-49.0,2
448,39.0,-239.0,-33.0,-10.0,-425.0,-64.0,126.0,-932.0,-55.0,2
449,43.0,-246.0,-29.0,-26.0,-422.0,-57.0,127.0,-943.0,-47.0,2
450,42.0,-245.0,-29.0,-33.0,-420.0,-57.0,128.0,-956.0,-47.0,2
451,43.0,-252.0,-33.0,-34.0,-418.0,-55.0,129.0,-974.0,-51.0,2
452,47.0,-255.0,-32.0,-33.0,-420.0,-52.0,135.0,-982.0,-50.0,2
453,45.0,-255.0,-27.0,-26.0,-425.0,-47.0,142.0,-992.0,-50.0,2
454,44.0,-259.0,-38.0,-6.0,-421.0,-43.0,137.0,-990.0,-61.0,2
455,45.0,-255.0,-35.0,16.0,-407.0,-37.0,139.0,-992.0,-63.0,2
456,45.0,-255.0,-35.0,33.0,-389.0,-29.0,140.0,-985.0,-66.0,2
457,46.0,-252.0,-41.0,48.0,-372.0,-23.0,138.0,-976.0,-67.0,2
458,46.0,-251.0,-35.0,58.0,-352.0,-19.0,129.0,-969.0,-65.0,2
459,41.0,-253.0,-32.0,66.0,-329.0,-9.0,129.0,-968.0,-51.0,2
460,39.0,-249.0,-35.0,70.0,-313.0,-4.0,128.0,-963.0,-59.0,2
461,40.0,-248.0,-36.0,74.0,-301.0,3.0,130.0,-972.0,-49.0,2
462,40.0,-249.0,-30.0,79.0,-293.0,10.0,126.0,-963.0,-48.0,2
463,37.0,-248.0,-32.0,90.0,-292.0,17.0,117.0,-964.0,-49.0,2
464,35.0,-248.0,-30.0,98.0,-296.0,24.0,113.0,-958.0,-50.0,2
465,36.0,-247.0,-35.0,106.0,-301.0,32.0,104.0,-948.0,-61.0,2
466,37.0,-244.0,-37.0,112.0,-299.0,44.0,105.0,-943.0,-71.0,2
467,34.0,-241.0,-41.0,113.0,-287.0,54.0,101.0,-930.0,-81.0,2
468,34.0,-236.0,-42.0,105.0,-275.0,65.0,100.0,-926.0,-88.0,2
469,33.0,-235.0,-44.0,92.0,-255.0,77.0,98.0,-917.0,-101.0,2
470,31.0,-235.0,-44.0,69.0,-238.0,89.0,93.0,-910.0,-96.0,2
471,25.0,-239.0,-42.0,49.0,-226.0,100.0,82.0,-912.0,-92.0,2
472,25.0,-239.0,-40.0,39.0,-221.0,106.0,77.0,-918.0,-92.0,2
473,25.0,-241.0,-43.0,32.0,-225.0,112.0,82.0,-929.0,-91.0,2
474,29.0,-241.0,-39.0,28.0,-235.0,117.0,80.0,-937.0,-83.0,2
475,28.0,-243.0,-42.0,23.0,-253.0,121.0,82.0,-947.0,-90.0,2
476,34.0,-247.0,-39.0,17.0,-274.0,126.0,98.0,-947.0,-89.0,2
477,36.0,-248.0,-42.0,14.0,-288.0,129.0,107.0,-951.0,-91.0,2
478,38.0,-243.0,-39.0,19.0,-299.0,125.0,110.0,-946.0,-91.0,2
479,38.0,-243.0,-44.0,24.0,-298.0,122.0,111.0,-934.0,-86.0,2
480,34.0,-241.0,-42.0,24.0,-293.0,123.0,105.0,-922.0,-90.0,2
481,33.0,-240.0,-45.0,6.0,-287.0,126.0,105.0,-920.0,-99.0,2
482,35.0,-235.0,-46.0,-18.0,-286.0,130.0,111.0,-920.0,-100.0,2
483,39.0,-237.0,-44.0,-44.0,-283.0,136.0,121.0,-921.0,-96.0,2
484,40.0,-236.0,-43.0,-67.0,-280.0,142.0,126.0,-928.0,-100.0,2
485,42.0,-243.0,-39.0,-90.0,-278.0,151.0,129.0,-945.0,-91.0,2
486,44.0,-245.0,-40.0,-103.0,-276.0,158.0,139.0,-947.0,-81.0,2
487,47.0,-249.0,-38.0,-111.0,-268.0,164.0,149.0,-958.0,-83.0,2
488,46.0,-253.0,-42.0,-113.0,-258.0,170.0,154.0,-972.0,-84.0,2
489,48.0,-254.0,-39.0,-114.0,-246.0,175.0,149.0,-990.0,-90.0,2
490,46.0,-256.0,-39.0,-110.0,-233.0,180.0,146.0,-1006.0,-87.0,2
491,48.0,-258.0,-42.0,-107.0,-224.0,181.0,156.0,-1006.0,-84.0,2
492,47.0,-259.0,-40.0,-106.0,-219.0,183.0,144.0,-1023.0,-85.0,2
493,41.0,-261.0,-40.0,-113.0,-214.0,182.0,132.0,-1028.0,-80.0,2
494,39.0,-267.0,-37.0,-120.0,-210.0,181.0,115.0,-1033.0,-84.0,2
495,34.0,-268.0,-41.0,-128.0,-213.0,175.0,104.0,-1047.0,-92.0,2
496,34.0,-267.0,-53.0,-142.0,-224.0,167.0,104.0,-1052.0,-128.0,2
497,32.0,-270.0,-56.0,-164.0,-242.0,153.0,99.0,-1061.0,-150.0,2
498,33.0,-277.0,-62.0,-185.0,-263.0,142.0,102.0,-1078.0,-184.0,2
499,36.0,-280.0,-63.0,-202.0,-275.0,124.0,105.0,-1093.0,-191.0,2
500,38.0,-287.0,-66.0,-208.0,-277.0,109.0,113.0,-1105.0,-186.0,2
501,39.0,-287.0,-66.0,-204.0,-270.0,96.0,118.0,-1117.0,-187.0,2
502,42.0,-292.0,-63.0,-191.0,-258.0,82.0,120.0,-1127.0,-174.0,2
503,40.0,-291.0,-59.0,-171.0,-237.0,67.0,122.0,-1134.0,-165.0,2
504,38.0,-291.0,-55.0,-157.0,-221.0,52.0,123.0,-1135.0,-160.0,2
505,38.0,-292.0,-57.0,-143.0,-213.0,35.0,115.0,-1134.0,-156.0,2
506,32.0,-291.0,-56.0,-133.0,-210.0,18.0,87.0,-1127.0,-151.0,2
507,26.0,-292.0,-54.0,-120.0,-212.0,4.0,60.0,-1126.0,-149.0,2
508,18.0,-285.0,-55.0,-106.0,-213.0,-3.0,33.0,-1111.0,-145.0,2
509,12.0,-283.0,-55.0,-90.0,-210.0,-1.0,24.0,-1101.0,-141.0,2
510,17.0,-283.0,-55.0,-70.0,-202.0,5.0,27.0,-1090.0,-149.0,2
511,15.0,-275.0,-58.0,-48.0,-193.0,9.0,38.0,-1076.0,-155.0,2
512,25.0,-273.0,-60.0,-29.0,-186.0,15.0,49.0,-1065.0,-170.0,2
513,25.0,-268.0,-64.0,-18.0,-175.0,16.0,57.0,-1057.0,-184.0,2
514,31.0,-270.0,-65.0,-21.0,-152.0,15.0,96.0,-1058.0,-184.0,2
515,32.0,-267.0,-59.0,-36.0,-131.0,-8.0,100.0,-1049.0,-170.0,2
516,31.0,-269.0,-53.0,-47.0,-104.0,-17.0,84.0,-1048.0,-150.0,2
517,37.0,-268.0,-52.0,-52.0,-72.0,-13.0,106.0,-1050.0,-142.0,2
518,44.0,-273.0,-53.0,-55.0,-42.0,-24.0,132.0,-1058.0,-123.0,2
519,40.0,-269.0,-51.0,-58.0,-18.0,-53.0,117.0,-1048.0,-109.0,2
520,39.0,-267.0,-45.0,-54.0,6.0,-67.0,122.0,-1049.0,-106.0,2
521,43.0,-267.0,-46.0,-55.0,18.0,-70.0,139.0,-1044.0,-102.0,2
522,46.0,-263.0,-50.0,-64.0,15.0,-82.0,152.0,-1041.0,-103.0,2
523,46.0,-261.0,-46.0,-74.0,4.0,-100.0,148.0,-1027.0,-103.0,2
524,44.0,-261.0,-42.0,-76.0,-7.0,-117.0,142.0,-1022.0,-87.0,2
525,39.0,-261.0,-42.0,-66.0,-20.0,-124.0,118.0,-1021.0,-82.0,2
526,30.0,-264.0,-41.0,-51.0,-31.0,-126.0,95.0,-1024.0,-77.0,2
527,26.0,-263.0,-36.0,-27.0,-46.0,-127.0,73.0,-1022.0,-73.0,2
528,21.0,-261.0,-36.0,1.0,-64.0,-120.0,53.0,-1020.0,-70.0,2
529,13.0,-261.0,-40.0,33.0,-74.0,-112.0,26.0,-1017.0,-81.0,2
530,8.0,-260.0,-45.0,66.0,-80.0,-95.0,8.0,-1010.0,-93.0,2
531,7.0,-258.0,-48.0,96.0,-78.0,-72.0,-4.0,-1005.0,-125.0,2
532,6.0,-259.0,-56.0,116.0,-69.0,-44.0,-11.0,-992.0,-149.0,2
533,2.0,-252.0,-58.0,128.0,-60.0,-20.0,-13.0,-976.0,-171.0,2
534,-3.0,-249.0,-63.0,139.0,-49.0,6.0,-24.0,-964.0,-193.0,2
535,-2.0,-242.0,-69.0,140.0,-41.0,34.0,-33.0,-953.0,-211.0,2
536,-5.0,-242.0,-74.0,138.0,-37.0,61.0,-37.0,-929.0,-223.0,2
537,-5.0,-238.0,-81.0,131.0,-34.0,87.0,-37.0,-919.0,-243.0,2
538,2.0,-234.0,-78.0,120.0,-30.0,114.0,-21.0,-902.0,-252.0,2
539,6.0,-230.0,-84.0,105.0,-18.0,129.0,-4.0,-891.0,-259.0,2
540,15.0,-225.0,-89.0,86.0,1.0,142.0,19.0,-879.0,-275.0,2
541,22.0,-222.0,-84.0,58.0,19.0,140.0,45.0,-865.0,-276.0,2
542,26.0,-221.0,-86.0,29.0,35.0,136.0,66.0,-861.0,-283.0,2
543,31.0,-216.0,-92.0,0.0,51.0,120.0,95.0,-858.0,-282.0,2
544,41.0,-218.0,-87.0,-31.0,72.0,104.0,119.0,-862.0,-276.0,2
545,48.0,-222.0,-90.0,-59.0,94.0,81.0,153.0,-874.0,-278.0,2
546,54.0,-228.0,-82.0,-79.0,119.0,59.0,174.0,-883.0,-268.0,2
547,54.0,-231.0,-89.0,-86.0,151.0,33.0,183.0,-894.0,-268.0,2
548,53.0,-233.0,-85.0,-80.0,183.0,13.0,177.0,-913.0,-269.0,2
549,51.0,-239.0,-86.0,-76.0,209.0,-8.0,160.0,-926.0,-266.0,2
550,44.0,-245.0,-83.0,-69.0,230.0,-23.0,136.0,-937.0,-254.0,2
551,35.0,-242.0,-83.0,-55.0,247.0,-35.0,102.0,-941.0,-259.0,2
552,24.0,-243.0,-86.0,-37.0,259.0,-36.0,68.0,-944.0,-263.0,2
553,20.0,-243.0,-87.0,-17.0,262.0,-36.0,51.0,-941.0,-277.0,2
554,12.0,-239.0,-91.0,5.0,262.0,-30.0,18.0,-929.0,-289.0,2
555,3.0,-237.0,-94.0,23.0,260.0,-24.0,-14.0,-923.0,-291.0,2
556,-10.0,-235.0,-96.0,44.0,257.0,-8.0,-62.0,-915.0,-305.0,2
557,-17.0,-233.0,-100.0,54.0,248.0,7.0,-86.0,-909.0,-311.0,2
558,-22.0,-232.0,-95.0,52.0,236.0,36.0,-116.0,-902.0,-314.0,2
559,-30.0,-230.0,-95.0,37.0,227.0,60.0,-138.0,-899.0,-316.0,2
560,-33.0,-232.0,-96.0,26.0,216.0,87.0,-147.0,-903.0,-323.0,2
561,-34.0,-232.0,-96.0,7.0,203.0,107.0,-162.0,-908.0,-324.0,2
562,-35.0,-236.0,-99.0,-12.0,187.0,131.0,-158.0,-915.0,-330.0,2
563,-33.0,-244.0,-95.0,-28.0,172.0,140.0,-159.0,-933.0,-315.0,2
564,-31.0,-249.0,-89.0,-33.0,162.0,147.0,-152.0,-946.0,-293.0,2
565,-28.0,-248.0,-92.0,-34.0,153.0,145.0,-140.0,-963.0,-290.0,2
566,-26.0,-252.0,-91.0,-40.0,142.0,145.0,-134.0,-976.0,-281.0,2
567,-16.0,-255.0,-85.0,-46.0,126.0,140.0,-119.0,-1000.0,-276.0,2
568,-14.0,-256.0,-82.0,-47.0,112.0,137.0,-102.0,-1006.0,-270.0,2
569,-8.0,-260.0,-84.0,-38.0,107.0,127.0,-67.0,-1012.0,-262.0,2
570,-5.0,-256.0,-85.0,-15.0,113.0,118.0,-43.0,-1004.0,-261.0,2
571,-1.0,-255.0,-87.0,8.0,129.0,106.0,-27.0,-990.0,-266.0,2
572,6.0,-254.0,-85.0,29.0,148.0,100.0,-2.0,-979.0,-267.0,2
573,6.0,-252.0,-82.0,44.0,166.0,90.0,5.0,-971.0,-259.0,2
574,10.0,-247.0,-82.0,50.0,177.0,83.0,3.0,-962.0,-260.0,2
575,10.0,-246.0,-79.0,50.0,178.0,75.0,8.0,-961.0,-250.0,2
576,10.0,-247.0,-75.0,47.0,176.0,75.0,15.0,-957.0,-241.0,2
577,12.0,-249.0,-71.0,49.0,177.0,70.0,9.0,-959.0,-216.0,2
578,10.0,-249.0,-69.0,53.0,188.0,75.0,6.0,-958.0,-212.0,2
579,7.0,-251.0,-65.0,53.0,202.0,81.0,0.0,-963.0,-198.0,2
580,7.0,-253.0,-66.0,55.0,226.0,99.0,-1.0,-966.0,-196.0,2
581,7.0,-255.0,-64.0,64.0,251.0,111.0,-3.0,-973.0,-185.0,2
582,8.0,-256.0,-59.0,69.0,274.0,127.0,6.0,-981.0,-177.0,2
583,6.0,-256.0,-65.0,79.0,294.0,139.0,1.0,-998.0,-174.0,2
584,4.0,-259.0,-62.0,88.0,311.0,159.0,-1.0,-1003.0,-169.0,2
585,8.0,-260.0,-67.0,96.0,325.0,173.0,2.0,-1014.0,-192.0,2
586,5.0,-261.0,-66.0,94.0,336.0,196.0,2.0,-1020.0,-192.0,2
587,9.0,-262.0,-62.0,94.0,343.0,219.0,6.0,-1029.0,-193.0,2
588,8.0,-263.0,-66.0,102.0,355.0,241.0,4.0,-1025.0,-196.0,2
589,7.0,-261.0,-66.0,118.0,368.0,255.0,3.0,-1021.0,-197.0,2
590,9.0,-259.0,-66.0,132.0,386.0,269.0,-1.0,-1006.0,-198.0,2
591,4.0,-253.0,-64.0,138.0,403.0,283.0,-9.0,-984.0,-201.0,2
592,2.0,-251.0,-64.0,144.0,409.0,295.0,-2.0,-963.0,-186.0,2
593,6.0,-243.0,-64.0,152.0,407.0,299.0,-1.0,-938.0,-185.0,2
594,11.0,-238.0,-65.0,157.0,409.0,299.0,8.0,-924.0,-185.0,2
595,9.0,-235.0,-61.0,152.0,413.0,294.0,6.0,-914.0,-185.0,2
596,4.0,-231.0,-60.0,133.0,417.0,295.0,1.0,-903.0,-191.0,2
597,3.0,-230.0,-61.0,111.0,424.0,291.0,-3.0,-895.0,-185.0,2
598,7.0,-227.0,-63.0,96.0,432.0,291.0,-9.0,-892.0,-183.0,2
599,9.0,-230.0,-63.0,85.0,442.0,279.0,-1.0,-893.0,-186.0,2
600,6.0,-228.0,-66.0,71.0,452.0,267.0,-15.0,-887.0,-189.0,2
601,-1.0,-231.0,-66.0,54.0,456.0,253.0,-32.0,-892.0,-193.0,2
602,-4.0,-231.0,-64.0,41.0,457.0,247.0,-49.0,-893.0,-190.0,2
603,-4.0,-233.0,-61.0,33.0,456.0,238.0,-56.0,-898.0,-181.0,2
604,-9.0,-236.0,-61.0,24.0,452.0,234.0,-63.0,-907.0,-178.0,2
605,-11.0,-237.0,-60.0,14.0,444.0,223.0,-67.0,-912.0,-168.0,2
606,-11.0,-240.0,-56.0,1.0,437.0,216.0,-73.0,-929.0,-155.0,2
607,-12.0,-242.0,-55.0,-8.0,431.0,206.0,-76.0,-931.0,-138.0,2
608,-12.0,-241.0,-51.0,-18.0,426.0,201.0,-76.0,-943.0,-139.0,2
609,-12.0,-247.0,-54.0,-21.0,425.0,192.0,-73.0,-953.0,-137.0,2
610,-11.0,-249.0,-49.0,-21.0,426.0,191.0,-77.0,-966.0,-134.0,2
611,-12.0,-252.0,-52.0,-15.0,428.0,185.0,-83.0,-970.0,-131.0,2
612,-13.0,-253.0,-52.0,-11.0,419.0,187.0,-83.0,-972.0,-137.0,2
613,-12.0,-252.0,-51.0,-5.0,399.0,183.0,-84.0,-962.0,-125.0,2
614,-16.0,-249.0,-52.0,14.0,377.0,182.0,-92.0,-967.0,-136.0,2
615,-15.0,-250.0,-51.0,26.0,358.0,179.0,-97.0,-960.0,-138.0,2
616,-15.0,-249.0,-50.0,34.0,339.0,180.0,-95.0,-957.0,-144.0,2
617,-13.0,-250.0,-56.0,36.0,325.0,178.0,-87.0,-964.0,-145.0,2
618,-14.0,-247.0,-53.0,29.0,314.0,180.0,-89.0,-960.0,-144.0,2
619,-14.0,-249.0,-52.0,18.0,307.0,178.0,-80.0,-955.0,-142.0,2
620,-11.0,-247.0,-51.0,11.0,297.0,177.0,-70.0,-956.0,-129.0,2
621,-9.0,-248.0,-52.0,13.0,283.0,165.0,-65.0,-959.0,-130.0,2
622,-9.0,-247.0,-49.0,13.0,274.0,156.0,-67.0,-954.0,-131.0,2
623,-11.0,-245.0,-48.0,10.0,274.0,145.0,-66.0,-955.0,-129.0,2
624,-11.0,-247.0,-48.0,13.0,275.0,136.0,-66.0,-948.0,-126.0,2
625,-8.0,-242.0,-55.0,22.0,277.0,124.0,-57.0,-938.0,-135.0,2
626,-6.0,-243.0,-54.0,29.0,278.0,113.0,-55.0,-932.0,-148.0,2
627,-2.0,-242.0,-58.0,26.0,277.0,100.0,-38.0,-938.0,-162.0,2
628,-4.0,-239.0,-55.0,9.0,281.0,97.0,-33.0,-934.0,-154.0,2
629,3.0,-243.0,-54.0,-7.0,289.0,85.0,-25.0,-936.0,-146.0,2
630,1.0,-243.0,-51.0,-14.0,298.0,76.0,-21.0,-933.0,-129.0,2
631,3.0,-246.0,-46.0,-12.0,304.0,64.0,-24.0,-944.0,-121.0,2
632,1.0,-245.0,-49.0,-5.0,306.0,56.0,-19.0,-948.0,-122.0,2
633,5.0,-247.0,-45.0,0.0,307.0,46.0,-16.0,-945.0,-117.0,2
634,1.0,-246.0,-50.0,-1.0,309.0,40.0,-15.0,-951.0,-127.0,2
635,4.0,-249.0,-50.0,-3.0,307.0,28.0,-15.0,-945.0,-122.0,2
636,3.0,-247.0,-51.0,-6.0,310.0,30.0,-16.0,-954.0,-127.0,2
637,2.0,-245.0,-54.0,-14.0,316.0,25.0,-16.0,-953.0,-131.0,2
638,-1.0,-246.0,-54.0,-23.0,320.0,25.0,-19.0,-953.0,-133.0,2
639,-3.0,-247.0,-55.0,-34.0,321.0,22.0,-38.0,-957.0,-141.0,2
640,-5.0,-250.0,-55.0,-44.0,324.0,22.0,-52.0,-966.0,-147.0,2
641,-6.0,-249.0,-52.0,-52.0,327.0,21.0,-51.0,-960.0,-131.0,2
642,-10.0,-247.0,-52.0,-47.0,327.0,23.0,-61.0,-965.0,-132.0,2
643,-11.0,-253.0,-51.0,-43.0,328.0,23.0,-69.0,-968.0,-139.0,2
644,-12.0,-247.0,-56.0,-47.0,328.0,28.0,-82.0,-964.0,-147.0,2
645,-14.0,-250.0,-55.0,-60.0,322.0,28.0,-89.0,-961.0,-139.0,2
646,-18.0,-250.0,-55.0,-70.0,312.0,35.0,-96.0,-961.0,-142.0,2
647,-16.0,-248.0,-55.0,-79.0,298.0,35.0,-95.0,-964.0,-142.0,2
648,-12.0,-249.0,-54.0,-85.0,287.0,42.0,-93.0,-967.0,-149.0,2
649,-17.0,-249.0,-56.0,-95.0,279.0,40.0,-99.0,-956.0,-147.0,2
650,-14.0,-249.0,-53.0,-101.0,276.0,44.0,-93.0,-957.0,-142.0,2
651,-12.0,-252.0,-52.0,-106.0,274.0,45.0,-92.0,-955.0,-129.0,2
652,-13.0,-251.0,-51.0,-108.0,274.0,52.0,-84.0,-962.0,-116.0,2
653,-11.0,-251.0,-47.0,-106.0,274.0,54.0,-77.0,-964.0,-115.0,2
654,-10.0,-253.0,-41.0,-105.0,276.0,59.0,-68.0,-967.0,-102.0,2
655,-5.0,-254.0,-46.0,-103.0,281.0,58.0,-60.0,-967.0,-94.0,2
656,-7.0,-252.0,-42.0,-100.0,286.0,61.0,-50.0,-970.0,-87.0,2
657,-5.0,-251.0,-43.0,-96.0,293.0,58.0,-39.0,-977.0,-87.0,2
658,-2.0,-253.0,-41.0,-88.0,299.0,61.0,-31.0,-974.0,-83.0,2
659,-3.0,-253.0,-40.0,-80.0,303.0,62.0,-41.0,-975.0,-84.0,2
660,-2.0,-255.0,-37.0,-69.0,308.0,63.0,-41.0,-967.0,-86.0,2
661,-2.0,-254.0,-43.0,-55.0,307.0,62.0,-39.0,-968.0,-86.0,2
662,-6.0,-252.0,-44.0,-43.0,296.0,77.0,-35.0,-967.0,-104.0,2
663,-9.0,-250.0,-43.0,-35.0,289.0,77.0,-53.0,-968.0,-109.0,2
664,-9.0,-250.0,-50.0,-31.0,290.0,67.0,-65.0,-966.0,-111.0,2
665,-12.0,-252.0,-47.0,-33.0,291.0,56.0,-67.0,-969.0,-111.0,2
666,-11.0,-251.0,-42.0,-39.0,289.0,57.0,-67.0,-967.0,-104.0,2
667,-10.0,-252.0,-39.0,-43.0,291.0,59.0,-67.0,-968.0,-82.0,2
668,-9.0,-252.0,-39.0,-32.0,298.0,67.0,-60.0,-971.0,-82.0,2
669,-6.0,-249.0,-40.0,-27.0,306.0,73.0,-51.0,-968.0,-84.0,2
670,-5.0,-252.0,-39.0,-35.0,309.0,88.0,-55.0,-974.0,-93.0,2
671,-7.0,-251.0,-34.0,-48.0,322.0,81.0,-49.0,-969.0,-89.0,2
672,-7.0,-250.0,-37.0,-55.0,333.0,72.0,-53.0,-968.0,-74.0,2
673,-7.0,-252.0,-36.0,-46.0,338.0,56.0,-57.0,-959.0,-70.0,2
674,-8.0,-251.0,-44.0,-34.0,337.0,54.0,-59.0,-968.0,-84.0,2
675,-3.0,-253.0,-46.0,-38.0,332.0,50.0,-28.0,-978.0,-100.0,2
676,-1.0,-255.0,-42.0,-51.0,327.0,39.0,-28.0,-979.0,-86.0,2
677,-4.0,-256.0,-36.0,-59.0,328.0,24.0,-40.0,-979.0,-77.0,2
678,-9.0,-255.0,-32.0,-59.0,333.0,27.0,-57.0,-975.0,-64.0,2
679,-6.0,-256.0,-32.0,-48.0,341.0,33.0,-37.0,-991.0,-53.0,2
680,-6.0,-254.0,-34.0,-42.0,351.0,35.0,-49.0,-987.0,-53.0,2
681,-7.0,-256.0,-32.0,-46.0,359.0,34.0,-60.0,-995.0,-50.0,2
682,-8.0,-258.0,-32.0,-50.0,359.0,36.0,-60.0,-996.0,-56.0,2
683,-8.0,-256.0,-31.0,-56.0,351.0,30.0,-64.0,-982.0,-47.0,2
684,-12.0,-254.0,-32.0,-52.0,345.0,29.0,-72.0,-975.0,-47.0,2
685,-10.0,-253.0,-30.0,-41.0,342.0,29.0,-70.0,-972.0,-41.0,2
686,-9.0,-251.0,-32.0,-27.0,342.0,32.0,-72.0,-959.0,-42.0,2
687,-10.0,-245.0,-32.0,-14.0,345.0,32.0,-77.0,-951.0,-48.0,2
688,-12.0,-242.0,-33.0,-7.0,350.0,37.0,-72.0,-947.0,-41.0,2
689,-12.0,-245.0,-32.0,-7.0,356.0,35.0,-74.0,-941.0,-42.0,2
690,-11.0,-239.0,-28.0,-13.0,357.0,35.0,-66.0,-927.0,-40.0,2
691,-6.0,-245.0,-31.0,-23.0,358.0,27.0,-61.0,-929.0,-41.0,2
692,-9.0,-244.0,-29.0,-32.0,359.0,21.0,-59.0,-943.0,-39.0,2
693,-8.0,-245.0,-24.0,-37.0,360.0,8.0,-54.0,-943.0,-34.0,2
694,-6.0,-247.0,-29.0,-35.0,361.0,1.0,-58.0,-949.0,-34.0,2
695,-9.0,-247.0,-30.0,-31.0,361.0,-14.0,-59.0,-951.0,-31.0,2
696,-11.0,-247.0,-35.0,-26.0,356.0,-26.0,-63.0,-955.0,-44.0,2
697,-11.0,-251.0,-32.0,-19.0,347.0,-43.0,-72.0,-956.0,-51.0,2
698,-10.0,-250.0,-34.0,-14.0,347.0,-54.0,-74.0,-954.0,-56.0,2
699,-12.0,-248.0,-35.0,-10.0,353.0,-65.0,-75.0,-958.0,-66.0,2
700,-12.0,-251.0,-38.0,-9.0,366.0,-72.0,-77.0,-953.0,-69.0,2
701,-11.0,-246.0,-40.0,-9.0,380.0,-81.0,-76.0,-953.0,-67.0,2
702,-10.0,-247.0,-36.0,-13.0,390.0,-85.0,-72.0,-948.0,-74.0,2
703,-11.0,-247.0,-38.0,-22.0,393.0,-95.0,-68.0,-945.0,-78.0,2
704,-11.0,-245.0,-38.0,-33.0,394.0,-100.0,-63.0,-935.0,-80.0,2
705,-10.0,-244.0,-39.0,-47.0,394.0,-107.0,-59.0,-947.0,-86.0,2
706,-9.0,-247.0,-36.0,-59.0,390.0,-113.0,-61.0,-954.0,-81.0,2
707,-11.0,-246.0,-39.0,-68.0,380.0,-120.0,-62.0,-953.0,-81.0,2
708,-10.0,-247.0,-35.0,-74.0,368.0,-122.0,-59.0,-957.0,-79.0,2
709,-7.0,-249.0,-39.0,-81.0,356.0,-126.0,-60.0,-964.0,-83.0,2
710,-10.0,-252.0,-40.0,-88.0,347.0,-128.0,-63.0,-967.0,-92.0,2
711,-9.0,-249.0,-43.0,-96.0,347.0,-127.0,-59.0,-974.0,-90.0,2
712,-9.0,-253.0,-42.0,-101.0,349.0,-125.0,-60.0,-974.0,-90.0,2
713,-12.0,-254.0,-41.0,-104.0,357.0,-124.0,-72.0,-977.0,-92.0,2
714,-11.0,-256.0,-41.0,-104.0,362.0,-121.0,-73.0,-979.0,-91.0,2
715,-12.0,-256.0,-44.0,-100.0,364.0,-122.0,-82.0,-978.0,-88.0,2
716,-12.0,-253.0,-41.0,-100.0,363.0,-116.0,-89.0,-984.0,-89.0,2
717,-12.0,-254.0,-43.0,-99.0,363.0,-116.0,-89.0,-978.0,-97.0,2
718,-12.0,-255.0,-44.0,-102.0,362.0,-115.0,-89.0,-970.0,-88.0,2
719,-12.0,-257.0,-41.0,-107.0,357.0,-117.0,-85.0,-977.0,-92.0,2
720,-12.0,-253.0,-38.0,-116.0,352.0,-118.0,-84.0,-985.0,-85.0,2
721,-12.0,-256.0,-41.0,-122.0,348.0,-121.0,-81.0,-991.0,-82.0,2
722,-13.0,-258.0,-39.0,-125.0,346.0,-123.0,-83.0,-1008.0,-88.0,2
723,-14.0,-259.0,-48.0,-136.0,344.0,-125.0,-86.0,-1013.0,-100.0,2
724,-12.0,-260.0,-55.0,-167.0,353.0,-118.0,-87.0,-1014.0,-128.0,2
725,-10.0,-265.0,-58.0,-205.0,366.0,-111.0,-86.0,-1027.0,-161.0,2
726,-13.0,-267.0,-64.0,-239.0,385.0,-96.0,-95.0,-1042.0,-181.0,2
727,-30.0,-261.0,-62.0,-267.0,402.0,-85.0,-99.0,-1060.0,-189.0,2
728,-16.0,-277.0,-67.0,-283.0,407.0,-70.0,-100.0,-1088.0,-186.0,2
729,-18.0,-284.0,-67.0,-285.0,398.0,-58.0,-105.0,-1104.0,-189.0,2
730,-20.0,-289.0,-64.0,-272.0,379.0,-45.0,-102.0,-1119.0,-178.0,2
731,-17.0,-296.0,-62.0,-244.0,355.0,-33.0,-98.0,-1130.0,-174.0,2
732,-16.0,-292.0,-57.0,-207.0,330.0,-20.0,-102.0,-1129.0,-163.0,2
733,-12.0,-291.0,-57.0,-169.0,306.0,-13.0,-96.0,-1129.0,-159.0,2
734,-13.0,-284.0,-60.0,-137.0,282.0,-3.0,-80.0,-1111.0,-166.0,2
735,-9.0,-283.0,-62.0,-116.0,265.0,4.0,-61.0,-1090.0,-170.0,2
736,-4.0,-277.0,-64.0,-109.0,266.0,8.0,-48.0,-1074.0,-176.0,2
737,-1.0,-271.0,-64.0,-105.0,272.0,4.0,-40.0,-1057.0,-191.0,2
738,-4.0,-270.0,-65.0,-99.0,273.0,3.0,-41.0,-1041.0,-194.0,2
739,-6.0,-267.0,-73.0,-92.0,265.0,0.0,-50.0,-1046.0,-215.0,2
740,-10.0,-268.0,-70.0,-94.0,252.0,0.0,-59.0,-1052.0,-219.0,2
741,-12.0,-273.0,-70.0,-101.0,235.0,2.0,-64.0,-1061.0,-220.0,2
742,-8.0,-277.0,-72.0,-103.0,215.0,9.0,-69.0,-1076.0,-210.0,2
743,-11.0,-280.0,-68.0,-102.0,200.0,17.0,-70.0,-1089.0,-206.0,2
744,-12.0,-285.0,-62.0,-101.0,191.0,25.0,-73.0,-1091.0,-177.0,2
745,-11.0,-283.0,-57.0,-85.0,182.0,40.0,-73.0,-1098.0,-160.0,2
746,-12.0,-281.0,-59.0,-54.0,175.0,50.0,-78.0,-1090.0,-161.0,2
747,-12.0,-276.0,-55.0,-37.0,171.0,63.0,-86.0,-1079.0,-149.0,2
748,-12.0,-273.0,-55.0,-22.0,167.0,71.0,-85.0,-1069.0,-144.0,2
749,-11.0,-271.0,-50.0,-6.0,162.0,77.0,-71.0,-1056.0,-128.0,2
750,-8.0,-264.0,-48.0,9.0,165.0,79.0,-60.0,-1040.0,-118.0,2
751,-5.0,-262.0,-44.0,24.0,178.0,75.0,-57.0,-1015.0,-96.0,2
752,-5.0,-256.0,-45.0,36.0,201.0,70.0,-56.0,-976.0,-94.0,2
753,-7.0,-251.0,-43.0,46.0,225.0,61.0,-54.0,-955.0,-89.0,2
754,-9.0,-245.0,-45.0,47.0,245.0,50.0,-63.0,-946.0,-92.0,2
755,-8.0,-243.0,-44.0,44.0,259.0,40.0,-61.0,-940.0,-98.0,2
756,-5.0,-246.0,-48.0,46.0,267.0,32.0,-53.0,-942.0,-109.0,2
757,1.0,-249.0,-47.0,42.0,285.0,22.0,-38.0,-955.0,-124.0,2
758,4.0,-250.0,-44.0,45.0,301.0,16.0,-11.0,-964.0,-110.0,2
759,9.0,-254.0,-48.0,60.0,315.0,7.0,6.0,-983.0,-119.0,2
760,9.0,-257.0,-49.0,82.0,320.0,-4.0,18.0,-997.0,-125.0,2
761,14.0,-257.0,-52.0,102.0,316.0,-18.0,25.0,-1005.0,-139.0,2
762,15.0,-256.0,-55.0,105.0,306.0,-32.0,30.0,-999.0,-155.0,2
763,15.0,-256.0,-59.0,96.0,295.0,-43.0,34.0,-980.0,-172.0,2
764,12.0,-250.0,-63.0,78.0,288.0,-52.0,26.0,-985.0,-184.0,2
765,13.0,-248.0,-63.0,57.0,280.0,-58.0,20.0,-969.0,-183.0,2
766,7.0,-247.0,-67.0,31.0,275.0,-63.0,10.0,-955.0,-193.0,2
767,5.0,-247.0,-62.0,7.0,272.0,-62.0,-10.0,-949.0,-187.0,2
768,1.0,-245.0,-66.0,-14.0,272.0,-57.0,-20.0,-941.0,-184.0,2
769,-1.0,-247.0,-61.0,-23.0,268.0,-51.0,-33.0,-947.0,-175.0,2
770,-6.0,-244.0,-64.0,-27.0,260.0,-40.0,-47.0,-943.0,-177.0,2
771,-9.0,-245.0,-65.0,-28.0,247.0,-28.0,-68.0,-938.0,-187.0,2
772,-16.0,-240.0,-71.0,-24.0,231.0,-16.0,-87.0,-929.0,-208.0,2
773,-18.0,-240.0,-71.0,-9.0,216.0,-6.0,-97.0,-927.0,-215.0,2
774,-18.0,-241.0,-76.0,15.0,193.0,2.0,-105.0,-925.0,-226.0,2
775,-22.0,-239.0,-79.0,33.0,167.0,6.0,-105.0,-925.0,-240.0,2
776,-16.0,-237.0,-80.0,41.0,136.0,12.0,-99.0,-923.0,-250.0,2
777,-12.0,-239.0,-78.0,35.0,109.0,15.0,-78.0,-916.0,-247.0,2
778,-10.0,-236.0,-81.0,20.0,91.0,17.0,-67.0,-911.0,-252.0,2
779,-6.0,-233.0,-84.0,2.0,82.0,15.0,-51.0,-912.0,-262.0,2
780,-4.0,-234.0,-87.0,-9.0,79.0,12.0,-43.0,-913.0,-272.0,2
781,3.0,-233.0,-90.0,-17.0,76.0,6.0,-24.0,-909.0,-284.0,2
782,3.0,-237.0,-94.0,-22.0,74.0,0.0,-8.0,-914.0,-295.0,2
783,10.0,-240.0,-94.0,-26.0,73.0,-7.0,9.0,-918.0,-322.0,2
784,14.0,-236.0,-99.0,-26.0,74.0,-16.0,21.0,-920.0,-325.0,2
785,17.0,-237.0,-100.0,-29.0,76.0,-25.0,39.0,-918.0,-325.0,2
786,20.0,-237.0,-98.0,-25.0,72.0,-33.0,50.0,-915.0,-323.0,2
787,24.0,-233.0,-97.0,-20.0,67.0,-39.0,68.0,-908.0,-324.0,2
788,26.0,-234.0,-101.0,-17.0,63.0,-47.0,80.0,-905.0,-326.0,2
789,30.0,-231.0,-102.0,-23.0,63.0,-55.0,82.0,-907.0,-323.0,2
790,31.0,-228.0,-97.0,-35.0,67.0,-58.0,86.0,-898.0,-320.0,2
791,29.0,-226.0,-95.0,-48.0,73.0,-60.0,93.0,-889.0,-311.0,2
792,33.0,-230.0,-97.0,-61.0,82.0,-62.0,97.0,-895.0,-313.0,2
793,36.0,-229.0,-99.0,-72.0,91.0,-63.0,107.0,-894.0,-318.0,2
794,40.0,-232.0,-98.0,-85.0,98.0,-63.0,115.0,-902.0,-312.0,2
795,39.0,-234.0,-93.0,-88.0,107.0,-64.0,118.0,-911.0,-316.0,2
796,36.0,-235.0,-92.0,-87.0,113.0,-68.0,116.0,-916.0,-300.0,2
797,35.0,-241.0,-88.0,-82.0,114.0,-72.0,114.0,-926.0,-281.0,2
798,36.0,-242.0,-85.0,-67.0,113.0,-75.0,114.0,-930.0,-266.0,2
799,37.0,-243.0,-84.0,-46.0,111.0,-77.0,111.0,-938.0,-269.0,2
800,36.0,-244.0,-85.0,-25.0,114.0,-80.0,110.0,-947.0,-264.0,2
801,39.0,-244.0,-83.0,-9.0,122.0,-83.0,109.0,-951.0,-265.0,2
802,33.0,-245.0,-82.0,9.0,122.0,-86.0,95.0,-945.0,-260.0,2
803,33.0,-243.0,-86.0,14.0,116.0,-85.0,100.0,-947.0,-263.0,2
804,33.0,-246.0,-83.0,14.0,118.0,-92.0,101.0,-951.0,-267.0,2
805,38.0,-249.0,-85.0,4.0,122.0,-100.0,107.0,-965.0,-272.0,2
806,31.0,-248.0,-80.0,-17.0,125.0,-111.0,107.0,-968.0,-258.0,2
807,31.0,-252.0,-76.0,-31.0,130.0,-115.0,99.0,-977.0,-249.0,2
808,29.0,-257.0,-69.0,-31.0,129.0,-124.0,94.0,-982.0,-218.0,2
809,28.0,-258.0,-69.0,-21.0,123.0,-137.0,73.0,-1008.0,-210.0,2
810,26.0,-258.0,-70.0,-10.0,115.0,-148.0,71.0,-997.0,-208.0,2
811,23.0,-257.0,-70.0,-1.0,106.0,-156.0,67.0,-1002.0,-209.0,2
812,23.0,-256.0,-71.0,6.0,99.0,-166.0,61.0,-1002.0,-218.0,2
813,23.0,-258.0,-67.0,7.0,95.0,-174.0,57.0,-997.0,-214.0,2
814,21.0,-253.0,-67.0,15.0,86.0,-185.0,60.0,-977.0,-207.0,2
815,24.0,-251.0,-68.0,35.0,76.0,-192.0,58.0,-970.0,-195.0,2
816,21.0,-250.0,-68.0,49.0,65.0,-200.0,52.0,-962.0,-210.0,2
817,21.0,-247.0,-67.0,44.0,52.0,-204.0,46.0,-957.0,-208.0,2
818,20.0,-248.0,-71.0,35.0,37.0,-212.0,42.0,-955.0,-207.0,2
819,18.0,-244.0,-63.0,20.0,18.0,-218.0,38.0,-951.0,-196.0,2
820,14.0,-245.0,-70.0,12.0,-1.0,-223.0,38.0,-949.0,-187.0,2
821,16.0,-245.0,-70.0,-1.0,-15.0,-226.0,29.0,-951.0,-208.0,2
822,19.0,-245.0,-66.0,-13.0,-20.0,-231.0,39.0,-951.0,-205.0,2
823,16.0,-247.0,-66.0,-14.0,-29.0,-237.0,38.0,-955.0,-199.0,2
824,15.0,-248.0,-67.0,-4.0,-39.0,-241.0,33.0,-950.0,-199.0,2
825,18.0,-247.0,-67.0,8.0,-48.0,-243.0,41.0,-941.0,-204.0,2
826,21.0,-243.0,-68.0,20.0,-53.0,-245.0,49.0,-949.0,-205.0,2
827,21.0,-241.0,-70.0,23.0,-57.0,-244.0,47.0,-934.0,-206.0,2
828,21.0,-237.0,-68.0,25.0,-59.0,-246.0,53.0,-924.0,-202.0,2
829,22.0,-236.0,-67.0,30.0,-56.0,-242.0,65.0,-921.0,-197.0,2
830,26.0,-234.0,-68.0,34.0,-53.0,-244.0,77.0,-907.0,-200.0,2
831,28.0,-231.0,-68.0,33.0,-57.0,-246.0,84.0,-897.0,-206.0,2
832,29.0,-230.0,-70.0,24.0,-58.0,-251.0,83.0,-891.0,-205.0,2
833,31.0,-226.0,-68.0,8.0,-49.0,-253.0,86.0,-878.0,-203.0,2
834,29.0,-221.0,-67.0,-10.0,-34.0,-251.0,91.0,-870.0,-199.0,2
835,32.0,-220.0,-69.0,-31.0,-22.0,-242.0,99.0,-864.0,-204.0,2
836,34.0,-220.0,-71.0,-50.0,-5.0,-236.0,106.0,-861.0,-201.0,2
837,35.0,-223.0,-62.0,-68.0,12.0,-227.0,107.0,-861.0,-195.0,2
838,35.0,-223.0,-65.0,-86.0,24.0,-221.0,107.0,-877.0,-187.0,2
839,34.0,-229.0,-63.0,-103.0,29.0,-210.0,105.0,-883.0,-178.0,2
840,34.0,-231.0,-68.0,-121.0,29.0,-196.0,105.0,-902.0,-188.0,2
841,36.0,-239.0,-64.0,-144.0,33.0,-180.0,108.0,-922.0,-173.0,2
842,34.0,-242.0,-57.0,-159.0,37.0,-173.0,109.0,-939.0,-168.0,2
843,31.0,-247.0,-58.0,-169.0,33.0,-164.0,97.0,-955.0,-157.0,2
844,33.0,-250.0,-61.0,-171.0,24.0,-160.0,91.0,-971.0,-165.0,2
845,32.0,-255.0,-62.0,-172.0,24.0,-152.0,82.0,-988.0,-169.0,2
846,29.0,-259.0,-58.0,-167.0,22.0,-148.0,80.0,-1006.0,-163.0,2
847,27.0,-258.0,-63.0,-158.0,12.0,-144.0,71.0,-1005.0,-169.0,2
848,24.0,-260.0,-64.0,-142.0,6.0,-143.0,64.0,-1004.0,-173.0,2
849,24.0,-257.0,-65.0,-129.0,8.0,-135.0,60.0,-1002.0,-192.0,2
850,27.0,-254.0,-63.0,-125.0,19.0,-130.0,64.0,-1000.0,-187.0,2
851,25.0,-254.0,-62.0,-122.0,31.0,-126.0,70.0,-976.0,-184.0,2
852,26.0,-250.0,-62.0,-119.0,36.0,-128.0,61.0,-969.0,-174.0,2
853,22.0,-248.0,-59.0,-113.0,33.0,-124.0,60.0,-954.0,-170.0,2
854,23.0,-245.0,-59.0,-102.0,31.0,-123.0,57.0,-953.0,-165.0,2
855,25.0,-246.0,-54.0,-86.0,31.0,-117.0,57.0,-946.0,-158.0,2
856,23.0,-240.0,-58.0,-75.0,33.0,-111.0,58.0,-934.0,-163.0,2
857,24.0,-240.0,-60.0,-73.0,36.0,-104.0,71.0,-923.0,-165.0,2
858,28.0,-240.0,-63.0,-79.0,37.0,-99.0,70.0,-926.0,-176.0,2
859,27.0,-237.0,-66.0,-85.0,40.0,-91.0,82.0,-924.0,-177.0,2
860,27.0,-238.0,-62.0,-88.0,44.0,-85.0,81.0,-919.0,-185.0,2
861,30.0,-240.0,-61.0,-90.0,43.0,-79.0,79.0,-930.0,-188.0,2
862,31.0,-242.0,-65.0,-92.0,40.0,-75.0,87.0,-933.0,-189.0,2
863,28.0,-243.0,-63.0,-94.0,36.0,-67.0,81.0,-938.0,-182.0,2
864,25.0,-245.0,-61.0,-94.0,31.0,-63.0,80.0,-953.0,-175.0,2
865,29.0,-245.0,-64.0,-91.0,24.0,-56.0,83.0,-954.0,-174.0,2
866,29.0,-249.0,-62.0,-87.0,18.0,-52.0,88.0,-955.0,-171.0,2
867,32.0,-251.0,-61.0,-80.0,13.0,-42.0,80.0,-959.0,-169.0,2
868,30.0,-251.0,-64.0,-71.0,15.0,-40.0,82.0,-968.0,-172.0,2
869,28.0,-249.0,-60.0,-69.0,18.0,-33.0,81.0,-968.0,-169.0,2
870,24.0,-252.0,-61.0,-69.0,16.0,-34.0,72.0,-971.0,-163.0,2
871,25.0,-255.0,-57.0,-71.0,9.0,-32.0,69.0,-971.0,-156.0,2
872,22.0,-255.0,-56.0,-69.0,4.0,-35.0,63.0,-974.0,-155.0,2
873,21.0,-251.0,-53.0,-69.0,-5.0,-33.0,59.0,-971.0,-152.0,2
874,23.0,-252.0,-58.0,-67.0,-10.0,-35.0,57.0,-966.0,-146.0,2
875,20.0,-249.0,-59.0,-63.0,-14.0,-35.0,57.0,-969.0,-144.0,2
876,23.0,-253.0,-58.0,-60.0,-19.0,-38.0,62.0,-961.0,-146.0,2
877,22.0,-247.0,-56.0,-56.0,-23.0,-35.0,57.0,-953.0,-148.0,2
878,21.0,-246.0,-55.0,-53.0,-27.0,-37.0,56.0,-950.0,-151.0,2
879,22.0,-245.0,-57.0,-55.0,-29.0,-36.0,58.0,-947.0,-152.0,2
880,18.0,-244.0,-55.0,-58.0,-29.0,-41.0,55.0,-948.0,-148.0,2
881,18.0,-243.0,-52.0,-65.0,-36.0,-40.0,48.0,-944.0,-148.0,2
882,20.0,-246.0,-51.0,-71.0,-46.0,-43.0,41.0,-949.0,-146.0,2
883,16.0,-246.0,-55.0,-76.0,-58.0,-41.0,45.0,-950.0,-134.0,2
884,17.0,-247.0,-48.0,-77.0,-73.0,-45.0,45.0,-953.0,-124.0,2
885,16.0,-246.0,-51.0,-71.0,-89.0,-43.0,43.0,-957.0,-115.0,2
886,16.0,-248.0,-44.0,-60.0,-108.0,-48.0,35.0,-960.0,-117.0,2
887,14.0,-249.0,-49.0,-53.0,-124.0,-48.0,26.0,-967.0,-120.0,2
888,12.0,-252.0,-46.0,-52.0,-144.0,-51.0,24.0,-961.0,-112.0,2
889,11.0,-249.0,-42.0,-48.0,-165.0,-48.0,18.0,-953.0,-109.0,2
890,13.0,-249.0,-49.0,-40.0,-176.0,-47.0,14.0,-956.0,-114.0,2
891,13.0,-247.0,-50.0,-36.0,-184.0,-39.0,20.0,-954.0,-119.0,2
892,12.0,-244.0,-49.0,-31.0,-189.0,-38.0,21.0,-948.0,-122.0,2
893,13.0,-243.0,-51.0,-26.0,-197.0,-30.0,26.0,-948.0,-133.0,2
894,15.0,-244.0,-50.0,-26.0,-202.0,-32.0,27.0,-949.0,-133.0,2
895,17.0,-246.0,-51.0,-31.0,-208.0,-27.0,41.0,-953.0,-135.0,2
896,19.0,-249.0,-50.0,-39.0,-216.0,-29.0,45.0,-963.0,-134.0,2
897,23.0,-252.0,-48.0,-43.0,-227.0,-28.0,51.0,-971.0,-131.0,2
898,23.0,-254.0,-50.0,-41.0,-241.0,-35.0,54.0,-974.0,-123.0,2
899,19.0,-252.0,-47.0,-32.0,-255.0,-40.0,45.0,-974.0,-114.0,2
900,18.0,-253.0,-49.0,-17.0,-269.0,-46.0,43.0,-977.0,-122.0,2
901,15.0,-252.0,-50.0,0.0,-283.0,-46.0,38.0,-971.0,-119.0,2
902,16.0,-254.0,-51.0,7.0,-295.0,-46.0,33.0,-977.0,-120.0,2
903,15.0,-251.0,-52.0,5.0,-305.0,-43.0,37.0,-964.0,-121.0,2
904,19.0,-251.0,-50.0,4.0,-314.0,-41.0,49.0,-970.0,-116.0,2
905,18.0,-253.0,-46.0,3.0,-320.0,-34.0,52.0,-969.0,-117.0,2
906,22.0,-253.0,-44.0,3.0,-321.0,-30.0,57.0,-968.0,-103.0,2
907,24.0,-254.0,-42.0,9.0,-322.0,-25.0,52.0,-971.0,-93.0,2
908,20.0,-253.0,-42.0,17.0,-329.0,-26.0,55.0,-973.0,-89.0,2
909,19.0,-254.0,-42.0,33.0,-340.0,-23.0,53.0,-972.0,-85.0,2
910,21.0,-253.0,-42.0,52.0,-355.0,-27.0,59.0,-973.0,-87.0,2
911,22.0,-250.0,-39.0,67.0,-371.0,-29.0,57.0,-970.0,-90.0,2
912,24.0,-255.0,-42.0,74.0,-379.0,-34.0,67.0,-974.0,-92.0,2
913,25.0,-252.0,-44.0,80.0,-383.0,-33.0,67.0,-973.0,-90.0,2
914,28.0,-253.0,-39.0,84.0,-383.0,-40.0,72.0,-966.0,-86.0,2
915,28.0,-250.0,-41.0,84.0,-385.0,-42.0,84.0,-965.0,-85.0,2
916,29.0,-247.0,-38.0,83.0,-385.0,-50.0,91.0,-962.0,-81.0,2
917,30.0,-247.0,-35.0,82.0,-384.0,-47.0,94.0,-953.0,-77.0,2
918,29.0,-249.0,-38.0,84.0,-378.0,-51.0,84.0,-947.0,-71.0,2
919,31.0,-246.0,-35.0,82.0,-370.0,-47.0,96.0,-947.0,-64.0,2
920,28.0,-245.0,-33.0,80.0,-371.0,-51.0,80.0,-948.0,-67.0,2
921,24.0,-247.0,-33.0,79.0,-381.0,-50.0,70.0,-947.0,-66.0,2
922,20.0,-243.0,-40.0,78.0,-396.0,-49.0,57.0,-952.0,-52.0,2
923,18.0,-247.0,-32.0,75.0,-406.0,-40.0,53.0,-951.0,-67.0,2
924,17.0,-245.0,-37.0,72.0,-415.0,-33.0,47.0,-953.0,-65.0,2
925,19.0,-240.0,-39.0,70.0,-419.0,-23.0,53.0,-947.0,-72.0,2
926,21.0,-245.0,-43.0,70.0,-427.0,-15.0,51.0,-943.0,-87.0,2
927,24.0,-240.0,-38.0,65.0,-435.0,-3.0,58.0,-922.0,-58.0,2
928,26.0,-238.0,-34.0,80.0,-440.0,0.0,64.0,-907.0,-66.0,2
929,27.0,-230.0,-43.0,95.0,-438.0,2.0,78.0,-902.0,-93.0,2
930,30.0,-229.0,-43.0,84.0,-434.0,2.0,92.0,-893.0,-87.0,2
931,32.0,-232.0,-43.0,60.0,-430.0,8.0,97.0,-889.0,-87.0,2
932,37.0,-231.0,-38.0,31.0,-428.0,10.0,115.0,-893.0,-88.0,2
933,39.0,-235.0,-37.0,-3.0,-429.0,12.0,126.0,-906.0,-82.0,2
934,43.0,-238.0,-43.0,-28.0,-427.0,13.0,131.0,-922.0,-86.0,2
935,43.0,-245.0,-41.0,-49.0,-424.0,16.0,139.0,-943.0,-83.0,2
936,42.0,-249.0,-40.0,-61.0,-422.0,12.0,138.0,-963.0,-88.0,2
937,41.0,-252.0,-43.0,-59.0,-429.0,12.0,144.0,-974.0,-86.0,2
938,47.0,-256.0,-46.0,-51.0,-436.0,8.0,143.0,-986.0,-95.0,2
939,45.0,-254.0,-42.0,-40.0,-439.0,10.0,140.0,-996.0,-99.0,2
940,49.0,-256.0,-48.0,-36.0,-434.0,8.0,154.0,-997.0,-119.0,2
941,51.0,-254.0,-54.0,-44.0,-419.0,11.0,166.0,-999.0,-139.0,2
942,51.0,-253.0,-58.0,-68.0,-405.0,5.0,172.0,-1000.0,-173.0,2
943,51.0,-259.0,-65.0,-100.0,-392.0,-1.0,171.0,-1021.0,-196.0,2
944,51.0,-266.0,-72.0,-139.0,-378.0,-12.0,160.0,-1050.0,-209.0,2
945,49.0,-277.0,-67.0,-155.0,-367.0,-17.0,141.0,-1090.0,-204.0,2
946,46.0,-287.0,-68.0,-154.0,-359.0,-29.0,135.0,-1115.0,-189.0,2
947,44.0,-295.0,-67.0,-135.0,-353.0,-38.0,128.0,-1140.0,-178.0,2
948,43.0,-298.0,-59.0,-100.0,-347.0,-58.0,129.0,-1152.0,-178.0,2
949,41.0,-300.0,-64.0,-60.0,-342.0,-74.0,131.0,-1153.0,-186.0,2
950,43.0,-297.0,-63.0,-22.0,-337.0,-94.0,127.0,-1147.0,-190.0,2
951,43.0,-292.0,-75.0,4.0,-336.0,-106.0,122.0,-1135.0,-210.0,2
952,42.0,-285.0,-76.0,11.0,-334.0,-122.0,121.0,-1116.0,-223.0,2
953,34.0,-277.0,-76.0,7.0,-328.0,-133.0,110.0,-1098.0,-239.0,2
954,34.0,-276.0,-79.0,-7.0,-314.0,-142.0,100.0,-1087.0,-231.0,2
955,32.0,-279.0,-74.0,-22.0,-289.0,-139.0,100.0,-1087.0,-231.0,2
956,32.0,-278.0,-75.0,-30.0,-272.0,-142.0,93.0,-1092.0,-225.0,2
957,35.0,-284.0,-76.0,-39.0,-257.0,-139.0,98.0,-1098.0,-226.0,2
958,35.0,-286.0,-71.0,-46.0,-245.0,-137.0,103.0,-1111.0,-229.0,2
959,37.0,-288.0,-74.0,-52.0,-230.0,-131.0,121.0,-1130.0,-228.0,2
960,43.0,-293.0,-76.0,-54.0,-220.0,-129.0,131.0,-1133.0,-247.0,2
961,47.0,-293.0,-85.0,-53.0,-207.0,-117.0,148.0,-1143.0,-264.0,2
962,52.0,-292.0,-91.0,-56.0,-189.0,-107.0,172.0,-1146.0,-289.0,2
963,57.0,-291.0,-101.0,-65.0,-160.0,-101.0,188.0,-1134.0,-327.0,2
964,58.0,-291.0,-110.0,-78.0,-121.0,-108.0,195.0,-1141.0,-356.0,2
965,56.0,-296.0,-99.0,-90.0,-79.0,-121.0,186.0,-1145.0,-343.0,2
966,50.0,-297.0,-92.0,-91.0,-43.0,-137.0,169.0,-1147.0,-311.0,2
967,44.0,-293.0,-78.0,-75.0,-39.0,-144.0,146.0,-1146.0,-255.0,2
968,43.0,-296.0,-67.0,-51.0,-47.0,-151.0,133.0,-1139.0,-200.0,2
969,41.0,-287.0,-58.0,-18.0,-55.0,-147.0,124.0,-1122.0,-149.0,2
970,42.0,-280.0,-54.0,22.0,-56.0,-142.0,124.0,-1091.0,-130.0,2
971,39.0,-271.0,-56.0,66.0,-45.0,-130.0,115.0,-1059.0,-137.0,2
972,34.0,-264.0,-55.0,108.0,-34.0,-122.0,102.0,-1032.0,-151.0,2
973,32.0,-259.0,-58.0,142.0,-26.0,-102.0,97.0,-1010.0,-164.0,2
974,26.0,-252.0,-62.0,169.0,-24.0,-83.0,74.0,-973.0,-179.0,2
975,22.0,-246.0,-65.0,192.0,-25.0,-59.0,53.0,-952.0,-189.0,2
976,18.0,-237.0,-62.0,212.0,-25.0,-32.0,40.0,-926.0,-195.0,2
977,9.0,-234.0,-67.0,226.0,-31.0,0.0,17.0,-907.0,-200.0,2
978,5.0,-227.0,-66.0,237.0,-37.0,30.0,1.0,-887.0,-196.0,2
979,2.0,-221.0,-67.0,247.0,-40.0,65.0,-12.0,-866.0,-197.0,2
980,3.0,-218.0,-66.0,246.0,-45.0,97.0,-20.0,-846.0,-206.0,2
981,-3.0,-210.0,-77.0,238.0,-45.0,131.0,-26.0,-833.0,-213.0,2
982,-4.0,-209.0,-72.0,214.0,-44.0,159.0,-34.0,-823.0,-229.0,2
983,0.0,-206.0,-79.0,179.0,-49.0,183.0,-32.0,-819.0,-243.0,2
984,1.0,-208.0,-77.0,135.0,-62.0,200.0,-19.0,-824.0,-247.0,2
985,4.0,-212.0,-79.0,97.0,-79.0,213.0,1.0,-832.0,-251.0,2
986,12.0,-214.0,-81.0,68.0,-91.0,214.0,17.0,-844.0,-252.0,2
987,16.0,-221.0,-82.0,50.0,-100.0,210.0,44.0,-854.0,-246.0,2
988,22.0,-226.0,-77.0,42.0,-97.0,195.0,65.0,-873.0,-246.0,2
989,31.0,-227.0,-78.0,38.0,-84.0,179.0,74.0,-888.0,-242.0,2
990,29.0,-231.0,-78.0,35.0,-66.0,155.0,91.0,-903.0,-244.0,2
991,35.0,-235.0,-77.0,34.0,-45.0,135.0,96.0,-912.0,-253.0,2
992,36.0,-238.0,-79.0,36.0,-23.0,113.0,107.0,-923.0,-256.0,2
993,38.0,-240.0,-83.0,45.0,-1.0,93.0,117.0,-930.0,-261.0,2
994,37.0,-239.0,-91.0,56.0,18.0,69.0,120.0,-937.0,-277.0,2
995,38.0,-240.0,-91.0,70.0,31.0,52.0,120.0,-928.0,-300.0,2
996,38.0,-238.0,-95.0,79.0,45.0,33.0,107.0,-919.0,-308.0,2
997,24.0,-234.0,-98.0,88.0,55.0,19.0,77.0,-904.0,-320.0,2
998,23.0,-229.0,-98.0,93.0,57.0,9.0,48.0,-891.0,-323.0,2
999,14.0,-223.0,-98.0,91.0,57.0,8.0,26.0,-868.0,-332.0,2
1000,11.0,-219.0,-105.0,85.0,49.0,2.0,5.0,-850.0,-347.0,2
1001,0.0,-213.0,-104.0,74.0,40.0,7.0,-20.0,-835.0,-360.0,2
1002,-3.0,-208.0,-110.0,63.0,20.0,14.0,-38.0,-827.0,-358.0,2
1003,-6.0,-207.0,-111.0,53.0,5.0,25.0,-43.0,-824.0,-361.0,2
1004,-11.0,-210.0,-105.0,40.0,-2.0,27.0,-64.0,-827.0,-362.0,2
1005,-17.0,-210.0,-103.0,22.0,-5.0,33.0,-99.0,-824.0,-353.0,2
1006,-25.0,-213.0,-103.0,-1.0,-12.0,42.0,-117.0,-829.0,-346.0,2
1007,-25.0,-219.0,-99.0,-28.0,-19.0,54.0,-128.0,-855.0,-343.0,2
1008,-27.0,-226.0,-106.0,-56.0,-27.0,61.0,-135.0,-881.0,-337.0,2
1009,-31.0,-234.0,-99.0,-89.0,-45.0,65.0,-145.0,-906.0,-320.0,2
1010,-29.0,-243.0,-97.0,-107.0,-62.0,69.0,-136.0,-940.0,-323.0,2
1011,-26.0,-251.0,-91.0,-119.0,-79.0,74.0,-136.0,-968.0,-310.0,2
1012,-22.0,-259.0,-94.0,-120.0,-89.0,76.0,-120.0,-1004.0,-300.0,2
1013,-13.0,-264.0,-88.0,-116.0,-89.0,82.0,-108.0,-1026.0,-282.0,2
1014,-16.0,-266.0,-85.0,-107.0,-85.0,82.0,-90.0,-1046.0,-264.0,2
1015,-11.0,-269.0,-77.0,-91.0,-83.0,82.0,-78.0,-1055.0,-248.0,2
1016,-10.0,-274.0,-76.0,-64.0,-84.0,80.0,-71.0,-1058.0,-237.0,2
1017,-5.0,-277.0,-77.0,-31.0,-83.0,82.0,-61.0,-1070.0,-233.0,2
1018,-7.0,-275.0,-75.0,0.0,-81.0,87.0,-48.0,-1067.0,-231.0,2
1019,-4.0,-273.0,-76.0,31.0,-80.0,98.0,-38.0,-1063.0,-235.0,2
1020,0.0,-271.0,-76.0,66.0,-77.0,107.0,-32.0,-1064.0,-248.0,2
1021,2.0,-269.0,-77.0,78.0,-76.0,123.0,-35.0,-1049.0,-236.0,2
1022,1.0,-271.0,-73.0,86.0,-74.0,135.0,-27.0,-1055.0,-223.0,2
1023,0.0,-272.0,-65.0,94.0,-64.0,152.0,-19.0,-1050.0,-206.0,2
1024,2.0,-269.0,-65.0,108.0,-53.0,167.0,-22.0,-1046.0,-201.0,2
1025,3.0,-267.0,-68.0,127.0,-40.0,187.0,-21.0,-1043.0,-199.0,2
1026,4.0,-264.0,-68.0,150.0,-28.0,205.0,-18.0,-1034.0,-204.0,2
1027,2.0,-264.0,-74.0,176.0,-17.0,221.0,-14.0,-1028.0,-221.0,2
1028,3.0,-259.0,-76.0,194.0,-11.0,231.0,-14.0,-1017.0,-239.0,2
1029,-3.0,-258.0,-73.0,199.0,-7.0,244.0,-23.0,-1005.0,-247.0,2
1030,1.0,-257.0,-75.0,198.0,-3.0,257.0,-17.0,-994.0,-237.0,2
1031,3.0,-252.0,-75.0,198.0,-4.0,272.0,-17.0,-968.0,-240.0,2
1032,2.0,-245.0,-72.0,200.0,-6.0,278.0,-5.0,-953.0,-222.0,2
1033,5.0,-242.0,-71.0,202.0,-16.0,283.0,-3.0,-933.0,-215.0,2
1034,7.0,-239.0,-69.0,209.0,-18.0,277.0,-2.0,-916.0,-210.0,2
1035,5.0,-233.0,-72.0,210.0,-15.0,273.0,-3.0,-904.0,-212.0,2
1036,9.0,-231.0,-69.0,199.0,-2.0,271.0,-6.0,-900.0,-215.0,2
1037,8.0,-223.0,-70.0,175.0,17.0,269.0,0.0,-884.0,-204.0,2
1038,4.0,-223.0,-64.0,154.0,32.0,262.0,-14.0,-876.0,-182.0,2
1039,4.0,-223.0,-60.0,140.0,43.0,258.0,-3.0,-875.0,-176.0,2
1040,5.0,-225.0,-60.0,130.0,51.0,247.0,-13.0,-876.0,-172.0,2
1041,6.0,-230.0,-56.0,119.0,60.0,237.0,-2.0,-885.0,-162.0,2
1042,6.0,-229.0,-56.0,107.0,69.0,223.0,-4.0,-883.0,-145.0,2
1043,1.0,-227.0,-57.0,105.0,65.0,212.0,-22.0,-890.0,-141.0,2
1044,1.0,-230.0,-54.0,104.0,66.0,204.0,-37.0,-898.0,-146.0,2
1045,-1.0,-231.0,-55.0,90.0,73.0,202.0,-22.0,-900.0,-151.0,2
1046,-2.0,-234.0,-56.0,74.0,75.0,192.0,-25.0,-901.0,-144.0,2
1047,1.0,-240.0,-52.0,62.0,78.0,191.0,-34.0,-915.0,-139.0,2
1048,0.0,-241.0,-53.0,54.0,84.0,188.0,-31.0,-916.0,-130.0,2
1049,-2.0,-242.0,-53.0,50.0,84.0,185.0,-25.0,-931.0,-139.0,2
1050,-2.0,-245.0,-56.0,46.0,76.0,179.0,-27.0,-942.0,-149.0,2
1051,-4.0,-249.0,-55.0,30.0,66.0,172.0,-29.0,-952.0,-148.0,2
1052,-4.0,-250.0,-49.0,18.0,56.0,166.0,-44.0,-964.0,-136.0,2
1053,-8.0,-251.0,-50.0,16.0,48.0,164.0,-46.0,-958.0,-137.0,2
1054,-9.0,-252.0,-53.0,18.0,42.0,158.0,-56.0,-970.0,-135.0,2
1055,-8.0,-253.0,-48.0,25.0,43.0,161.0,-54.0,-971.0,-130.0,2
1056,0.0,-254.0,-51.0,32.0,45.0,163.0,-41.0,-976.0,-131.0,2
1057,-3.0,-251.0,-52.0,35.0,40.0,159.0,-40.0,-966.0,-137.0,2
1058,-3.0,-247.0,-54.0,37.0,37.0,154.0,-32.0,-963.0,-138.0,2
1059,-3.0,-246.0,-53.0,42.0,38.0,151.0,-40.0,-956.0,-137.0,2
1060,-1.0,-248.0,-53.0,51.0,42.0,145.0,-32.0,-949.0,-132.0,2
1061,0.0,-247.0,-52.0,56.0,43.0,140.0,-21.0,-947.0,-134.0,2
1062,-2.0,-244.0,-51.0,56.0,44.0,132.0,-28.0,-936.0,-122.0,2
1063,-2.0,-244.0,-48.0,63.0,52.0,128.0,-31.0,-935.0,-122.0,2
1064,-1.0,-238.0,-47.0,70.0,63.0,121.0,-34.0,-926.0,-115.0,2
1065,2.0,-239.0,-47.0,72.0,71.0,117.0,-25.0,-916.0,-120.0,2
1066,4.0,-236.0,-50.0,69.0,76.0,109.0,-16.0,-912.0,-129.0,2
1067,1.0,-232.0,-53.0,55.0,82.0,102.0,-13.0,-908.0,-134.0,2
1068,2.0,-233.0,-47.0,35.0,91.0,93.0,-22.0,-904.0,-133.0,2
1069,3.0,-236.0,-49.0,11.0,100.0,86.0,-13.0,-911.0,-128.0,2
1070,0.0,-239.0,-47.0,-9.0,109.0,74.0,-17.0,-917.0,-119.0,2
1071,0.0,-241.0,-49.0,-18.0,112.0,64.0,-21.0,-926.0,-123.0,2
1072,1.0,-242.0,-47.0,-25.0,116.0,50.0,-25.0,-926.0,-116.0,2
1073,2.0,-242.0,-46.0,-25.0,121.0,39.0,-27.0,-938.0,-114.0,2
1074,0.0,-245.0,-44.0,-22.0,133.0,29.0,-26.0,-944.0,-111.0,2
1075,-2.0,-245.0,-44.0,-15.0,145.0,23.0,-31.0,-939.0,-107.0,2
1076,0.0,-243.0,-47.0,-9.0,160.0,18.0,-27.0,-945.0,-114.0,2
1077,1.0,-246.0,-46.0,-10.0,177.0,13.0,-17.0,-947.0,-115.0,2
1078,6.0,-247.0,-46.0,-15.0,198.0,8.0,-11.0,-948.0,-114.0,2
1079,7.0,-246.0,-44.0,-20.0,217.0,4.0,-9.0,-955.0,-121.0,2
1080,5.0,-249.0,-49.0,-30.0,232.0,-2.0,-6.0,-962.0,-115.0,2
1081,7.0,-250.0,-48.0,-37.0,244.0,-7.0,-1.0,-968.0,-118.0,2
1082,10.0,-254.0,-51.0,-42.0,251.0,-13.0,6.0,-975.0,-123.0,2
1083,10.0,-256.0,-51.0,-45.0,256.0,-17.0,2.0,-976.0,-131.0,2
1084,7.0,-255.0,-49.0,-45.0,261.0,-22.0,-3.0,-975.0,-136.0,2
1085,4.0,-255.0,-54.0,-40.0,271.0,-23.0,-18.0,-980.0,-140.0,2
1086,-3.0,-254.0,-56.0,-33.0,279.0,-21.0,-32.0,-989.0,-151.0,2
1087,-4.0,-252.0,-55.0,-30.0,286.0,-15.0,-47.0,-977.0,-154.0,2
1088,-7.0,-253.0,-54.0,-31.0,289.0,-7.0,-56.0,-978.0,-149.0,2
1089,-10.0,-253.0,-54.0,-36.0,288.0,1.0,-65.0,-976.0,-144.0,2
1090,-12.0,-253.0,-52.0,-41.0,286.0,5.0,-76.0,-978.0,-142.0,2
1091,-12.0,-253.0,-53.0,-45.0,283.0,11.0,-86.0,-978.0,-142.0,2
1092,-12.0,-253.0,-51.0,-48.0,281.0,19.0,-87.0,-979.0,-133.0,2
1093,-12.0,-254.0,-53.0,-53.0,280.0,29.0,-85.0,-988.0,-134.0,2
1094,-12.0,-256.0,-51.0,-58.0,286.0,39.0,-93.0,-981.0,-130.0,2
1095,-12.0,-257.0,-49.0,-56.0,297.0,51.0,-83.0,-996.0,-123.0,2
1096,-14.0,-253.0,-49.0,-58.0,309.0,64.0,-88.0,-993.0,-123.0,2
1097,-12.0,-257.0,-47.0,-55.0,320.0,71.0,-80.0,-996.0,-126.0,2
1098,-12.0,-256.0,-49.0,-54.0,324.0,86.0,-72.0,-993.0,-121.0,2
1099,-12.0,-256.0,-47.0,-51.0,333.0,96.0,-68.0,-997.0,-119.0,2
1100,-8.0,-257.0,-46.0,-45.0,342.0,102.0,-66.0,-989.0,-121.0,2
1101,-8.0,-257.0,-47.0,-33.0,349.0,106.0,-59.0,-996.0,-114.0,2
1102,-8.0,-256.0,-47.0,-21.0,359.0,108.0,-54.0,-987.0,-103.0,2
1103,-8.0,-257.0,-45.0,-11.0,361.0,109.0,-52.0,-997.0,-100.0,2
1104,-4.0,-257.0,-41.0,-3.0,360.0,111.0,-38.0,-989.0,-88.0,2
1105,-5.0,-258.0,-38.0,7.0,350.0,108.0,-46.0,-982.0,-83.0,2
1106,-8.0,-259.0,-36.0,20.0,342.0,115.0,-55.0,-1001.0,-84.0,2
1107,-10.0,-258.0,-38.0,42.0,335.0,122.0,-67.0,-991.0,-79.0,2
1108,-11.0,-254.0,-36.0,73.0,336.0,117.0,-75.0,-981.0,-77.0,2
1109,-8.0,-257.0,-39.0,106.0,338.0,109.0,-56.0,-988.0,-87.0,2
1110,-11.0,-255.0,-41.0,125.0,342.0,102.0,-71.0,-973.0,-84.0,2
1111,-10.0,-253.0,-39.0,136.0,350.0,107.0,-68.0,-974.0,-85.0,2
1112,-10.0,-251.0,-39.0,135.0,348.0,109.0,-66.0,-966.0,-78.0,2
1113,-9.0,-246.0,-38.0,134.0,347.0,110.0,-63.0,-955.0,-74.0,2
1114,-10.0,-244.0,-32.0,136.0,355.0,114.0,-60.0,-946.0,-70.0,2
1115,-7.0,-244.0,-37.0,136.0,360.0,126.0,-66.0,-926.0,-68.0,2
1116,-8.0,-240.0,-36.0,129.0,371.0,129.0,-61.0,-926.0,-67.0,2
1117,-9.0,-237.0,-37.0,112.0,388.0,121.0,-59.0,-926.0,-68.0,2
1118,-10.0,-240.0,-35.0,88.0,393.0,112.0,-67.0,-924.0,-49.0,2
1119,-7.0,-244.0,-31.0,70.0,386.0,108.0,-58.0,-927.0,-54.0,2
1120,-7.0,-242.0,-30.0,56.0,384.0,109.0,-58.0,-932.0,-51.0,2
1121,-4.0,-246.0,-33.0,52.0,391.0,102.0,-51.0,-934.0,-49.0,2
1122,-9.0,-247.0,-33.0,56.0,401.0,97.0,-52.0,-944.0,-52.0,2
1123,-10.0,-244.0,-30.0,60.0,410.0,93.0,-56.0,-946.0,-50.0,2
1124,-11.0,-244.0,-33.0,63.0,418.0,85.0,-63.0,-935.0,-47.0,2
1125,-11.0,-245.0,-29.0,65.0,425.0,71.0,-70.0,-935.0,-43.0,2
1126,-11.0,-243.0,-30.0,64.0,424.0,61.0,-76.0,-930.0,-44.0,2
1127,-12.0,-241.0,-34.0,67.0,424.0,52.0,-80.0,-925.0,-49.0,2
1128,-12.0,-243.0,-27.0,64.0,430.0,46.0,-75.0,-911.0,-57.0,2
1129,-11.0,-239.0,-36.0,57.0,438.0,42.0,-77.0,-920.0,-66.0,2
1130,-12.0,-239.0,-37.0,45.0,448.0,36.0,-76.0,-917.0,-64.0,2
1131,-12.0,-235.0,-33.0,31.0,455.0,28.0,-85.0,-917.0,-65.0,2
1132,-17.0,-236.0,-38.0,13.0,460.0,19.0,-87.0,-917.0,-68.0,2
1133,-15.0,-239.0,-32.0,-6.0,460.0,11.0,-100.0,-921.0,-57.0,2
1134,-19.0,-238.0,-29.0,-16.0,458.0,3.0,-104.0,-915.0,-53.0,2
1135,-21.0,-239.0,-32.0,-19.0,455.0,-10.0,-113.0,-915.0,-50.0,2
1136,-21.0,-240.0,-36.0,-21.0,448.0,-19.0,-113.0,-915.0,-63.0,2
1137,-20.0,-239.0,-39.0,-24.0,443.0,-30.0,-120.0,-913.0,-73.0,2
1138,-24.0,-238.0,-36.0,-30.0,438.0,-36.0,-118.0,-918.0,-75.0,2
1139,-21.0,-240.0,-39.0,-34.0,436.0,-46.0,-115.0,-927.0,-69.0,2
1140,-21.0,-243.0,-37.0,-42.0,435.0,-53.0,-117.0,-931.0,-71.0,2
1141,-21.0,-243.0,-34.0,-46.0,434.0,-63.0,-114.0,-936.0,-51.0,2
1142,-20.0,-243.0,-31.0,-52.0,433.0,-70.0,-114.0,-946.0,-48.0,2
1143,-22.0,-246.0,-36.0,-59.0,432.0,-76.0,-116.0,-945.0,-47.0,2
1144,-22.0,-248.0,-30.0,-67.0,426.0,-82.0,-113.0,-953.0,-48.0,2
1145,-22.0,-250.0,-32.0,-74.0,418.0,-87.0,-117.0,-964.0,-53.0,2
1146,-20.0,-254.0,-34.0,-79.0,410.0,-93.0,-116.0,-967.0,-52.0,2
1147,-22.0,-256.0,-34.0,-81.0,401.0,-99.0,-119.0,-978.0,-62.0,2
1148,-23.0,-254.0,-33.0,-82.0,396.0,-100.0,-115.0,-996.0,-67.0,2
1149,-23.0,-257.0,-37.0,-80.0,392.0,-102.0,-110.0,-1000.0,-66.0,2
1150,-18.0,-260.0,-37.0,-80.0,391.0,-100.0,-106.0,-1001.0,-66.0,2
1151,-17.0,-259.0,-32.0,-78.0,394.0,-99.0,-100.0,-1008.0,-63.0,2
1152,-15.0,-258.0,-34.0,-79.0,395.0,-95.0,-102.0,-1006.0,-58.0,2
1153,-19.0,-257.0,-32.0,-80.0,400.0,-92.0,-100.0,-1005.0,-50.0,2
1154,-12.0,-257.0,-32.0,-84.0,402.0,-86.0,-93.0,-1003.0,-43.0,2
1155,-13.0,-259.0,-29.0,-92.0,402.0,-84.0,-95.0,-1001.0,-47.0,2
1156,-17.0,-257.0,-39.0,-110.0,399.0,-82.0,-99.0,-1002.0,-69.0,2
1157,-18.0,-255.0,-48.0,-146.0,394.0,-84.0,-108.0,-1002.0,-112.0,2
1158,-19.0,-259.0,-54.0,-200.0,395.0,-77.0,-112.0,-1014.0,-151.0,2
1159,-21.0,-263.0,-59.0,-265.0,406.0,-72.0,-111.0,-1042.0,-182.0,2
1160,-19.0,-279.0,-67.0,-325.0,418.0,-62.0,-118.0,-1078.0,-187.0,2
1161,-29.0,-287.0,-62.0,-369.0,419.0,-55.0,-134.0,-1113.0,-180.0,2
1162,-31.0,-304.0,-57.0,-383.0,407.0,-44.0,-162.0,-1159.0,-161.0,2
1163,-41.0,-315.0,-55.0,-368.0,386.0,-38.0,-183.0,-1201.0,-146.0,2
1164,-50.0,-321.0,-48.0,-328.0,353.0,-30.0,-217.0,-1222.0,-130.0,2
1165,-53.0,-322.0,-52.0,-274.0,314.0,-18.0,-234.0,-1237.0,-131.0,2
1166,-56.0,-321.0,-55.0,-223.0,275.0,-2.0,-241.0,-1237.0,-140.0,2
1167,-56.0,-316.0,-57.0,-184.0,236.0,9.0,-235.0,-1221.0,-152.0,2
1168,-48.0,-309.0,-61.0,-154.0,193.0,24.0,-217.0,-1178.0,-172.0,2
1169,-45.0,-296.0,-62.0,-125.0,154.0,31.0,-196.0,-1147.0,-198.0,2
1170,-42.0,-288.0,-69.0,-97.0,122.0,40.0,-192.0,-1121.0,-221.0,2
1171,-42.0,-281.0,-76.0,-88.0,98.0,44.0,-186.0,-1095.0,-225.0,2
1172,-37.0,-278.0,-74.0,-93.0,65.0,51.0,-186.0,-1076.0,-236.0,2
1173,-40.0,-274.0,-72.0,-106.0,43.0,57.0,-179.0,-1074.0,-230.0,2
1174,-36.0,-275.0,-69.0,-118.0,21.0,65.0,-176.0,-1071.0,-219.0,2
1175,-37.0,-278.0,-67.0,-128.0,-2.0,72.0,-170.0,-1078.0,-189.0,2
1176,-35.0,-277.0,-62.0,-128.0,-23.0,80.0,-163.0,-1093.0,-173.0,2
1177,-27.0,-282.0,-56.0,-120.0,-40.0,83.0,-139.0,-1091.0,-156.0,2
1178,-21.0,-283.0,-53.0,-97.0,-56.0,91.0,-115.0,-1088.0,-143.0,2
1179,-15.0,-281.0,-54.0,-69.0,-69.0,90.0,-100.0,-1083.0,-138.0,2
1180,-8.0,-278.0,-52.0,-40.0,-73.0,95.0,-78.0,-1080.0,-139.0,2
1181,-7.0,-277.0,-50.0,-20.0,-66.0,95.0,-61.0,-1063.0,-118.0,2
1182,-4.0,-273.0,-47.0,1.0,-62.0,93.0,-38.0,-1050.0,-101.0,2
1183,2.0,-268.0,-44.0,19.0,-56.0,85.0,-23.0,-1038.0,-87.0,2
1184,5.0,-263.0,-37.0,36.0,-48.0,63.0,-13.0,-1018.0,-68.0,2
1185,8.0,-255.0,-29.0,51.0,-42.0,40.0,-3.0,-975.0,-48.0,2
1186,10.0,-250.0,-32.0,77.0,-27.0,19.0,8.0,-954.0,-50.0,2
1187,11.0,-240.0,-36.0,97.0,1.0,-3.0,12.0,-927.0,-57.0,2
1188,14.0,-234.0,-37.0,101.0,41.0,-18.0,21.0,-912.0,-65.0,2
1189,18.0,-233.0,-41.0,99.0,87.0,-39.0,31.0,-906.0,-85.0,2
1190,15.0,-232.0,-42.0,94.0,120.0,-59.0,32.0,-904.0,-97.0,2
1191,14.0,-232.0,-49.0,86.0,133.0,-83.0,24.0,-909.0,-116.0,2
1192,12.0,-239.0,-56.0,73.0,132.0,-101.0,21.0,-921.0,-156.0,2
1193,11.0,-239.0,-65.0,46.0,129.0,-115.0,19.0,-932.0,-187.0,2
1194,7.0,-248.0,-75.0,11.0,128.0,-120.0,12.0,-962.0,-219.0,2
1195,4.0,-253.0,-77.0,-32.0,133.0,-126.0,-16.0,-973.0,-226.0,2
1196,-6.0,-257.0,-73.0,-60.0,134.0,-121.0,-38.0,-1002.0,-238.0,2
1197,-9.0,-261.0,-76.0,-75.0,131.0,-114.0,-61.0,-1015.0,-227.0,2
1198,-12.0,-261.0,-74.0,-75.0,126.0,-100.0,-76.0,-1024.0,-218.0,2
1199,-12.0,-264.0,-69.0,-68.0,115.0,-84.0,-79.0,-1033.0,-207.0,2
1200,-12.0,-263.0,-70.0,-62.0,104.0,-64.0,-86.0,-1035.0,-202.0,2
1201,-15.0,-261.0,-64.0,-62.0,95.0,-46.0,-81.0,-1037.0,-205.0,2
1202,-11.0,-263.0,-69.0,-64.0,83.0,-27.0,-88.0,-1031.0,-205.0,2
1203,-12.0,-261.0,-71.0,-64.0,61.0,-11.0,-71.0,-1015.0,-205.0,2
1204,-10.0,-259.0,-72.0,-55.0,33.0,7.0,-67.0,-1011.0,-214.0,2
1205,-10.0,-254.0,-75.0,-33.0,-11.0,9.0,-58.0,-983.0,-234.0,2
1206,-3.0,-253.0,-85.0,-4.0,-51.0,13.0,-51.0,-970.0,-275.0,2
1207,-2.0,-246.0,-98.0,16.0,-79.0,9.0,-32.0,-946.0,-324.0,2
1208,-1.0,-244.0,-109.0,29.0,-91.0,4.0,-25.0,-926.0,-340.0,2
1209,5.0,-239.0,-108.0,41.0,-103.0,-11.0,-11.0,-921.0,-357.0,2
1210,7.0,-234.0,-110.0,48.0,-116.0,-24.0,-2.0,-908.0,-359.0,2
1211,11.0,-229.0,-111.0,46.0,-128.0,-41.0,11.0,-892.0,-365.0,2
1212,12.0,-221.0,-109.0,34.0,-129.0,-53.0,19.0,-883.0,-376.0,2
1213,16.0,-221.0,-111.0,10.0,-118.0,-69.0,31.0,-861.0,-370.0,2
1214,17.0,-218.0,-109.0,-8.0,-102.0,-83.0,34.0,-864.0,-366.0,2
1215,14.0,-218.0,-109.0,-25.0,-86.0,-101.0,40.0,-860.0,-362.0,2
1216,18.0,-219.0,-108.0,-38.0,-67.0,-111.0,37.0,-856.0,-365.0,2
1217,16.0,-219.0,-109.0,-55.0,-52.0,-120.0,35.0,-861.0,-361.0,2
1218,19.0,-222.0,-105.0,-64.0,-43.0,-122.0,42.0,-867.0,-365.0,2
1219,20.0,-225.0,-106.0,-66.0,-39.0,-124.0,52.0,-867.0,-350.0,2
1220,25.0,-223.0,-108.0,-62.0,-38.0,-122.0,70.0,-878.0,-348.0,2
1221,31.0,-228.0,-103.0,-60.0,-39.0,-122.0,98.0,-884.0,-341.0,2
1222,40.0,-229.0,-102.0,-61.0,-34.0,-117.0,117.0,-887.0,-322.0,2
1223,42.0,-232.0,-98.0,-62.0,-24.0,-117.0,129.0,-899.0,-317.0,2
1224,45.0,-231.0,-101.0,-65.0,-11.0,-111.0,133.0,-907.0,-325.0,2
1225,43.0,-233.0,-91.0,-71.0,-1.0,-113.0,138.0,-904.0,-302.0,2
1226,47.0,-236.0,-93.0,-61.0,1.0,-111.0,142.0,-911.0,-296.0,2
1227,48.0,-241.0,-103.0,-50.0,0.0,-116.0,147.0,-934.0,-318.0,2
1228,52.0,-244.0,-94.0,-56.0,15.0,-121.0,167.0,-947.0,-320.0,2
1229,50.0,-248.0,-94.0,-69.0,35.0,-133.0,157.0,-957.0,-302.0,2
1230,45.0,-254.0,-85.0,-73.0,52.0,-144.0,140.0,-973.0,-279.0,2
1231,40.0,-255.0,-89.0,-69.0,56.0,-167.0,124.0,-1001.0,-271.0,2
1232,35.0,-258.0,-81.0,-60.0,49.0,-184.0,103.0,-1000.0,-254.0,2
1233,29.0,-257.0,-81.0,-43.0,37.0,-199.0,92.0,-1004.0,-255.0,2
1234,23.0,-253.0,-74.0,-22.0,28.0,-205.0,65.0,-979.0,-228.0,2
1235,22.0,-251.0,-79.0,11.0,17.0,-210.0,58.0,-970.0,-239.0,2
1236,12.0,-244.0,-78.0,33.0,11.0,-213.0,38.0,-957.0,-240.0,2
1237,13.0,-246.0,-79.0,37.0,5.0,-219.0,23.0,-954.0,-239.0,2
1238,14.0,-243.0,-75.0,30.0,-5.0,-226.0,18.0,-942.0,-221.0,2
1239,11.0,-241.0,-73.0,19.0,-17.0,-237.0,15.0,-945.0,-221.0,2
1240,13.0,-248.0,-74.0,7.0,-23.0,-243.0,8.0,-944.0,-221.0,2
1241,7.0,-246.0,-74.0,-5.0,-21.0,-253.0,0.0,-942.0,-217.0,2
1242,3.0,-248.0,-66.0,-8.0,-20.0,-260.0,-4.0,-950.0,-213.0,2
1243,4.0,-251.0,-72.0,-3.0,-24.0,-274.0,-15.0,-955.0,-208.0,2
1244,2.0,-250.0,-68.0,5.0,-36.0,-279.0,-20.0,-965.0,-207.0,2
1245,1.0,-250.0,-63.0,12.0,-51.0,-286.0,-14.0,-966.0,-193.0,2
1246,6.0,-249.0,-65.0,24.0,-64.0,-289.0,-7.0,-962.0,-179.0,2
1247,3.0,-247.0,-61.0,41.0,-74.0,-293.0,-9.0,-963.0,-186.0,2
1248,7.0,-247.0,-62.0,58.0,-79.0,-288.0,5.0,-953.0,-184.0,2
1249,12.0,-244.0,-63.0,70.0,-88.0,-283.0,14.0,-943.0,-192.0,2
1250,18.0,-242.0,-67.0,74.0,-96.0,-277.0,34.0,-936.0,-189.0,2
1251,19.0,-241.0,-66.0,75.0,-104.0,-279.0,42.0,-930.0,-196.0,2
1252,23.0,-239.0,-71.0,76.0,-108.0,-274.0,49.0,-924.0,-197.0,2
1253,23.0,-238.0,-67.0,74.0,-109.0,-268.0,56.0,-921.0,-201.0,2
1254,26.0,-237.0,-70.0,67.0,-103.0,-253.0,67.0,-914.0,-203.0,2
1255,29.0,-236.0,-71.0,57.0,-97.0,-246.0,79.0,-914.0,-200.0,2
1256,30.0,-236.0,-67.0,48.0,-93.0,-234.0,79.0,-913.0,-211.0,2
1257,26.0,-236.0,-67.0,35.0,-90.0,-227.0,79.0,-913.0,-206.0,2
1258,29.0,-234.0,-63.0,24.0,-87.0,-219.0,81.0,-914.0,-194.0,2
1259,26.0,-235.0,-67.0,16.0,-88.0,-217.0,78.0,-917.0,-187.0,2
1260,28.0,-238.0,-65.0,8.0,-88.0,-210.0,73.0,-923.0,-188.0,2
1261,30.0,-242.0,-69.0,-5.0,-86.0,-208.0,76.0,-931.0,-194.0,2
1262,25.0,-238.0,-60.0,-26.0,-83.0,-205.0,65.0,-919.0,-172.0,2
1263,25.0,-241.0,-60.0,-29.0,-72.0,-208.0,70.0,-927.0,-184.0,2
1264,27.0,-243.0,-62.0,-33.0,-63.0,-208.0,77.0,-934.0,-181.0,2
1265,27.0,-240.0,-60.0,-34.0,-46.0,-211.0,77.0,-931.0,-169.0,2
1266,28.0,-243.0,-60.0,-30.0,-25.0,-210.0,84.0,-942.0,-167.0,2
1267,29.0,-246.0,-58.0,-25.0,-12.0,-221.0,91.0,-945.0,-157.0,2
1268,30.0,-245.0,-57.0,-17.0,-10.0,-231.0,78.0,-946.0,-152.0,2
1269,25.0,-245.0,-61.0,-9.0,-12.0,-243.0,68.0,-943.0,-168.0,2
1270,23.0,-244.0,-60.0,-13.0,-12.0,-242.0,59.0,-939.0,-164.0,2
1271,24.0,-241.0,-59.0,-18.0,-6.0,-239.0,65.0,-933.0,-161.0,2
1272,26.0,-241.0,-63.0,-23.0,0.0,-227.0,62.0,-934.0,-171.0,2
1273,20.0,-240.0,-64.0,-30.0,4.0,-224.0,60.0,-932.0,-180.0,2
1274,23.0,-239.0,-60.0,-40.0,6.0,-216.0,60.0,-939.0,-177.0,2
1275,21.0,-239.0,-57.0,-49.0,4.0,-210.0,58.0,-931.0,-164.0,2
1276,23.0,-241.0,-57.0,-48.0,-2.0,-201.0,61.0,-931.0,-154.0,2
1277,22.0,-240.0,-58.0,-41.0,-9.0,-195.0,62.0,-929.0,-149.0,2
1278,24.0,-239.0,-53.0,-30.0,-13.0,-181.0,69.0,-921.0,-147.0,2
1279,26.0,-235.0,-56.0,-26.0,-15.0,-171.0,68.0,-922.0,-155.0,2
1280,27.0,-235.0,-57.0,-25.0,-18.0,-156.0,75.0,-911.0,-157.0,2
1281,26.0,-231.0,-61.0,-31.0,-22.0,-144.0,78.0,-903.0,-160.0,2
1282,30.0,-231.0,-61.0,-40.0,-32.0,-126.0,81.0,-903.0,-170.0,2
1283,29.0,-233.0,-60.0,-54.0,-41.0,-115.0,86.0,-901.0,-175.0,2
1284,29.0,-232.0,-62.0,-66.0,-44.0,-99.0,95.0,-903.0,-175.0,2
1285,29.0,-232.0,-61.0,-72.0,-41.0,-90.0,96.0,-909.0,-175.0,2
1286,32.0,-232.0,-67.0,-75.0,-36.0,-78.0,102.0,-906.0,-176.0,2
1287,36.0,-237.0,-65.0,-77.0,-34.0,-74.0,103.0,-919.0,-187.0,2
1288,36.0,-237.0,-62.0,-82.0,-25.0,-69.0,107.0,-922.0,-185.0,2
1289,37.0,-240.0,-64.0,-87.0,-16.0,-69.0,108.0,-924.0,-182.0,2
1290,36.0,-243.0,-61.0,-91.0,-8.0,-66.0,110.0,-932.0,-185.0,2
1291,33.0,-246.0,-63.0,-94.0,0.0,-67.0,104.0,-951.0,-175.0,2
1292,34.0,-251.0,-66.0,-97.0,2.0,-66.0,96.0,-962.0,-173.0,2
1293,32.0,-251.0,-61.0,-99.0,6.0,-67.0,99.0,-974.0,-164.0,2
1294,32.0,-255.0,-58.0,-96.0,5.0,-65.0,92.0,-976.0,-168.0,2
1295,28.0,-255.0,-59.0,-91.0,2.0,-67.0,86.0,-985.0,-163.0,2
1296,25.0,-256.0,-60.0,-87.0,-1.0,-64.0,75.0,-1001.0,-169.0,2
1297,24.0,-257.0,-62.0,-79.0,-3.0,-67.0,71.0,-997.0,-172.0,2
1298,22.0,-255.0,-62.0,-73.0,-4.0,-64.0,58.0,-989.0,-179.0,2
1299,20.0,-251.0,-62.0,-72.0,-5.0,-66.0,53.0,-982.0,-178.0,2
1300,18.0,-254.0,-66.0,-70.0,-8.0,-64.0,49.0,-995.0,-179.0,2
1301,22.0,-256.0,-63.0,-73.0,-14.0,-67.0,51.0,-979.0,-181.0,2
1302,21.0,-253.0,-63.0,-78.0,-21.0,-68.0,55.0,-979.0,-177.0,2
1303,20.0,-254.0,-61.0,-84.0,-25.0,-71.0,54.0,-975.0,-168.0,2
1304,24.0,-254.0,-59.0,-84.0,-31.0,-72.0,65.0,-977.0,-166.0,2
1305,26.0,-252.0,-56.0,-81.0,-36.0,-79.0,76.0,-971.0,-162.0,2
1306,28.0,-250.0,-60.0,-76.0,-41.0,-84.0,84.0,-974.0,-164.0,2
1307,30.0,-250.0,-57.0,-75.0,-44.0,-96.0,93.0,-966.0,-157.0,2
1308,28.0,-249.0,-60.0,-70.0,-47.0,-106.0,95.0,-970.0,-153.0,2
1309,34.0,-251.0,-52.0,-62.0,-50.0,-113.0,96.0,-970.0,-144.0,2
1310,32.0,-250.0,-55.0,-52.0,-53.0,-116.0,96.0,-972.0,-139.0,2
1311,31.0,-250.0,-54.0,-41.0,-54.0,-124.0,93.0,-965.0,-134.0,2
1312,28.0,-249.0,-53.0,-32.0,-60.0,-127.0,84.0,-969.0,-130.0,2
1313,26.0,-250.0,-52.0,-30.0,-69.0,-134.0,74.0,-973.0,-128.0,2
1314,24.0,-252.0,-49.0,-30.0,-81.0,-135.0,67.0,-970.0,-125.0,2
1315,23.0,-251.0,-52.0,-33.0,-92.0,-139.0,64.0,-972.0,-132.0,2
1316,21.0,-253.0,-51.0,-31.0,-104.0,-136.0,58.0,-968.0,-133.0,2
1317,22.0,-253.0,-51.0,-28.0,-112.0,-136.0,56.0,-974.0,-133.0,2
1318,22.0,-250.0,-52.0,-25.0,-117.0,-131.0,49.0,-967.0,-129.0,2
1319,22.0,-249.0,-52.0,-19.0,-122.0,-129.0,55.0,-969.0,-128.0,2
1320,24.0,-253.0,-50.0,-13.0,-129.0,-125.0,57.0,-972.0,-118.0,2
1321,19.0,-250.0,-46.0,-8.0,-145.0,-126.0,55.0,-968.0,-118.0,2
1322,22.0,-252.0,-45.0,-6.0,-160.0,-125.0,51.0,-966.0,-109.0,2
1323,18.0,-250.0,-49.0,-4.0,-177.0,-125.0,50.0,-960.0,-105.0,2
1324,22.0,-251.0,-45.0,-4.0,-192.0,-118.0,54.0,-963.0,-101.0,2
1325,20.0,-251.0,-44.0,-9.0,-204.0,-113.0,50.0,-963.0,-98.0,2
1326,20.0,-249.0,-38.0,-11.0,-222.0,-104.0,56.0,-959.0,-86.0,2
1327,24.0,-247.0,-40.0,-10.0,-236.0,-101.0,55.0,-952.0,-90.0,2
1328,25.0,-246.0,-40.0,-10.0,-248.0,-92.0,63.0,-946.0,-90.0,2
1329,25.0,-247.0,-40.0,-9.0,-256.0,-88.0,71.0,-951.0,-84.0,2
1330,25.0,-248.0,-42.0,-3.0,-268.0,-83.0,78.0,-945.0,-81.0,2
1331,24.0,-244.0,-37.0,5.0,-282.0,-86.0,71.0,-945.0,-75.0,2
1332,29.0,-245.0,-36.0,13.0,-296.0,-82.0,82.0,-946.0,-71.0,2
1333,28.0,-245.0,-36.0,23.0,-308.0,-81.0,87.0,-951.0,-71.0,2
1334,27.0,-247.0,-33.0,30.0,-314.0,-76.0,89.0,-944.0,-70.0,2
1335,28.0,-241.0,-40.0,38.0,-317.0,-72.0,84.0,-944.0,-77.0,2
1336,26.0,-241.0,-41.0,42.0,-316.0,-59.0,80.0,-944.0,-83.0,2
1337,29.0,-244.0,-42.0,41.0,-304.0,-49.0,78.0,-940.0,-81.0,2
1338,27.0,-246.0,-36.0,45.0,-295.0,-34.0,77.0,-935.0,-82.0,2
1339,27.0,-244.0,-36.0,45.0,-290.0,-24.0,76.0,-936.0,-73.0,2
1340,25.0,-245.0,-31.0,42.0,-293.0,-6.0,66.0,-942.0,-54.0,2
1341,26.0,-244.0,-36.0,43.0,-299.0,5.0,69.0,-935.0,-52.0,2
1342,25.0,-243.0,-34.0,46.0,-311.0,19.0,70.0,-952.0,-74.0,2
1343,20.0,-243.0,-31.0,38.0,-326.0,29.0,66.0,-930.0,-47.0,2
1344,26.0,-242.0,-34.0,56.0,-335.0,41.0,72.0,-928.0,-49.0,2
1345,26.0,-240.0,-33.0,87.0,-336.0,46.0,83.0,-931.0,-76.0,2
1346,30.0,-239.0,-38.0,103.0,-336.0,55.0,91.0,-928.0,-83.0,2
1347,35.0,-237.0,-42.0,113.0,-324.0,59.0,94.0,-911.0,-73.0,2
1348,37.0,-237.0,-42.0,113.0,-301.0,71.0,99.0,-908.0,-86.0,2
1349,40.0,-236.0,-39.0,104.0,-283.0,76.0,108.0,-908.0,-83.0,2
1350,35.0,-235.0,-44.0,92.0,-269.0,83.0,111.0,-901.0,-87.0,2
1351,36.0,-235.0,-43.0,88.0,-261.0,87.0,103.0,-909.0,-88.0,2
1352,36.0,-234.0,-43.0,86.0,-255.0,93.0,100.0,-910.0,-96.0,2
1353,35.0,-237.0,-42.0,81.0,-246.0,97.0,96.0,-912.0,-103.0,2
1354,31.0,-237.0,-45.0,76.0,-243.0,102.0,101.0,-918.0,-102.0,2
1355,36.0,-236.0,-46.0,70.0,-245.0,104.0,105.0,-917.0,-110.0,2
1356,36.0,-236.0,-46.0,64.0,-250.0,107.0,110.0,-922.0,-105.0,2
1357,36.0,-239.0,-46.0,57.0,-254.0,105.0,113.0,-927.0,-107.0,2
1358,39.0,-239.0,-47.0,47.0,-253.0,109.0,113.0,-929.0,-100.0,2
1359,38.0,-244.0,-43.0,37.0,-252.0,104.0,117.0,-939.0,-88.0,2
1360,38.0,-245.0,-45.0,28.0,-249.0,105.0,118.0,-949.0,-92.0,2
1361,39.0,-248.0,-43.0,15.0,-241.0,108.0,111.0,-954.0,-88.0,2
1362,39.0,-248.0,-42.0,8.0,-230.0,115.0,113.0,-956.0,-90.0,2
1363,38.0,-253.0,-40.0,7.0,-222.0,118.0,114.0,-966.0,-96.0,2
1364,37.0,-252.0,-45.0,8.0,-216.0,127.0,111.0,-971.0,-109.0,2
1365,34.0,-251.0,-47.0,7.0,-215.0,130.0,109.0,-974.0,-111.0,2
1366,39.0,-254.0,-49.0,2.0,-220.0,137.0,113.0,-973.0,-120.0,2
1367,39.0,-255.0,-48.0,-7.0,-231.0,139.0,116.0,-972.0,-120.0,2
1368,38.0,-253.0,-45.0,-20.0,-236.0,142.0,120.0,-975.0,-114.0,2
1369,42.0,-253.0,-51.0,-34.0,-240.0,139.0,119.0,-977.0,-111.0,2
1370,38.0,-252.0,-47.0,-47.0,-237.0,139.0,110.0,-978.0,-107.0,2
1371,35.0,-255.0,-46.0,-59.0,-235.0,136.0,102.0,-985.0,-107.0,2
1372,35.0,-257.0,-45.0,-68.0,-236.0,136.0,103.0,-1004.0,-102.0,2
1373,32.0,-261.0,-46.0,-77.0,-238.0,134.0,95.0,-1015.0,-100.0,2
1374,32.0,-263.0,-44.0,-83.0,-244.0,135.0,95.0,-1030.0,-92.0,2
1375,34.0,-269.0,-44.0,-87.0,-253.0,133.0,92.0,-1044.0,-84.0,2
1376,31.0,-272.0,-40.0,-77.0,-263.0,131.0,82.0,-1054.0,-82.0,2
1377,31.0,-273.0,-40.0,-60.0,-268.0,127.0,91.0,-1063.0,-83.0,2
1378,33.0,-273.0,-46.0,-42.0,-276.0,124.0,95.0,-1053.0,-90.0,2
1379,35.0,-267.0,-51.0,-32.0,-281.0,116.0,101.0,-1052.0,-115.0,2
1380,39.0,-267.0,-59.0,-41.0,-288.0,107.0,120.0,-1054.0,-149.0,2
1381,41.0,-266.0,-60.0,-83.0,-297.0,98.0,126.0,-1051.0,-183.0,2
1382,41.0,-268.0,-68.0,-128.0,-302.0,91.0,132.0,-1066.0,-199.0,2
1383,44.0,-276.0,-69.0,-164.0,-297.0,81.0,138.0,-1086.0,-205.0,2
1384,45.0,-285.0,-66.0,-180.0,-280.0,76.0,137.0,-1115.0,-200.0,2
1385,48.0,-296.0,-59.0,-175.0,-257.0,70.0,139.0,-1144.0,-171.0,2
1386,49.0,-301.0,-56.0,-148.0,-235.0,62.0,150.0,-1158.0,-149.0,2
1387,51.0,-305.0,-52.0,-106.0,-210.0,51.0,162.0,-1167.0,-143.0,2
1388,55.0,-300.0,-54.0,-67.0,-191.0,43.0,179.0,-1174.0,-143.0,2
1389,59.0,-300.0,-54.0,-38.0,-172.0,27.0,200.0,-1163.0,-151.0,2
1390,58.0,-296.0,-57.0,-21.0,-154.0,10.0,197.0,-1152.0,-157.0,2
1391,54.0,-293.0,-57.0,-5.0,-139.0,-9.0,187.0,-1141.0,-169.0,2
1392,51.0,-287.0,-64.0,16.0,-122.0,-16.0,170.0,-1127.0,-174.0,2
1393,47.0,-281.0,-65.0,28.0,-103.0,-23.0,148.0,-1100.0,-177.0,2
1394,41.0,-277.0,-64.0,42.0,-85.0,-18.0,126.0,-1084.0,-177.0,2
1395,43.0,-274.0,-64.0,55.0,-69.0,-20.0,127.0,-1064.0,-185.0,2
1396,43.0,-269.0,-63.0,67.0,-44.0,-22.0,127.0,-1052.0,-188.0,2
1397,40.0,-268.0,-63.0,70.0,-18.0,-29.0,124.0,-1048.0,-186.0,2
1398,39.0,-266.0,-62.0,66.0,4.0,-35.0,123.0,-1051.0,-187.0,2
1399,40.0,-274.0,-61.0,60.0,21.0,-44.0,118.0,-1065.0,-172.0,2
1400,38.0,-273.0,-58.0,51.0,45.0,-52.0,108.0,-1069.0,-153.0,2
1401,36.0,-277.0,-52.0,40.0,71.0,-58.0,98.0,-1071.0,-144.0,2
1402,32.0,-277.0,-50.0,33.0,99.0,-60.0,97.0,-1077.0,-130.0,2
1403,33.0,-278.0,-51.0,30.0,112.0,-69.0,92.0,-1078.0,-123.0,2
1404,28.0,-275.0,-51.0,27.0,123.0,-79.0,82.0,-1074.0,-129.0,2
1405,30.0,-272.0,-45.0,29.0,124.0,-84.0,84.0,-1058.0,-116.0,2
1406,33.0,-267.0,-45.0,33.0,119.0,-85.0,93.0,-1032.0,-117.0,2
1407,36.0,-260.0,-46.0,36.0,114.0,-93.0,110.0,-1012.0,-114.0,2
1408,38.0,-256.0,-51.0,36.0,112.0,-101.0,108.0,-993.0,-118.0,2
1409,30.0,-250.0,-48.0,34.0,113.0,-110.0,99.0,-977.0,-120.0,2
1410,31.0,-251.0,-46.0,29.0,107.0,-110.0,93.0,-968.0,-124.0,2
1411,23.0,-251.0,-50.0,27.0,100.0,-108.0,71.0,-971.0,-119.0,2
1412,22.0,-251.0,-48.0,29.0,87.0,-103.0,53.0,-968.0,-117.0,2
1413,14.0,-254.0,-50.0,42.0,69.0,-100.0,32.0,-975.0,-126.0,2
1414,9.0,-254.0,-55.0,55.0,54.0,-89.0,14.0,-979.0,-144.0,2
1415,5.0,-256.0,-61.0,70.0,43.0,-76.0,2.0,-993.0,-169.0,2
1416,4.0,-256.0,-71.0,80.0,32.0,-56.0,-14.0,-990.0,-199.0,2
1417,1.0,-251.0,-76.0,89.0,22.0,-36.0,-19.0,-987.0,-225.0,2
1418,0.0,-252.0,-84.0,93.0,17.0,-15.0,-23.0,-975.0,-253.0,2
1419,2.0,-248.0,-86.0,96.0,17.0,2.0,-27.0,-969.0,-272.0,2
1420,-1.0,-249.0,-91.0,94.0,23.0,23.0,-32.0,-958.0,-275.0,2
1421,-2.0,-244.0,-87.0,96.0,29.0,39.0,-28.0,-945.0,-274.0,2
1422,0.0,-242.0,-89.0,105.0,35.0,56.0,-24.0,-937.0,-282.0,2
1423,2.0,-238.0,-87.0,111.0,37.0,68.0,-15.0,-925.0,-276.0,2
1424,7.0,-237.0,-90.0,118.0,35.0,77.0,-2.0,-909.0,-288.0,2
1425,14.0,-232.0,-91.0,115.0,31.0,79.0,19.0,-899.0,-296.0,2
1426,17.0,-228.0,-93.0,107.0,27.0,76.0,35.0,-890.0,-312.0,2
1427,18.0,-223.0,-96.0,94.0,29.0,68.0,50.0,-876.0,-310.0,2
1428,17.0,-221.0,-97.0,85.0,37.0,62.0,47.0,-873.0,-317.0,2
1429,20.0,-220.0,-99.0,83.0,44.0,54.0,58.0,-861.0,-319.0,2
1430,23.0,-220.0,-98.0,80.0,52.0,48.0,55.0,-852.0,-319.0,2
1431,19.0,-215.0,-99.0,82.0,57.0,39.0,55.0,-849.0,-324.0,2
1432,13.0,-217.0,-100.0,81.0,55.0,28.0,43.0,-844.0,-333.0,2
1433,11.0,-215.0,-102.0,80.0,48.0,17.0,24.0,-844.0,-339.0,2
1434,6.0,-216.0,-103.0,75.0,42.0,6.0,2.0,-851.0,-331.0,2
1435,1.0,-219.0,-101.0,69.0,40.0,-3.0,-21.0,-856.0,-326.0,2
1436,-4.0,-222.0,-100.0,61.0,40.0,-6.0,-41.0,-857.0,-324.0,2
1437,-7.0,-221.0,-99.0,51.0,37.0,-8.0,-58.0,-861.0,-324.0,2
1438,-12.0,-221.0,-97.0,41.0,33.0,-10.0,-75.0,-860.0,-318.0,2
1439,-16.0,-219.0,-98.0,34.0,27.0,-12.0,-97.0,-874.0,-312.0,2
1440,-21.0,-226.0,-97.0,29.0,23.0,-11.0,-111.0,-878.0,-319.0,2
1441,-25.0,-228.0,-98.0,23.0,23.0,-4.0,-132.0,-889.0,-317.0,2
1442,-29.0,-232.0,-93.0,14.0,28.0,5.0,-141.0,-907.0,-327.0,2
1443,-27.0,-238.0,-97.0,3.0,33.0,16.0,-144.0,-910.0,-327.0,2
1444,-29.0,-240.0,-99.0,-11.0,38.0,27.0,-148.0,-922.0,-312.0,2
1445,-29.0,-244.0,-94.0,-20.0,37.0,42.0,-140.0,-942.0,-305.0,2
1446,-26.0,-247.0,-90.0,-30.0,35.0,55.0,-138.0,-950.0,-285.0,2
1447,-23.0,-253.0,-85.0,-36.0,37.0,68.0,-115.0,-977.0,-266.0,2
1448,-17.0,-257.0,-79.0,-38.0,44.0,82.0,-100.0,-1002.0,-254.0,2
1449,-15.0,-260.0,-79.0,-36.0,54.0,92.0,-89.0,-1014.0,-238.0,2
1450,-10.0,-263.0,-74.0,-27.0,61.0,106.0,-74.0,-1026.0,-220.0,2
1451,0.0,-265.0,-67.0,-13.0,64.0,118.0,-48.0,-1035.0,-210.0,2
1452,1.0,-266.0,-69.0,17.0,71.0,124.0,-18.0,-1038.0,-203.0,2
1453,3.0,-266.0,-68.0,51.0,87.0,131.0,-3.0,-1047.0,-208.0,2
1454,10.0,-266.0,-67.0,72.0,109.0,143.0,11.0,-1048.0,-203.0,2
1455,13.0,-265.0,-67.0,81.0,135.0,158.0,27.0,-1048.0,-200.0,2
1456,17.0,-269.0,-67.0,91.0,174.0,176.0,37.0,-1054.0,-191.0,2
1457,16.0,-268.0,-69.0,105.0,207.0,189.0,44.0,-1052.0,-193.0,2
1458,21.0,-269.0,-68.0,123.0,236.0,205.0,32.0,-1045.0,-189.0,2
1459,18.0,-266.0,-70.0,146.0,260.0,225.0,44.0,-1049.0,-198.0,2
1460,18.0,-265.0,-75.0,162.0,277.0,241.0,40.0,-1036.0,-220.0,2
1461,14.0,-261.0,-71.0,164.0,295.0,260.0,20.0,-1029.0,-217.0,2
1462,16.0,-260.0,-69.0,171.0,308.0,279.0,23.0,-1019.0,-210.0,2
1463,12.0,-258.0,-68.0,182.0,317.0,292.0,25.0,-1012.0,-200.0,2
1464,10.0,-258.0,-66.0,198.0,321.0,297.0,11.0,-1001.0,-197.0,2
1465,8.0,-257.0,-64.0,206.0,328.0,302.0,0.0,-985.0,-191.0,2
1466,4.0,-249.0,-59.0,217.0,339.0,306.0,-10.0,-965.0,-175.0,2
1467,1.0,-245.0,-61.0,235.0,356.0,308.0,-15.0,-949.0,-166.0,2
1468,5.0,-245.0,-59.0,264.0,366.0,305.0,-3.0,-942.0,-175.0,2
1469,4.0,-240.0,-64.0,267.0,376.0,296.0,-18.0,-919.0,-188.0,2
1470,-8.0,-232.0,-66.0,256.0,378.0,292.0,-43.0,-904.0,-199.0,2
1471,-7.0,-226.0,-65.0,230.0,373.0,295.0,-55.0,-889.0,-199.0,2
1472,-6.0,-225.0,-66.0,208.0,371.0,291.0,-49.0,-882.0,-199.0,2
1473,-8.0,-223.0,-66.0,192.0,369.0,284.0,-52.0,-871.0,-199.0,2
1474,-6.0,-221.0,-65.0,177.0,364.0,278.0,-53.0,-857.0,-183.0,2
1475,-7.0,-220.0,-66.0,167.0,360.0,270.0,-56.0,-851.0,-172.0,2
1476,-9.0,-214.0,-58.0,156.0,353.0,261.0,-55.0,-842.0,-168.0,2
1477,-11.0,-215.0,-57.0,143.0,343.0,252.0,-67.0,-839.0,-169.0,2
1478,-11.0,-213.0,-57.0,122.0,333.0,249.0,-63.0,-835.0,-164.0,2
1479,-11.0,-216.0,-58.0,99.0,332.0,244.0,-60.0,-840.0,-167.0,2
1480,-12.0,-214.0,-56.0,68.0,334.0,239.0,-71.0,-851.0,-153.0,2
1481,-12.0,-223.0,-53.0,37.0,338.0,237.0,-74.0,-863.0,-148.0,2
1482,-10.0,-225.0,-54.0,8.0,341.0,233.0,-70.0,-882.0,-139.0,2
1483,-11.0,-230.0,-50.0,-18.0,333.0,227.0,-63.0,-894.0,-135.0,2
1484,-12.0,-232.0,-50.0,-34.0,315.0,216.0,-77.0,-906.0,-129.0,2
1485,-11.0,-242.0,-49.0,-39.0,309.0,214.0,-76.0,-925.0,-135.0,2
1486,-8.0,-244.0,-52.0,-40.0,316.0,216.0,-53.0,-945.0,-134.0,2
1487,-4.0,-247.0,-51.0,-34.0,321.0,212.0,-44.0,-953.0,-128.0,2
1488,-2.0,-250.0,-52.0,-24.0,313.0,203.0,-23.0,-956.0,-135.0,2
1489,-2.0,-247.0,-51.0,-17.0,292.0,190.0,-31.0,-956.0,-131.0,2
1490,0.0,-248.0,-52.0,-13.0,282.0,184.0,-25.0,-956.0,-138.0,2
1491,2.0,-247.0,-54.0,-12.0,276.0,181.0,-24.0,-954.0,-139.0,2
1492,3.0,-243.0,-53.0,-13.0,279.0,176.0,-14.0,-943.0,-128.0,2
1493,6.0,-242.0,-54.0,-7.0,287.0,169.0,-14.0,-929.0,-142.0,2
1494,3.0,-239.0,-52.0,-4.0,295.0,158.0,-16.0,-920.0,-146.0,2
1495,-3.0,-235.0,-56.0,-8.0,295.0,148.0,-22.0,-911.0,-157.0,2
1496,0.0,-233.0,-56.0,-18.0,295.0,136.0,-19.0,-902.0,-155.0,2
1497,2.0,-230.0,-58.0,-27.0,299.0,124.0,-15.0,-902.0,-158.0,2
1498,4.0,-232.0,-59.0,-45.0,307.0,112.0,-17.0,-902.0,-156.0,2
1499,4.0,-230.0,-58.0,-69.0,319.0,97.0,-17.0,-904.0,-150.0,2
1500,3.0,-232.0,-53.0,-98.0,333.0,86.0,-15.0,-906.0,-142.0,2
1501,2.0,-236.0,-54.0,-115.0,344.0,75.0,-16.0,-917.0,-140.0,2
1502,3.0,-241.0,-54.0,-129.0,352.0,63.0,-15.0,-934.0,-137.0,2
1503,-1.0,-244.0,-52.0,-137.0,359.0,52.0,-16.0,-941.0,-137.0,2
1504,-1.0,-245.0,-48.0,-138.0,365.0,43.0,-24.0,-947.0,-123.0,2
1505,3.0,-248.0,-50.0,-127.0,366.0,36.0,-29.0,-957.0,-120.0,2
1506,-3.0,-251.0,-45.0,-116.0,366.0,31.0,-28.0,-963.0,-113.0,2
1507,-2.0,-250.0,-45.0,-103.0,364.0,27.0,-31.0,-962.0,-103.0,2
1508,0.0,-250.0,-44.0,-91.0,360.0,22.0,-33.0,-955.0,-100.0,2
1509,-4.0,-250.0,-46.0,-82.0,356.0,19.0,-36.0,-958.0,-100.0,2
1510,-5.0,-248.0,-47.0,-75.0,355.0,18.0,-42.0,-956.0,-106.0,2
1511,-3.0,-249.0,-47.0,-74.0,355.0,20.0,-40.0,-961.0,-108.0,2
1512,-7.0,-249.0,-47.0,-80.0,358.0,21.0,-48.0,-974.0,-110.0,2
1513,-7.0,-249.0,-48.0,-90.0,363.0,24.0,-61.0,-962.0,-112.0,2
1514,-9.0,-254.0,-48.0,-102.0,369.0,26.0,-62.0,-973.0,-118.0,2
1515,-10.0,-251.0,-47.0,-112.0,372.0,31.0,-69.0,-975.0,-106.0,2
1516,-9.0,-255.0,-48.0,-115.0,376.0,34.0,-74.0,-985.0,-105.0,2
1517,-12.0,-258.0,-52.0,-111.0,375.0,37.0,-81.0,-992.0,-113.0,2
1518,-15.0,-258.0,-45.0,-107.0,368.0,36.0,-92.0,-1002.0,-117.0,2
1519,-14.0,-257.0,-44.0,-94.0,358.0,40.0,-91.0,-993.0,-110.0,2
1520,-14.0,-255.0,-49.0,-83.0,346.0,40.0,-91.0,-988.0,-119.0,2
1521,-15.0,-254.0,-45.0,-74.0,336.0,43.0,-98.0,-992.0,-118.0,2
1522,-14.0,-253.0,-48.0,-73.0,322.0,46.0,-98.0,-975.0,-123.0,2
1523,-15.0,-254.0,-43.0,-75.0,312.0,51.0,-100.0,-967.0,-116.0,2
1524,-15.0,-251.0,-51.0,-75.0,303.0,53.0,-102.0,-962.0,-126.0,2
1525,-19.0,-248.0,-51.0,-83.0,296.0,55.0,-98.0,-967.0,-135.0,2
1526,-12.0,-250.0,-53.0,-91.0,293.0,58.0,-85.0,-963.0,-119.0,2
1527,-12.0,-253.0,-50.0,-90.0,296.0,63.0,-73.0,-970.0,-113.0,2
1528,-8.0,-252.0,-45.0,-84.0,301.0,63.0,-67.0,-968.0,-108.0,2
1529,-5.0,-252.0,-42.0,-80.0,308.0,65.0,-49.0,-969.0,-93.0,2
1530,2.0,-254.0,-43.0,-76.0,318.0,64.0,-36.0,-976.0,-87.0,2
1531,1.0,-253.0,-44.0,-74.0,330.0,64.0,-22.0,-987.0,-87.0,2
1532,2.0,-254.0,-35.0,-74.0,344.0,58.0,-20.0,-984.0,-76.0,2
1533,5.0,-258.0,-38.0,-73.0,357.0,53.0,-12.0,-981.0,-81.0,2
1534,5.0,-256.0,-34.0,-68.0,367.0,48.0,2.0,-1003.0,-79.0,2
1535,9.0,-259.0,-40.0,-58.0,375.0,44.0,4.0,-1006.0,-87.0,2
1536,6.0,-259.0,-36.0,-51.0,383.0,34.0,0.0,-1002.0,-84.0,2
1537,4.0,-259.0,-40.0,-41.0,389.0,33.0,-8.0,-1005.0,-83.0,2
1538,1.0,-258.0,-43.0,-25.0,393.0,23.0,-24.0,-1002.0,-88.0,2
1539,-3.0,-256.0,-40.0,-8.0,395.0,15.0,-38.0,-977.0,-90.0,2
1540,-8.0,-255.0,-47.0,4.0,392.0,7.0,-45.0,-975.0,-101.0,2
1541,-11.0,-250.0,-42.0,12.0,394.0,9.0,-62.0,-961.0,-105.0,2
1542,-11.0,-248.0,-48.0,21.0,395.0,8.0,-67.0,-953.0,-109.0,2
1543,-11.0,-243.0,-40.0,17.0,392.0,12.0,-69.0,-937.0,-92.0,2
1544,-12.0,-238.0,-42.0,13.0,392.0,16.0,-78.0,-923.0,-89.0,2
1545,-3.0,-240.0,-45.0,3.0,402.0,26.0,-43.0,-927.0,-88.0,2
1546,-2.0,-242.0,-34.0,-17.0,415.0,25.0,-43.0,-940.0,-86.0,2
1547,-6.0,-245.0,-37.0,-43.0,427.0,32.0,-48.0,-948.0,-70.0,2
1548,-6.0,-249.0,-35.0,-63.0,427.0,32.0,-51.0,-963.0,-60.0,2
1549,-10.0,-253.0,-29.0,-73.0,421.0,28.0,-63.0,-971.0,-43.0,2
1550,-7.0,-257.0,-29.0,-71.0,422.0,27.0,-59.0,-983.0,-30.0,2
1551,-7.0,-260.0,-27.0,-64.0,430.0,33.0,-65.0,-1006.0,-27.0,2
1552,-10.0,-259.0,-29.0,-55.0,441.0,38.0,-67.0,-1021.0,-38.0,2
1553,-11.0,-263.0,-33.0,-47.0,450.0,52.0,-63.0,-1023.0,-47.0,2
1554,-8.0,-264.0,-30.0,-49.0,460.0,67.0,-65.0,-1029.0,-55.0,2
1555,-9.0,-264.0,-31.0,-54.0,475.0,74.0,-63.0,-1026.0,-47.0,2
1556,-10.0,-265.0,-30.0,-46.0,495.0,69.0,-74.0,-1019.0,-35.0,2
1557,-9.0,-259.0,-25.0,-22.0,515.0,66.0,-70.0,-1017.0,-25.0,2
1558,-9.0,-257.0,-23.0,7.0,523.0,57.0,-64.0,-1002.0,-16.0,2
1559,-6.0,-255.0,-23.0,31.0,522.0,51.0,-55.0,-981.0,-21.0,2
1560,-7.0,-246.0,-21.0,47.0,521.0,43.0,-48.0,-952.0,-21.0,2
1561,-5.0,-242.0,-27.0,55.0,519.0,39.0,-41.0,-928.0,-23.0,2
1562,-5.0,-236.0,-30.0,54.0,521.0,32.0,-40.0,-915.0,-41.0,2
1563,-2.0,-233.0,-28.0,39.0,525.0,29.0,-38.0,-904.0,-43.0,2
1564,-2.0,-233.0,-29.0,14.0,530.0,24.0,-32.0,-901.0,-46.0,2
1565,-7.0,-234.0,-26.0,-9.0,538.0,21.0,-40.0,-908.0,-38.0,2
1566,-7.0,-242.0,-28.0,-39.0,543.0,12.0,-50.0,-918.0,-26.0,2
1567,-9.0,-241.0,-23.0,-57.0,545.0,5.0,-59.0,-939.0,-20.0,2
1568,-9.0,-248.0,-23.0,-70.0,547.0,-4.0,-65.0,-957.0,-16.0,2
1569,-9.0,-254.0,-19.0,-79.0,551.0,-14.0,-68.0,-972.0,-13.0,2
1570,-12.0,-257.0,-22.0,-80.0,563.0,-28.0,-76.0,-993.0,-15.0,2
1571,-11.0,-259.0,-24.0,-77.0,577.0,-39.0,-92.0,-1000.0,-15.0,2
1572,-12.0,-260.0,-24.0,-73.0,593.0,-54.0,-98.0,-1005.0,-29.0,2
1573,-17.0,-258.0,-24.0,-72.0,606.0,-63.0,-105.0,-1005.0,-29.0,2
1574,-19.0,-257.0,-32.0,-69.0,610.0,-77.0,-106.0,-999.0,-42.0,2
1575,-15.0,-259.0,-31.0,-70.0,606.0,-86.0,-107.0,-992.0,-47.0,2
1576,-21.0,-255.0,-31.0,-75.0,586.0,-102.0,-107.0,-987.0,-49.0,2
1577,-16.0,-253.0,-28.0,-87.0,564.0,-110.0,-101.0,-971.0,-45.0,2
1578,-17.0,-250.0,-30.0,-87.0,543.0,-118.0,-100.0,-969.0,-37.0,2
1579,-13.0,-254.0,-27.0,-92.0,525.0,-124.0,-91.0,-967.0,-38.0,2
1580,-15.0,-248.0,-25.0,-106.0,510.0,-136.0,-93.0,-961.0,-34.0,2
1581,-21.0,-249.0,-31.0,-122.0,491.0,-140.0,-98.0,-974.0,-53.0,2
1582,-19.0,-254.0,-43.0,-142.0,476.0,-144.0,-115.0,-977.0,-88.0,2
1583,-27.0,-256.0,-50.0,-174.0,470.0,-137.0,-128.0,-1006.0,-132.0,2
1584,-28.0,-265.0,-57.0,-211.0,466.0,-133.0,-143.0,-1026.0,-160.0,2
1585,-34.0,-273.0,-60.0,-250.0,462.0,-118.0,-158.0,-1065.0,-168.0,2
1586,-35.0,-290.0,-57.0,-275.0,451.0,-104.0,-168.0,-1104.0,-156.0,2
1587,-36.0,-296.0,-51.0,-283.0,434.0,-82.0,-173.0,-1148.0,-128.0,2
1588,-38.0,-309.0,-44.0,-267.0,412.0,-63.0,-180.0,-1174.0,-119.0,2
1589,-36.0,-314.0,-45.0,-234.0,385.0,-46.0,-171.0,-1202.0,-103.0,2
1590,-38.0,-319.0,-44.0,-192.0,359.0,-35.0,-172.0,-1216.0,-116.0,2
1591,-35.0,-316.0,-48.0,-143.0,320.0,-24.0,-174.0,-1208.0,-106.0,2
1592,-36.0,-307.0,-50.0,-89.0,276.0,-18.0,-168.0,-1185.0,-124.0,2
1593,-36.0,-297.0,-53.0,-42.0,234.0,-11.0,-165.0,-1157.0,-152.0,2
1594,-33.0,-291.0,-56.0,-8.0,201.0,-10.0,-166.0,-1124.0,-158.0,2
1595,-37.0,-280.0,-63.0,19.0,169.0,-9.0,-170.0,-1092.0,-172.0,2
1596,-36.0,-274.0,-62.0,33.0,141.0,-10.0,-170.0,-1073.0,-187.0,2
1597,-32.0,-271.0,-64.0,26.0,121.0,-1.0,-162.0,-1061.0,-198.0,2
1598,-35.0,-274.0,-66.0,8.0,105.0,9.0,-160.0,-1072.0,-191.0,2
1599,-33.0,-277.0,-60.0,-7.0,91.0,25.0,-163.0,-1085.0,-178.0,2
1600,-30.0,-286.0,-62.0,-13.0,67.0,41.0,-156.0,-1106.0,-162.0,2
1601,-28.0,-298.0,-52.0,-4.0,37.0,60.0,-146.0,-1126.0,-152.0,2
1602,-32.0,-293.0,-49.0,17.0,8.0,72.0,-141.0,-1132.0,-140.0,2
1603,-27.0,-296.0,-46.0,52.0,-26.0,86.0,-138.0,-1143.0,-132.0,2
1604,-25.0,-298.0,-48.0,93.0,-55.0,101.0,-125.0,-1136.0,-128.0,2
1605,-23.0,-293.0,-51.0,135.0,-78.0,118.0,-119.0,-1127.0,-136.0,2
1606,-17.0,-283.0,-53.0,166.0,-85.0,129.0,-100.0,-1104.0,-136.0,2
1607,-12.0,-278.0,-55.0,190.0,-84.0,136.0,-75.0,-1087.0,-145.0,2
1608,-9.0,-272.0,-54.0,203.0,-79.0,126.0,-72.0,-1054.0,-136.0,2
1609,-12.0,-263.0,-56.0,213.0,-84.0,116.0,-79.0,-1024.0,-133.0,2
1610,-12.0,-255.0,-53.0,226.0,-89.0,103.0,-82.0,-988.0,-137.0,2
1611,-12.0,-252.0,-57.0,243.0,-91.0,97.0,-83.0,-972.0,-163.0,2
1612,-11.0,-247.0,-67.0,248.0,-87.0,87.0,-76.0,-960.0,-183.0,2
1613,-8.0,-246.0,-67.0,248.0,-70.0,85.0,-60.0,-953.0,-193.0,2
1614,3.0,-250.0,-67.0,245.0,-43.0,73.0,-26.0,-956.0,-187.0,2
1615,8.0,-248.0,-66.0,247.0,-24.0,61.0,2.0,-957.0,-187.0,2
1616,18.0,-250.0,-69.0,252.0,-11.0,45.0,25.0,-957.0,-182.0,2
1617,23.0,-247.0,-63.0,255.0,2.0,28.0,53.0,-952.0,-187.0,2
1618,27.0,-244.0,-67.0,258.0,13.0,6.0,72.0,-933.0,-209.0,2
1619,28.0,-240.0,-75.0,261.0,17.0,-22.0,77.0,-931.0,-230.0,2
1620,30.0,-236.0,-83.0,254.0,30.0,-43.0,76.0,-921.0,-260.0,2
1621,29.0,-230.0,-90.0,237.0,48.0,-54.0,74.0,-901.0,-277.0,2
1622,30.0,-232.0,-93.0,215.0,72.0,-64.0,79.0,-896.0,-306.0,2
1623,26.0,-221.0,-103.0,189.0,91.0,-70.0,75.0,-876.0,-321.0,2
1624,25.0,-220.0,-102.0,159.0,106.0,-68.0,75.0,-869.0,-341.0,2
1625,26.0,-217.0,-106.0,127.0,122.0,-60.0,74.0,-861.0,-355.0,2
1626,23.0,-219.0,-109.0,95.0,133.0,-60.0,62.0,-859.0,-364.0,2
1627,17.0,-217.0,-112.0,70.0,134.0,-48.0,40.0,-858.0,-359.0,2
1628,12.0,-219.0,-110.0,49.0,127.0,-40.0,21.0,-858.0,-371.0,2
1629,13.0,-221.0,-113.0,28.0,116.0,-20.0,10.0,-863.0,-386.0,2
1630,7.0,-222.0,-117.0,10.0,107.0,2.0,-1.0,-861.0,-394.0,2
1631,4.0,-221.0,-114.0,0.0,104.0,25.0,-6.0,-854.0,-379.0,2
1632,3.0,-221.0,-114.0,6.0,98.0,39.0,-5.0,-863.0,-371.0,2
1633,7.0,-224.0,-111.0,14.0,83.0,55.0,-9.0,-868.0,-366.0,2
1634,6.0,-226.0,-109.0,14.0,59.0,63.0,-1.0,-868.0,-369.0,2
1635,6.0,-220.0,-107.0,2.0,37.0,70.0,0.0,-869.0,-366.0,2
1636,8.0,-225.0,-109.0,-14.0,24.0,71.0,12.0,-876.0,-364.0,2
1637,10.0,-221.0,-102.0,-23.0,16.0,75.0,23.0,-882.0,-357.0,2
1638,12.0,-229.0,-106.0,-24.0,8.0,70.0,32.0,-889.0,-347.0,2
1639,15.0,-231.0,-104.0,-22.0,-3.0,64.0,34.0,-898.0,-345.0,2
1640,17.0,-233.0,-106.0,-25.0,-15.0,56.0,44.0,-901.0,-346.0,2
1641,20.0,-232.0,-93.0,-29.0,-29.0,49.0,53.0,-900.0,-328.0,2
1642,25.0,-233.0,-92.0,-17.0,-47.0,39.0,69.0,-903.0,-306.0,2
1643,30.0,-236.0,-103.0,-7.0,-55.0,27.0,78.0,-910.0,-328.0,2
1644,34.0,-240.0,-108.0,-27.0,-40.0,11.0,97.0,-941.0,-354.0,2
1645,33.0,-245.0,-94.0,-73.0,-10.0,-5.0,111.0,-963.0,-319.0,2
1646,34.0,-254.0,-91.0,-108.0,4.0,-31.0,107.0,-995.0,-289.0,2
1647,31.0,-259.0,-87.0,-125.0,-2.0,-55.0,102.0,-1026.0,-275.0,2
1648,32.0,-265.0,-80.0,-127.0,-13.0,-87.0,104.0,-1040.0,-255.0,2
1649,34.0,-269.0,-72.0,-113.0,-22.0,-111.0,96.0,-1046.0,-225.0,2
1650,30.0,-268.0,-72.0,-80.0,-29.0,-135.0,82.0,-1039.0,-201.0,2
1651,22.0,-267.0,-68.0,-33.0,-38.0,-150.0,60.0,-1027.0,-208.0,2
1652,19.0,-265.0,-71.0,5.0,-48.0,-167.0,43.0,-1015.0,-210.0,2
1653,15.0,-258.0,-72.0,30.0,-65.0,-173.0,32.0,-1006.0,-220.0,2
1654,13.0,-259.0,-70.0,33.0,-85.0,-187.0,21.0,-999.0,-211.0,2
1655,7.0,-257.0,-65.0,33.0,-108.0,-198.0,4.0,-1002.0,-198.0,2
1656,7.0,-256.0,-63.0,29.0,-132.0,-211.0,2.0,-1005.0,-186.0,2
1657,5.0,-260.0,-61.0,30.0,-152.0,-218.0,-2.0,-1009.0,-169.0,2
1658,4.0,-260.0,-59.0,30.0,-169.0,-235.0,-4.0,-1015.0,-158.0,2
1659,2.0,-262.0,-57.0,27.0,-187.0,-249.0,-7.0,-1018.0,-160.0,2
1660,2.0,-263.0,-57.0,26.0,-206.0,-268.0,-18.0,-1031.0,-152.0,2
1661,-2.0,-265.0,-58.0,30.0,-226.0,-278.0,-26.0,-1036.0,-151.0,2
1662,-2.0,-264.0,-56.0,39.0,-248.0,-291.0,-30.0,-1037.0,-150.0,2
1663,1.0,-263.0,-56.0,55.0,-265.0,-300.0,-24.0,-1028.0,-149.0,2
1664,4.0,-263.0,-55.0,87.0,-282.0,-311.0,-15.0,-1022.0,-141.0,2
1665,5.0,-259.0,-51.0,111.0,-292.0,-316.0,-5.0,-1015.0,-145.0,2
1666,8.0,-258.0,-55.0,134.0,-292.0,-318.0,7.0,-1001.0,-151.0,2
1667,13.0,-252.0,-59.0,151.0,-285.0,-316.0,21.0,-966.0,-152.0,2
1668,17.0,-246.0,-54.0,155.0,-274.0,-317.0,29.0,-948.0,-155.0,2
1669,17.0,-238.0,-58.0,154.0,-265.0,-310.0,37.0,-924.0,-158.0,2
1670,23.0,-234.0,-56.0,144.0,-260.0,-306.0,52.0,-909.0,-159.0,2
1671,25.0,-228.0,-55.0,132.0,-257.0,-296.0,68.0,-882.0,-152.0,2
1672,24.0,-223.0,-56.0,120.0,-255.0,-296.0,73.0,-875.0,-151.0,2
1673,27.0,-218.0,-57.0,103.0,-252.0,-287.0,77.0,-855.0,-154.0,2
1674,28.0,-215.0,-62.0,78.0,-250.0,-282.0,84.0,-850.0,-161.0,2
1675,28.0,-214.0,-58.0,34.0,-241.0,-271.0,88.0,-852.0,-155.0,2
1676,28.0,-217.0,-54.0,-7.0,-228.0,-266.0,93.0,-853.0,-142.0,2
1677,29.0,-220.0,-51.0,-36.0,-219.0,-257.0,81.0,-863.0,-136.0,2
1678,28.0,-225.0,-50.0,-58.0,-215.0,-257.0,86.0,-873.0,-126.0,2
1679,28.0,-224.0,-46.0,-86.0,-213.0,-253.0,85.0,-889.0,-121.0,2
1680,26.0,-232.0,-46.0,-106.0,-215.0,-254.0,70.0,-891.0,-107.0,2
1681,25.0,-237.0,-45.0,-124.0,-216.0,-250.0,65.0,-902.0,-96.0,2
1682,26.0,-239.0,-46.0,-137.0,-223.0,-255.0,67.0,-914.0,-100.0,2
1683,23.0,-242.0,-43.0,-142.0,-225.0,-260.0,61.0,-930.0,-99.0,2
1684,23.0,-245.0,-36.0,-150.0,-220.0,-271.0,65.0,-945.0,-83.0,2
1685,20.0,-247.0,-43.0,-148.0,-229.0,-276.0,55.0,-954.0,-94.0,2
1686,19.0,-246.0,-50.0,-144.0,-234.0,-280.0,46.0,-954.0,-106.0,2
1687,15.0,-249.0,-50.0,-148.0,-221.0,-269.0,32.0,-951.0,-119.0,2
1688,14.0,-246.0,-48.0,-150.0,-206.0,-256.0,28.0,-949.0,-128.0,2
1689,15.0,-247.0,-54.0,-152.0,-201.0,-238.0,31.0,-950.0,-131.0,2
1690,19.0,-244.0,-56.0,-154.0,-207.0,-230.0,41.0,-943.0,-144.0,2
1691,19.0,-240.0,-55.0,-161.0,-216.0,-222.0,50.0,-932.0,-146.0,2
1692,19.0,-240.0,-56.0,-171.0,-229.0,-218.0,49.0,-930.0,-147.0,2
1693,23.0,-244.0,-57.0,-184.0,-241.0,-208.0,54.0,-932.0,-143.0,2
1694,24.0,-242.0,-51.0,-192.0,-243.0,-204.0,55.0,-930.0,-134.0,2
1695,18.0,-242.0,-45.0,-187.0,-243.0,-195.0,55.0,-930.0,-120.0,2
1696,24.0,-249.0,-41.0,-176.0,-245.0,-188.0,56.0,-942.0,-96.0,2
1697,23.0,-244.0,-45.0,-149.0,-252.0,-175.0,61.0,-947.0,-81.0,2
1698,26.0,-244.0,-40.0,-121.0,-255.0,-170.0,73.0,-947.0,-87.0,2
1699,29.0,-244.0,-45.0,-96.0,-249.0,-158.0,84.0,-935.0,-90.0,2
1700,28.0,-244.0,-48.0,-77.0,-244.0,-146.0,93.0,-941.0,-122.0,2
1701,32.0,-237.0,-52.0,-67.0,-240.0,-129.0,97.0,-920.0,-125.0,2
1702,36.0,-233.0,-58.0,-53.0,-236.0,-121.0,102.0,-911.0,-155.0,2
1703,34.0,-230.0,-62.0,-55.0,-234.0,-113.0,101.0,-902.0,-182.0,2
1704,32.0,-228.0,-66.0,-65.0,-227.0,-107.0,101.0,-899.0,-196.0,2
1705,30.0,-225.0,-66.0,-85.0,-216.0,-96.0,97.0,-896.0,-204.0,2
1706,33.0,-230.0,-65.0,-109.0,-200.0,-87.0,92.0,-899.0,-202.0,2
1707,29.0,-231.0,-63.0,-130.0,-178.0,-66.0,90.0,-900.0,-186.0,2
1708,32.0,-230.0,-59.0,-151.0,-158.0,-54.0,87.0,-899.0,-173.0,2
1709,28.0,-232.0,-60.0,-163.0,-140.0,-36.0,93.0,-907.0,-166.0,2
1710,32.0,-235.0,-59.0,-176.0,-118.0,-26.0,92.0,-912.0,-166.0,2
1711,34.0,-237.0,-58.0,-188.0,-101.0,-13.0,101.0,-923.0,-155.0,2
1712,34.0,-243.0,-61.0,-197.0,-89.0,-9.0,88.0,-936.0,-154.0,2
1713,30.0,-244.0,-53.0,-205.0,-78.0,-1.0,87.0,-938.0,-142.0,2
1714,32.0,-244.0,-55.0,-207.0,-69.0,1.0,82.0,-946.0,-140.0,2
1715,29.0,-244.0,-54.0,-202.0,-62.0,6.0,90.0,-949.0,-144.0,2
1716,30.0,-241.0,-54.0,-201.0,-53.0,6.0,90.0,-944.0,-140.0,2
1717,31.0,-245.0,-55.0,-203.0,-45.0,9.0,86.0,-943.0,-141.0,2
1718,28.0,-244.0,-54.0,-210.0,-41.0,8.0,90.0,-947.0,-141.0,2
1719,29.0,-245.0,-53.0,-228.0,-35.0,12.0,89.0,-952.0,-138.0,2
1720,31.0,-251.0,-53.0,-243.0,-31.0,12.0,83.0,-960.0,-135.0,2
1721,31.0,-252.0,-47.0,-254.0,-23.0,12.0,89.0,-972.0,-128.0,2
1722,31.0,-259.0,-46.0,-259.0,-18.0,8.0,87.0,-987.0,-126.0,2
1723,30.0,-260.0,-44.0,-257.0,-16.0,6.0,88.0,-1011.0,-114.0,2
1724,28.0,-262.0,-48.0,-247.0,-19.0,-2.0,94.0,-1029.0,-108.0,2
1725,28.0,-265.0,-44.0,-231.0,-28.0,-6.0,84.0,-1029.0,-105.0,2
1726,27.0,-266.0,-41.0,-213.0,-39.0,-15.0,81.0,-1036.0,-109.0,2
1727,23.0,-263.0,-44.0,-188.0,-49.0,-21.0,72.0,-1029.0,-107.0,2
1728,22.0,-261.0,-46.0,-160.0,-60.0,-28.0,58.0,-1018.0,-108.0,2
1729,22.0,-259.0,-47.0,-121.0,-77.0,-28.0,58.0,-1013.0,-115.0,2
1730,18.0,-257.0,-46.0,-98.0,-90.0,-33.0,43.0,-996.0,-122.0,2
1731,14.0,-253.0,-51.0,-82.0,-101.0,-32.0,25.0,-978.0,-125.0,2
1732,8.0,-250.0,-53.0,-74.0,-113.0,-32.0,8.0,-964.0,-126.0,2
1733,5.0,-247.0,-50.0,-68.0,-125.0,-24.0,0.0,-954.0,-126.0,2
1734,5.0,-243.0,-50.0,-60.0,-138.0,-19.0,-4.0,-938.0,-117.0,2
1735,6.0,-240.0,-47.0,-51.0,-155.0,-9.0,-7.0,-936.0,-119.0,2
1736,3.0,-237.0,-44.0,-50.0,-168.0,-1.0,-3.0,-926.0,-117.0,2
1737,5.0,-238.0,-49.0,-53.0,-179.0,10.0,-3.0,-923.0,-113.0,2
1738,7.0,-240.0,-46.0,-55.0,-188.0,18.0,0.0,-924.0,-106.0,2
1739,9.0,-239.0,-47.0,-56.0,-192.0,35.0,1.0,-924.0,-116.0,2
1740,12.0,-238.0,-49.0,-54.0,-195.0,43.0,8.0,-928.0,-122.0,2
1741,13.0,-242.0,-51.0,-53.0,-200.0,57.0,10.0,-928.0,-121.0,2
1742,14.0,-245.0,-51.0,-47.0,-209.0,68.0,21.0,-932.0,-119.0,2
1743,10.0,-242.0,-47.0,-42.0,-223.0,82.0,20.0,-935.0,-121.0,2
1744,14.0,-246.0,-52.0,-37.0,-232.0,91.0,26.0,-947.0,-116.0,2
1745,13.0,-247.0,-43.0,-37.0,-236.0,100.0,37.0,-951.0,-105.0,2
1746,14.0,-248.0,-37.0,-35.0,-244.0,107.0,27.0,-956.0,-94.0,2
1747,13.0,-253.0,-41.0,-27.0,-253.0,117.0,31.0,-968.0,-86.0,2
1748,18.0,-253.0,-38.0,-19.0,-265.0,120.0,39.0,-974.0,-81.0,2
1749,21.0,-255.0,-32.0,-11.0,-275.0,126.0,50.0,-986.0,-72.0,2
1750,22.0,-256.0,-33.0,-2.0,-288.0,125.0,60.0,-993.0,-49.0,2
1751,28.0,-258.0,-31.0,17.0,-300.0,126.0,69.0,-1006.0,-43.0,2
1752,25.0,-258.0,-33.0,33.0,-304.0,118.0,67.0,-1006.0,-38.0,2
1753,26.0,-260.0,-29.0,42.0,-303.0,112.0,69.0,-1010.0,-40.0,2
1754,23.0,-259.0,-29.0,45.0,-308.0,102.0,62.0,-1008.0,-34.0,2
1755,21.0,-260.0,-28.0,42.0,-319.0,97.0,58.0,-1014.0,-30.0,2
1756,22.0,-260.0,-23.0,31.0,-338.0,88.0,59.0,-1007.0,-32.0,2
1757,20.0,-260.0,-23.0,24.0,-356.0,83.0,47.0,-1006.0,-22.0,2
1758,19.0,-258.0,-29.0,32.0,-377.0,72.0,54.0,-1003.0,-31.0,2
1759,15.0,-256.0,-26.0,35.0,-396.0,62.0,35.0,-984.0,-30.0,2
1760,15.0,-251.0,-31.0,39.0,-413.0,53.0,31.0,-974.0,-34.0,2
1761,14.0,-248.0,-29.0,42.0,-431.0,51.0,24.0,-964.0,-43.0,2
1762,14.0,-250.0,-35.0,39.0,-453.0,47.0,30.0,-958.0,-56.0,2
1763,12.0,-244.0,-28.0,31.0,-464.0,50.0,29.0,-948.0,-49.0,2
1764,15.0,-241.0,-29.0,28.0,-468.0,48.0,37.0,-939.0,-48.0,2
1765,18.0,-238.0,-32.0,18.0,-470.0,49.0,48.0,-939.0,-48.0,2
1766,21.0,-243.0,-39.0,-4.0,-472.0,44.0,54.0,-939.0,-71.0,2
1767,25.0,-243.0,-42.0,-39.0,-482.0,46.0,73.0,-951.0,-89.0,2
1768,34.0,-248.0,-47.0,-82.0,-495.0,43.0,96.0,-968.0,-117.0,2
1769,40.0,-254.0,-49.0,-132.0,-511.0,40.0,117.0,-1008.0,-133.0,2
1770,45.0,-268.0,-50.0,-174.0,-518.0,36.0,134.0,-1043.0,-134.0,2
1771,49.0,-279.0,-51.0,-192.0,-515.0,32.0,154.0,-1083.0,-126.0,2
1772,49.0,-291.0,-49.0,-188.0,-505.0,23.0,161.0,-1117.0,-122.0,2
1773,51.0,-299.0,-45.0,-164.0,-496.0,19.0,168.0,-1145.0,-112.0,2
1774,53.0,-300.0,-49.0,-133.0,-489.0,2.0,171.0,-1158.0,-128.0,2
1775,52.0,-305.0,-56.0,-107.0,-485.0,-9.0,165.0,-1171.0,-151.0,2
1776,50.0,-307.0,-69.0,-95.0,-476.0,-23.0,156.0,-1180.0,-189.0,2
1777,49.0,-304.0,-70.0,-99.0,-463.0,-33.0,157.0,-1176.0,-221.0,2
1778,47.0,-306.0,-78.0,-116.0,-446.0,-45.0,149.0,-1179.0,-246.0,2
1779,48.0,-307.0,-80.0,-132.0,-424.0,-53.0,144.0,-1186.0,-257.0,2
1780,49.0,-305.0,-82.0,-136.0,-399.0,-69.0,153.0,-1194.0,-266.0,2
1781,52.0,-307.0,-91.0,-136.0,-376.0,-82.0,159.0,-1196.0,-281.0,2
1782,59.0,-313.0,-92.0,-130.0,-346.0,-101.0,179.0,-1202.0,-297.0,2
1783,63.0,-313.0,-101.0,-129.0,-298.0,-125.0,208.0,-1209.0,-327.0,2
1784,67.0,-317.0,-103.0,-140.0,-246.0,-157.0,222.0,-1222.0,-339.0,2
1785,73.0,-321.0,-110.0,-146.0,-185.0,-196.0,237.0,-1238.0,-362.0,2
1786,72.0,-324.0,-106.0,-143.0,-120.0,-246.0,233.0,-1256.0,-362.0,2
1787,73.0,-332.0,-103.0,-117.0,-55.0,-292.0,230.0,-1277.0,-338.0,2
1788,61.0,-329.0,-93.0,-74.0,8.0,-343.0,206.0,-1271.0,-306.0,2
1789,48.0,-325.0,-81.0,-20.0,65.0,-377.0,152.0,-1265.0,-259.0,2
1790,41.0,-318.0,-69.0,36.0,111.0,-389.0,118.0,-1227.0,-220.0,2
1791,37.0,-303.0,-72.0,88.0,153.0,-387.0,101.0,-1170.0,-204.0,2
1792,32.0,-287.0,-68.0,140.0,191.0,-375.0,88.0,-1109.0,-211.0,2
1793,25.0,-270.0,-72.0,182.0,231.0,-345.0,76.0,-1049.0,-221.0,2
1794,23.0,-255.0,-79.0,221.0,271.0,-312.0,60.0,-979.0,-238.0,2
1795,21.0,-236.0,-76.0,236.0,287.0,-273.0,54.0,-907.0,-249.0,2
1796,17.0,-219.0,-75.0,243.0,289.0,-235.0,44.0,-845.0,-239.0,2
1797,17.0,-199.0,-75.0,241.0,276.0,-194.0,43.0,-787.0,-225.0,2
1798,16.0,-185.0,-70.0,228.0,256.0,-159.0,52.0,-735.0,-209.0,2
1799,22.0,-180.0,-68.0,207.0,227.0,-125.0,49.0,-707.0,-186.0,2
1800,15.0,-175.0,-58.0,184.0,195.0,-93.0,43.0,-688.0,-163.0,2
1801,13.0,-174.0,-55.0,153.0,168.0,-59.0,27.0,-687.0,-150.0,2
1802,12.0,-179.0,-52.0,120.0,141.0,-27.0,22.0,-702.0,-133.0,2
1803,3.0,-181.0,-53.0,88.0,112.0,9.0,8.0,-714.0,-123.0,2
1804,1.0,-188.0,-46.0,62.0,90.0,51.0,-7.0,-738.0,-126.0,2
1805,-1.0,-197.0,-52.0,34.0,70.0,86.0,-16.0,-778.0,-129.0,2
1806,-4.0,-204.0,-56.0,11.0,57.0,115.0,-29.0,-810.0,-145.0,2
1807,-7.0,-218.0,-55.0,-17.0,45.0,145.0,-41.0,-842.0,-154.0,2
1808,-6.0,-227.0,-58.0,-39.0,32.0,170.0,-42.0,-878.0,-169.0,2
1809,-5.0,-232.0,-70.0,-54.0,20.0,190.0,-41.0,-906.0,-200.0,2
1810,-1.0,-238.0,-73.0,-68.0,12.0,200.0,-24.0,-921.0,-217.0,2
1811,7.0,-245.0,-75.0,-78.0,11.0,205.0,-8.0,-946.0,-228.0,2
1812,11.0,-250.0,-79.0,-88.0,17.0,197.0,10.0,-963.0,-244.0,2
1813,15.0,-252.0,-81.0,-99.0,25.0,180.0,25.0,-974.0,-246.0,2
1814,19.0,-257.0,-81.0,-103.0,34.0,158.0,51.0,-980.0,-251.0,2
1815,27.0,-257.0,-80.0,-100.0,42.0,129.0,67.0,-978.0,-250.0,2
1816,31.0,-253.0,-80.0,-79.0,51.0,102.0,86.0,-977.0,-255.0,2
1817,37.0,-250.0,-81.0,-52.0,70.0,78.0,109.0,-957.0,-266.0,2
1818,39.0,-246.0,-87.0,-29.0,100.0,49.0,119.0,-953.0,-274.0,2
1819,40.0,-242.0,-85.0,-11.0,132.0,21.0,121.0,-933.0,-274.0,2
1820,33.0,-240.0,-91.0,8.0,155.0,-12.0,106.0,-918.0,-284.0,2
1821,29.0,-239.0,-90.0,25.0,167.0,-42.0,83.0,-916.0,-292.0,2
1822,21.0,-232.0,-92.0,31.0,170.0,-70.0,52.0,-901.0,-293.0,2
1823,10.0,-225.0,-95.0,33.0,166.0,-92.0,16.0,-888.0,-301.0,2
1824,-1.0,-222.0,-92.0,29.0,156.0,-109.0,-19.0,-862.0,-303.0,2
1825,-3.0,-219.0,-100.0,19.0,142.0,-117.0,-38.0,-852.0,-324.0,2
1826,-11.0,-215.0,-102.0,9.0,117.0,-123.0,-64.0,-835.0,-337.0,2
1827,-16.0,-213.0,-106.0,5.0,97.0,-120.0,-100.0,-828.0,-362.0,2
1828,-30.0,-211.0,-111.0,3.0,78.0,-118.0,-135.0,-824.0,-376.0,2
1829,-41.0,-210.0,-114.0,-4.0,50.0,-108.0,-176.0,-823.0,-399.0,2
1830,-52.0,-211.0,-110.0,-25.0,12.0,-96.0,-222.0,-826.0,-393.0,2
1831,-59.0,-211.0,-115.0,-51.0,-38.0,-79.0,-243.0,-831.0,-386.0,2
1832,-63.0,-218.0,-110.0,-77.0,-88.0,-66.0,-262.0,-850.0,-380.0,2
1833,-64.0,-222.0,-109.0,-97.0,-138.0,-43.0,-261.0,-873.0,-372.0,2
1834,-63.0,-231.0,-107.0,-106.0,-181.0,-25.0,-266.0,-899.0,-365.0,2
1835,-62.0,-241.0,-102.0,-110.0,-215.0,-6.0,-256.0,-933.0,-349.0,2
1836,-55.0,-250.0,-99.0,-112.0,-245.0,22.0,-240.0,-968.0,-328.0,2
1837,-45.0,-259.0,-91.0,-98.0,-276.0,45.0,-216.0,-1002.0,-297.0,2
1838,-35.0,-264.0,-93.0,-68.0,-290.0,62.0,-171.0,-1021.0,-292.0,2
1839,-24.0,-268.0,-86.0,-34.0,-292.0,73.0,-137.0,-1041.0,-276.0,2
1840,-16.0,-271.0,-83.0,-10.0,-278.0,77.0,-109.0,-1053.0,-263.0,2
1841,-11.0,-279.0,-81.0,6.0,-264.0,86.0,-77.0,-1077.0,-258.0,2
1842,-1.0,-282.0,-78.0,11.0,-252.0,91.0,-36.0,-1089.0,-251.0,2
1843,8.0,-285.0,-75.0,29.0,-241.0,95.0,-2.0,-1104.0,-229.0,2
1844,19.0,-283.0,-69.0,58.0,-222.0,92.0,33.0,-1098.0,-216.0,2
1845,23.0,-282.0,-72.0,92.0,-191.0,97.0,59.0,-1102.0,-224.0,2
1846,26.0,-279.0,-76.0,115.0,-151.0,106.0,74.0,-1094.0,-230.0,2
1847,32.0,-277.0,-72.0,121.0,-94.0,120.0,86.0,-1083.0,-212.0,2
1848,31.0,-273.0,-67.0,135.0,-46.0,133.0,93.0,-1069.0,-198.0,2
1849,34.0,-270.0,-64.0,155.0,-8.0,146.0,100.0,-1051.0,-192.0,2
1850,32.0,-262.0,-62.0,179.0,25.0,158.0,91.0,-1026.0,-184.0,2
1851,31.0,-260.0,-66.0,201.0,57.0,178.0,92.0,-1013.0,-181.0,2
1852,30.0,-256.0,-66.0,222.0,95.0,196.0,88.0,-1012.0,-186.0,2
1853,29.0,-255.0,-64.0,230.0,134.0,213.0,72.0,-993.0,-187.0,2
1854,22.0,-250.0,-67.0,232.0,171.0,223.0,58.0,-976.0,-192.0,2
1855,19.0,-251.0,-65.0,227.0,205.0,238.0,48.0,-974.0,-193.0,2
1856,19.0,-250.0,-61.0,220.0,237.0,252.0,42.0,-960.0,-170.0,2
1857,19.0,-249.0,-60.0,224.0,264.0,266.0,32.0,-948.0,-168.0,2
1858,16.0,-246.0,-63.0,231.0,283.0,278.0,33.0,-945.0,-173.0,2
1859,13.0,-243.0,-61.0,246.0,292.0,276.0,28.0,-936.0,-165.0,2
1860,13.0,-244.0,-59.0,259.0,290.0,271.0,17.0,-931.0,-167.0,2
1861,9.0,-238.0,-59.0,265.0,286.0,265.0,3.0,-920.0,-182.0,2
1862,3.0,-236.0,-59.0,266.0,288.0,257.0,-7.0,-911.0,-173.0,2
1863,-1.0,-231.0,-65.0,268.0,288.0,257.0,-24.0,-911.0,-188.0,2
1864,-2.0,-231.0,-59.0,254.0,289.0,261.0,-28.0,-895.0,-178.0,2
1865,0.0,-232.0,-64.0,236.0,300.0,265.0,-21.0,-889.0,-177.0,2
1866,2.0,-224.0,-63.0,209.0,312.0,264.0,-15.0,-878.0,-183.0,2
1867,-1.0,-222.0,-61.0,170.0,311.0,249.0,-19.0,-868.0,-185.0,2
1868,-2.0,-220.0,-62.0,127.0,304.0,235.0,-40.0,-870.0,-179.0,2
1869,-4.0,-226.0,-56.0,79.0,310.0,233.0,-42.0,-874.0,-145.0,2
1870,-3.0,-225.0,-52.0,52.0,322.0,230.0,-29.0,-883.0,-129.0,2
1871,-2.0,-227.0,-47.0,37.0,331.0,224.0,-23.0,-885.0,-118.0,2
1872,-2.0,-230.0,-46.0,24.0,333.0,210.0,-30.0,-888.0,-115.0,2
1873,-1.0,-231.0,-48.0,13.0,336.0,199.0,-38.0,-901.0,-110.0,2
1874,-4.0,-233.0,-45.0,-1.0,335.0,187.0,-46.0,-902.0,-106.0,2
1875,-7.0,-235.0,-45.0,-8.0,333.0,181.0,-54.0,-907.0,-106.0,2
1876,-8.0,-235.0,-48.0,-14.0,329.0,176.0,-55.0,-911.0,-113.0,2
1877,-9.0,-242.0,-49.0,-18.0,323.0,171.0,-58.0,-922.0,-119.0,2
1878,-9.0,-239.0,-49.0,-25.0,321.0,165.0,-60.0,-928.0,-115.0,2
1879,-10.0,-242.0,-49.0,-31.0,315.0,155.0,-62.0,-930.0,-117.0,2
1880,-9.0,-243.0,-46.0,-36.0,304.0,149.0,-64.0,-936.0,-116.0,2
1881,-10.0,-246.0,-48.0,-45.0,293.0,144.0,-70.0,-946.0,-120.0,2
1882,-9.0,-248.0,-49.0,-56.0,284.0,140.0,-65.0,-954.0,-106.0,2
1883,-12.0,-246.0,-45.0,-65.0,275.0,140.0,-72.0,-958.0,-91.0,2
1884,-10.0,-248.0,-38.0,-61.0,266.0,136.0,-64.0,-957.0,-90.0,2
1885,-11.0,-249.0,-44.0,-47.0,256.0,132.0,-69.0,-958.0,-95.0,2
1886,-10.0,-244.0,-44.0,-37.0,252.0,126.0,-67.0,-951.0,-100.0,2
1887,-11.0,-247.0,-47.0,-28.0,251.0,121.0,-65.0,-950.0,-108.0,2
1888,-11.0,-246.0,-46.0,-27.0,249.0,116.0,-60.0,-945.0,-119.0,2
1889,-10.0,-243.0,-52.0,-30.0,245.0,111.0,-60.0,-940.0,-128.0,2
1890,-7.0,-240.0,-55.0,-34.0,241.0,105.0,-59.0,-931.0,-138.0,2
1891,-9.0,-242.0,-58.0,-41.0,242.0,101.0,-54.0,-927.0,-144.0,2
1892,-8.0,-243.0,-51.0,-45.0,247.0,95.0,-62.0,-925.0,-145.0,2
1893,-4.0,-241.0,-55.0,-42.0,257.0,91.0,-61.0,-922.0,-144.0,2
1894,-2.0,-245.0,-55.0,-40.0,265.0,82.0,-34.0,-935.0,-146.0,2
1895,-6.0,-245.0,-56.0,-48.0,271.0,73.0,-36.0,-948.0,-144.0,2
1896,-7.0,-247.0,-51.0,-59.0,269.0,69.0,-50.0,-939.0,-137.0,2
1897,-5.0,-242.0,-50.0,-62.0,264.0,65.0,-50.0,-943.0,-125.0,2
1898,-1.0,-245.0,-48.0,-60.0,265.0,58.0,-44.0,-941.0,-111.0,2
1899,-2.0,-243.0,-39.0,-53.0,275.0,52.0,-39.0,-939.0,-93.0,2
1900,-2.0,-243.0,-43.0,-39.0,288.0,46.0,-36.0,-933.0,-88.0,2
1901,-1.0,-242.0,-46.0,-28.0,301.0,39.0,-27.0,-931.0,-87.0,2
1902,4.0,-242.0,-43.0,-23.0,311.0,35.0,-16.0,-928.0,-95.0,2
1903,7.0,-243.0,-48.0,-21.0,323.0,30.0,-8.0,-939.0,-103.0,2
1904,3.0,-242.0,-46.0,-18.0,331.0,23.0,-14.0,-938.0,-100.0,2
1905,3.0,-241.0,-49.0,-14.0,331.0,13.0,-13.0,-932.0,-102.0,2
1906,4.0,-244.0,-46.0,-6.0,324.0,4.0,-14.0,-926.0,-110.0,2
1907,2.0,-237.0,-50.0,-1.0,318.0,-7.0,-16.0,-924.0,-117.0,2
1908,2.0,-239.0,-50.0,-1.0,316.0,-12.0,-15.0,-919.0,-127.0,2
1909,1.0,-239.0,-49.0,-11.0,322.0,-21.0,-23.0,-911.0,-120.0,2
1910,3.0,-239.0,-47.0,-23.0,334.0,-24.0,-22.0,-919.0,-112.0,2
1911,4.0,-238.0,-47.0,-36.0,346.0,-28.0,-23.0,-921.0,-106.0,2
1912,1.0,-239.0,-44.0,-54.0,362.0,-31.0,-18.0,-925.0,-95.0,2
1913,3.0,-244.0,-44.0,-74.0,372.0,-35.0,-18.0,-931.0,-99.0,2
1914,-1.0,-243.0,-41.0,-91.0,374.0,-42.0,-25.0,-934.0,-94.0,2
1915,-4.0,-243.0,-42.0,-106.0,374.0,-48.0,-42.0,-947.0,-91.0,2
1916,-9.0,-251.0,-39.0,-118.0,369.0,-54.0,-56.0,-951.0,-84.0,2
1917,-10.0,-248.0,-38.0,-119.0,361.0,-58.0,-73.0,-955.0,-85.0,2
1918,-13.0,-252.0,-39.0,-114.0,353.0,-60.0,-80.0,-957.0,-87.0,2
1919,-17.0,-249.0,-43.0,-112.0,344.0,-62.0,-91.0,-960.0,-97.0,2
1920,-20.0,-248.0,-46.0,-112.0,335.0,-60.0,-105.0,-960.0,-101.0,2
1921,-22.0,-251.0,-46.0,-114.0,323.0,-59.0,-124.0,-953.0,-108.0,2
1922,-26.0,-250.0,-52.0,-119.0,303.0,-53.0,-131.0,-971.0,-128.0,2
1923,-30.0,-255.0,-51.0,-130.0,284.0,-45.0,-142.0,-964.0,-143.0,2
1924,-30.0,-253.0,-54.0,-140.0,267.0,-37.0,-142.0,-974.0,-147.0,2
1925,-30.0,-256.0,-57.0,-144.0,255.0,-27.0,-137.0,-989.0,-149.0,2
1926,-24.0,-257.0,-51.0,-145.0,250.0,-16.0,-124.0,-998.0,-141.0,2
1927,-15.0,-260.0,-50.0,-139.0,253.0,-5.0,-105.0,-1000.0,-124.0,2
1928,-12.0,-257.0,-46.0,-127.0,264.0,8.0,-79.0,-1004.0,-110.0,2
1929,-5.0,-258.0,-38.0,-114.0,279.0,15.0,-55.0,-1001.0,-87.0,2
1930,-1.0,-259.0,-41.0,-99.0,292.0,23.0,-28.0,-1002.0,-82.0,2
1931,4.0,-254.0,-35.0,-83.0,305.0,23.0,-15.0,-987.0,-83.0,2
1932,4.0,-257.0,-42.0,-67.0,319.0,25.0,-12.0,-974.0,-89.0,2
1933,7.0,-253.0,-49.0,-53.0,337.0,21.0,-1.0,-973.0,-94.0,2
1934,9.0,-254.0,-45.0,-45.0,350.0,18.0,1.0,-976.0,-105.0,2
1935,6.0,-251.0,-45.0,-40.0,364.0,12.0,1.0,-974.0,-112.0,2
1936,5.0,-257.0,-43.0,-37.0,372.0,6.0,-2.0,-979.0,-112.0,2
1937,9.0,-255.0,-43.0,-33.0,382.0,-3.0,3.0,-979.0,-101.0,2
1938,9.0,-256.0,-40.0,-28.0,391.0,-9.0,0.0,-998.0,-102.0,2
1939,7.0,-260.0,-43.0,-23.0,402.0,-17.0,2.0,-1006.0,-84.0,2
1940,7.0,-262.0,-33.0,-21.0,417.0,-20.0,0.0,-1015.0,-66.0,2
1941,10.0,-265.0,-32.0,-14.0,435.0,-17.0,2.0,-1030.0,-65.0,2
1942,12.0,-268.0,-30.0,-3.0,458.0,-12.0,10.0,-1038.0,-50.0,2
1943,8.0,-269.0,-30.0,8.0,490.0,-3.0,10.0,-1048.0,-43.0,2
1944,9.0,-270.0,-26.0,27.0,531.0,-2.0,2.0,-1052.0,-29.0,2
1945,13.0,-271.0,-22.0,42.0,563.0,-5.0,0.0,-1053.0,-19.0,2
1946,9.0,-270.0,-21.0,48.0,587.0,-3.0,9.0,-1062.0,-7.0,2
1947,10.0,-274.0,-17.0,52.0,604.0,0.0,10.0,-1065.0,-6.0,2
1948,5.0,-277.0,-15.0,57.0,616.0,7.0,-4.0,-1068.0,14.0,2
1949,5.0,-276.0,-13.0,74.0,622.0,24.0,-12.0,-1074.0,35.0,2
1950,2.0,-277.0,-15.0,99.0,628.0,36.0,-26.0,-1074.0,21.0,2
1951,-3.0,-272.0,-11.0,113.0,644.0,35.0,-44.0,-1065.0,23.0,2
1952,-7.0,-271.0,-10.0,119.0,666.0,36.0,-59.0,-1056.0,31.0,2
1953,-9.0,-271.0,-8.0,119.0,678.0,41.0,-59.0,-1047.0,42.0,2
1954,-10.0,-267.0,-5.0,123.0,682.0,41.0,-64.0,-1041.0,37.0,2
1955,-15.0,-262.0,-17.0,126.0,676.0,41.0,-90.0,-1016.0,19.0,2
1956,-18.0,-258.0,-24.0,113.0,673.0,41.0,-100.0,-1011.0,-14.0,2
1957,-24.0,-257.0,-30.0,77.0,673.0,38.0,-118.0,-1007.0,-48.0,2
1958,-26.0,-259.0,-40.0,26.0,674.0,36.0,-130.0,-1005.0,-69.0,2
1959,-30.0,-261.0,-34.0,-26.0,671.0,36.0,-142.0,-1017.0,-79.0,2
1960,-28.0,-264.0,-34.0,-71.0,667.0,37.0,-146.0,-1037.0,-55.0,2
1961,-29.0,-274.0,-30.0,-97.0,662.0,39.0,-148.0,-1058.0,-42.0,2
1962,-31.0,-281.0,-26.0,-104.0,661.0,41.0,-150.0,-1090.0,-31.0,2
1963,-32.0,-290.0,-24.0,-98.0,652.0,35.0,-156.0,-1115.0,-23.0,2
1964,-38.0,-291.0,-25.0,-83.0,631.0,25.0,-167.0,-1127.0,-11.0,2
1965,-38.0,-292.0,-21.0,-57.0,596.0,16.0,-172.0,-1125.0,-12.0,2
1966,-34.0,-291.0,-26.0,-11.0,547.0,16.0,-167.0,-1118.0,-38.0,2
1967,-35.0,-286.0,-37.0,20.0,508.0,17.0,-163.0,-1113.0,-76.0,2
1968,-34.0,-281.0,-44.0,25.0,478.0,24.0,-153.0,-1092.0,-112.0,2
1969,-32.0,-274.0,-53.0,18.0,442.0,27.0,-143.0,-1078.0,-135.0,2
1970,-33.0,-273.0,-60.0,0.0,413.0,34.0,-145.0,-1070.0,-170.0,2
1971,-31.0,-274.0,-64.0,-27.0,387.0,43.0,-146.0,-1072.0,-185.0,2
1972,-28.0,-280.0,-66.0,-51.0,369.0,55.0,-147.0,-1081.0,-186.0,2
1973,-30.0,-279.0,-63.0,-71.0,354.0,71.0,-149.0,-1092.0,-189.0,2
1974,-31.0,-286.0,-61.0,-85.0,339.0,95.0,-154.0,-1107.0,-188.0,2
1975,-30.0,-286.0,-66.0,-83.0,316.0,116.0,-145.0,-1108.0,-197.0,2
1976,-32.0,-294.0,-71.0,-77.0,276.0,145.0,-160.0,-1138.0,-206.0,2
1977,-30.0,-303.0,-72.0,-73.0,229.0,163.0,-162.0,-1156.0,-212.0,2
1978,-34.0,-303.0,-70.0,-64.0,173.0,184.0,-158.0,-1169.0,-210.0,2
1979,-30.0,-305.0,-68.0,-43.0,112.0,207.0,-146.0,-1175.0,-213.0,2
1980,-26.0,-304.0,-71.0,-14.0,60.0,230.0,-142.0,-1172.0,-225.0,2
1981,-19.0,-305.0,-68.0,21.0,30.0,253.0,-107.0,-1168.0,-210.0,2
1982,-8.0,-301.0,-61.0,61.0,12.0,271.0,-71.0,-1163.0,-186.0,2
1983,-1.0,-297.0,-55.0,105.0,5.0,283.0,-46.0,-1146.0,-159.0,2
1984,1.0,-288.0,-52.0,153.0,8.0,259.0,-18.0,-1106.0,-126.0,2
1985,5.0,-273.0,-48.0,206.0,5.0,219.0,-5.0,-1054.0,-125.0,2
1986,4.0,-258.0,-54.0,250.0,-4.0,186.0,-10.0,-1006.0,-138.0,2
1987,4.0,-242.0,-58.0,270.0,-11.0,145.0,-17.0,-944.0,-161.0,2
1988,7.0,-232.0,-69.0,264.0,-5.0,121.0,-14.0,-900.0,-208.0,2
1989,4.0,-223.0,-77.0,235.0,22.0,97.0,-15.0,-874.0,-227.0,2
1990,8.0,-216.0,-83.0,193.0,59.0,85.0,10.0,-847.0,-253.0,2
1991,13.0,-215.0,-90.0,156.0,99.0,69.0,15.0,-845.0,-269.0,2
1992,14.0,-214.0,-90.0,129.0,134.0,50.0,26.0,-843.0,-295.0,2
1993,17.0,-214.0,-97.0,102.0,163.0,25.0,44.0,-847.0,-310.0,2
1994,17.0,-214.0,-101.0,83.0,187.0,2.0,42.0,-844.0,-326.0,2
1995,20.0,-215.0,-105.0,63.0,210.0,-21.0,61.0,-852.0,-337.0,2
1996,25.0,-222.0,-106.0,41.0,228.0,-44.0,69.0,-865.0,-350.0,2
1997,26.0,-219.0,-106.0,10.0,240.0,-64.0,75.0,-873.0,-351.0,2
1998,27.0,-226.0,-102.0,-16.0,254.0,-74.0,80.0,-883.0,-338.0,2
1999,31.0,-230.0,-103.0,-43.0,259.0,-76.0,81.0,-895.0,-341.0,2
2000,27.0,-230.0,-105.0,-60.0,258.0,-74.0,82.0,-901.0,-341.0,2
2001,23.0,-232.0,-105.0,-72.0,253.0,-72.0,72.0,-907.0,-342.0,2
2002,19.0,-232.0,-102.0,-79.0,243.0,-68.0,35.0,-898.0,-335.0,2
2003,3.0,-229.0,-102.0,-69.0,221.0,-63.0,4.0,-887.0,-338.0,2
2004,0.0,-228.0,-110.0,-51.0,187.0,-51.0,-13.0,-882.0,-366.0,2
2005,-1.0,-222.0,-111.0,-43.0,150.0,-40.0,-25.0,-872.0,-382.0,2
2006,-5.0,-215.0,-113.0,-47.0,118.0,-25.0,-36.0,-841.0,-393.0,2
2007,2.0,-212.0,-115.0,-59.0,94.0,-10.0,-22.0,-825.0,-388.0,2
2008,4.0,-208.0,-109.0,-69.0,82.0,9.0,-6.0,-819.0,-381.0,2
2009,11.0,-205.0,-114.0,-82.0,85.0,19.0,9.0,-808.0,-387.0,2
2010,17.0,-205.0,-110.0,-102.0,100.0,26.0,28.0,-801.0,-371.0,2
2011,19.0,-203.0,-109.0,-122.0,116.0,30.0,49.0,-801.0,-364.0,2
2012,26.0,-206.0,-104.0,-145.0,131.0,33.0,69.0,-817.0,-369.0,2
2013,31.0,-209.0,-103.0,-166.0,146.0,32.0,91.0,-828.0,-347.0,2
2014,37.0,-219.0,-99.0,-175.0,155.0,27.0,110.0,-841.0,-341.0,2
2015,43.0,-222.0,-100.0,-173.0,160.0,11.0,135.0,-858.0,-328.0,2
2016,41.0,-222.0,-103.0,-162.0,159.0,-1.0,140.0,-882.0,-340.0,2
2017,44.0,-228.0,-105.0,-166.0,161.0,-21.0,138.0,-898.0,-340.0,2
2018,40.0,-235.0,-99.0,-167.0,163.0,-36.0,129.0,-906.0,-320.0,2
2019,34.0,-240.0,-96.0,-153.0,153.0,-56.0,112.0,-937.0,-319.0,2
2020,32.0,-248.0,-105.0,-150.0,151.0,-71.0,93.0,-968.0,-331.0,2
2021,27.0,-255.0,-105.0,-171.0,156.0,-85.0,76.0,-998.0,-330.0,2
2022,18.0,-262.0,-96.0,-194.0,155.0,-95.0,55.0,-1024.0,-307.0,2
2023,15.0,-271.0,-86.0,-200.0,138.0,-111.0,25.0,-1050.0,-292.0,2
2024,9.0,-273.0,-82.0,-191.0,111.0,-128.0,8.0,-1080.0,-268.0,2
2025,2.0,-277.0,-76.0,-157.0,83.0,-145.0,-13.0,-1076.0,-244.0,2
2026,-1.0,-281.0,-72.0,-107.0,53.0,-157.0,-25.0,-1081.0,-219.0,2
2027,-4.0,-277.0,-68.0,-53.0,18.0,-173.0,-34.0,-1076.0,-204.0,2
2028,-9.0,-275.0,-68.0,-6.0,-15.0,-183.0,-48.0,-1060.0,-194.0,2
2029,-9.0,-271.0,-62.0,33.0,-42.0,-197.0,-63.0,-1053.0,-186.0,2
2030,-9.0,-266.0,-64.0,59.0,-74.0,-208.0,-68.0,-1041.0,-188.0,2
2031,-11.0,-263.0,-62.0,75.0,-118.0,-224.0,-67.0,-1028.0,-197.0,2
2032,-10.0,-262.0,-71.0,76.0,-153.0,-240.0,-66.0,-1018.0,-207.0,2
2033,-11.0,-262.0,-72.0,70.0,-181.0,-265.0,-71.0,-1017.0,-208.0,2
2034,-11.0,-262.0,-68.0,65.0,-201.0,-288.0,-72.0,-1004.0,-197.0,2
2035,-12.0,-258.0,-63.0,72.0,-220.0,-310.0,-73.0,-997.0,-200.0,2
2036,-9.0,-255.0,-63.0,86.0,-239.0,-324.0,-65.0,-974.0,-186.0,2
2037,-9.0,-249.0,-65.0,103.0,-256.0,-336.0,-52.0,-961.0,-186.0,2
2038,-2.0,-244.0,-67.0,113.0,-268.0,-342.0,-35.0,-952.0,-189.0,2
2039,0.0,-242.0,-66.0,114.0,-278.0,-353.0,-20.0,-939.0,-198.0,2
2040,5.0,-238.0,-66.0,109.0,-289.0,-356.0,-7.0,-926.0,-193.0,2
2041,10.0,-235.0,-66.0,103.0,-301.0,-360.0,13.0,-913.0,-193.0,2
2042,14.0,-231.0,-64.0,93.0,-307.0,-358.0,35.0,-901.0,-199.0,2
2043,19.0,-226.0,-65.0,85.0,-308.0,-357.0,47.0,-889.0,-199.0,2
2044,20.0,-224.0,-69.0,79.0,-307.0,-350.0,54.0,-880.0,-205.0,2
2045,23.0,-222.0,-73.0,65.0,-310.0,-340.0,56.0,-869.0,-220.0,2
2046,21.0,-218.0,-70.0,42.0,-321.0,-329.0,62.0,-856.0,-217.0,2
2047,29.0,-217.0,-70.0,14.0,-333.0,-321.0,85.0,-856.0,-219.0,2
2048,29.0,-214.0,-66.0,-19.0,-342.0,-312.0,94.0,-849.0,-202.0,2
2049,30.0,-216.0,-69.0,-37.0,-341.0,-309.0,96.0,-848.0,-200.0,2
2050,30.0,-220.0,-66.0,-53.0,-327.0,-307.0,95.0,-851.0,-193.0,2
2051,33.0,-222.0,-62.0,-71.0,-313.0,-303.0,88.0,-860.0,-193.0,2
2052,31.0,-223.0,-64.0,-85.0,-297.0,-293.0,86.0,-868.0,-187.0,2
2053,29.0,-228.0,-59.0,-96.0,-290.0,-291.0,92.0,-885.0,-173.0,2
2054,28.0,-233.0,-62.0,-106.0,-290.0,-287.0,80.0,-898.0,-181.0,2
2055,24.0,-233.0,-61.0,-119.0,-285.0,-285.0,67.0,-909.0,-185.0,2
2056,25.0,-235.0,-62.0,-136.0,-276.0,-275.0,68.0,-914.0,-175.0,2
2057,24.0,-239.0,-60.0,-152.0,-271.0,-270.0,75.0,-931.0,-178.0,2
2058,27.0,-242.0,-59.0,-166.0,-265.0,-264.0,80.0,-944.0,-165.0,2
2059,29.0,-248.0,-58.0,-160.0,-257.0,-266.0,75.0,-955.0,-166.0,2
2060,25.0,-249.0,-56.0,-153.0,-251.0,-264.0,61.0,-957.0,-166.0,2
2061,23.0,-249.0,-61.0,-142.0,-249.0,-262.0,57.0,-963.0,-166.0,2
2062,28.0,-249.0,-62.0,-131.0,-245.0,-251.0,61.0,-957.0,-162.0,2
2063,27.0,-245.0,-58.0,-115.0,-239.0,-239.0,66.0,-953.0,-173.0,2
2064,26.0,-244.0,-63.0,-106.0,-231.0,-227.0,70.0,-953.0,-181.0,2
2065,24.0,-243.0,-61.0,-105.0,-223.0,-223.0,72.0,-948.0,-177.0,2
2066,21.0,-242.0,-59.0,-108.0,-213.0,-211.0,56.0,-939.0,-171.0,2
2067,19.0,-246.0,-55.0,-109.0,-209.0,-193.0,49.0,-944.0,-156.0,2
2068,25.0,-244.0,-56.0,-106.0,-214.0,-170.0,69.0,-947.0,-141.0,2
2069,27.0,-245.0,-52.0,-94.0,-219.0,-160.0,76.0,-951.0,-136.0,2
2070,27.0,-243.0,-55.0,-79.0,-221.0,-148.0,81.0,-947.0,-127.0,2
2071,29.0,-241.0,-55.0,-62.0,-221.0,-141.0,86.0,-944.0,-136.0,2
2072,27.0,-242.0,-55.0,-51.0,-215.0,-129.0,83.0,-938.0,-142.0,2
2073,29.0,-241.0,-51.0,-47.0,-214.0,-120.0,86.0,-928.0,-145.0,2
2074,30.0,-240.0,-56.0,-45.0,-219.0,-107.0,91.0,-924.0,-155.0,2
2075,32.0,-242.0,-57.0,-51.0,-220.0,-103.0,94.0,-923.0,-167.0,2
2076,29.0,-240.0,-59.0,-58.0,-219.0,-94.0,98.0,-927.0,-164.0,2
2077,31.0,-239.0,-59.0,-62.0,-215.0,-90.0,98.0,-929.0,-166.0,2
2078,35.0,-242.0,-60.0,-63.0,-207.0,-81.0,96.0,-934.0,-162.0,2
2079,36.0,-243.0,-64.0,-63.0,-195.0,-77.0,94.0,-946.0,-168.0,2
2080,35.0,-247.0,-57.0,-61.0,-177.0,-67.0,101.0,-945.0,-165.0,2
2081,36.0,-244.0,-60.0,-59.0,-155.0,-62.0,109.0,-952.0,-159.0,2
2082,37.0,-246.0,-58.0,-59.0,-136.0,-53.0,106.0,-952.0,-156.0,2
2083,37.0,-245.0,-57.0,-62.0,-119.0,-50.0,112.0,-953.0,-161.0,2
2084,39.0,-248.0,-55.0,-66.0,-106.0,-43.0,116.0,-950.0,-150.0,2
2085,39.0,-248.0,-57.0,-69.0,-91.0,-43.0,114.0,-955.0,-152.0,2
2086,34.0,-244.0,-58.0,-78.0,-83.0,-41.0,110.0,-952.0,-155.0,2
2087,36.0,-247.0,-57.0,-83.0,-78.0,-42.0,94.0,-947.0,-158.0,2
2088,31.0,-243.0,-58.0,-87.0,-71.0,-38.0,88.0,-948.0,-157.0,2
2089,28.0,-244.0,-52.0,-94.0,-67.0,-35.0,79.0,-938.0,-154.0,2
2090,25.0,-242.0,-59.0,-98.0,-61.0,-28.0,78.0,-938.0,-150.0,2
2091,25.0,-239.0,-59.0,-104.0,-52.0,-25.0,75.0,-930.0,-150.0,2
2092,29.0,-241.0,-56.0,-110.0,-40.0,-19.0,70.0,-931.0,-151.0,2
2093,26.0,-240.0,-57.0,-119.0,-33.0,-18.0,70.0,-930.0,-141.0,2
2094,26.0,-242.0,-55.0,-123.0,-29.0,-10.0,70.0,-930.0,-126.0,2
2095,24.0,-242.0,-47.0,-123.0,-32.0,-8.0,69.0,-935.0,-124.0,2
2096,26.0,-241.0,-48.0,-119.0,-36.0,-6.0,69.0,-941.0,-122.0,2
2097,23.0,-243.0,-50.0,-113.0,-48.0,-7.0,69.0,-940.0,-116.0,2
2098,27.0,-242.0,-47.0,-106.0,-63.0,-7.0,70.0,-942.0,-116.0,2
2099,24.0,-242.0,-47.0,-97.0,-79.0,-13.0,78.0,-943.0,-123.0,2
2100,26.0,-246.0,-49.0,-93.0,-89.0,-14.0,74.0,-939.0,-125.0,2
2101,26.0,-245.0,-50.0,-87.0,-97.0,-19.0,73.0,-943.0,-125.0,2
2102,26.0,-245.0,-47.0,-82.0,-103.0,-22.0,77.0,-945.0,-122.0,2
2103,26.0,-246.0,-53.0,-77.0,-107.0,-27.0,79.0,-950.0,-119.0,2
2104,30.0,-248.0,-49.0,-74.0,-110.0,-27.0,87.0,-951.0,-123.0,2
2105,33.0,-248.0,-48.0,-73.0,-110.0,-29.0,96.0,-954.0,-119.0,2
2106,30.0,-252.0,-46.0,-72.0,-101.0,-28.0,93.0,-962.0,-116.0,2
2107,28.0,-253.0,-51.0,-69.0,-97.0,-30.0,75.0,-973.0,-117.0,2
2108,21.0,-253.0,-47.0,-65.0,-99.0,-28.0,55.0,-975.0,-110.0,2
2109,18.0,-253.0,-43.0,-60.0,-113.0,-29.0,43.0,-975.0,-104.0,2
2110,14.0,-252.0,-45.0,-53.0,-134.0,-22.0,38.0,-968.0,-101.0,2
2111,17.0,-251.0,-48.0,-46.0,-160.0,-18.0,31.0,-966.0,-114.0,2
2112,17.0,-249.0,-51.0,-37.0,-184.0,-7.0,39.0,-959.0,-124.0,2
2113,21.0,-248.0,-55.0,-31.0,-205.0,-2.0,52.0,-961.0,-143.0,2
2114,24.0,-248.0,-56.0,-35.0,-220.0,9.0,61.0,-952.0,-146.0,2
2115,23.0,-247.0,-55.0,-31.0,-229.0,14.0,59.0,-953.0,-151.0,2
2116,24.0,-243.0,-59.0,-22.0,-229.0,27.0,71.0,-947.0,-153.0,2
2117,24.0,-242.0,-56.0,-10.0,-225.0,30.0,60.0,-940.0,-150.0,2
2118,21.0,-243.0,-59.0,-1.0,-218.0,38.0,59.0,-943.0,-157.0,2
2119,20.0,-246.0,-59.0,-5.0,-213.0,41.0,50.0,-938.0,-160.0,2
2120,15.0,-247.0,-59.0,-20.0,-215.0,51.0,44.0,-955.0,-164.0,2
2121,16.0,-250.0,-54.0,-42.0,-225.0,54.0,40.0,-960.0,-140.0,2
2122,18.0,-251.0,-53.0,-47.0,-238.0,60.0,41.0,-967.0,-132.0,2
2123,16.0,-253.0,-48.0,-45.0,-251.0,57.0,45.0,-983.0,-124.0,2
2124,24.0,-259.0,-48.0,-36.0,-255.0,64.0,55.0,-1000.0,-119.0,2
2125,25.0,-259.0,-46.0,-25.0,-258.0,60.0,62.0,-1000.0,-117.0,2
2126,26.0,-257.0,-46.0,-16.0,-261.0,58.0,77.0,-1009.0,-98.0,2
2127,28.0,-261.0,-43.0,-5.0,-264.0,48.0,81.0,-1018.0,-93.0,2
2128,33.0,-264.0,-40.0,6.0,-270.0,43.0,93.0,-1020.0,-83.0,2
2129,32.0,-264.0,-42.0,13.0,-275.0,33.0,93.0,-1027.0,-78.0,2
2130,28.0,-264.0,-37.0,14.0,-281.0,24.0,86.0,-1044.0,-73.0,2
2131,24.0,-270.0,-30.0,13.0,-293.0,9.0,78.0,-1050.0,-55.0,2
2132,22.0,-270.0,-31.0,15.0,-310.0,3.0,64.0,-1055.0,-48.0,2
2133,20.0,-273.0,-31.0,12.0,-328.0,-7.0,55.0,-1069.0,-37.0,2
2134,24.0,-274.0,-26.0,17.0,-348.0,-10.0,61.0,-1065.0,-29.0,2
2135,21.0,-273.0,-23.0,33.0,-364.0,-19.0,57.0,-1065.0,-30.0,2
2136,23.0,-274.0,-26.0,53.0,-378.0,-19.0,60.0,-1057.0,-24.0,2
2137,25.0,-270.0,-28.0,74.0,-390.0,-23.0,64.0,-1051.0,-46.0,2
2138,24.0,-265.0,-36.0,87.0,-404.0,-23.0,72.0,-1045.0,-68.0,2
2139,28.0,-268.0,-41.0,83.0,-418.0,-28.0,70.0,-1047.0,-84.0,2
2140,24.0,-266.0,-42.0,73.0,-429.0,-31.0,72.0,-1041.0,-91.0,2
2141,21.0,-266.0,-44.0,62.0,-447.0,-39.0,64.0,-1050.0,-96.0,2
2142,26.0,-272.0,-41.0,51.0,-465.0,-40.0,58.0,-1056.0,-94.0,2
2143,25.0,-275.0,-41.0,39.0,-480.0,-44.0,61.0,-1071.0,-87.0,2
2144,29.0,-273.0,-44.0,26.0,-490.0,-43.0,69.0,-1071.0,-89.0,2
2145,30.0,-277.0,-41.0,19.0,-494.0,-46.0,82.0,-1074.0,-94.0,2
2146,34.0,-278.0,-50.0,14.0,-497.0,-44.0,99.0,-1083.0,-105.0,2
2147,37.0,-278.0,-51.0,12.0,-499.0,-44.0,112.0,-1085.0,-126.0,2
2148,40.0,-277.0,-52.0,16.0,-499.0,-46.0,116.0,-1091.0,-137.0,2
2149,34.0,-279.0,-54.0,18.0,-492.0,-54.0,110.0,-1088.0,-144.0,2
2150,38.0,-279.0,-54.0,13.0,-481.0,-53.0,105.0,-1090.0,-141.0,2
2151,34.0,-279.0,-55.0,15.0,-469.0,-55.0,105.0,-1095.0,-147.0,2
2152,37.0,-277.0,-59.0,17.0,-460.0,-54.0,107.0,-1095.0,-156.0,2
2153,38.0,-280.0,-59.0,19.0,-446.0,-59.0,104.0,-1097.0,-171.0,2
2154,38.0,-282.0,-61.0,15.0,-427.0,-57.0,113.0,-1097.0,-181.0,2
2155,40.0,-283.0,-67.0,10.0,-406.0,-60.0,121.0,-1097.0,-202.0,2
2156,40.0,-289.0,-74.0,5.0,-380.0,-55.0,130.0,-1105.0,-215.0,2
2157,51.0,-287.0,-76.0,3.0,-352.0,-56.0,150.0,-1112.0,-230.0,2
2158,53.0,-289.0,-81.0,1.0,-317.0,-57.0,169.0,-1125.0,-243.0,2
2159,60.0,-292.0,-80.0,4.0,-277.0,-65.0,206.0,-1142.0,-264.0,2
2160,66.0,-295.0,-85.0,6.0,-223.0,-81.0,234.0,-1161.0,-271.0,2
2161,75.0,-301.0,-91.0,11.0,-178.0,-106.0,237.0,-1162.0,-279.0,2
2162,75.0,-302.0,-90.0,13.0,-127.0,-126.0,247.0,-1165.0,-288.0,2
2163,75.0,-304.0,-92.0,26.0,-77.0,-156.0,250.0,-1168.0,-292.0,2
2164,64.0,-299.0,-83.0,45.0,-32.0,-187.0,216.0,-1164.0,-271.0,2
2165,48.0,-294.0,-74.0,76.0,6.0,-213.0,157.0,-1149.0,-241.0,2
2166,36.0,-286.0,-66.0,114.0,28.0,-219.0,117.0,-1124.0,-206.0,2
2167,31.0,-281.0,-65.0,153.0,40.0,-215.0,87.0,-1092.0,-193.0,2
2168,31.0,-267.0,-67.0,193.0,53.0,-195.0,83.0,-1044.0,-195.0,2
2169,32.0,-257.0,-72.0,224.0,71.0,-175.0,81.0,-999.0,-205.0,2
2170,29.0,-236.0,-67.0,248.0,89.0,-147.0,90.0,-937.0,-201.0,2
2171,28.0,-227.0,-70.0,273.0,103.0,-135.0,89.0,-892.0,-201.0,2
2172,28.0,-213.0,-68.0,290.0,102.0,-120.0,84.0,-847.0,-206.0,2
2173,25.0,-206.0,-66.0,297.0,99.0,-110.0,73.0,-806.0,-209.0,2
2174,17.0,-200.0,-65.0,294.0,93.0,-94.0,53.0,-780.0,-214.0,2
2175,15.0,-196.0,-73.0,282.0,86.0,-76.0,34.0,-761.0,-212.0,2
2176,11.0,-194.0,-71.0,267.0,73.0,-51.0,14.0,-753.0,-213.0,2
2177,9.0,-197.0,-77.0,246.0,56.0,-27.0,-1.0,-767.0,-222.0,2
2178,1.0,-195.0,-77.0,219.0,40.0,3.0,-12.0,-774.0,-231.0,2
2179,-1.0,-200.0,-76.0,186.0,25.0,30.0,-25.0,-788.0,-235.0,2
2180,-3.0,-205.0,-79.0,156.0,14.0,58.0,-33.0,-806.0,-253.0,2
2181,-5.0,-212.0,-84.0,128.0,2.0,83.0,-42.0,-825.0,-272.0,2
2182,-10.0,-215.0,-89.0,98.0,-7.0,104.0,-51.0,-844.0,-286.0,2
2183,-6.0,-221.0,-94.0,75.0,-13.0,113.0,-59.0,-864.0,-299.0,2
2184,-5.0,-225.0,-99.0,55.0,-14.0,123.0,-50.0,-877.0,-307.0,2
2185,-4.0,-229.0,-95.0,42.0,-15.0,121.0,-31.0,-887.0,-318.0,2
2186,1.0,-229.0,-100.0,41.0,-14.0,113.0,-26.0,-891.0,-324.0,2
2187,2.0,-231.0,-98.0,47.0,-19.0,97.0,-11.0,-899.0,-328.0,2
2188,9.0,-231.0,-94.0,49.0,-25.0,80.0,0.0,-896.0,-326.0,2
2189,13.0,-228.0,-97.0,51.0,-26.0,56.0,12.0,-894.0,-314.0,2
2190,15.0,-228.0,-95.0,52.0,-22.0,33.0,21.0,-887.0,-312.0,2
2191,13.0,-223.0,-99.0,46.0,-11.0,7.0,26.0,-879.0,-305.0,2
2192,13.0,-223.0,-95.0,28.0,-1.0,-20.0,20.0,-870.0,-312.0,2
2193,10.0,-225.0,-95.0,2.0,2.0,-47.0,18.0,-869.0,-306.0,2
2194,7.0,-226.0,-95.0,-18.0,1.0,-71.0,3.0,-881.0,-307.0,2
2195,1.0,-225.0,-94.0,-32.0,-9.0,-98.0,-16.0,-879.0,-307.0,2
2196,-7.0,-226.0,-95.0,-38.0,-24.0,-113.0,-47.0,-880.0,-323.0,2
2197,-12.0,-230.0,-105.0,-38.0,-36.0,-126.0,-74.0,-890.0,-334.0,2
2198,-23.0,-233.0,-103.0,-39.0,-47.0,-130.0,-109.0,-897.0,-338.0,2
2199,-35.0,-232.0,-105.0,-38.0,-70.0,-126.0,-150.0,-902.0,-340.0,2
2200,-41.0,-235.0,-100.0,-42.0,-98.0,-110.0,-192.0,-913.0,-331.0,2
2201,-47.0,-237.0,-95.0,-48.0,-134.0,-93.0,-211.0,-922.0,-320.0,2
2202,-50.0,-245.0,-90.0,-53.0,-172.0,-68.0,-222.0,-928.0,-299.0,2
2203,-49.0,-243.0,-82.0,-52.0,-211.0,-42.0,-219.0,-941.0,-277.0,2
2204,-45.0,-249.0,-88.0,-38.0,-240.0,-17.0,-213.0,-957.0,-271.0,2
2205,-43.0,-253.0,-83.0,-27.0,-261.0,3.0,-201.0,-972.0,-266.0,2
2206,-35.0,-257.0,-83.0,-14.0,-275.0,30.0,-180.0,-996.0,-257.0,2
2207,-27.0,-262.0,-79.0,3.0,-285.0,55.0,-142.0,-1009.0,-253.0,2
2208,-16.0,-264.0,-84.0,23.0,-285.0,80.0,-116.0,-1022.0,-257.0,2
2209,-13.0,-267.0,-82.0,37.0,-281.0,102.0,-82.0,-1048.0,-262.0,2
2210,-4.0,-273.0,-83.0,41.0,-271.0,125.0,-53.0,-1062.0,-261.0,2
2211,3.0,-278.0,-78.0,47.0,-262.0,146.0,-24.0,-1071.0,-239.0,2
2212,11.0,-277.0,-71.0,69.0,-250.0,167.0,7.0,-1076.0,-229.0,2
2213,25.0,-279.0,-73.0,86.0,-233.0,181.0,67.0,-1096.0,-244.0,2
2214,31.0,-281.0,-68.0,94.0,-204.0,196.0,90.0,-1088.0,-199.0,2
2215,39.0,-279.0,-62.0,115.0,-165.0,206.0,110.0,-1076.0,-182.0,2
2216,43.0,-277.0,-61.0,146.0,-120.0,218.0,117.0,-1066.0,-175.0,2
2217,44.0,-273.0,-66.0,172.0,-70.0,226.0,138.0,-1072.0,-191.0,2
2218,46.0,-273.0,-63.0,184.0,-24.0,237.0,136.0,-1064.0,-195.0,2
2219,45.0,-268.0,-66.0,188.0,12.0,241.0,137.0,-1052.0,-187.0,2
2220,40.0,-265.0,-67.0,197.0,44.0,248.0,126.0,-1042.0,-185.0,2
2221,37.0,-259.0,-61.0,213.0,72.0,255.0,104.0,-1023.0,-185.0,2
2222,31.0,-257.0,-60.0,230.0,101.0,264.0,104.0,-1002.0,-172.0,2
2223,29.0,-254.0,-62.0,254.0,134.0,270.0,80.0,-974.0,-178.0,2
2224,25.0,-249.0,-61.0,274.0,167.0,281.0,67.0,-959.0,-185.0,2
2225,19.0,-244.0,-65.0,281.0,196.0,282.0,50.0,-943.0,-202.0,2
2226,9.0,-238.0,-69.0,275.0,210.0,285.0,17.0,-916.0,-201.0,2
2227,8.0,-233.0,-65.0,264.0,221.0,286.0,0.0,-896.0,-188.0,2
2228,1.0,-223.0,-62.0,258.0,225.0,286.0,-18.0,-877.0,-184.0,2
2229,-5.0,-220.0,-60.0,256.0,222.0,288.0,-29.0,-850.0,-176.0,2
2230,-3.0,-215.0,-64.0,256.0,220.0,291.0,-40.0,-832.0,-184.0,2
2231,-7.0,-210.0,-63.0,244.0,225.0,288.0,-45.0,-831.0,-186.0,2
2232,-6.0,-206.0,-64.0,209.0,233.0,288.0,-54.0,-823.0,-188.0,2
2233,-7.0,-212.0,-64.0,166.0,245.0,283.0,-50.0,-831.0,-185.0,2
2234,-5.0,-216.0,-60.0,119.0,254.0,276.0,-49.0,-835.0,-174.0,2
2235,-9.0,-215.0,-60.0,80.0,263.0,262.0,-46.0,-849.0,-165.0,2
2236,-8.0,-219.0,-61.0,40.0,270.0,252.0,-54.0,-863.0,-172.0,2
2237,-6.0,-222.0,-56.0,5.0,279.0,245.0,-55.0,-874.0,-151.0,2
2238,-3.0,-228.0,-55.0,-20.0,293.0,243.0,-41.0,-885.0,-141.0,2
2239,-4.0,-233.0,-50.0,-35.0,303.0,235.0,-40.0,-903.0,-124.0,2
2240,-2.0,-237.0,-53.0,-42.0,307.0,224.0,-26.0,-911.0,-125.0,2
2241,-1.0,-236.0,-52.0,-45.0,308.0,206.0,-31.0,-913.0,-124.0,2
2242,-7.0,-238.0,-52.0,-50.0,308.0,199.0,-41.0,-924.0,-128.0,2
2243,-5.0,-242.0,-52.0,-55.0,309.0,197.0,-47.0,-928.0,-129.0,2
2244,-7.0,-241.0,-49.0,-54.0,308.0,200.0,-46.0,-946.0,-127.0,2
2245,-4.0,-247.0,-51.0,-46.0,304.0,193.0,-48.0,-940.0,-127.0,2
2246,-8.0,-243.0,-52.0,-35.0,286.0,183.0,-53.0,-947.0,-133.0,2
2247,-9.0,-243.0,-56.0,-27.0,273.0,174.0,-64.0,-947.0,-141.0,2
2248,-9.0,-245.0,-50.0,-28.0,269.0,172.0,-68.0,-947.0,-128.0,2
2249,-9.0,-249.0,-50.0,-25.0,272.0,167.0,-65.0,-945.0,-123.0,2
2250,-11.0,-248.0,-49.0,-20.0,272.0,165.0,-66.0,-950.0,-124.0,2
2251,-11.0,-247.0,-50.0,-18.0,272.0,158.0,-66.0,-945.0,-123.0,2
2252,-10.0,-247.0,-48.0,-20.0,271.0,151.0,-72.0,-950.0,-130.0,2
2253,-10.0,-245.0,-51.0,-27.0,266.0,142.0,-66.0,-943.0,-126.0,2
2254,-8.0,-245.0,-50.0,-33.0,264.0,137.0,-74.0,-940.0,-128.0,2
2255,-11.0,-243.0,-46.0,-38.0,262.0,133.0,-68.0,-936.0,-127.0,2
2256,-12.0,-239.0,-53.0,-40.0,262.0,127.0,-78.0,-921.0,-130.0,2
2257,-12.0,-237.0,-50.0,-41.0,259.0,120.0,-72.0,-911.0,-127.0,2
2258,-12.0,-235.0,-52.0,-41.0,252.0,114.0,-71.0,-908.0,-135.0,2
2259,-10.0,-232.0,-50.0,-42.0,241.0,105.0,-69.0,-903.0,-133.0,2
2260,-10.0,-229.0,-55.0,-46.0,232.0,99.0,-65.0,-894.0,-138.0,2
2261,-8.0,-227.0,-50.0,-55.0,230.0,91.0,-64.0,-892.0,-135.0,2
2262,-8.0,-230.0,-55.0,-71.0,232.0,84.0,-56.0,-888.0,-127.0,2
2263,-6.0,-231.0,-52.0,-89.0,239.0,76.0,-54.0,-892.0,-122.0,2
2264,-8.0,-230.0,-47.0,-112.0,244.0,69.0,-48.0,-893.0,-121.0,2
2265,-5.0,-232.0,-48.0,-135.0,249.0,61.0,-37.0,-901.0,-124.0,2
2266,-3.0,-233.0,-49.0,-156.0,253.0,53.0,-26.0,-909.0,-124.0,2
2267,0.0,-238.0,-51.0,-171.0,259.0,41.0,-17.0,-917.0,-120.0,2
2268,3.0,-240.0,-52.0,-183.0,257.0,34.0,-16.0,-926.0,-126.0,2
2269,7.0,-245.0,-53.0,-182.0,254.0,25.0,-11.0,-937.0,-142.0,2
2270,3.0,-243.0,-55.0,-189.0,248.0,16.0,-16.0,-944.0,-156.0,2
2271,5.0,-243.0,-60.0,-203.0,243.0,6.0,-10.0,-938.0,-161.0,2
2272,4.0,-243.0,-61.0,-218.0,241.0,0.0,-1.0,-943.0,-166.0,2
2273,11.0,-245.0,-59.0,-232.0,241.0,-7.0,3.0,-940.0,-161.0,2
2274,8.0,-244.0,-55.0,-243.0,238.0,-13.0,3.0,-947.0,-159.0,2
2275,5.0,-245.0,-62.0,-251.0,242.0,-22.0,-1.0,-951.0,-164.0,2
2276,0.0,-246.0,-61.0,-262.0,243.0,-31.0,-18.0,-964.0,-167.0,2
2277,-4.0,-249.0,-63.0,-278.0,238.0,-42.0,-32.0,-969.0,-167.0,2
2278,-10.0,-255.0,-60.0,-295.0,238.0,-43.0,-54.0,-988.0,-175.0,2
2279,-10.0,-258.0,-63.0,-299.0,238.0,-46.0,-70.0,-1010.0,-179.0,2
2280,-11.0,-260.0,-62.0,-297.0,236.0,-42.0,-91.0,-1011.0,-185.0,2
2281,-12.0,-263.0,-66.0,-286.0,231.0,-36.0,-102.0,-1026.0,-187.0,2
2282,-16.0,-267.0,-63.0,-272.0,234.0,-21.0,-101.0,-1039.0,-180.0,2
2283,-13.0,-268.0,-60.0,-258.0,244.0,-7.0,-91.0,-1040.0,-161.0,2
2284,-12.0,-267.0,-56.0,-239.0,257.0,8.0,-83.0,-1040.0,-145.0,2
2285,-10.0,-268.0,-52.0,-216.0,273.0,20.0,-72.0,-1043.0,-128.0,2
2286,-7.0,-266.0,-48.0,-188.0,286.0,30.0,-53.0,-1026.0,-120.0,2
2287,0.0,-264.0,-48.0,-170.0,296.0,37.0,-30.0,-1022.0,-115.0,2
2288,2.0,-261.0,-49.0,-157.0,308.0,45.0,-22.0,-1022.0,-119.0,2
2289,4.0,-260.0,-45.0,-151.0,322.0,49.0,-17.0,-1020.0,-119.0,2
2290,2.0,-262.0,-47.0,-146.0,333.0,56.0,-17.0,-1021.0,-111.0,2
2291,2.0,-263.0,-40.0,-136.0,346.0,58.0,-16.0,-1019.0,-97.0,2
2292,2.0,-264.0,-49.0,-116.0,355.0,63.0,-17.0,-1035.0,-94.0,2
2293,5.0,-265.0,-40.0,-96.0,364.0,68.0,-15.0,-1033.0,-97.0,2
2294,1.0,-263.0,-40.0,-75.0,374.0,74.0,-15.0,-1039.0,-84.0,2
2295,4.0,-264.0,-38.0,-50.0,388.0,72.0,-17.0,-1028.0,-78.0,2
2296,4.0,-264.0,-38.0,-17.0,398.0,70.0,-24.0,-1019.0,-67.0,2
2297,6.0,-261.0,-40.0,12.0,409.0,72.0,-16.0,-1013.0,-73.0,2
2298,0.0,-256.0,-38.0,37.0,422.0,72.0,-15.0,-1001.0,-67.0,2
2299,8.0,-257.0,-40.0,67.0,444.0,73.0,-6.0,-982.0,-65.0,2
2300,11.0,-258.0,-35.0,84.0,464.0,68.0,1.0,-993.0,-66.0,2
2301,9.0,-255.0,-36.0,83.0,485.0,66.0,2.0,-986.0,-65.0,2
2302,10.0,-257.0,-32.0,74.0,504.0,72.0,3.0,-977.0,-58.0,2
2303,13.0,-249.0,-34.0,65.0,522.0,71.0,17.0,-973.0,-61.0,2
2304,12.0,-252.0,-33.0,57.0,542.0,67.0,21.0,-966.0,-50.0,2
2305,17.0,-249.0,-26.0,52.0,566.0,60.0,18.0,-970.0,-50.0,2
2306,12.0,-251.0,-32.0,52.0,586.0,56.0,21.0,-964.0,-47.0,2
2307,12.0,-252.0,-31.0,50.0,606.0,52.0,17.0,-962.0,-42.0,2
2308,11.0,-248.0,-22.0,46.0,626.0,46.0,10.0,-956.0,-31.0,2
2309,7.0,-247.0,-25.0,47.0,645.0,43.0,2.0,-956.0,-31.0,2
2310,8.0,-245.0,-21.0,46.0,657.0,44.0,-1.0,-960.0,-31.0,2
2311,4.0,-249.0,-27.0,38.0,664.0,44.0,-15.0,-961.0,-23.0,2
2312,0.0,-252.0,-24.0,32.0,673.0,43.0,-24.0,-963.0,-20.0,2
2313,-3.0,-251.0,-21.0,29.0,680.0,36.0,-38.0,-962.0,-15.0,2
2314,-8.0,-250.0,-17.0,26.0,685.0,33.0,-46.0,-956.0,-7.0,2
2315,-6.0,-249.0,-18.0,26.0,686.0,30.0,-56.0,-963.0,-10.0,2
2316,-12.0,-250.0,-24.0,24.0,683.0,29.0,-66.0,-955.0,-4.0,2
2317,-14.0,-244.0,-14.0,23.0,682.0,27.0,-82.0,-953.0,-4.0,2
2318,-14.0,-250.0,-21.0,25.0,677.0,27.0,-92.0,-958.0,-5.0,2
2319,-17.0,-244.0,-19.0,23.0,671.0,25.0,-100.0,-947.0,-4.0,2
2320,-19.0,-244.0,-24.0,20.0,667.0,25.0,-107.0,-939.0,-11.0,2
2321,-22.0,-243.0,-23.0,20.0,665.0,20.0,-109.0,-934.0,-8.0,2
2322,-21.0,-243.0,-22.0,20.0,663.0,16.0,-113.0,-942.0,-4.0,2
2323,-22.0,-245.0,-21.0,25.0,661.0,10.0,-113.0,-939.0,0.0,2
2324,-20.0,-246.0,-16.0,29.0,662.0,3.0,-108.0,-945.0,1.0,2
2325,-20.0,-248.0,-15.0,36.0,657.0,-12.0,-107.0,-950.0,14.0,2
2326,-19.0,-248.0,-13.0,43.0,648.0,-27.0,-106.0,-951.0,7.0,2
2327,-17.0,-252.0,-15.0,44.0,640.0,-43.0,-96.0,-962.0,0.0,2
2328,-17.0,-252.0,-17.0,39.0,633.0,-55.0,-98.0,-965.0,0.0,2
2329,-12.0,-254.0,-16.0,32.0,634.0,-66.0,-99.0,-972.0,5.0,2
2330,-13.0,-253.0,-16.0,26.0,640.0,-79.0,-96.0,-975.0,6.0,2
2331,-13.0,-257.0,-13.0,23.0,643.0,-86.0,-95.0,-977.0,15.0,2
2332,-15.0,-252.0,-21.0,24.0,645.0,-92.0,-101.0,-987.0,7.0,2
2333,-14.0,-255.0,-19.0,18.0,643.0,-97.0,-108.0,-978.0,-10.0,2
2334,-18.0,-253.0,-24.0,8.0,634.0,-102.0,-110.0,-979.0,-35.0,2
2335,-25.0,-254.0,-42.0,-19.0,621.0,-103.0,-126.0,-981.0,-92.0,2
2336,-32.0,-254.0,-57.0,-77.0,604.0,-102.0,-136.0,-1002.0,-143.0,2
2337,-30.0,-260.0,-66.0,-150.0,591.0,-95.0,-149.0,-1024.0,-189.0,2
2338,-36.0,-271.0,-70.0,-216.0,579.0,-86.0,-165.0,-1053.0,-206.0,2
2339,-38.0,-288.0,-64.0,-255.0,568.0,-77.0,-180.0,-1092.0,-201.0,2
2340,-45.0,-300.0,-60.0,-261.0,554.0,-62.0,-189.0,-1143.0,-181.0,2
2341,-43.0,-309.0,-57.0,-231.0,529.0,-53.0,-195.0,-1179.0,-164.0,2
2342,-44.0,-316.0,-54.0,-189.0,497.0,-49.0,-204.0,-1211.0,-144.0,2
2343,-46.0,-322.0,-56.0,-142.0,455.0,-48.0,-200.0,-1232.0,-144.0,2
2344,-38.0,-322.0,-57.0,-99.0,409.0,-40.0,-189.0,-1240.0,-174.0,2
2345,-37.0,-317.0,-64.0,-73.0,364.0,-30.0,-172.0,-1216.0,-193.0,2
2346,-30.0,-310.0,-78.0,-50.0,310.0,-10.0,-144.0,-1205.0,-244.0,2
2347,-23.0,-305.0,-86.0,-39.0,261.0,13.0,-124.0,-1179.0,-279.0,2
2348,-19.0,-298.0,-92.0,-41.0,222.0,36.0,-108.0,-1156.0,-291.0,2
2349,-21.0,-298.0,-89.0,-49.0,191.0,59.0,-108.0,-1157.0,-285.0,2
2350,-23.0,-302.0,-89.0,-54.0,162.0,77.0,-121.0,-1166.0,-274.0,2
2351,-28.0,-304.0,-80.0,-55.0,127.0,105.0,-139.0,-1167.0,-256.0,2
2352,-26.0,-308.0,-75.0,-29.0,91.0,129.0,-139.0,-1174.0,-238.0,2
2353,-27.0,-306.0,-73.0,8.0,54.0,152.0,-135.0,-1171.0,-231.0,2
2354,-24.0,-299.0,-68.0,56.0,16.0,174.0,-119.0,-1154.0,-213.0,2
2355,-14.0,-293.0,-71.0,106.0,-27.0,188.0,-103.0,-1132.0,-208.0,2
2356,-12.0,-283.0,-68.0,142.0,-65.0,191.0,-84.0,-1107.0,-212.0,2
2357,-5.0,-276.0,-73.0,160.0,-85.0,189.0,-63.0,-1079.0,-206.0,2
2358,-5.0,-273.0,-69.0,162.0,-96.0,174.0,-46.0,-1050.0,-207.0,2
2359,-5.0,-265.0,-74.0,155.0,-98.0,155.0,-54.0,-1027.0,-212.0,2
2360,-6.0,-259.0,-71.0,147.0,-95.0,135.0,-61.0,-1008.0,-214.0,2
2361,-8.0,-252.0,-73.0,142.0,-84.0,110.0,-68.0,-973.0,-212.0,2
2362,-8.0,-248.0,-68.0,133.0,-65.0,89.0,-60.0,-958.0,-201.0,2
2363,-6.0,-245.0,-61.0,125.0,-45.0,69.0,-53.0,-948.0,-175.0,2
2364,-10.0,-243.0,-56.0,117.0,-25.0,49.0,-58.0,-926.0,-148.0,2
2365,-8.0,-238.0,-48.0,117.0,-11.0,32.0,-59.0,-923.0,-131.0,2
2366,-6.0,-240.0,-51.0,125.0,1.0,20.0,-52.0,-915.0,-126.0,2
2367,0.0,-237.0,-53.0,140.0,15.0,8.0,-30.0,-915.0,-138.0,2
2368,7.0,-235.0,-62.0,161.0,34.0,-8.0,-8.0,-918.0,-159.0,2
2369,9.0,-238.0,-66.0,179.0,60.0,-21.0,1.0,-920.0,-191.0,2
2370,13.0,-237.0,-71.0,189.0,83.0,-33.0,24.0,-919.0,-213.0,2
2371,13.0,-238.0,-78.0,194.0,94.0,-48.0,35.0,-909.0,-241.0,2
2372,17.0,-234.0,-81.0,190.0,92.0,-68.0,37.0,-910.0,-255.0,2
2373,14.0,-232.0,-85.0,169.0,80.0,-81.0,44.0,-911.0,-262.0,2
2374,15.0,-231.0,-82.0,148.0,68.0,-92.0,39.0,-902.0,-261.0,2
2375,22.0,-232.0,-89.0,132.0,57.0,-93.0,54.0,-901.0,-277.0,2
2376,23.0,-231.0,-90.0,106.0,53.0,-94.0,55.0,-899.0,-290.0,2
2377,18.0,-227.0,-90.0,75.0,51.0,-89.0,44.0,-898.0,-298.0,2
2378,18.0,-227.0,-91.0,46.0,47.0,-79.0,44.0,-892.0,-294.0,2
2379,13.0,-225.0,-99.0,14.0,40.0,-65.0,35.0,-890.0,-314.0,2
2380,11.0,-225.0,-101.0,-18.0,30.0,-49.0,25.0,-888.0,-329.0,2
2381,3.0,-223.0,-103.0,-47.0,19.0,-30.0,0.0,-879.0,-343.0,2
2382,-2.0,-225.0,-99.0,-69.0,5.0,-11.0,-27.0,-874.0,-335.0,2
2383,-7.0,-228.0,-100.0,-78.0,-28.0,4.0,-48.0,-878.0,-332.0,2
2384,-11.0,-224.0,-106.0,-74.0,-61.0,18.0,-63.0,-879.0,-335.0,2
2385,-11.0,-223.0,-103.0,-67.0,-92.0,32.0,-61.0,-861.0,-346.0,2
2386,-6.0,-220.0,-103.0,-66.0,-116.0,44.0,-51.0,-850.0,-347.0,2
2387,-3.0,-212.0,-107.0,-68.0,-128.0,52.0,-33.0,-836.0,-345.0,2
2388,1.0,-210.0,-104.0,-69.0,-126.0,55.0,-17.0,-833.0,-352.0,2
2389,6.0,-209.0,-102.0,-72.0,-116.0,60.0,6.0,-825.0,-349.0,2
2390,14.0,-211.0,-106.0,-76.0,-101.0,59.0,28.0,-826.0,-342.0,2
2391,20.0,-207.0,-105.0,-86.0,-87.0,55.0,57.0,-828.0,-345.0,2
2392,25.0,-211.0,-107.0,-97.0,-73.0,42.0,77.0,-828.0,-360.0,2
2393,33.0,-212.0,-109.0,-115.0,-55.0,24.0,97.0,-836.0,-361.0,2
2394,36.0,-214.0,-109.0,-143.0,-38.0,8.0,108.0,-838.0,-360.0,2
2395,39.0,-220.0,-108.0,-164.0,-24.0,-9.0,124.0,-852.0,-358.0,2
2396,43.0,-224.0,-102.0,-182.0,-14.0,-27.0,133.0,-869.0,-345.0,2
2397,47.0,-230.0,-103.0,-188.0,-2.0,-46.0,136.0,-905.0,-340.0,2
2398,47.0,-237.0,-104.0,-203.0,11.0,-63.0,137.0,-928.0,-342.0,2
2399,43.0,-246.0,-97.0,-224.0,28.0,-77.0,129.0,-946.0,-305.0,2
2400,34.0,-250.0,-83.0,-231.0,34.0,-92.0,106.0,-965.0,-273.0,2
2401,31.0,-259.0,-83.0,-216.0,21.0,-102.0,95.0,-1007.0,-260.0,2
2402,30.0,-265.0,-84.0,-194.0,0.0,-113.0,88.0,-1039.0,-266.0,2
2403,29.0,-268.0,-82.0,-190.0,-11.0,-128.0,76.0,-1051.0,-259.0,2
2404,22.0,-271.0,-76.0,-181.0,-13.0,-139.0,59.0,-1067.0,-242.0,2
2405,19.0,-280.0,-73.0,-161.0,-31.0,-152.0,48.0,-1078.0,-224.0,2
2406,16.0,-277.0,-73.0,-125.0,-55.0,-168.0,42.0,-1075.0,-208.0,2
2407,12.0,-276.0,-73.0,-83.0,-80.0,-179.0,15.0,-1077.0,-203.0,2
2408,7.0,-270.0,-68.0,-40.0,-106.0,-189.0,3.0,-1057.0,-190.0,2
2409,8.0,-266.0,-65.0,-10.0,-130.0,-206.0,7.0,-1049.0,-196.0,2
2410,3.0,-262.0,-65.0,12.0,-154.0,-224.0,-17.0,-1029.0,-196.0,2
2411,2.0,-261.0,-64.0,20.0,-181.0,-236.0,-24.0,-1018.0,-196.0,2
2412,0.0,-259.0,-64.0,20.0,-204.0,-252.0,-17.0,-1012.0,-205.0,2
2413,1.0,-257.0,-65.0,16.0,-216.0,-265.0,-16.0,-1011.0,-204.0,2
2414,4.0,-259.0,-74.0,9.0,-219.0,-285.0,-12.0,-1009.0,-215.0,2
2415,3.0,-259.0,-71.0,-3.0,-213.0,-298.0,-21.0,-1011.0,-216.0,2
2416,1.0,-260.0,-67.0,-3.0,-213.0,-310.0,-19.0,-1011.0,-208.0,2
2417,3.0,-259.0,-66.0,7.0,-221.0,-321.0,-14.0,-1012.0,-203.0,2
2418,6.0,-257.0,-67.0,25.0,-233.0,-333.0,-6.0,-1003.0,-197.0,2
2419,9.0,-254.0,-63.0,47.0,-246.0,-338.0,14.0,-982.0,-188.0,2
2420,15.0,-250.0,-62.0,66.0,-254.0,-348.0,28.0,-965.0,-192.0,2
2421,15.0,-244.0,-65.0,81.0,-257.0,-352.0,35.0,-945.0,-198.0,2
2422,22.0,-239.0,-69.0,91.0,-259.0,-356.0,42.0,-925.0,-205.0,2
2423,20.0,-234.0,-67.0,91.0,-257.0,-348.0,46.0,-909.0,-208.0,2
2424,22.0,-228.0,-67.0,84.0,-254.0,-341.0,55.0,-890.0,-199.0,2
2425,24.0,-228.0,-65.0,77.0,-249.0,-334.0,67.0,-877.0,-197.0,2
2426,24.0,-221.0,-66.0,70.0,-244.0,-331.0,72.0,-864.0,-193.0,2
2427,29.0,-216.0,-63.0,57.0,-240.0,-323.0,85.0,-855.0,-188.0,2
2428,32.0,-216.0,-62.0,43.0,-237.0,-318.0,98.0,-850.0,-190.0,2
2429,35.0,-216.0,-68.0,19.0,-233.0,-310.0,101.0,-853.0,-194.0,2
2430,33.0,-217.0,-64.0,-4.0,-229.0,-302.0,102.0,-852.0,-197.0,2
2431,33.0,-218.0,-67.0,-25.0,-224.0,-290.0,103.0,-856.0,-194.0,2
2432,34.0,-222.0,-66.0,-47.0,-218.0,-282.0,103.0,-862.0,-204.0,2
2433,37.0,-226.0,-65.0,-67.0,-210.0,-272.0,106.0,-881.0,-203.0,2
2434,33.0,-231.0,-62.0,-84.0,-200.0,-266.0,101.0,-890.0,-204.0,2
2435,29.0,-232.0,-66.0,-97.0,-190.0,-251.0,97.0,-901.0,-191.0,2
2436,31.0,-237.0,-59.0,-98.0,-174.0,-243.0,96.0,-912.0,-174.0,2
2437,31.0,-240.0,-61.0,-102.0,-162.0,-239.0,98.0,-929.0,-177.0,2
2438,29.0,-240.0,-60.0,-115.0,-156.0,-240.0,80.0,-931.0,-173.0,2
2439,20.0,-244.0,-62.0,-127.0,-152.0,-236.0,60.0,-938.0,-172.0,2
2440,16.0,-241.0,-61.0,-132.0,-149.0,-229.0,56.0,-943.0,-160.0,2
2441,22.0,-245.0,-60.0,-130.0,-150.0,-216.0,59.0,-954.0,-162.0,2
2442,22.0,-245.0,-60.0,-128.0,-143.0,-210.0,58.0,-958.0,-171.0,2
2443,22.0,-247.0,-64.0,-125.0,-136.0,-203.0,55.0,-955.0,-174.0,2
2444,21.0,-250.0,-63.0,-118.0,-132.0,-199.0,59.0,-956.0,-177.0,2
2445,21.0,-246.0,-62.0,-110.0,-129.0,-192.0,54.0,-953.0,-185.0,2
2446,22.0,-244.0,-61.0,-102.0,-129.0,-183.0,53.0,-946.0,-181.0,2
2447,25.0,-241.0,-63.0,-96.0,-125.0,-173.0,68.0,-940.0,-188.0,2
2448,27.0,-243.0,-60.0,-94.0,-117.0,-167.0,74.0,-936.0,-183.0,2
2449,28.0,-241.0,-58.0,-94.0,-109.0,-159.0,82.0,-934.0,-174.0,2
2450,28.0,-242.0,-56.0,-99.0,-105.0,-157.0,90.0,-928.0,-170.0,2
2451,27.0,-240.0,-59.0,-96.0,-106.0,-151.0,79.0,-925.0,-165.0,2
2452,31.0,-237.0,-63.0,-86.0,-103.0,-142.0,89.0,-925.0,-179.0,2
2453,33.0,-236.0,-58.0,-79.0,-98.0,-125.0,98.0,-909.0,-170.0,2
2454,37.0,-235.0,-67.0,-68.0,-86.0,-113.0,104.0,-907.0,-178.0,2
2455,34.0,-234.0,-64.0,-68.0,-81.0,-98.0,97.0,-902.0,-189.0,2
2456,34.0,-231.0,-65.0,-76.0,-82.0,-87.0,94.0,-903.0,-186.0,2
2457,32.0,-234.0,-65.0,-96.0,-90.0,-76.0,89.0,-911.0,-185.0,2
2458,31.0,-237.0,-66.0,-113.0,-92.0,-71.0,95.0,-916.0,-185.0,2
2459,27.0,-239.0,-62.0,-125.0,-89.0,-64.0,85.0,-925.0,-179.0,2
2460,27.0,-245.0,-60.0,-131.0,-86.0,-56.0,80.0,-925.0,-169.0,2
2461,28.0,-243.0,-61.0,-129.0,-85.0,-46.0,84.0,-937.0,-171.0,2
2462,29.0,-242.0,-63.0,-123.0,-81.0,-43.0,90.0,-940.0,-171.0,2
2463,29.0,-244.0,-64.0,-114.0,-74.0,-38.0,88.0,-944.0,-180.0,2
2464,25.0,-243.0,-67.0,-109.0,-65.0,-36.0,86.0,-945.0,-186.0,2
2465,31.0,-245.0,-64.0,-109.0,-58.0,-29.0,79.0,-951.0,-188.0,2
2466,29.0,-247.0,-62.0,-112.0,-54.0,-31.0,77.0,-953.0,-192.0,2
2467,25.0,-247.0,-64.0,-117.0,-49.0,-28.0,76.0,-955.0,-185.0,2
2468,22.0,-247.0,-61.0,-125.0,-47.0,-28.0,73.0,-957.0,-175.0,2
2469,25.0,-248.0,-63.0,-129.0,-41.0,-26.0,65.0,-958.0,-171.0,2
2470,21.0,-251.0,-58.0,-128.0,-40.0,-27.0,60.0,-961.0,-163.0,2
2471,21.0,-250.0,-57.0,-127.0,-39.0,-23.0,55.0,-961.0,-159.0,2
2472,23.0,-252.0,-57.0,-125.0,-40.0,-21.0,54.0,-966.0,-160.0,2
2473,23.0,-248.0,-55.0,-123.0,-43.0,-14.0,57.0,-965.0,-159.0,2
2474,23.0,-249.0,-55.0,-120.0,-46.0,-12.0,61.0,-963.0,-160.0,2
2475,26.0,-250.0,-58.0,-118.0,-48.0,-6.0,62.0,-963.0,-161.0,2
2476,28.0,-249.0,-56.0,-114.0,-51.0,-5.0,80.0,-957.0,-168.0,2
2477,30.0,-248.0,-61.0,-109.0,-51.0,0.0,93.0,-961.0,-167.0,2
2478,31.0,-248.0,-61.0,-102.0,-48.0,-3.0,94.0,-953.0,-169.0,2
2479,34.0,-248.0,-64.0,-99.0,-44.0,-3.0,102.0,-955.0,-177.0,2
2480,34.0,-249.0,-62.0,-104.0,-42.0,-10.0,97.0,-958.0,-179.0,2
2481,34.0,-249.0,-61.0,-110.0,-46.0,-12.0,99.0,-959.0,-169.0,2
2482,32.0,-249.0,-60.0,-110.0,-53.0,-21.0,99.0,-962.0,-162.0,2
2483,31.0,-249.0,-58.0,-113.0,-62.0,-26.0,88.0,-967.0,-152.0,2
2484,27.0,-253.0,-56.0,-112.0,-71.0,-31.0,79.0,-966.0,-153.0,2
2485,29.0,-255.0,-55.0,-105.0,-76.0,-28.0,77.0,-969.0,-141.0,2
2486,26.0,-253.0,-54.0,-100.0,-81.0,-31.0,77.0,-971.0,-143.0,2
2487,25.0,-254.0,-58.0,-94.0,-86.0,-33.0,65.0,-977.0,-147.0,2
2488,24.0,-252.0,-52.0,-90.0,-91.0,-42.0,59.0,-978.0,-141.0,2
2489,23.0,-253.0,-51.0,-79.0,-104.0,-44.0,56.0,-976.0,-134.0,2
2490,19.0,-250.0,-52.0,-68.0,-118.0,-46.0,49.0,-972.0,-125.0,2
2491,21.0,-251.0,-49.0,-60.0,-136.0,-44.0,46.0,-965.0,-123.0,2
2492,16.0,-252.0,-44.0,-54.0,-153.0,-45.0,46.0,-966.0,-117.0,2
2493,20.0,-247.0,-52.0,-54.0,-168.0,-39.0,44.0,-957.0,-125.0,2
2494,24.0,-247.0,-50.0,-53.0,-180.0,-34.0,54.0,-948.0,-121.0,2
2495,20.0,-242.0,-51.0,-50.0,-187.0,-24.0,56.0,-943.0,-130.0,2
2496,23.0,-245.0,-55.0,-45.0,-196.0,-18.0,64.0,-942.0,-132.0,2
2497,24.0,-246.0,-54.0,-34.0,-202.0,-8.0,68.0,-942.0,-146.0,2
2498,26.0,-244.0,-57.0,-25.0,-206.0,-3.0,68.0,-933.0,-148.0,2
2499,24.0,-241.0,-56.0,-16.0,-206.0,9.0,65.0,-930.0,-149.0,2
2500,23.0,-241.0,-56.0,-12.0,-210.0,18.0,63.0,-928.0,-151.0,2
2501,25.0,-239.0,-56.0,-11.0,-217.0,29.0,69.0,-926.0,-150.0,2
2502,22.0,-240.0,-56.0,-14.0,-225.0,36.0,60.0,-926.0,-145.0,2
2503,23.0,-243.0,-54.0,-17.0,-239.0,47.0,62.0,-936.0,-142.0,2
2504,25.0,-240.0,-52.0,-25.0,-253.0,54.0,65.0,-932.0,-124.0,2
2505,25.0,-244.0,-45.0,-20.0,-266.0,64.0,67.0,-937.0,-112.0,2
2506,26.0,-244.0,-47.0,-15.0,-279.0,68.0,69.0,-946.0,-104.0,2
2507,26.0,-248.0,-41.0,-9.0,-289.0,71.0,72.0,-956.0,-101.0,2
2508,23.0,-254.0,-42.0,-3.0,-293.0,70.0,61.0,-970.0,-92.0,2
2509,18.0,-254.0,-40.0,6.0,-292.0,71.0,43.0,-987.0,-83.0,2
2510,16.0,-257.0,-36.0,16.0,-292.0,68.0,25.0,-1003.0,-69.0,2
2511,10.0,-257.0,-36.0,21.0,-298.0,64.0,18.0,-1006.0,-56.0,2
2512,7.0,-260.0,-29.0,28.0,-309.0,58.0,10.0,-1006.0,-45.0,2
2513,22.0,-260.0,-15.0,39.0,-325.0,55.0,9.0,-1007.0,-40.0,2
2514,15.0,-259.0,-28.0,49.0,-339.0,47.0,22.0,-1004.0,-37.0,2
2515,16.0,-258.0,-28.0,58.0,-349.0,42.0,38.0,-1002.0,-37.0,2
2516,19.0,-253.0,-28.0,66.0,-358.0,34.0,40.0,-1000.0,-33.0,2
2517,21.0,-256.0,-27.0,74.0,-368.0,27.0,52.0,-976.0,-44.0,2
2518,22.0,-252.0,-28.0,75.0,-378.0,19.0,57.0,-969.0,-32.0,2
2519,21.0,-251.0,-28.0,81.0,-383.0,15.0,70.0,-965.0,-41.0,2
2520,28.0,-248.0,-31.0,83.0,-388.0,4.0,73.0,-959.0,-49.0,2
2521,26.0,-245.0,-28.0,73.0,-401.0,4.0,70.0,-954.0,-41.0,2
2522,27.0,-244.0,-29.0,73.0,-410.0,0.0,80.0,-949.0,-39.0,2
2523,32.0,-247.0,-25.0,70.0,-419.0,3.0,91.0,-957.0,-43.0,2
2524,34.0,-252.0,-33.0,65.0,-426.0,6.0,94.0,-962.0,-49.0,2
2525,32.0,-250.0,-31.0,60.0,-433.0,17.0,102.0,-965.0,-51.0,2
2526,34.0,-251.0,-37.0,55.0,-445.0,25.0,106.0,-976.0,-56.0,2
2527,38.0,-253.0,-39.0,47.0,-459.0,36.0,115.0,-984.0,-67.0,2
2528,41.0,-255.0,-46.0,37.0,-471.0,42.0,131.0,-1000.0,-96.0,2
2529,45.0,-260.0,-54.0,15.0,-479.0,50.0,142.0,-1015.0,-142.0,2
2530,46.0,-266.0,-58.0,-13.0,-480.0,53.0,148.0,-1027.0,-160.0,2
2531,49.0,-275.0,-59.0,-40.0,-472.0,62.0,158.0,-1063.0,-169.0,2
2532,51.0,-281.0,-56.0,-54.0,-468.0,62.0,160.0,-1091.0,-161.0,2
2533,49.0,-287.0,-55.0,-49.0,-471.0,62.0,167.0,-1121.0,-141.0,2
2534,52.0,-297.0,-52.0,-38.0,-473.0,59.0,163.0,-1141.0,-135.0,2
2535,47.0,-297.0,-53.0,-17.0,-468.0,53.0,168.0,-1155.0,-125.0,2
2536,48.0,-301.0,-55.0,11.0,-460.0,41.0,156.0,-1164.0,-141.0,2
2537,50.0,-302.0,-57.0,34.0,-450.0,31.0,152.0,-1170.0,-161.0,2
2538,43.0,-298.0,-68.0,46.0,-434.0,16.0,134.0,-1167.0,-181.0,2
2539,42.0,-299.0,-73.0,48.0,-411.0,6.0,134.0,-1159.0,-214.0,2
2540,44.0,-295.0,-74.0,38.0,-386.0,-12.0,134.0,-1154.0,-230.0,2
2541,43.0,-295.0,-81.0,18.0,-362.0,-30.0,134.0,-1150.0,-256.0,2
2542,47.0,-297.0,-87.0,-2.0,-331.0,-51.0,134.0,-1152.0,-256.0,2
2543,48.0,-297.0,-86.0,-8.0,-306.0,-67.0,150.0,-1157.0,-261.0,2
2544,52.0,-303.0,-83.0,-3.0,-277.0,-92.0,154.0,-1166.0,-256.0,2
2545,51.0,-303.0,-82.0,9.0,-246.0,-113.0,164.0,-1173.0,-253.0,2
2546,50.0,-304.0,-74.0,27.0,-211.0,-137.0,166.0,-1181.0,-240.0,2
2547,53.0,-308.0,-75.0,52.0,-175.0,-151.0,168.0,-1179.0,-232.0,2
2548,53.0,-303.0,-75.0,83.0,-139.0,-169.0,179.0,-1173.0,-223.0,2
2549,53.0,-300.0,-77.0,119.0,-104.0,-177.0,178.0,-1163.0,-237.0,2
2550,54.0,-294.0,-83.0,139.0,-67.0,-190.0,176.0,-1145.0,-258.0,2
2551,54.0,-287.0,-84.0,141.0,-27.0,-194.0,176.0,-1122.0,-266.0,2
2552,49.0,-280.0,-87.0,139.0,21.0,-205.0,157.0,-1098.0,-270.0,2
2553,43.0,-273.0,-82.0,143.0,46.0,-209.0,135.0,-1075.0,-261.0,2
2554,36.0,-268.0,-79.0,155.0,55.0,-210.0,112.0,-1052.0,-254.0,2
2555,25.0,-260.0,-75.0,169.0,55.0,-205.0,80.0,-1021.0,-236.0,2
2556,21.0,-258.0,-67.0,190.0,53.0,-189.0,53.0,-998.0,-186.0,2
2557,19.0,-249.0,-60.0,211.0,48.0,-164.0,41.0,-950.0,-169.0,2
2558,16.0,-239.0,-58.0,229.0,46.0,-142.0,40.0,-923.0,-154.0,2
2559,16.0,-230.0,-54.0,245.0,43.0,-113.0,34.0,-886.0,-143.0,2
2560,15.0,-219.0,-55.0,254.0,37.0,-89.0,43.0,-862.0,-144.0,2
2561,16.0,-214.0,-56.0,254.0,29.0,-64.0,38.0,-839.0,-152.0,2
2562,12.0,-208.0,-58.0,243.0,15.0,-49.0,33.0,-830.0,-161.0,2
2563,5.0,-208.0,-59.0,218.0,-6.0,-31.0,7.0,-828.0,-173.0,2
2564,3.0,-214.0,-60.0,195.0,-32.0,-17.0,-8.0,-830.0,-188.0,2
2565,-1.0,-214.0,-65.0,174.0,-57.0,-1.0,-24.0,-836.0,-195.0,2
2566,-4.0,-216.0,-71.0,156.0,-86.0,12.0,-46.0,-845.0,-213.0,2
2567,-7.0,-222.0,-78.0,145.0,-111.0,33.0,-51.0,-860.0,-218.0,2
2568,-9.0,-224.0,-81.0,132.0,-136.0,47.0,-58.0,-868.0,-237.0,2
2569,-10.0,-227.0,-82.0,121.0,-154.0,66.0,-64.0,-891.0,-251.0,2
2570,-11.0,-230.0,-85.0,111.0,-163.0,74.0,-65.0,-900.0,-272.0,2
2571,-11.0,-230.0,-86.0,101.0,-163.0,85.0,-80.0,-902.0,-281.0,2
2572,-14.0,-233.0,-92.0,87.0,-160.0,91.0,-82.0,-912.0,-290.0,2
2573,-10.0,-237.0,-92.0,70.0,-160.0,97.0,-81.0,-921.0,-289.0,2
2574,-12.0,-237.0,-92.0,50.0,-165.0,93.0,-68.0,-926.0,-290.0,2
2575,-7.0,-241.0,-89.0,41.0,-170.0,91.0,-53.0,-931.0,-276.0,2
2576,-3.0,-242.0,-84.0,39.0,-175.0,80.0,-33.0,-935.0,-277.0,2
2577,4.0,-241.0,-92.0,42.0,-175.0,71.0,-15.0,-918.0,-283.0,2
2578,9.0,-236.0,-96.0,48.0,-169.0,57.0,-2.0,-914.0,-309.0,2
2579,15.0,-233.0,-101.0,54.0,-160.0,44.0,13.0,-906.0,-329.0,2
2580,16.0,-233.0,-105.0,55.0,-148.0,24.0,21.0,-893.0,-350.0,2
2581,13.0,-227.0,-107.0,57.0,-140.0,8.0,16.0,-878.0,-359.0,2
2582,7.0,-218.0,-111.0,62.0,-141.0,-13.0,3.0,-863.0,-364.0,2
2583,5.0,-217.0,-105.0,63.0,-146.0,-33.0,-15.0,-851.0,-366.0,2
2584,1.0,-214.0,-104.0,47.0,-156.0,-49.0,-31.0,-830.0,-353.0,2
2585,-6.0,-214.0,-102.0,29.0,-166.0,-58.0,-49.0,-830.0,-349.0,2
2586,-12.0,-206.0,-105.0,16.0,-179.0,-73.0,-70.0,-825.0,-340.0,2
2587,-16.0,-208.0,-104.0,10.0,-188.0,-75.0,-97.0,-824.0,-336.0,2
2588,-23.0,-210.0,-104.0,7.0,-198.0,-78.0,-118.0,-828.0,-349.0,2
2589,-29.0,-213.0,-106.0,-2.0,-207.0,-72.0,-150.0,-825.0,-350.0,2
2590,-38.0,-215.0,-108.0,-15.0,-216.0,-66.0,-169.0,-840.0,-362.0,2
2591,-40.0,-219.0,-101.0,-31.0,-227.0,-56.0,-179.0,-841.0,-353.0,2
2592,-43.0,-221.0,-101.0,-51.0,-242.0,-46.0,-195.0,-858.0,-357.0,2
2593,-44.0,-229.0,-107.0,-78.0,-260.0,-25.0,-199.0,-883.0,-345.0,2
2594,-43.0,-237.0,-100.0,-107.0,-282.0,-6.0,-200.0,-906.0,-337.0,2
2595,-40.0,-243.0,-96.0,-135.0,-295.0,17.0,-191.0,-938.0,-323.0,2
2596,-41.0,-249.0,-92.0,-151.0,-302.0,34.0,-181.0,-971.0,-295.0,2
2597,-33.0,-258.0,-88.0,-149.0,-305.0,57.0,-167.0,-1000.0,-274.0,2
2598,-24.0,-261.0,-80.0,-127.0,-306.0,75.0,-132.0,-1021.0,-254.0,2
2599,-15.0,-266.0,-79.0,-98.0,-300.0,93.0,-103.0,-1043.0,-254.0,2
2600,-8.0,-267.0,-77.0,-78.0,-284.0,104.0,-68.0,-1051.0,-247.0,2
2601,-2.0,-273.0,-73.0,-62.0,-261.0,122.0,-48.0,-1064.0,-243.0,2
2602,5.0,-275.0,-72.0,-50.0,-232.0,135.0,-26.0,-1075.0,-233.0,2
2603,8.0,-277.0,-72.0,-32.0,-199.0,152.0,-5.0,-1077.0,-227.0,2
2604,9.0,-276.0,-68.0,-7.0,-164.0,165.0,6.0,-1081.0,-207.0,2
2605,21.0,-278.0,-70.0,38.0,-124.0,178.0,29.0,-1082.0,-193.0,2
2606,21.0,-278.0,-68.0,69.0,-91.0,188.0,48.0,-1078.0,-196.0,2
2607,27.0,-275.0,-62.0,89.0,-56.0,206.0,61.0,-1071.0,-201.0,2
2608,26.0,-270.0,-64.0,105.0,-19.0,219.0,65.0,-1056.0,-183.0,2
2609,32.0,-270.0,-65.0,118.0,16.0,238.0,88.0,-1046.0,-186.0,2
2610,31.0,-266.0,-63.0,121.0,47.0,252.0,86.0,-1038.0,-185.0,2
2611,26.0,-263.0,-63.0,126.0,81.0,274.0,66.0,-1029.0,-177.0,2
2612,26.0,-260.0,-64.0,138.0,110.0,294.0,57.0,-1015.0,-183.0,2
2613,24.0,-261.0,-68.0,156.0,136.0,316.0,58.0,-1004.0,-190.0,2
2614,15.0,-253.0,-67.0,171.0,161.0,325.0,37.0,-976.0,-197.0,2
2615,16.0,-247.0,-64.0,185.0,187.0,341.0,26.0,-960.0,-203.0,2
2616,13.0,-242.0,-71.0,199.0,206.0,345.0,20.0,-946.0,-214.0,2
2617,8.0,-237.0,-75.0,198.0,228.0,350.0,11.0,-920.0,-220.0,2
2618,4.0,-232.0,-71.0,183.0,246.0,351.0,-17.0,-901.0,-226.0,2
2619,0.0,-228.0,-72.0,168.0,267.0,354.0,-21.0,-891.0,-220.0,2
2620,-3.0,-224.0,-68.0,154.0,286.0,352.0,-38.0,-877.0,-205.0,2
2621,-6.0,-223.0,-71.0,142.0,301.0,352.0,-40.0,-865.0,-206.0,2
2622,-9.0,-220.0,-69.0,126.0,310.0,337.0,-56.0,-860.0,-209.0,2
2623,-11.0,-220.0,-70.0,100.0,316.0,327.0,-73.0,-865.0,-205.0,2
2624,-11.0,-225.0,-67.0,73.0,321.0,312.0,-78.0,-878.0,-199.0,2
2625,-13.0,-228.0,-64.0,44.0,325.0,299.0,-83.0,-867.0,-187.0,2
2626,-14.0,-224.0,-63.0,15.0,326.0,284.0,-96.0,-874.0,-171.0,2
2627,-18.0,-227.0,-56.0,-1.0,326.0,273.0,-98.0,-881.0,-159.0,2
2628,-15.0,-229.0,-53.0,-8.0,324.0,258.0,-104.0,-886.0,-140.0,2
2629,-19.0,-225.0,-52.0,-13.0,320.0,248.0,-107.0,-886.0,-138.0,2
2630,-21.0,-232.0,-49.0,-21.0,316.0,235.0,-109.0,-893.0,-130.0,2
2631,-20.0,-237.0,-52.0,-32.0,310.0,229.0,-108.0,-900.0,-124.0,2
2632,-18.0,-235.0,-47.0,-43.0,297.0,217.0,-108.0,-906.0,-122.0,2
2633,-24.0,-235.0,-50.0,-54.0,282.0,210.0,-108.0,-917.0,-125.0,2
2634,-21.0,-241.0,-46.0,-64.0,266.0,199.0,-113.0,-923.0,-119.0,2
2635,-21.0,-241.0,-46.0,-67.0,250.0,192.0,-116.0,-928.0,-125.0,2
2636,-23.0,-244.0,-48.0,-69.0,230.0,180.0,-108.0,-935.0,-123.0,2
2637,-22.0,-243.0,-48.0,-64.0,214.0,172.0,-109.0,-939.0,-131.0,2
2638,-21.0,-247.0,-51.0,-60.0,194.0,158.0,-111.0,-942.0,-134.0,2
2639,-23.0,-243.0,-51.0,-60.0,173.0,150.0,-112.0,-946.0,-142.0,2
2640,-22.0,-244.0,-54.0,-60.0,155.0,138.0,-113.0,-941.0,-147.0,2
2641,-21.0,-243.0,-54.0,-59.0,140.0,132.0,-111.0,-944.0,-153.0,2
2642,-20.0,-247.0,-57.0,-57.0,127.0,122.0,-115.0,-938.0,-153.0,2
2643,-21.0,-243.0,-56.0,-56.0,118.0,115.0,-104.0,-930.0,-163.0,2
2644,-18.0,-243.0,-55.0,-56.0,111.0,103.0,-101.0,-927.0,-161.0,2
2645,-18.0,-238.0,-55.0,-57.0,101.0,95.0,-99.0,-920.0,-151.0,2
2646,-14.0,-239.0,-55.0,-58.0,96.0,78.0,-91.0,-914.0,-154.0,2
2647,-14.0,-236.0,-54.0,-64.0,89.0,70.0,-94.0,-912.0,-149.0,2
2648,-12.0,-233.0,-52.0,-66.0,87.0,54.0,-85.0,-905.0,-140.0,2
2649,-11.0,-231.0,-54.0,-64.0,85.0,45.0,-77.0,-903.0,-138.0,2
2650,-11.0,-233.0,-56.0,-68.0,82.0,31.0,-70.0,-899.0,-144.0,2
2651,-8.0,-235.0,-54.0,-77.0,82.0,25.0,-66.0,-902.0,-144.0,2
2652,-9.0,-233.0,-56.0,-89.0,85.0,13.0,-55.0,-903.0,-145.0,2
2653,-7.0,-236.0,-53.0,-106.0,86.0,4.0,-48.0,-907.0,-146.0,2
2654,-5.0,-236.0,-56.0,-125.0,83.0,-8.0,-46.0,-915.0,-143.0,2
2655,-3.0,-237.0,-51.0,-141.0,86.0,-14.0,-42.0,-924.0,-136.0,2
2656,-3.0,-242.0,-56.0,-148.0,101.0,-24.0,-37.0,-937.0,-141.0,2
2657,2.0,-247.0,-54.0,-151.0,122.0,-29.0,-28.0,-951.0,-146.0,2
2658,-1.0,-248.0,-56.0,-151.0,140.0,-34.0,-25.0,-953.0,-143.0,2
2659,5.0,-252.0,-55.0,-149.0,152.0,-34.0,-16.0,-966.0,-148.0,2
2660,3.0,-252.0,-57.0,-146.0,160.0,-38.0,-8.0,-976.0,-153.0,2
2661,5.0,-255.0,-56.0,-149.0,166.0,-37.0,-3.0,-976.0,-157.0,2
2662,8.0,-256.0,-58.0,-152.0,172.0,-39.0,3.0,-989.0,-153.0,2
2663,8.0,-255.0,-58.0,-154.0,181.0,-36.0,1.0,-996.0,-157.0,2
2664,9.0,-254.0,-56.0,-154.0,189.0,-32.0,-8.0,-995.0,-151.0,2
2665,6.0,-258.0,-55.0,-153.0,194.0,-25.0,-13.0,-1002.0,-157.0,2
2666,7.0,-257.0,-54.0,-152.0,201.0,-19.0,-13.0,-1001.0,-146.0,2
2667,7.0,-256.0,-55.0,-148.0,208.0,-13.0,-18.0,-1005.0,-147.0,2
2668,-1.0,-257.0,-55.0,-143.0,222.0,-13.0,-24.0,-1001.0,-146.0,2
2669,-4.0,-257.0,-55.0,-137.0,231.0,-10.0,-41.0,-1000.0,-144.0,2
2670,-7.0,-258.0,-57.0,-127.0,241.0,-9.0,-60.0,-1001.0,-151.0,2
2671,-10.0,-257.0,-55.0,-123.0,246.0,-5.0,-69.0,-979.0,-154.0,2
2672,-12.0,-251.0,-62.0,-118.0,247.0,-4.0,-75.0,-987.0,-157.0,2
2673,-12.0,-255.0,-60.0,-120.0,251.0,3.0,-83.0,-982.0,-169.0,2
2674,-12.0,-255.0,-56.0,-124.0,253.0,8.0,-83.0,-982.0,-160.0,2
2675,-12.0,-254.0,-57.0,-123.0,259.0,17.0,-89.0,-995.0,-154.0,2
2676,-12.0,-254.0,-59.0,-119.0,265.0,21.0,-91.0,-983.0,-141.0,2
2677,-13.0,-255.0,-53.0,-112.0,273.0,30.0,-80.0,-981.0,-134.0,2
2678,-12.0,-256.0,-47.0,-103.0,284.0,36.0,-70.0,-987.0,-123.0,2
2679,-7.0,-256.0,-47.0,-89.0,287.0,41.0,-59.0,-987.0,-106.0,2
2680,-5.0,-258.0,-46.0,-77.0,292.0,39.0,-51.0,-987.0,-102.0,2
2681,-4.0,-253.0,-45.0,-65.0,300.0,42.0,-36.0,-996.0,-93.0,2
2682,0.0,-257.0,-39.0,-52.0,313.0,38.0,-28.0,-988.0,-86.0,2
2683,-1.0,-258.0,-42.0,-34.0,327.0,38.0,-24.0,-999.0,-83.0,2
2684,2.0,-255.0,-37.0,-22.0,344.0,34.0,-16.0,-996.0,-83.0,2
2685,4.0,-258.0,-37.0,-6.0,355.0,33.0,-19.0,-989.0,-72.0,2
2686,1.0,-256.0,-38.0,13.0,365.0,23.0,-17.0,-987.0,-67.0,2
2687,3.0,-253.0,-33.0,32.0,375.0,17.0,-12.0,-998.0,-64.0,2
2688,6.0,-257.0,-36.0,44.0,384.0,7.0,-5.0,-978.0,-69.0,2
2689,8.0,-255.0,-35.0,56.0,400.0,2.0,-7.0,-974.0,-69.0,2
2690,0.0,-250.0,-38.0,65.0,413.0,-8.0,-15.0,-967.0,-66.0,2
2691,1.0,-251.0,-38.0,82.0,424.0,-14.0,-22.0,-967.0,-69.0,2
2692,-2.0,-251.0,-34.0,97.0,428.0,-24.0,-25.0,-963.0,-72.0,2
2693,-4.0,-247.0,-41.0,114.0,429.0,-27.0,-39.0,-953.0,-82.0,2
2694,-6.0,-248.0,-44.0,122.0,430.0,-30.0,-40.0,-951.0,-89.0,2
2695,-5.0,-243.0,-47.0,122.0,439.0,-30.0,-45.0,-944.0,-101.0,2
2696,-5.0,-244.0,-47.0,113.0,450.0,-34.0,-44.0,-938.0,-99.0,2
2697,-7.0,-244.0,-43.0,102.0,464.0,-35.0,-49.0,-943.0,-102.0,2
2698,-8.0,-242.0,-43.0,88.0,474.0,-37.0,-46.0,-935.0,-90.0,2
2699,-7.0,-245.0,-40.0,80.0,487.0,-39.0,-50.0,-935.0,-85.0,2
2700,-5.0,-243.0,-40.0,66.0,499.0,-41.0,-45.0,-948.0,-79.0,2
2701,-2.0,-248.0,-36.0,47.0,506.0,-38.0,-30.0,-950.0,-79.0,2
2702,-3.0,-247.0,-36.0,26.0,515.0,-37.0,-34.0,-960.0,-68.0,2
2703,-4.0,-249.0,-31.0,11.0,526.0,-30.0,-37.0,-962.0,-47.0,2
2704,-3.0,-253.0,-27.0,6.0,536.0,-26.0,-44.0,-968.0,-34.0,2
2705,-2.0,-252.0,-28.0,10.0,544.0,-13.0,-38.0,-984.0,-31.0,2
2706,-6.0,-258.0,-23.0,18.0,548.0,-10.0,-45.0,-982.0,-23.0,2
2707,-7.0,-254.0,-24.0,22.0,558.0,1.0,-57.0,-979.0,-18.0,2
2708,-4.0,-257.0,-25.0,28.0,569.0,8.0,-53.0,-980.0,-16.0,2
2709,-7.0,-253.0,-17.0,34.0,578.0,12.0,-61.0,-975.0,-6.0,2
2710,-8.0,-254.0,-23.0,55.0,584.0,7.0,-63.0,-961.0,-4.0,2
2711,-12.0,-248.0,-20.0,70.0,579.0,3.0,-72.0,-963.0,-5.0,2
2712,-12.0,-247.0,-19.0,84.0,569.0,-4.0,-74.0,-953.0,-10.0,2
2713,-16.0,-245.0,-22.0,91.0,555.0,-10.0,-89.0,-952.0,-18.0,2
2714,-14.0,-247.0,-20.0,92.0,542.0,-19.0,-94.0,-945.0,-16.0,2
2715,-17.0,-244.0,-21.0,93.0,535.0,-23.0,-101.0,-949.0,-25.0,2
2716,-15.0,-249.0,-24.0,92.0,534.0,-30.0,-104.0,-950.0,-31.0,2
2717,-17.0,-250.0,-26.0,86.0,536.0,-30.0,-113.0,-956.0,-31.0,2
2718,-24.0,-249.0,-26.0,79.0,541.0,-37.0,-108.0,-958.0,-23.0,2
2719,-21.0,-252.0,-25.0,79.0,546.0,-38.0,-109.0,-969.0,-27.0,2
2720,-19.0,-256.0,-26.0,79.0,548.0,-42.0,-114.0,-971.0,-28.0,2
2721,-17.0,-257.0,-27.0,78.0,550.0,-41.0,-113.0,-994.0,-32.0,2
2722,-20.0,-257.0,-28.0,79.0,551.0,-46.0,-107.0,-992.0,-31.0,2
2723,-16.0,-259.0,-30.0,76.0,549.0,-49.0,-107.0,-998.0,-30.0,2
2724,-20.0,-258.0,-33.0,73.0,542.0,-56.0,-109.0,-999.0,-44.0,2
2725,-23.0,-258.0,-36.0,71.0,535.0,-58.0,-114.0,-1001.0,-72.0,2
2726,-22.0,-257.0,-47.0,62.0,526.0,-59.0,-120.0,-1008.0,-112.0,2
2727,-22.0,-260.0,-57.0,45.0,519.0,-55.0,-119.0,-1009.0,-153.0,2
2728,-22.0,-260.0,-58.0,18.0,511.0,-53.0,-117.0,-1014.0,-173.0,2
2729,-22.0,-264.0,-59.0,-12.0,507.0,-47.0,-113.0,-1028.0,-170.0,2
2730,-23.0,-266.0,-62.0,-37.0,500.0,-45.0,-119.0,-1043.0,-173.0,2
2731,-24.0,-269.0,-60.0,-58.0,491.0,-36.0,-127.0,-1061.0,-169.0,2
2732,-25.0,-276.0,-58.0,-64.0,483.0,-29.0,-130.0,-1078.0,-164.0,2
2733,-27.0,-279.0,-59.0,-70.0,468.0,-17.0,-126.0,-1092.0,-168.0,2
2734,-29.0,-279.0,-59.0,-80.0,447.0,-12.0,-137.0,-1097.0,-166.0,2
2735,-33.0,-284.0,-60.0,-100.0,415.0,0.0,-144.0,-1106.0,-174.0,2
2736,-33.0,-289.0,-67.0,-134.0,367.0,7.0,-155.0,-1124.0,-198.0,2
2737,-35.0,-295.0,-74.0,-169.0,317.0,20.0,-167.0,-1152.0,-222.0,2
2738,-41.0,-307.0,-72.0,-199.0,273.0,29.0,-177.0,-1174.0,-235.0,2
2739,-43.0,-314.0,-72.0,-211.0,238.0,45.0,-196.0,-1198.0,-234.0,2
2740,-45.0,-315.0,-79.0,-189.0,211.0,62.0,-214.0,-1213.0,-252.0,2
2741,-50.0,-323.0,-86.0,-154.0,183.0,87.0,-226.0,-1247.0,-258.0,2
2742,-51.0,-323.0,-78.0,-107.0,157.0,104.0,-227.0,-1247.0,-251.0,2
2743,-54.0,-325.0,-79.0,-58.0,117.0,117.0,-229.0,-1252.0,-254.0,2
2744,-48.0,-322.0,-80.0,-19.0,72.0,126.0,-223.0,-1236.0,-252.0,2
2745,-48.0,-319.0,-76.0,14.0,25.0,137.0,-201.0,-1229.0,-252.0,2
2746,-38.0,-314.0,-80.0,41.0,-18.0,139.0,-181.0,-1209.0,-250.0,2
2747,-33.0,-307.0,-75.0,65.0,-49.0,144.0,-157.0,-1181.0,-244.0,2
2748,-29.0,-301.0,-73.0,92.0,-65.0,143.0,-143.0,-1163.0,-219.0,2
2749,-23.0,-293.0,-71.0,117.0,-73.0,138.0,-125.0,-1144.0,-207.0,2
2750,-23.0,-290.0,-61.0,139.0,-79.0,127.0,-122.0,-1122.0,-194.0,2
2751,-19.0,-278.0,-57.0,161.0,-96.0,109.0,-111.0,-1091.0,-164.0,2
2752,-25.0,-269.0,-56.0,200.0,-123.0,89.0,-112.0,-1050.0,-154.0,2
2753,-18.0,-259.0,-58.0,226.0,-143.0,72.0,-111.0,-1013.0,-153.0,2
2754,-16.0,-251.0,-56.0,237.0,-155.0,55.0,-106.0,-959.0,-163.0,2
2755,-14.0,-241.0,-60.0,234.0,-156.0,41.0,-76.0,-925.0,-160.0,2
2756,-10.0,-233.0,-62.0,230.0,-148.0,23.0,-55.0,-901.0,-164.0,2
2757,0.0,-227.0,-61.0,228.0,-135.0,4.0,-41.0,-882.0,-168.0,2
2758,1.0,-223.0,-63.0,223.0,-123.0,-21.0,-27.0,-865.0,-183.0,2
2759,4.0,-220.0,-65.0,212.0,-111.0,-44.0,-8.0,-861.0,-183.0,2
2760,11.0,-221.0,-65.0,196.0,-103.0,-74.0,9.0,-853.0,-187.0,2
2761,12.0,-222.0,-67.0,186.0,-98.0,-106.0,19.0,-858.0,-194.0,2
2762,12.0,-219.0,-67.0,173.0,-92.0,-150.0,21.0,-858.0,-198.0,2
2763,8.0,-223.0,-72.0,157.0,-92.0,-180.0,11.0,-861.0,-199.0,2
2764,7.0,-224.0,-71.0,140.0,-93.0,-205.0,5.0,-864.0,-212.0,2
2765,6.0,-227.0,-77.0,119.0,-90.0,-224.0,-5.0,-879.0,-231.0,2
2766,2.0,-230.0,-81.0,89.0,-93.0,-237.0,-16.0,-887.0,-237.0,2
2767,-2.0,-232.0,-84.0,57.0,-92.0,-241.0,-34.0,-893.0,-253.0,2
2768,-11.0,-230.0,-79.0,28.0,-90.0,-241.0,-61.0,-890.0,-272.0,2
2769,-12.0,-228.0,-89.0,4.0,-90.0,-227.0,-74.0,-889.0,-276.0,2
2770,-17.0,-226.0,-90.0,-16.0,-94.0,-215.0,-93.0,-885.0,-282.0,2
2771,-19.0,-224.0,-86.0,-37.0,-107.0,-198.0,-109.0,-881.0,-280.0,2
2772,-23.0,-227.0,-89.0,-55.0,-127.0,-178.0,-115.0,-878.0,-278.0,2
2773,-24.0,-225.0,-84.0,-64.0,-158.0,-158.0,-125.0,-874.0,-263.0,2
2774,-22.0,-223.0,-88.0,-64.0,-190.0,-139.0,-120.0,-863.0,-266.0,2
2775,-20.0,-219.0,-83.0,-65.0,-215.0,-120.0,-106.0,-860.0,-275.0,2
2776,-18.0,-216.0,-84.0,-70.0,-231.0,-107.0,-95.0,-855.0,-275.0,2
2777,-13.0,-219.0,-91.0,-69.0,-242.0,-96.0,-79.0,-851.0,-286.0,2
2778,-12.0,-216.0,-94.0,-63.0,-255.0,-87.0,-70.0,-849.0,-303.0,2
2779,-4.0,-217.0,-101.0,-60.0,-274.0,-75.0,-42.0,-847.0,-321.0,2
2780,3.0,-216.0,-107.0,-66.0,-287.0,-67.0,-12.0,-838.0,-341.0,2
2781,14.0,-212.0,-109.0,-77.0,-288.0,-61.0,22.0,-825.0,-360.0,2
2782,22.0,-208.0,-113.0,-90.0,-272.0,-55.0,49.0,-816.0,-387.0,2
2783,27.0,-203.0,-118.0,-111.0,-235.0,-49.0,80.0,-819.0,-401.0,2
2784,33.0,-208.0,-119.0,-142.0,-200.0,-53.0,96.0,-825.0,-410.0,2
2785,39.0,-210.0,-113.0,-169.0,-172.0,-56.0,113.0,-826.0,-397.0,2
2786,40.0,-211.0,-113.0,-193.0,-163.0,-62.0,118.0,-836.0,-386.0,2
2787,43.0,-216.0,-115.0,-217.0,-163.0,-66.0,127.0,-849.0,-381.0,2
2788,39.0,-221.0,-112.0,-238.0,-160.0,-70.0,127.0,-858.0,-377.0,2
2789,36.0,-223.0,-112.0,-259.0,-150.0,-70.0,115.0,-878.0,-371.0,2
2790,34.0,-232.0,-104.0,-272.0,-134.0,-67.0,98.0,-902.0,-359.0,2
2791,33.0,-237.0,-98.0,-278.0,-125.0,-59.0,99.0,-921.0,-343.0,2
2792,30.0,-247.0,-97.0,-268.0,-123.0,-55.0,93.0,-943.0,-316.0,2
2793,27.0,-253.0,-98.0,-241.0,-128.0,-56.0,80.0,-971.0,-319.0,2
2794,21.0,-256.0,-96.0,-215.0,-122.0,-59.0,58.0,-1025.0,-313.0,2
2795,18.0,-265.0,-97.0,-205.0,-112.0,-66.0,36.0,-1040.0,-304.0,2
2796,14.0,-272.0,-88.0,-193.0,-111.0,-76.0,18.0,-1066.0,-277.0,2
2797,8.0,-276.0,-85.0,-171.0,-123.0,-86.0,7.0,-1073.0,-255.0,2
2798,15.0,-280.0,-80.0,-135.0,-145.0,-98.0,20.0,-1076.0,-247.0,2
2799,15.0,-275.0,-76.0,-99.0,-167.0,-117.0,27.0,-1071.0,-230.0,2
2800,12.0,-271.0,-71.0,-65.0,-184.0,-139.0,16.0,-1057.0,-225.0,2
2801,14.0,-270.0,-72.0,-29.0,-196.0,-154.0,18.0,-1041.0,-214.0,2
2802,11.0,-263.0,-69.0,3.0,-205.0,-175.0,14.0,-1024.0,-216.0,2
2803,12.0,-261.0,-72.0,23.0,-217.0,-194.0,19.0,-1014.0,-216.0,2
2804,13.0,-258.0,-75.0,30.0,-239.0,-217.0,18.0,-1011.0,-216.0,2
2805,10.0,-258.0,-71.0,27.0,-254.0,-232.0,15.0,-1006.0,-237.0,2
2806,11.0,-259.0,-77.0,13.0,-273.0,-248.0,10.0,-1007.0,-225.0,2
2807,16.0,-260.0,-73.0,-2.0,-292.0,-263.0,17.0,-1009.0,-231.0,2
2808,15.0,-261.0,-74.0,-14.0,-304.0,-282.0,25.0,-1011.0,-225.0,2
2809,16.0,-261.0,-74.0,-19.0,-315.0,-301.0,25.0,-1016.0,-233.0,2
2810,12.0,-259.0,-70.0,-22.0,-319.0,-317.0,20.0,-1012.0,-224.0,2
2811,13.0,-259.0,-72.0,-17.0,-322.0,-325.0,22.0,-1006.0,-221.0,2
2812,11.0,-257.0,-74.0,-7.0,-327.0,-335.0,19.0,-996.0,-223.0,2
2813,12.0,-254.0,-76.0,-3.0,-337.0,-347.0,22.0,-978.0,-237.0,2
2814,11.0,-248.0,-78.0,-2.0,-348.0,-357.0,21.0,-959.0,-249.0,2
2815,13.0,-244.0,-80.0,-12.0,-357.0,-361.0,21.0,-946.0,-258.0,2
2816,13.0,-241.0,-79.0,-24.0,-360.0,-363.0,22.0,-930.0,-249.0,2
2817,18.0,-235.0,-76.0,-32.0,-355.0,-361.0,25.0,-915.0,-247.0,2
2818,18.0,-232.0,-75.0,-30.0,-345.0,-358.0,44.0,-902.0,-226.0,2
2819,18.0,-231.0,-74.0,-25.0,-346.0,-357.0,41.0,-901.0,-235.0,2
2820,20.0,-228.0,-72.0,-30.0,-350.0,-355.0,47.0,-887.0,-223.0,2
2821,17.0,-227.0,-73.0,-41.0,-359.0,-350.0,46.0,-882.0,-213.0,2
2822,16.0,-223.0,-69.0,-54.0,-376.0,-344.0,45.0,-879.0,-208.0,2
2823,17.0,-225.0,-67.0,-67.0,-392.0,-340.0,47.0,-879.0,-208.0,2
2824,18.0,-226.0,-66.0,-81.0,-406.0,-337.0,41.0,-879.0,-202.0,2
2825,13.0,-226.0,-68.0,-98.0,-423.0,-337.0,41.0,-885.0,-195.0,2
2826,15.0,-229.0,-66.0,-111.0,-433.0,-335.0,21.0,-889.0,-190.0,2
2827,10.0,-231.0,-62.0,-123.0,-441.0,-331.0,17.0,-897.0,-189.0,2
2828,8.0,-229.0,-65.0,-131.0,-447.0,-324.0,18.0,-894.0,-190.0,2
2829,9.0,-229.0,-63.0,-133.0,-453.0,-318.0,16.0,-905.0,-199.0,2
2830,9.0,-237.0,-66.0,-143.0,-459.0,-313.0,11.0,-911.0,-203.0,2
2831,7.0,-235.0,-69.0,-155.0,-465.0,-306.0,10.0,-913.0,-197.0,2
2832,9.0,-236.0,-68.0,-156.0,-479.0,-297.0,1.0,-912.0,-196.0,2
2833,4.0,-235.0,-66.0,-154.0,-492.0,-287.0,-3.0,-913.0,-206.0,2
2834,6.0,-235.0,-71.0,-155.0,-493.0,-274.0,-1.0,-923.0,-215.0,2
2835,7.0,-241.0,-65.0,-168.0,-487.0,-268.0,2.0,-937.0,-210.0,2
2836,4.0,-248.0,-68.0,-192.0,-492.0,-270.0,4.0,-953.0,-207.0,2
2837,9.0,-249.0,-64.0,-201.0,-507.0,-270.0,0.0,-955.0,-183.0,2
2838,5.0,-248.0,-64.0,-185.0,-520.0,-268.0,-1.0,-960.0,-186.0,2
2839,7.0,-246.0,-67.0,-164.0,-517.0,-256.0,4.0,-955.0,-194.0,2
2840,11.0,-246.0,-65.0,-151.0,-507.0,-239.0,13.0,-946.0,-197.0,2
2841,12.0,-246.0,-66.0,-138.0,-504.0,-224.0,13.0,-940.0,-204.0,2
2842,16.0,-243.0,-72.0,-129.0,-504.0,-212.0,35.0,-943.0,-207.0,2
2843,17.0,-244.0,-72.0,-122.0,-507.0,-208.0,34.0,-936.0,-208.0,2
2844,15.0,-244.0,-69.0,-120.0,-510.0,-201.0,29.0,-928.0,-203.0,2
2845,14.0,-237.0,-64.0,-122.0,-513.0,-197.0,37.0,-929.0,-188.0,2
2846,17.0,-236.0,-60.0,-125.0,-523.0,-187.0,40.0,-920.0,-175.0,2
2847,22.0,-234.0,-61.0,-126.0,-531.0,-180.0,61.0,-915.0,-173.0,2
2848,27.0,-237.0,-60.0,-127.0,-533.0,-174.0,79.0,-913.0,-168.0,2
2849,33.0,-234.0,-57.0,-133.0,-528.0,-177.0,97.0,-919.0,-168.0,2
2850,34.0,-238.0,-60.0,-143.0,-516.0,-180.0,100.0,-918.0,-174.0,2
2851,30.0,-241.0,-61.0,-152.0,-505.0,-184.0,92.0,-929.0,-174.0,2
2852,24.0,-245.0,-60.0,-162.0,-500.0,-191.0,77.0,-942.0,-170.0,2
2853,24.0,-244.0,-61.0,-171.0,-503.0,-194.0,76.0,-953.0,-177.0,2
2854,26.0,-248.0,-59.0,-176.0,-505.0,-190.0,75.0,-955.0,-172.0,2
2855,21.0,-248.0,-61.0,-179.0,-505.0,-191.0,67.0,-966.0,-171.0,2
2856,21.0,-251.0,-62.0,-179.0,-503.0,-191.0,52.0,-974.0,-171.0,2
2857,22.0,-253.0,-60.0,-178.0,-499.0,-189.0,57.0,-972.0,-173.0,2
2858,25.0,-253.0,-61.0,-174.0,-495.0,-186.0,59.0,-971.0,-183.0,2
2859,28.0,-252.0,-68.0,-167.0,-487.0,-181.0,64.0,-968.0,-184.0,2
2860,26.0,-249.0,-66.0,-157.0,-478.0,-180.0,65.0,-958.0,-188.0,2
2861,24.0,-250.0,-63.0,-150.0,-471.0,-180.0,64.0,-957.0,-179.0,2
2862,24.0,-247.0,-65.0,-141.0,-468.0,-176.0,57.0,-948.0,-184.0,2
2863,22.0,-244.0,-63.0,-134.0,-462.0,-171.0,58.0,-936.0,-175.0,2
2864,27.0,-241.0,-62.0,-130.0,-453.0,-159.0,63.0,-919.0,-176.0,2
2865,23.0,-230.0,-64.0,-125.0,-440.0,-149.0,66.0,-905.0,-183.0,2
2866,22.0,-230.0,-63.0,-124.0,-422.0,-138.0,64.0,-904.0,-181.0,2
2867,23.0,-230.0,-61.0,-132.0,-405.0,-132.0,59.0,-898.0,-169.0,2
2868,20.0,-231.0,-58.0,-148.0,-401.0,-127.0,55.0,-893.0,-160.0,2
2869,18.0,-231.0,-53.0,-161.0,-406.0,-123.0,42.0,-905.0,-149.0,2
2870,16.0,-234.0,-50.0,-176.0,-420.0,-118.0,31.0,-905.0,-134.0,2
2871,24.0,-232.0,-42.0,-184.0,-437.0,-116.0,35.0,-922.0,-118.0,2
2872,14.0,-243.0,-44.0,-185.0,-450.0,-116.0,34.0,-941.0,-99.0,2
2873,15.0,-247.0,-43.0,-175.0,-462.0,-116.0,34.0,-961.0,-89.0,2
2874,13.0,-252.0,-46.0,-155.0,-470.0,-114.0,23.0,-967.0,-95.0,2
2875,16.0,-254.0,-44.0,-131.0,-482.0,-115.0,31.0,-979.0,-105.0,2
2876,17.0,-256.0,-45.0,-108.0,-493.0,-114.0,26.0,-993.0,-111.0,2
2877,13.0,-255.0,-48.0,-86.0,-503.0,-119.0,22.0,-987.0,-117.0,2
2878,13.0,-257.0,-50.0,-64.0,-516.0,-119.0,15.0,-984.0,-115.0,2
2879,7.0,-253.0,-52.0,-46.0,-526.0,-119.0,8.0,-974.0,-126.0,2
2880,8.0,-249.0,-54.0,-35.0,-531.0,-116.0,9.0,-970.0,-138.0,2
2881,6.0,-251.0,-57.0,-36.0,-533.0,-117.0,3.0,-968.0,-157.0,2
2882,2.0,-252.0,-56.0,-50.0,-542.0,-117.0,-9.0,-965.0,-162.0,2
2883,-4.0,-246.0,-56.0,-61.0,-567.0,-120.0,-23.0,-959.0,-163.0,2
2884,-3.0,-249.0,-56.0,-64.0,-609.0,-118.0,-39.0,-961.0,-152.0,2
2885,-7.0,-251.0,-54.0,-62.0,-659.0,-113.0,-48.0,-957.0,-142.0,2
2886,-4.0,-248.0,-54.0,-54.0,-696.0,-101.0,-54.0,-954.0,-134.0,2
2887,-8.0,-247.0,-52.0,-46.0,-719.0,-91.0,-56.0,-942.0,-135.0,2
2888,-11.0,-248.0,-53.0,-37.0,-732.0,-79.0,-61.0,-949.0,-146.0,2
2889,-12.0,-243.0,-59.0,-27.0,-740.0,-73.0,-64.0,-944.0,-160.0,2
2890,-8.0,-245.0,-58.0,-28.0,-749.0,-68.0,-60.0,-945.0,-178.0,2
2891,-5.0,-245.0,-63.0,-34.0,-762.0,-70.0,-47.0,-948.0,-186.0,2
2892,-4.0,-246.0,-66.0,-42.0,-774.0,-70.0,-35.0,-959.0,-186.0,2
2893,-1.0,-248.0,-64.0,-46.0,-785.0,-76.0,-22.0,-974.0,-175.0,2
2894,6.0,-256.0,-59.0,-47.0,-792.0,-81.0,-4.0,-979.0,-171.0,2
2895,11.0,-260.0,-58.0,-46.0,-795.0,-92.0,20.0,-1001.0,-163.0,2
2896,19.0,-260.0,-58.0,-40.0,-795.0,-100.0,41.0,-1011.0,-152.0,2
2897,19.0,-263.0,-55.0,-34.0,-793.0,-116.0,55.0,-1024.0,-142.0,2
2898,25.0,-265.0,-52.0,-28.0,-795.0,-134.0,67.0,-1034.0,-130.0,2
2899,28.0,-269.0,-47.0,-17.0,-805.0,-153.0,78.0,-1049.0,-99.0,2
2900,26.0,-274.0,-41.0,-3.0,-821.0,-174.0,76.0,-1064.0,-86.0,2
2901,21.0,-278.0,-35.0,15.0,-840.0,-200.0,65.0,-1074.0,-65.0,2
2902,21.0,-281.0,-35.0,37.0,-865.0,-225.0,49.0,-1090.0,-60.0,2
2903,15.0,-281.0,-25.0,59.0,-890.0,-252.0,32.0,-1087.0,-38.0,2
2904,7.0,-285.0,-25.0,89.0,-919.0,-274.0,3.0,-1106.0,-37.0,2
2905,2.0,-286.0,-31.0,120.0,-955.0,-292.0,-22.0,-1102.0,-52.0,2
2906,-7.0,-284.0,-35.0,142.0,-986.0,-306.0,-35.0,-1106.0,-69.0,2
2907,-4.0,-282.0,-38.0,162.0,-1017.0,-325.0,-48.0,-1098.0,-85.0,2
2908,-9.0,-281.0,-43.0,171.0,-1039.0,-335.0,-69.0,-1089.0,-93.0,2
2909,-11.0,-277.0,-46.0,171.0,-1067.0,-347.0,-74.0,-1080.0,-94.0,2
2910,-12.0,-273.0,-45.0,160.0,-1094.0,-350.0,-80.0,-1062.0,-103.0,2
2911,-12.0,-266.0,-38.0,152.0,-1130.0,-351.0,-74.0,-1036.0,-98.0,2
2912,-6.0,-259.0,-41.0,162.0,-1168.0,-351.0,-50.0,-1009.0,-83.0,2
2913,2.0,-251.0,-42.0,184.0,-1199.0,-348.0,-14.0,-960.0,-95.0,2
2914,7.0,-243.0,-48.0,205.0,-1221.0,-344.0,13.0,-930.0,-115.0,2
2915,15.0,-237.0,-55.0,208.0,-1239.0,-349.0,29.0,-920.0,-149.0,2
2916,16.0,-235.0,-66.0,180.0,-1257.0,-353.0,43.0,-910.0,-195.0,2
2917,19.0,-236.0,-77.0,131.0,-1277.0,-362.0,50.0,-916.0,-219.0,2
2918,26.0,-242.0,-75.0,79.0,-1293.0,-364.0,67.0,-934.0,-231.0,2
2919,26.0,-252.0,-80.0,36.0,-1305.0,-375.0,72.0,-965.0,-245.0,2
2920,23.0,-254.0,-78.0,5.0,-1309.0,-379.0,71.0,-1004.0,-249.0,2
2921,24.0,-264.0,-75.0,-2.0,-1311.0,-380.0,63.0,-1029.0,-237.0,2
2922,25.0,-270.0,-76.0,12.0,-1307.0,-374.0,64.0,-1039.0,-230.0,2
2923,28.0,-266.0,-72.0,43.0,-1292.0,-370.0,68.0,-1042.0,-224.0,2
2924,29.0,-265.0,-76.0,77.0,-1278.0,-362.0,78.0,-1039.0,-229.0,2
2925,26.0,-260.0,-82.0,103.0,-1258.0,-353.0,76.0,-1024.0,-252.0,2
2926,29.0,-255.0,-91.0,112.0,-1231.0,-347.0,75.0,-999.0,-292.0,2
2927,24.0,-251.0,-100.0,102.0,-1197.0,-342.0,60.0,-972.0,-319.0,2
2928,29.0,-247.0,-102.0,72.0,-1163.0,-328.0,77.0,-959.0,-342.0,2
2929,35.0,-247.0,-110.0,26.0,-1126.0,-318.0,108.0,-972.0,-376.0,2
2930,49.0,-256.0,-121.0,-45.0,-1070.0,-306.0,147.0,-1011.0,-430.0,2
2931,56.0,-260.0,-127.0,-136.0,-1009.0,-299.0,183.0,-1030.0,-445.0,2
2932,66.0,-273.0,-142.0,-215.0,-926.0,-300.0,210.0,-1084.0,-497.0,2
2933,75.0,-292.0,-150.0,-279.0,-839.0,-317.0,242.0,-1144.0,-531.0,2
2934,76.0,-319.0,-148.0,-331.0,-758.0,-348.0,256.0,-1219.0,-531.0,2
2935,76.0,-337.0,-137.0,-352.0,-700.0,-378.0,252.0,-1295.0,-500.0,2
2936,69.0,-354.0,-124.0,-328.0,-665.0,-409.0,238.0,-1363.0,-439.0,2
2937,67.0,-359.0,-109.0,-261.0,-643.0,-442.0,222.0,-1387.0,-371.0,2
2938,59.0,-355.0,-93.0,-160.0,-617.0,-456.0,183.0,-1362.0,-309.0,2
2939,47.0,-337.0,-81.0,-46.0,-579.0,-459.0,140.0,-1303.0,-261.0,2
2940,37.0,-316.0,-80.0,65.0,-532.0,-434.0,107.0,-1211.0,-254.0,2
2941,32.0,-292.0,-78.0,179.0,-503.0,-399.0,98.0,-1131.0,-255.0,2
2942,26.0,-267.0,-79.0,250.0,-496.0,-360.0,75.0,-1035.0,-251.0,2
2943,19.0,-240.0,-81.0,315.0,-513.0,-325.0,62.0,-944.0,-265.0,2
2944,12.0,-216.0,-79.0,362.0,-544.0,-291.0,34.0,-860.0,-268.0,2
2945,6.0,-206.0,-79.0,391.0,-585.0,-266.0,11.0,-793.0,-264.0,2
2946,-1.0,-192.0,-80.0,400.0,-634.0,-235.0,-22.0,-743.0,-257.0,2
2947,-11.0,-182.0,-80.0,388.0,-684.0,-206.0,-60.0,-714.0,-257.0,2
2948,-14.0,-180.0,-84.0,361.0,-738.0,-161.0,-93.0,-710.0,-261.0,2
2949,-27.0,-182.0,-86.0,325.0,-785.0,-108.0,-126.0,-706.0,-269.0,2
2950,-32.0,-183.0,-84.0,286.0,-822.0,-34.0,-143.0,-708.0,-281.0,2
2951,-31.0,-189.0,-91.0,241.0,-855.0,25.0,-146.0,-732.0,-292.0,2
2952,-30.0,-196.0,-99.0,212.0,-874.0,82.0,-143.0,-756.0,-324.0,2
2953,-30.0,-199.0,-103.0,187.0,-884.0,126.0,-137.0,-793.0,-340.0,2
2954,-24.0,-211.0,-105.0,166.0,-897.0,164.0,-123.0,-823.0,-356.0,2
2955,-23.0,-213.0,-107.0,144.0,-914.0,186.0,-111.0,-846.0,-365.0,2
2956,-18.0,-219.0,-110.0,126.0,-927.0,204.0,-92.0,-866.0,-365.0,2
2957,-10.0,-229.0,-110.0,113.0,-935.0,205.0,-69.0,-884.0,-373.0,2
2958,-9.0,-233.0,-107.0,102.0,-944.0,203.0,-59.0,-896.0,-373.0,2
2959,-4.0,-236.0,-108.0,100.0,-956.0,192.0,-39.0,-907.0,-358.0,2
2960,2.0,-239.0,-109.0,109.0,-968.0,178.0,-13.0,-919.0,-349.0,2
2961,8.0,-235.0,-101.0,118.0,-979.0,145.0,8.0,-910.0,-335.0,2
2962,16.0,-237.0,-102.0,140.0,-983.0,120.0,29.0,-912.0,-330.0,2
2963,25.0,-231.0,-100.0,157.0,-978.0,85.0,59.0,-906.0,-323.0,2
2964,25.0,-225.0,-92.0,173.0,-962.0,48.0,75.0,-883.0,-316.0,2
2965,26.0,-219.0,-95.0,184.0,-941.0,4.0,72.0,-857.0,-318.0,2
2966,23.0,-212.0,-97.0,187.0,-918.0,-34.0,66.0,-836.0,-320.0,2
2967,18.0,-204.0,-92.0,178.0,-901.0,-76.0,51.0,-807.0,-322.0,2
2968,11.0,-200.0,-103.0,159.0,-891.0,-113.0,22.0,-791.0,-327.0,2
2969,1.0,-195.0,-98.0,128.0,-890.0,-150.0,-12.0,-774.0,-327.0,2
2970,-11.0,-194.0,-99.0,88.0,-902.0,-175.0,-67.0,-764.0,-322.0,2
2971,-21.0,-195.0,-93.0,43.0,-918.0,-199.0,-114.0,-762.0,-315.0,2
2972,-31.0,-196.0,-94.0,-7.0,-941.0,-203.0,-162.0,-776.0,-295.0,2
2973,-45.0,-199.0,-89.0,-48.0,-961.0,-203.0,-196.0,-795.0,-290.0,2
2974,-54.0,-207.0,-88.0,-87.0,-978.0,-194.0,-230.0,-806.0,-285.0,2
2975,-57.0,-215.0,-84.0,-121.0,-994.0,-186.0,-243.0,-841.0,-267.0,2
2976,-60.0,-229.0,-81.0,-152.0,-1010.0,-172.0,-244.0,-878.0,-270.0,2
2977,-56.0,-240.0,-87.0,-174.0,-1030.0,-159.0,-246.0,-922.0,-270.0,2
2978,-55.0,-252.0,-88.0,-186.0,-1054.0,-138.0,-240.0,-968.0,-279.0,2
2979,-51.0,-263.0,-87.0,-187.0,-1077.0,-118.0,-225.0,-1029.0,-289.0,2
2980,-45.0,-276.0,-88.0,-182.0,-1101.0,-91.0,-189.0,-1077.0,-288.0,2
2981,-29.0,-287.0,-88.0,-163.0,-1117.0,-67.0,-156.0,-1108.0,-283.0,2
2982,-18.0,-295.0,-90.0,-124.0,-1129.0,-38.0,-111.0,-1139.0,-285.0,2
2983,-10.0,-300.0,-89.0,-76.0,-1131.0,-23.0,-74.0,-1156.0,-290.0,2
2984,-1.0,-298.0,-88.0,-40.0,-1121.0,1.0,-42.0,-1167.0,-275.0,2
2985,9.0,-308.0,-81.0,0.0,-1098.0,24.0,-8.0,-1160.0,-268.0,2
2986,18.0,-300.0,-82.0,48.0,-1072.0,48.0,39.0,-1159.0,-257.0,2
2987,28.0,-296.0,-86.0,97.0,-1048.0,60.0,71.0,-1143.0,-271.0,2
2988,35.0,-290.0,-89.0,137.0,-1023.0,78.0,92.0,-1129.0,-281.0,2
2989,37.0,-283.0,-89.0,170.0,-990.0,92.0,110.0,-1108.0,-283.0,2
2990,41.0,-274.0,-88.0,196.0,-955.0,106.0,112.0,-1074.0,-283.0,2
2991,32.0,-267.0,-91.0,224.0,-916.0,111.0,93.0,-1043.0,-279.0,2
2992,30.0,-254.0,-83.0,248.0,-870.0,123.0,80.0,-1001.0,-271.0,2
2993,30.0,-250.0,-85.0,266.0,-817.0,133.0,72.0,-960.0,-266.0,2
2994,25.0,-240.0,-84.0,274.0,-777.0,144.0,65.0,-924.0,-264.0,2
2995,22.0,-231.0,-81.0,277.0,-744.0,146.0,57.0,-898.0,-258.0,2
2996,18.0,-222.0,-85.0,273.0,-717.0,146.0,30.0,-876.0,-273.0,2
2997,5.0,-217.0,-88.0,252.0,-692.0,138.0,0.0,-862.0,-291.0,2
2998,0.0,-217.0,-87.0,215.0,-666.0,143.0,-22.0,-851.0,-288.0,2
2999,-7.0,-216.0,-95.0,177.0,-641.0,146.0,-39.0,-849.0,-276.0,2
3000,-7.0,-221.0,-87.0,143.0,-622.0,144.0,-47.0,-853.0,-271.0,2
3001,-10.0,-217.0,-83.0,114.0,-613.0,136.0,-62.0,-852.0,-259.0,2
3002,-12.0,-220.0,-80.0,87.0,-603.0,132.0,-73.0,-854.0,-244.0,2
3003,-13.0,-217.0,-76.0,70.0,-586.0,123.0,-85.0,-853.0,-220.0,2
3004,-14.0,-220.0,-70.0,66.0,-572.0,120.0,-89.0,-856.0,-212.0,2
3005,-21.0,-225.0,-67.0,65.0,-563.0,114.0,-108.0,-858.0,-211.0,2
3006,-25.0,-221.0,-71.0,59.0,-564.0,118.0,-120.0,-858.0,-206.0,2
3007,-22.0,-224.0,-64.0,51.0,-573.0,117.0,-126.0,-866.0,-208.0,2
3008,-27.0,-221.0,-67.0,36.0,-587.0,120.0,-122.0,-867.0,-204.0,2
3009,-24.0,-224.0,-69.0,19.0,-600.0,115.0,-127.0,-866.0,-204.0,2
3010,-27.0,-226.0,-67.0,1.0,-606.0,115.0,-127.0,-878.0,-200.0,2
3011,-26.0,-226.0,-68.0,-16.0,-609.0,109.0,-133.0,-886.0,-194.0,2
3012,-24.0,-228.0,-62.0,-29.0,-606.0,108.0,-133.0,-888.0,-178.0,2
3013,-26.0,-229.0,-57.0,-36.0,-606.0,104.0,-129.0,-891.0,-170.0,2
3014,-22.0,-233.0,-60.0,-41.0,-608.0,101.0,-125.0,-901.0,-160.0,2
3015,-25.0,-234.0,-57.0,-44.0,-609.0,93.0,-127.0,-902.0,-154.0,2
3016,-24.0,-237.0,-57.0,-47.0,-611.0,89.0,-124.0,-911.0,-154.0,2
3017,-22.0,-239.0,-56.0,-49.0,-610.0,79.0,-121.0,-915.0,-152.0,2
3018,-20.0,-237.0,-58.0,-49.0,-610.0,73.0,-119.0,-920.0,-165.0,2
3019,-22.0,-238.0,-59.0,-54.0,-613.0,64.0,-118.0,-921.0,-169.0,2
3020,-16.0,-241.0,-63.0,-57.0,-617.0,58.0,-103.0,-925.0,-170.0,2
3021,-14.0,-239.0,-63.0,-55.0,-623.0,46.0,-98.0,-915.0,-170.0,2
3022,-18.0,-233.0,-61.0,-49.0,-626.0,36.0,-89.0,-914.0,-183.0,2
3023,-13.0,-233.0,-63.0,-47.0,-628.0,23.0,-88.0,-905.0,-176.0,2
3024,-13.0,-233.0,-65.0,-48.0,-619.0,16.0,-79.0,-903.0,-175.0,2
3025,-12.0,-230.0,-59.0,-54.0,-606.0,5.0,-73.0,-894.0,-180.0,2
3026,-9.0,-229.0,-60.0,-61.0,-590.0,-1.0,-68.0,-890.0,-180.0,2
3027,-9.0,-232.0,-62.0,-72.0,-571.0,-11.0,-64.0,-895.0,-175.0,2
3028,-10.0,-232.0,-65.0,-86.0,-549.0,-15.0,-67.0,-895.0,-180.0,2
3029,-11.0,-231.0,-60.0,-100.0,-527.0,-23.0,-66.0,-901.0,-180.0,2
3030,-8.0,-233.0,-61.0,-111.0,-504.0,-24.0,-63.0,-909.0,-183.0,2
3031,-5.0,-237.0,-62.0,-122.0,-478.0,-28.0,-64.0,-906.0,-173.0,2
3032,-7.0,-236.0,-60.0,-130.0,-456.0,-23.0,-50.0,-920.0,-169.0,2
3033,-7.0,-239.0,-58.0,-134.0,-432.0,-25.0,-47.0,-926.0,-157.0,2
3034,0.0,-242.0,-55.0,-141.0,-404.0,-19.0,-31.0,-933.0,-152.0,2
3035,0.0,-246.0,-55.0,-144.0,-366.0,-19.0,-30.0,-943.0,-143.0,2
3036,-3.0,-246.0,-54.0,-142.0,-332.0,-18.0,-23.0,-962.0,-146.0,2
3037,3.0,-252.0,-52.0,-134.0,-298.0,-25.0,-16.0,-961.0,-141.0,2
3038,3.0,-254.0,-53.0,-125.0,-268.0,-27.0,-22.0,-968.0,-140.0,2
3039,0.0,-250.0,-54.0,-115.0,-241.0,-33.0,-23.0,-971.0,-144.0,2
3040,2.0,-255.0,-57.0,-102.0,-211.0,-33.0,-27.0,-968.0,-146.0,2
3041,-1.0,-254.0,-55.0,-91.0,-181.0,-39.0,-26.0,-974.0,-150.0,2
3042,1.0,-248.0,-58.0,-82.0,-153.0,-41.0,-27.0,-968.0,-158.0,2
3043,0.0,-248.0,-56.0,-76.0,-126.0,-45.0,-25.0,-966.0,-156.0,2
3044,1.0,-247.0,-59.0,-74.0,-102.0,-48.0,-19.0,-956.0,-159.0,2
3045,-3.0,-248.0,-57.0,-75.0,-74.0,-60.0,-25.0,-958.0,-152.0,2
3046,-1.0,-247.0,-56.0,-76.0,-52.0,-65.0,-37.0,-952.0,-152.0,2
3047,-1.0,-249.0,-58.0,-78.0,-32.0,-74.0,-37.0,-952.0,-146.0,2
3048,-4.0,-249.0,-60.0,-75.0,-14.0,-81.0,-33.0,-949.0,-147.0,2
3049,-4.0,-244.0,-55.0,-74.0,0.0,-91.0,-40.0,-947.0,-154.0,2
3050,-7.0,-245.0,-57.0,-74.0,15.0,-101.0,-55.0,-942.0,-151.0,2
3051,-8.0,-247.0,-59.0,-75.0,25.0,-114.0,-62.0,-945.0,-160.0,2
3052,-12.0,-244.0,-59.0,-78.0,32.0,-120.0,-73.0,-940.0,-164.0,2
3053,-11.0,-245.0,-60.0,-82.0,38.0,-129.0,-84.0,-948.0,-173.0,2
3054,-16.0,-244.0,-61.0,-86.0,44.0,-132.0,-91.0,-943.0,-168.0,2
3055,-18.0,-246.0,-59.0,-90.0,53.0,-138.0,-99.0,-941.0,-170.0,2
3056,-17.0,-247.0,-64.0,-92.0,64.0,-137.0,-105.0,-945.0,-178.0,2
3057,-19.0,-247.0,-59.0,-91.0,76.0,-139.0,-110.0,-948.0,-172.0,2
3058,-23.0,-248.0,-58.0,-90.0,87.0,-135.0,-109.0,-956.0,-168.0,2
3059,-15.0,-248.0,-56.0,-88.0,101.0,-138.0,-104.0,-954.0,-156.0,2
3060,-18.0,-252.0,-54.0,-89.0,112.0,-135.0,-109.0,-964.0,-147.0,2
3061,-20.0,-254.0,-56.0,-90.0,118.0,-138.0,-105.0,-962.0,-146.0,2
3062,-17.0,-253.0,-53.0,-92.0,122.0,-140.0,-101.0,-966.0,-145.0,2
3063,-16.0,-253.0,-55.0,-92.0,123.0,-149.0,-103.0,-972.0,-147.0,2
3064,-18.0,-255.0,-56.0,-88.0,125.0,-151.0,-107.0,-974.0,-152.0,2
3065,-24.0,-254.0,-60.0,-77.0,123.0,-159.0,-118.0,-976.0,-161.0,2
3066,-26.0,-255.0,-60.0,-58.0,116.0,-159.0,-125.0,-977.0,-171.0,2
3067,-25.0,-255.0,-62.0,-32.0,110.0,-162.0,-129.0,-980.0,-176.0,2
3068,-29.0,-255.0,-60.0,-15.0,104.0,-157.0,-138.0,-987.0,-172.0,2
3069,-26.0,-258.0,-58.0,0.0,103.0,-152.0,-134.0,-998.0,-163.0,2
3070,-26.0,-256.0,-55.0,10.0,110.0,-141.0,-138.0,-988.0,-145.0,2
3071,-23.0,-258.0,-52.0,16.0,121.0,-133.0,-132.0,-997.0,-121.0,2
3072,-19.0,-257.0,-46.0,25.0,138.0,-122.0,-114.0,-1007.0,-99.0,2
3073,-17.0,-259.0,-42.0,31.0,154.0,-115.0,-100.0,-1011.0,-90.0,2
3074,-12.0,-258.0,-40.0,30.0,171.0,-102.0,-77.0,-1015.0,-81.0,2
3075,-7.0,-264.0,-36.0,30.0,189.0,-94.0,-50.0,-1023.0,-72.0,2
3076,-3.0,-265.0,-37.0,33.0,210.0,-82.0,-33.0,-1026.0,-68.0,2
3077,1.0,-268.0,-32.0,44.0,236.0,-71.0,-23.0,-1039.0,-65.0,2
3078,6.0,-268.0,-35.0,57.0,259.0,-58.0,-13.0,-1039.0,-55.0,2
3079,9.0,-270.0,-35.0,72.0,286.0,-53.0,6.0,-1047.0,-58.0,2
3080,11.0,-271.0,-32.0,83.0,315.0,-42.0,6.0,-1054.0,-47.0,2
3081,6.0,-269.0,-29.0,94.0,347.0,-35.0,-3.0,-1056.0,-48.0,2
3082,0.0,-271.0,-33.0,109.0,379.0,-18.0,-24.0,-1055.0,-53.0,2
3083,-1.0,-271.0,-34.0,124.0,408.0,-3.0,-35.0,-1050.0,-64.0,2
3084,-7.0,-269.0,-41.0,134.0,434.0,16.0,-51.0,-1044.0,-90.0,2
3085,-9.0,-265.0,-42.0,131.0,465.0,30.0,-73.0,-1037.0,-94.0,2
3086,-12.0,-264.0,-45.0,118.0,499.0,48.0,-79.0,-1043.0,-105.0,2
3087,-17.0,-262.0,-40.0,106.0,533.0,59.0,-103.0,-1024.0,-80.0,2
3088,-18.0,-263.0,-38.0,111.0,561.0,71.0,-112.0,-1019.0,-86.0,2
3089,-22.0,-262.0,-41.0,119.0,579.0,73.0,-125.0,-1012.0,-91.0,2
3090,-25.0,-261.0,-40.0,120.0,595.0,83.0,-135.0,-1007.0,-92.0,2
3091,-29.0,-259.0,-41.0,116.0,601.0,82.0,-141.0,-1005.0,-92.0,2
3092,-34.0,-259.0,-44.0,110.0,595.0,82.0,-160.0,-1010.0,-100.0,2
3093,-33.0,-260.0,-46.0,98.0,582.0,72.0,-165.0,-1006.0,-116.0,2
3094,-37.0,-260.0,-52.0,83.0,569.0,64.0,-172.0,-1010.0,-131.0,2
3095,-43.0,-263.0,-55.0,66.0,558.0,46.0,-188.0,-1019.0,-141.0,2
3096,-42.0,-262.0,-55.0,44.0,548.0,32.0,-196.0,-1030.0,-158.0,2
3097,-47.0,-269.0,-57.0,23.0,535.0,15.0,-215.0,-1042.0,-159.0,2
3098,-47.0,-272.0,-61.0,6.0,513.0,3.0,-223.0,-1050.0,-173.0,2
3099,-50.0,-274.0,-63.0,-6.0,495.0,-4.0,-228.0,-1060.0,-185.0,2
3100,-53.0,-277.0,-66.0,-9.0,480.0,-3.0,-233.0,-1074.0,-205.0,2
3101,-50.0,-283.0,-73.0,-13.0,471.0,-6.0,-225.0,-1094.0,-216.0,2
3102,-50.0,-290.0,-72.0,-16.0,459.0,-1.0,-221.0,-1109.0,-216.0,2
3103,-51.0,-296.0,-75.0,-12.0,434.0,2.0,-222.0,-1132.0,-229.0,2
3104,-50.0,-295.0,-74.0,1.0,401.0,8.0,-223.0,-1146.0,-231.0,2
3105,-51.0,-296.0,-77.0,19.0,363.0,12.0,-228.0,-1155.0,-234.0,2
3106,-52.0,-299.0,-81.0,36.0,323.0,25.0,-237.0,-1160.0,-247.0,2
3107,-52.0,-301.0,-80.0,52.0,281.0,31.0,-229.0,-1158.0,-260.0,2
3108,-51.0,-299.0,-90.0,70.0,238.0,45.0,-227.0,-1161.0,-275.0,2
3109,-50.0,-300.0,-87.0,85.0,189.0,53.0,-214.0,-1158.0,-285.0,2
3110,-40.0,-300.0,-85.0,101.0,162.0,61.0,-200.0,-1154.0,-280.0,2
3111,-34.0,-300.0,-80.0,132.0,148.0,59.0,-180.0,-1144.0,-246.0,2
3112,-31.0,-291.0,-76.0,174.0,143.0,55.0,-150.0,-1126.0,-233.0,2
3113,-24.0,-286.0,-70.0,216.0,141.0,45.0,-123.0,-1096.0,-224.0,2
3114,-16.0,-272.0,-71.0,249.0,137.0,34.0,-94.0,-1060.0,-207.0,2
3115,-12.0,-262.0,-72.0,267.0,133.0,15.0,-72.0,-1026.0,-212.0,2
3116,-7.0,-256.0,-73.0,263.0,129.0,0.0,-62.0,-996.0,-219.0,2
3117,-7.0,-249.0,-72.0,240.0,129.0,-15.0,-50.0,-960.0,-222.0,2
3118,-3.0,-241.0,-71.0,213.0,133.0,-26.0,-37.0,-947.0,-222.0,2
3119,-1.0,-243.0,-79.0,182.0,140.0,-39.0,-37.0,-939.0,-245.0,2
3120,4.0,-241.0,-79.0,143.0,151.0,-43.0,-23.0,-935.0,-244.0,2
3121,1.0,-240.0,-75.0,121.0,153.0,-55.0,-21.0,-930.0,-243.0,2
3122,0.0,-243.0,-76.0,113.0,150.0,-66.0,-25.0,-936.0,-253.0,2
3123,-3.0,-246.0,-82.0,110.0,141.0,-82.0,-41.0,-948.0,-255.0,2
3124,-5.0,-246.0,-82.0,113.0,129.0,-94.0,-35.0,-957.0,-270.0,2
3125,-6.0,-249.0,-87.0,121.0,117.0,-114.0,-47.0,-963.0,-270.0,2
3126,-7.0,-247.0,-89.0,133.0,101.0,-128.0,-58.0,-958.0,-276.0,2
3127,-10.0,-247.0,-90.0,154.0,87.0,-146.0,-61.0,-952.0,-285.0,2
3128,-12.0,-246.0,-92.0,173.0,72.0,-159.0,-66.0,-936.0,-298.0,2
3129,-12.0,-239.0,-96.0,185.0,55.0,-174.0,-76.0,-921.0,-314.0,2
3130,-11.0,-235.0,-102.0,195.0,35.0,-180.0,-79.0,-909.0,-329.0,2
3131,-10.0,-231.0,-107.0,196.0,20.0,-189.0,-71.0,-895.0,-349.0,2
3132,-10.0,-221.0,-107.0,185.0,7.0,-191.0,-64.0,-882.0,-344.0,2
3133,-8.0,-221.0,-101.0,173.0,-5.0,-193.0,-59.0,-864.0,-342.0,2
3134,-6.0,-218.0,-102.0,150.0,-20.0,-191.0,-48.0,-860.0,-338.0,2
3135,-3.0,-217.0,-103.0,125.0,-41.0,-190.0,-35.0,-850.0,-340.0,2
3136,2.0,-212.0,-108.0,97.0,-58.0,-182.0,-20.0,-841.0,-361.0,2
3137,6.0,-213.0,-107.0,69.0,-63.0,-177.0,-2.0,-836.0,-368.0,2
3138,13.0,-215.0,-104.0,48.0,-59.0,-167.0,19.0,-835.0,-358.0,2
3139,18.0,-215.0,-102.0,39.0,-60.0,-162.0,26.0,-841.0,-337.0,2
3140,17.0,-214.0,-97.0,43.0,-74.0,-153.0,42.0,-841.0,-323.0,2
3141,18.0,-214.0,-98.0,48.0,-98.0,-149.0,54.0,-842.0,-318.0,2
3142,26.0,-214.0,-92.0,49.0,-114.0,-139.0,74.0,-839.0,-315.0,2
3143,31.0,-217.0,-99.0,48.0,-124.0,-134.0,85.0,-843.0,-325.0,2
3144,29.0,-214.0,-100.0,45.0,-118.0,-127.0,93.0,-836.0,-328.0,2
3145,32.0,-212.0,-101.0,40.0,-105.0,-126.0,98.0,-834.0,-338.0,2
3146,32.0,-211.0,-107.0,36.0,-96.0,-124.0,98.0,-837.0,-351.0,2
3147,32.0,-210.0,-107.0,31.0,-94.0,-128.0,103.0,-835.0,-353.0,2
3148,36.0,-213.0,-110.0,23.0,-95.0,-127.0,105.0,-838.0,-368.0,2
3149,36.0,-213.0,-112.0,3.0,-92.0,-133.0,112.0,-842.0,-378.0,2
3150,39.0,-214.0,-110.0,-26.0,-84.0,-133.0,118.0,-845.0,-368.0,2
3151,39.0,-213.0,-107.0,-52.0,-72.0,-139.0,128.0,-855.0,-358.0,2
3152,40.0,-219.0,-103.0,-81.0,-57.0,-140.0,126.0,-860.0,-344.0,2
3153,42.0,-225.0,-98.0,-100.0,-41.0,-147.0,119.0,-871.0,-334.0,2
3154,37.0,-226.0,-104.0,-112.0,-27.0,-149.0,118.0,-886.0,-336.0,2
3155,33.0,-230.0,-99.0,-126.0,-15.0,-158.0,103.0,-899.0,-334.0,2
3156,34.0,-238.0,-101.0,-137.0,-11.0,-163.0,103.0,-915.0,-335.0,2
3157,33.0,-242.0,-99.0,-146.0,-15.0,-174.0,102.0,-931.0,-312.0,2
3158,32.0,-247.0,-93.0,-145.0,-28.0,-185.0,96.0,-943.0,-311.0,2
3159,28.0,-250.0,-90.0,-136.0,-35.0,-195.0,79.0,-959.0,-297.0,2
3160,24.0,-251.0,-91.0,-125.0,-37.0,-200.0,64.0,-977.0,-288.0,2
3161,18.0,-257.0,-85.0,-121.0,-41.0,-209.0,54.0,-1005.0,-277.0,2
3162,19.0,-260.0,-81.0,-110.0,-58.0,-216.0,52.0,-1019.0,-254.0,2
3163,15.0,-263.0,-74.0,-92.0,-81.0,-231.0,34.0,-1025.0,-235.0,2
3164,15.0,-267.0,-72.0,-66.0,-110.0,-237.0,31.0,-1034.0,-214.0,2
3165,14.0,-263.0,-64.0,-39.0,-141.0,-245.0,28.0,-1027.0,-214.0,2
3166,12.0,-263.0,-69.0,-13.0,-166.0,-251.0,23.0,-1019.0,-196.0,2
3167,9.0,-262.0,-68.0,9.0,-194.0,-261.0,19.0,-1027.0,-207.0,2
3168,9.0,-264.0,-67.0,17.0,-224.0,-270.0,9.0,-1023.0,-208.0,2
3169,8.0,-260.0,-73.0,20.0,-253.0,-280.0,7.0,-1026.0,-213.0,2
3170,9.0,-264.0,-73.0,20.0,-282.0,-291.0,8.0,-1036.0,-220.0,2
3171,8.0,-267.0,-72.0,16.0,-302.0,-310.0,4.0,-1040.0,-217.0,2
3172,5.0,-266.0,-67.0,19.0,-317.0,-326.0,-2.0,-1042.0,-214.0,2
3173,6.0,-264.0,-69.0,32.0,-328.0,-342.0,-5.0,-1036.0,-212.0,2
3174,3.0,-261.0,-69.0,52.0,-337.0,-348.0,0.0,-1029.0,-203.0,2
3175,5.0,-261.0,-66.0,72.0,-348.0,-359.0,-8.0,-1015.0,-208.0,2
3176,8.0,-259.0,-68.0,89.0,-362.0,-362.0,-2.0,-1005.0,-200.0,2
3177,6.0,-256.0,-71.0,95.0,-375.0,-369.0,4.0,-986.0,-207.0,2
3178,7.0,-248.0,-72.0,92.0,-388.0,-373.0,7.0,-963.0,-207.0,2
3179,11.0,-244.0,-65.0,88.0,-393.0,-380.0,11.0,-944.0,-195.0,2
3180,10.0,-240.0,-67.0,88.0,-398.0,-378.0,23.0,-927.0,-191.0,2
3181,16.0,-234.0,-65.0,92.0,-411.0,-379.0,32.0,-911.0,-202.0,2
3182,17.0,-227.0,-65.0,92.0,-421.0,-375.0,46.0,-894.0,-203.0,2
3183,17.0,-226.0,-68.0,86.0,-422.0,-368.0,52.0,-888.0,-195.0,2
3184,25.0,-225.0,-64.0,80.0,-423.0,-358.0,67.0,-875.0,-192.0,2
3185,27.0,-224.0,-65.0,73.0,-425.0,-352.0,76.0,-870.0,-202.0,2
3186,29.0,-224.0,-64.0,56.0,-431.0,-345.0,78.0,-873.0,-199.0,2
3187,28.0,-224.0,-64.0,37.0,-440.0,-338.0,86.0,-873.0,-190.0,2
3188,29.0,-225.0,-65.0,19.0,-447.0,-326.0,85.0,-875.0,-191.0,2
3189,31.0,-229.0,-64.0,3.0,-453.0,-316.0,89.0,-886.0,-186.0,2
3190,30.0,-228.0,-63.0,-12.0,-455.0,-303.0,95.0,-892.0,-182.0,2
3191,30.0,-231.0,-62.0,-24.0,-453.0,-293.0,101.0,-910.0,-187.0,2
3192,33.0,-237.0,-64.0,-31.0,-452.0,-280.0,98.0,-914.0,-181.0,2
3193,31.0,-242.0,-65.0,-32.0,-453.0,-270.0,95.0,-925.0,-186.0,2
3194,31.0,-240.0,-66.0,-31.0,-453.0,-257.0,93.0,-932.0,-188.0,2
3195,33.0,-243.0,-64.0,-31.0,-451.0,-252.0,95.0,-941.0,-185.0,2
3196,34.0,-243.0,-66.0,-31.0,-447.0,-244.0,104.0,-943.0,-183.0,2
3197,33.0,-243.0,-62.0,-30.0,-446.0,-241.0,96.0,-946.0,-174.0,2
3198,32.0,-244.0,-62.0,-31.0,-446.0,-234.0,91.0,-942.0,-173.0,2
3199,30.0,-244.0,-59.0,-30.0,-448.0,-231.0,89.0,-944.0,-177.0,2
3200,32.0,-244.0,-63.0,-24.0,-446.0,-221.0,81.0,-931.0,-181.0,2
3201,27.0,-240.0,-61.0,-19.0,-439.0,-214.0,77.0,-937.0,-181.0,2
3202,23.0,-241.0,-62.0,-17.0,-433.0,-203.0,67.0,-929.0,-175.0,2
3203,27.0,-241.0,-66.0,-16.0,-428.0,-193.0,62.0,-930.0,-181.0,2
3204,20.0,-239.0,-62.0,-15.0,-425.0,-179.0,53.0,-933.0,-193.0,2
3205,24.0,-244.0,-59.0,-19.0,-422.0,-170.0,62.0,-934.0,-175.0,2
3206,25.0,-242.0,-58.0,-16.0,-431.0,-161.0,74.0,-933.0,-164.0,2
3207,29.0,-241.0,-56.0,-9.0,-436.0,-162.0,79.0,-934.0,-168.0,2
3208,32.0,-240.0,-60.0,-1.0,-439.0,-158.0,90.0,-929.0,-169.0,2
3209,28.0,-240.0,-62.0,6.0,-440.0,-156.0,90.0,-927.0,-177.0,2
3210,28.0,-239.0,-61.0,10.0,-438.0,-149.0,87.0,-929.0,-189.0,2
3211,31.0,-239.0,-62.0,6.0,-437.0,-142.0,89.0,-927.0,-197.0,2
3212,33.0,-238.0,-67.0,3.0,-439.0,-133.0,99.0,-935.0,-194.0,2
3213,34.0,-243.0,-67.0,2.0,-440.0,-129.0,98.0,-934.0,-198.0,2
3214,31.0,-243.0,-68.0,3.0,-437.0,-125.0,95.0,-945.0,-198.0,2
3215,33.0,-244.0,-69.0,3.0,-431.0,-122.0,96.0,-950.0,-187.0,2
3216,30.0,-244.0,-68.0,11.0,-426.0,-116.0,96.0,-950.0,-196.0,2
3217,36.0,-247.0,-73.0,13.0,-422.0,-114.0,100.0,-954.0,-206.0,2
3218,36.0,-247.0,-75.0,10.0,-417.0,-108.0,105.0,-961.0,-216.0,2
3219,38.0,-251.0,-74.0,5.0,-410.0,-107.0,111.0,-965.0,-218.0,2
3220,35.0,-249.0,-74.0,-1.0,-403.0,-105.0,115.0,-966.0,-223.0,2
3221,35.0,-250.0,-72.0,-7.0,-396.0,-105.0,113.0,-970.0,-225.0,2
3222,36.0,-252.0,-76.0,-11.0,-391.0,-101.0,107.0,-971.0,-226.0,2
3223,34.0,-251.0,-78.0,-18.0,-390.0,-100.0,104.0,-975.0,-234.0,2
3224,36.0,-253.0,-77.0,-24.0,-389.0,-97.0,111.0,-973.0,-229.0,2
3225,36.0,-251.0,-76.0,-28.0,-386.0,-97.0,106.0,-973.0,-231.0,2
3226,37.0,-253.0,-76.0,-30.0,-380.0,-90.0,111.0,-972.0,-236.0,2
3227,43.0,-257.0,-63.0,-32.0,-376.0,-89.0,120.0,-975.0,-239.0,2
3228,39.0,-254.0,-81.0,-35.0,-372.0,-84.0,124.0,-979.0,-237.0,2
3229,44.0,-254.0,-73.0,-45.0,-369.0,-84.0,130.0,-977.0,-237.0,2
3230,45.0,-253.0,-77.0,-55.0,-364.0,-80.0,134.0,-982.0,-241.0,2
3231,45.0,-253.0,-74.0,-64.0,-362.0,-83.0,150.0,-999.0,-225.0,2
3232,48.0,-254.0,-68.0,-68.0,-356.0,-82.0,160.0,-987.0,-215.0,2
3233,46.0,-255.0,-66.0,-67.0,-349.0,-86.0,153.0,-997.0,-205.0,2
3234,44.0,-259.0,-65.0,-66.0,-340.0,-88.0,150.0,-1004.0,-201.0,2
3235,41.0,-256.0,-67.0,-64.0,-333.0,-95.0,134.0,-1005.0,-192.0,2
3236,38.0,-259.0,-65.0,-62.0,-329.0,-102.0,124.0,-1012.0,-185.0,2
3237,39.0,-261.0,-61.0,-58.0,-328.0,-113.0,113.0,-1015.0,-174.0,2
3238,34.0,-260.0,-56.0,-48.0,-334.0,-119.0,108.0,-1022.0,-163.0,2
3239,35.0,-263.0,-58.0,-29.0,-341.0,-127.0,103.0,-1015.0,-151.0,2
3240,35.0,-262.0,-58.0,-2.0,-347.0,-132.0,107.0,-1012.0,-149.0,2
3241,36.0,-262.0,-56.0,26.0,-352.0,-141.0,106.0,-1008.0,-149.0,2
3242,35.0,-258.0,-57.0,47.0,-355.0,-148.0,107.0,-1007.0,-160.0,2
3243,37.0,-259.0,-57.0,59.0,-359.0,-157.0,102.0,-996.0,-151.0,2
3244,34.0,-255.0,-55.0,78.0,-365.0,-160.0,100.0,-978.0,-157.0,2
3245,30.0,-250.0,-59.0,93.0,-371.0,-164.0,98.0,-970.0,-164.0,2
3246,33.0,-250.0,-58.0,101.0,-378.0,-165.0,99.0,-968.0,-168.0,2
3247,35.0,-253.0,-58.0,101.0,-380.0,-168.0,99.0,-971.0,-165.0,2
3248,34.0,-249.0,-57.0,102.0,-381.0,-169.0,99.0,-965.0,-155.0,2
3249,34.0,-247.0,-58.0,112.0,-379.0,-170.0,96.0,-964.0,-153.0,2
3250,33.0,-246.0,-57.0,120.0,-378.0,-162.0,100.0,-954.0,-160.0,2
3251,36.0,-243.0,-53.0,121.0,-373.0,-157.0,108.0,-944.0,-145.0,2
3252,35.0,-242.0,-52.0,124.0,-357.0,-151.0,110.0,-935.0,-134.0,2
3253,35.0,-239.0,-53.0,129.0,-342.0,-147.0,101.0,-926.0,-134.0,2
3254,33.0,-240.0,-56.0,127.0,-325.0,-140.0,102.0,-928.0,-136.0,2
3255,35.0,-237.0,-50.0,127.0,-310.0,-133.0,97.0,-919.0,-128.0,2
3256,34.0,-236.0,-48.0,129.0,-302.0,-119.0,99.0,-917.0,-118.0,2
3257,32.0,-234.0,-43.0,134.0,-296.0,-110.0,106.0,-912.0,-115.0,2
3258,34.0,-233.0,-49.0,138.0,-294.0,-102.0,110.0,-908.0,-109.0,2
3259,34.0,-231.0,-44.0,130.0,-292.0,-97.0,106.0,-907.0,-103.0,2
3260,35.0,-235.0,-46.0,121.0,-293.0,-88.0,105.0,-911.0,-112.0,2
3261,32.0,-235.0,-45.0,111.0,-291.0,-83.0,103.0,-906.0,-103.0,2
3262,32.0,-236.0,-45.0,100.0,-292.0,-72.0,97.0,-904.0,-96.0,2
3263,34.0,-234.0,-52.0,98.0,-292.0,-68.0,102.0,-916.0,-125.0,2
3264,32.0,-238.0,-46.0,87.0,-293.0,-64.0,96.0,-909.0,-104.0,2
3265,29.0,-235.0,-43.0,85.0,-285.0,-56.0,94.0,-907.0,-101.0,2
3266,33.0,-234.0,-44.0,88.0,-273.0,-50.0,96.0,-907.0,-102.0,2
3267,32.0,-235.0,-39.0,84.0,-258.0,-43.0,93.0,-911.0,-88.0,2
3268,32.0,-237.0,-35.0,79.0,-243.0,-36.0,94.0,-908.0,-80.0,2
3269,31.0,-238.0,-37.0,68.0,-235.0,-35.0,93.0,-911.0,-69.0,2
3270,33.0,-237.0,-31.0,58.0,-234.0,-31.0,96.0,-928.0,-56.0,2
3271,30.0,-240.0,-36.0,55.0,-240.0,-32.0,97.0,-923.0,-61.0,2
3272,34.0,-239.0,-37.0,57.0,-248.0,-28.0,103.0,-922.0,-67.0,2
3273,37.0,-239.0,-37.0,59.0,-255.0,-26.0,112.0,-919.0,-77.0,2
3274,37.0,-240.0,-42.0,64.0,-253.0,-20.0,108.0,-914.0,-94.0,2
3275,34.0,-234.0,-46.0,66.0,-245.0,-17.0,116.0,-903.0,-102.0,2
3276,36.0,-231.0,-50.0,61.0,-238.0,-11.0,110.0,-900.0,-109.0,2
3277,33.0,-228.0,-47.0,53.0,-234.0,-5.0,108.0,-897.0,-114.0,2
3278,36.0,-230.0,-47.0,40.0,-233.0,3.0,109.0,-901.0,-107.0,2
3279,37.0,-231.0,-39.0,26.0,-231.0,12.0,120.0,-895.0,-99.0,2
3280,41.0,-230.0,-43.0,12.0,-226.0,20.0,128.0,-900.0,-93.0,2
3281,48.0,-235.0,-41.0,4.0,-220.0,23.0,142.0,-906.0,-104.0,2
3282,46.0,-235.0,-50.0,-6.0,-211.0,28.0,150.0,-912.0,-107.0,2
3283,44.0,-234.0,-48.0,-14.0,-199.0,30.0,147.0,-934.0,-107.0,2
3284,43.0,-239.0,-48.0,-23.0,-190.0,33.0,136.0,-927.0,-121.0,2
3285,40.0,-243.0,-46.0,-30.0,-184.0,33.0,129.0,-939.0,-122.0,2
3286,41.0,-246.0,-46.0,-31.0,-183.0,35.0,114.0,-945.0,-113.0,2
3287,35.0,-246.0,-48.0,-33.0,-185.0,37.0,103.0,-947.0,-112.0,2
3288,32.0,-249.0,-49.0,-34.0,-191.0,42.0,102.0,-949.0,-110.0,2
3289,30.0,-248.0,-43.0,-40.0,-198.0,47.0,91.0,-952.0,-102.0,2
3290,27.0,-247.0,-44.0,-44.0,-206.0,52.0,82.0,-952.0,-101.0,2
3291,27.0,-245.0,-45.0,-49.0,-213.0,55.0,80.0,-952.0,-100.0,2
3292,23.0,-250.0,-42.0,-53.0,-218.0,60.0,65.0,-960.0,-100.0,2
3293,20.0,-247.0,-47.0,-52.0,-222.0,62.0,63.0,-962.0,-102.0,2
3294,21.0,-251.0,-47.0,-48.0,-230.0,69.0,59.0,-968.0,-104.0,2
3295,20.0,-250.0,-50.0,-44.0,-240.0,73.0,59.0,-971.0,-109.0,2
3296,19.0,-253.0,-44.0,-39.0,-248.0,79.0,58.0,-970.0,-113.0,2
3297,22.0,-252.0,-48.0,-37.0,-254.0,84.0,57.0,-973.0,-117.0,2
3298,21.0,-252.0,-48.0,-35.0,-258.0,91.0,57.0,-977.0,-114.0,2
3299,27.0,-253.0,-47.0,-34.0,-265.0,97.0,64.0,-981.0,-115.0,2
3300,26.0,-255.0,-48.0,-35.0,-275.0,105.0,70.0,-990.0,-105.0,2
3301,25.0,-259.0,-46.0,-37.0,-281.0,110.0,70.0,-999.0,-107.0,2
3302,26.0,-260.0,-47.0,-40.0,-290.0,116.0,71.0,-1001.0,-106.0,2
3303,26.0,-260.0,-44.0,-33.0,-298.0,119.0,70.0,-1008.0,-101.0,2
3304,27.0,-262.0,-43.0,-24.0,-305.0,124.0,74.0,-1017.0,-104.0,2
3305,27.0,-262.0,-45.0,-11.0,-312.0,123.0,77.0,-1018.0,-103.0,2
3306,29.0,-261.0,-42.0,0.0,-324.0,123.0,78.0,-1020.0,-107.0,2
3307,29.0,-260.0,-45.0,11.0,-333.0,121.0,78.0,-1018.0,-112.0,2
3308,31.0,-260.0,-46.0,12.0,-341.0,120.0,86.0,-1013.0,-125.0,2
3309,35.0,-258.0,-54.0,5.0,-346.0,117.0,97.0,-1011.0,-141.0,2
3310,34.0,-258.0,-58.0,-12.0,-348.0,112.0,105.0,-1010.0,-149.0,2
3311,36.0,-261.0,-58.0,-37.0,-347.0,105.0,105.0,-1017.0,-159.0,2
3312,35.0,-263.0,-55.0,-50.0,-343.0,98.0,98.0,-1028.0,-152.0,2
3313,33.0,-269.0,-55.0,-58.0,-340.0,92.0,92.0,-1047.0,-139.0,2
3314,32.0,-272.0,-48.0,-61.0,-341.0,89.0,87.0,-1056.0,-131.0,2
3315,34.0,-274.0,-49.0,-62.0,-343.0,86.0,94.0,-1068.0,-120.0,2
3316,32.0,-275.0,-44.0,-61.0,-349.0,86.0,101.0,-1083.0,-122.0,2
3317,34.0,-280.0,-53.0,-54.0,-357.0,82.0,107.0,-1091.0,-125.0,2
3318,40.0,-284.0,-52.0,-44.0,-362.0,77.0,115.0,-1097.0,-135.0,2
3319,38.0,-285.0,-52.0,-36.0,-364.0,72.0,117.0,-1105.0,-137.0,2
3320,36.0,-284.0,-55.0,-27.0,-367.0,64.0,108.0,-1105.0,-139.0,2
3321,34.0,-285.0,-57.0,-16.0,-364.0,56.0,100.0,-1114.0,-149.0,2
3322,28.0,-286.0,-58.0,2.0,-355.0,52.0,82.0,-1117.0,-161.0,2
3323,27.0,-286.0,-57.0,15.0,-344.0,48.0,73.0,-1113.0,-160.0,2
3324,28.0,-287.0,-60.0,26.0,-334.0,46.0,74.0,-1115.0,-163.0,2
3325,27.0,-285.0,-58.0,34.0,-325.0,40.0,73.0,-1112.0,-155.0,2
3326,27.0,-286.0,-54.0,38.0,-323.0,33.0,73.0,-1108.0,-162.0,2
3327,29.0,-281.0,-58.0,41.0,-325.0,23.0,88.0,-1105.0,-156.0,2
3328,32.0,-284.0,-56.0,41.0,-322.0,14.0,98.0,-1101.0,-159.0,2
3329,37.0,-279.0,-61.0,43.0,-318.0,1.0,109.0,-1094.0,-163.0,2
3330,42.0,-277.0,-62.0,37.0,-305.0,-12.0,134.0,-1084.0,-173.0,2
3331,50.0,-276.0,-65.0,29.0,-288.0,-25.0,152.0,-1080.0,-185.0,2
3332,51.0,-274.0,-74.0,14.0,-272.0,-46.0,170.0,-1089.0,-203.0,2
3333,51.0,-279.0,-68.0,-1.0,-263.0,-72.0,171.0,-1086.0,-205.0,2
3334,52.0,-280.0,-65.0,-7.0,-252.0,-96.0,160.0,-1092.0,-196.0,2
3335,43.0,-281.0,-67.0,-6.0,-242.0,-119.0,135.0,-1096.0,-183.0,2
3336,37.0,-281.0,-55.0,3.0,-234.0,-134.0,112.0,-1096.0,-147.0,2
3337,30.0,-282.0,-49.0,22.0,-231.0,-144.0,90.0,-1086.0,-129.0,2
3338,27.0,-274.0,-45.0,47.0,-227.0,-145.0,79.0,-1068.0,-110.0,2
3339,28.0,-269.0,-46.0,83.0,-221.0,-139.0,72.0,-1044.0,-104.0,2
3340,25.0,-260.0,-49.0,118.0,-215.0,-128.0,68.0,-1015.0,-115.0,2
3341,20.0,-247.0,-47.0,146.0,-209.0,-115.0,54.0,-966.0,-112.0,2
3342,17.0,-241.0,-52.0,174.0,-211.0,-93.0,39.0,-929.0,-125.0,2
3343,14.0,-235.0,-51.0,202.0,-218.0,-73.0,21.0,-902.0,-131.0,2
3344,10.0,-226.0,-57.0,217.0,-223.0,-50.0,11.0,-878.0,-145.0,2
3345,8.0,-220.0,-62.0,218.0,-229.0,-27.0,6.0,-862.0,-167.0,2
3346,3.0,-217.0,-59.0,206.0,-232.0,-1.0,-2.0,-846.0,-181.0,2
3347,4.0,-217.0,-65.0,184.0,-230.0,24.0,-9.0,-845.0,-189.0,2
3348,4.0,-216.0,-71.0,159.0,-232.0,47.0,-10.0,-850.0,-205.0,2
3349,6.0,-215.0,-76.0,132.0,-235.0,71.0,-10.0,-853.0,-213.0,2
3350,4.0,-216.0,-75.0,102.0,-236.0,90.0,-5.0,-858.0,-227.0,2
3351,10.0,-223.0,-78.0,72.0,-231.0,108.0,9.0,-866.0,-247.0,2
3352,16.0,-222.0,-82.0,47.0,-220.0,123.0,16.0,-877.0,-264.0,2
3353,16.0,-226.0,-86.0,21.0,-200.0,133.0,38.0,-881.0,-273.0,2
3354,22.0,-225.0,-90.0,-8.0,-184.0,138.0,64.0,-889.0,-292.0,2
3355,23.0,-228.0,-92.0,-22.0,-173.0,137.0,76.0,-898.0,-300.0,2
3356,29.0,-229.0,-95.0,-31.0,-162.0,130.0,82.0,-899.0,-305.0,2
3357,34.0,-234.0,-93.0,-32.0,-149.0,119.0,84.0,-905.0,-304.0,2
3358,35.0,-234.0,-96.0,-30.0,-130.0,106.0,106.0,-906.0,-305.0,2
3359,37.0,-233.0,-97.0,-27.0,-107.0,91.0,106.0,-905.0,-309.0,2
3360,36.0,-230.0,-102.0,-25.0,-86.0,70.0,102.0,-902.0,-316.0,2
3361,31.0,-231.0,-100.0,-27.0,-71.0,52.0,97.0,-903.0,-327.0,2
3362,27.0,-232.0,-102.0,-36.0,-62.0,31.0,83.0,-898.0,-328.0,2
3363,22.0,-228.0,-100.0,-40.0,-62.0,5.0,61.0,-890.0,-332.0,2
3364,12.0,-223.0,-99.0,-44.0,-64.0,-13.0,29.0,-890.0,-326.0,2
3365,8.0,-227.0,-97.0,-45.0,-68.0,-27.0,4.0,-880.0,-324.0,2
3366,-3.0,-223.0,-97.0,-49.0,-71.0,-35.0,-31.0,-873.0,-323.0,2
3367,-10.0,-224.0,-100.0,-58.0,-77.0,-38.0,-64.0,-867.0,-323.0,2
3368,-17.0,-220.0,-95.0,-69.0,-80.0,-38.0,-89.0,-862.0,-318.0,2
3369,-22.0,-221.0,-95.0,-81.0,-88.0,-32.0,-117.0,-864.0,-319.0,2
3370,-27.0,-225.0,-95.0,-95.0,-95.0,-23.0,-141.0,-871.0,-321.0,2
3371,-36.0,-227.0,-96.0,-112.0,-98.0,-7.0,-165.0,-882.0,-323.0,2
3372,-44.0,-230.0,-100.0,-133.0,-103.0,9.0,-186.0,-892.0,-325.0,2
3373,-42.0,-237.0,-95.0,-157.0,-111.0,30.0,-198.0,-912.0,-328.0,2
3374,-43.0,-242.0,-94.0,-179.0,-125.0,53.0,-206.0,-935.0,-311.0,2
3375,-42.0,-247.0,-92.0,-187.0,-137.0,75.0,-186.0,-962.0,-292.0,2
3376,-37.0,-258.0,-87.0,-185.0,-147.0,92.0,-174.0,-996.0,-277.0,2
3377,-35.0,-261.0,-86.0,-176.0,-153.0,106.0,-161.0,-1017.0,-270.0,2
3378,-30.0,-264.0,-79.0,-164.0,-155.0,119.0,-151.0,-1024.0,-255.0,2
3379,-21.0,-265.0,-76.0,-146.0,-156.0,134.0,-117.0,-1045.0,-244.0,2
3380,-10.0,-271.0,-76.0,-121.0,-154.0,146.0,-80.0,-1055.0,-238.0,2
3381,-7.0,-271.0,-73.0,-97.0,-148.0,155.0,-49.0,-1065.0,-229.0,2
3382,6.0,-275.0,-78.0,-67.0,-133.0,161.0,-10.0,-1069.0,-225.0,2
3383,13.0,-273.0,-76.0,-40.0,-111.0,166.0,14.0,-1067.0,-230.0,2
3384,21.0,-273.0,-77.0,-17.0,-81.0,172.0,36.0,-1060.0,-236.0,2
3385,22.0,-271.0,-78.0,1.0,-48.0,177.0,48.0,-1053.0,-229.0,2
3386,22.0,-266.0,-72.0,17.0,-23.0,182.0,51.0,-1041.0,-223.0,2
3387,24.0,-265.0,-68.0,37.0,4.0,189.0,61.0,-1037.0,-215.0,2
3388,26.0,-261.0,-67.0,50.0,30.0,196.0,74.0,-1030.0,-201.0,2
3389,23.0,-261.0,-61.0,56.0,56.0,211.0,68.0,-1018.0,-178.0,2
3390,24.0,-260.0,-61.0,59.0,84.0,229.0,70.0,-1013.0,-171.0,2
3391,29.0,-261.0,-57.0,63.0,112.0,239.0,78.0,-1007.0,-151.0,2
3392,28.0,-258.0,-58.0,80.0,145.0,246.0,75.0,-1011.0,-161.0,2
3393,26.0,-259.0,-57.0,89.0,178.0,259.0,63.0,-1002.0,-160.0,2
3394,22.0,-258.0,-59.0,100.0,212.0,267.0,62.0,-999.0,-161.0,2
3395,24.0,-256.0,-59.0,114.0,239.0,276.0,59.0,-992.0,-158.0,2
3396,19.0,-255.0,-64.0,126.0,270.0,280.0,41.0,-996.0,-182.0,2
3397,11.0,-252.0,-65.0,122.0,295.0,289.0,22.0,-976.0,-178.0,2
3398,10.0,-249.0,-63.0,124.0,310.0,299.0,7.0,-956.0,-174.0,2
3399,5.0,-245.0,-63.0,134.0,312.0,307.0,-9.0,-949.0,-172.0,2
3400,4.0,-241.0,-68.0,147.0,314.0,308.0,-4.0,-939.0,-188.0,2
3401,-1.0,-237.0,-64.0,145.0,319.0,307.0,-21.0,-920.0,-197.0,2
3402,-7.0,-234.0,-68.0,133.0,325.0,313.0,-41.0,-905.0,-201.0,2
3403,-10.0,-226.0,-68.0,114.0,331.0,318.0,-62.0,-889.0,-205.0,2
3404,-11.0,-225.0,-70.0,94.0,333.0,316.0,-65.0,-882.0,-194.0,2
3405,-12.0,-224.0,-71.0,75.0,337.0,313.0,-68.0,-875.0,-197.0,2
3406,-12.0,-224.0,-68.0,50.0,345.0,305.0,-66.0,-865.0,-206.0,2
3407,-12.0,-220.0,-65.0,14.0,351.0,295.0,-73.0,-861.0,-194.0,2
3408,-12.0,-224.0,-64.0,-12.0,351.0,287.0,-82.0,-867.0,-185.0,2
3409,-15.0,-224.0,-63.0,-24.0,344.0,279.0,-91.0,-870.0,-186.0,2
3410,-14.0,-227.0,-63.0,-33.0,334.0,271.0,-84.0,-878.0,-197.0,2
3411,-13.0,-228.0,-61.0,-47.0,326.0,263.0,-84.0,-884.0,-196.0,2
3412,-12.0,-233.0,-63.0,-63.0,318.0,253.0,-80.0,-898.0,-188.0,2
3413,-12.0,-235.0,-60.0,-81.0,314.0,248.0,-83.0,-906.0,-177.0,2
3414,-14.0,-238.0,-58.0,-91.0,309.0,243.0,-83.0,-913.0,-161.0,2
3415,-12.0,-241.0,-57.0,-95.0,305.0,239.0,-78.0,-923.0,-147.0,2
3416,-12.0,-243.0,-52.0,-97.0,300.0,230.0,-89.0,-931.0,-141.0,2
3417,-11.0,-243.0,-54.0,-97.0,295.0,221.0,-73.0,-947.0,-135.0,2
3418,-10.0,-244.0,-53.0,-92.0,293.0,209.0,-72.0,-942.0,-138.0,2
3419,-12.0,-247.0,-53.0,-84.0,290.0,201.0,-70.0,-947.0,-138.0,2
3420,-11.0,-245.0,-54.0,-72.0,284.0,190.0,-71.0,-938.0,-140.0,2
3421,-11.0,-244.0,-55.0,-58.0,274.0,179.0,-75.0,-942.0,-153.0,2
3422,-12.0,-243.0,-60.0,-50.0,263.0,170.0,-75.0,-933.0,-162.0,2
3423,-16.0,-241.0,-56.0,-57.0,252.0,162.0,-82.0,-924.0,-166.0,2
3424,-11.0,-240.0,-60.0,-64.0,244.0,152.0,-85.0,-924.0,-168.0,2
3425,-12.0,-240.0,-60.0,-69.0,241.0,144.0,-86.0,-920.0,-173.0,2
3426,-11.0,-239.0,-62.0,-78.0,240.0,132.0,-78.0,-921.0,-176.0,2
3427,-13.0,-241.0,-61.0,-91.0,247.0,122.0,-81.0,-920.0,-172.0,2
3428,-12.0,-239.0,-59.0,-106.0,251.0,112.0,-80.0,-920.0,-156.0,2
3429,-12.0,-238.0,-56.0,-116.0,254.0,106.0,-75.0,-926.0,-148.0,2
3430,-12.0,-241.0,-57.0,-122.0,256.0,95.0,-66.0,-926.0,-143.0,2
3431,-11.0,-242.0,-53.0,-126.0,255.0,86.0,-69.0,-931.0,-136.0,2
3432,-10.0,-245.0,-57.0,-120.0,254.0,75.0,-64.0,-932.0,-143.0,2
3433,-9.0,-240.0,-56.0,-114.0,256.0,67.0,-61.0,-934.0,-143.0,2
3434,-11.0,-242.0,-55.0,-114.0,256.0,58.0,-61.0,-926.0,-143.0,2
3435,-11.0,-243.0,-56.0,-109.0,256.0,51.0,-61.0,-921.0,-149.0,2
3436,-10.0,-240.0,-60.0,-111.0,257.0,42.0,-63.0,-920.0,-152.0,2
3437,-12.0,-244.0,-57.0,-117.0,258.0,39.0,-78.0,-932.0,-155.0,2
3438,-11.0,-241.0,-55.0,-126.0,259.0,33.0,-64.0,-927.0,-150.0,2
3439,-11.0,-246.0,-57.0,-129.0,256.0,24.0,-64.0,-933.0,-143.0,2
3440,-9.0,-243.0,-55.0,-124.0,263.0,19.0,-71.0,-937.0,-144.0,2
3441,-11.0,-243.0,-55.0,-116.0,273.0,16.0,-64.0,-933.0,-140.0,2
3442,-10.0,-243.0,-53.0,-114.0,277.0,11.0,-65.0,-949.0,-146.0,2
3443,-5.0,-247.0,-55.0,-121.0,281.0,12.0,-46.0,-949.0,-144.0,2
3444,-2.0,-247.0,-54.0,-129.0,284.0,8.0,-39.0,-952.0,-134.0,2
3445,-2.0,-248.0,-52.0,-132.0,294.0,10.0,-27.0,-955.0,-128.0,2
3446,0.0,-251.0,-50.0,-125.0,305.0,3.0,-29.0,-962.0,-125.0,2
3447,-2.0,-249.0,-49.0,-114.0,310.0,0.0,-25.0,-961.0,-128.0,2
3448,-2.0,-249.0,-52.0,-101.0,313.0,-7.0,-40.0,-959.0,-131.0,2
3449,-4.0,-248.0,-50.0,-94.0,312.0,-9.0,-41.0,-958.0,-132.0,2
3450,-6.0,-250.0,-54.0,-92.0,313.0,-14.0,-47.0,-957.0,-134.0,2
3451,-9.0,-249.0,-55.0,-89.0,315.0,-17.0,-61.0,-956.0,-140.0,2
3452,-10.0,-247.0,-55.0,-86.0,317.0,-19.0,-67.0,-961.0,-143.0,2
3453,-12.0,-246.0,-58.0,-90.0,320.0,-18.0,-67.0,-955.0,-152.0,2
3454,-12.0,-249.0,-57.0,-96.0,326.0,-19.0,-77.0,-951.0,-161.0,2
3455,-12.0,-247.0,-59.0,-105.0,331.0,-17.0,-81.0,-951.0,-167.0,2
3456,-11.0,-246.0,-62.0,-113.0,335.0,-18.0,-79.0,-955.0,-171.0,2
3457,-12.0,-248.0,-60.0,-123.0,339.0,-14.0,-78.0,-957.0,-172.0,2
3458,-10.0,-252.0,-60.0,-132.0,350.0,-14.0,-75.0,-961.0,-173.0,2
3459,-10.0,-250.0,-55.0,-144.0,364.0,-10.0,-71.0,-968.0,-148.0,2
3460,-12.0,-255.0,-52.0,-139.0,372.0,-9.0,-61.0,-977.0,-134.0,2
3461,-4.0,-252.0,-51.0,-122.0,379.0,-8.0,-44.0,-995.0,-123.0,2
3462,1.0,-258.0,-49.0,-99.0,384.0,-10.0,-32.0,-993.0,-123.0,2
3463,5.0,-255.0,-52.0,-80.0,391.0,-12.0,-9.0,-979.0,-127.0,2
3464,9.0,-254.0,-51.0,-65.0,398.0,-19.0,2.0,-968.0,-135.0,2
3465,8.0,-253.0,-56.0,-60.0,406.0,-24.0,2.0,-968.0,-142.0,2
3466,7.0,-252.0,-56.0,-59.0,413.0,-32.0,-1.0,-967.0,-154.0,2
3467,5.0,-253.0,-57.0,-59.0,418.0,-34.0,-6.0,-964.0,-160.0,2
3468,4.0,-251.0,-57.0,-60.0,424.0,-41.0,-17.0,-961.0,-165.0,2
3469,2.0,-252.0,-59.0,-61.0,432.0,-43.0,-25.0,-968.0,-165.0,2
3470,-2.0,-252.0,-59.0,-59.0,440.0,-46.0,-36.0,-975.0,-157.0,2
3471,-1.0,-255.0,-54.0,-53.0,449.0,-48.0,-43.0,-980.0,-140.0,2
3472,-6.0,-260.0,-50.0,-41.0,455.0,-50.0,-51.0,-1011.0,-120.0,2
3473,-8.0,-261.0,-42.0,-24.0,466.0,-51.0,-54.0,-1018.0,-106.0,2
3474,-6.0,-266.0,-40.0,-1.0,477.0,-55.0,-49.0,-1027.0,-80.0,2
3475,-4.0,-270.0,-38.0,30.0,489.0,-51.0,-40.0,-1035.0,-68.0,2
3476,3.0,-270.0,-39.0,63.0,507.0,-46.0,-26.0,-1046.0,-66.0,2
3477,4.0,-269.0,-37.0,91.0,532.0,-36.0,-18.0,-1046.0,-60.0,2
3478,6.0,-270.0,-38.0,112.0,565.0,-32.0,-5.0,-1051.0,-70.0,2
3479,11.0,-271.0,-35.0,123.0,597.0,-18.0,9.0,-1057.0,-70.0,2
3480,15.0,-274.0,-37.0,127.0,626.0,-1.0,23.0,-1072.0,-79.0,2
3481,18.0,-274.0,-35.0,123.0,658.0,14.0,38.0,-1073.0,-66.0,2
3482,22.0,-277.0,-35.0,123.0,684.0,29.0,43.0,-1083.0,-62.0,2
3483,20.0,-280.0,-31.0,125.0,705.0,45.0,47.0,-1087.0,-48.0,2
3484,19.0,-276.0,-26.0,133.0,724.0,55.0,40.0,-1072.0,-33.0,2
3485,12.0,-274.0,-23.0,158.0,745.0,66.0,25.0,-1061.0,-25.0,2
3486,12.0,-267.0,-22.0,180.0,759.0,74.0,17.0,-1049.0,-26.0,2
3487,12.0,-264.0,-22.0,195.0,775.0,83.0,14.0,-1027.0,-29.0,2
3488,7.0,-256.0,-27.0,207.0,792.0,83.0,2.0,-1006.0,-32.0,2
3489,1.0,-248.0,-30.0,212.0,806.0,85.0,-14.0,-972.0,-34.0,2
3490,-2.0,-240.0,-38.0,208.0,811.0,84.0,-25.0,-944.0,-66.0,2
3491,-4.0,-236.0,-44.0,192.0,823.0,89.0,-40.0,-921.0,-98.0,2
3492,-9.0,-231.0,-51.0,154.0,840.0,92.0,-64.0,-902.0,-124.0,2
3493,-8.0,-229.0,-54.0,111.0,861.0,99.0,-61.0,-891.0,-141.0,2
3494,-12.0,-227.0,-56.0,66.0,875.0,99.0,-83.0,-896.0,-146.0,2
3495,-18.0,-235.0,-54.0,20.0,883.0,98.0,-107.0,-908.0,-143.0,2
3496,-25.0,-237.0,-49.0,-18.0,880.0,94.0,-131.0,-923.0,-137.0,2
3497,-31.0,-246.0,-52.0,-43.0,867.0,94.0,-147.0,-943.0,-139.0,2
3498,-34.0,-251.0,-47.0,-57.0,843.0,90.0,-162.0,-961.0,-138.0,2
3499,-37.0,-255.0,-55.0,-62.0,817.0,85.0,-167.0,-987.0,-142.0,2
3500,-36.0,-261.0,-52.0,-65.0,790.0,75.0,-171.0,-1011.0,-144.0,2
3501,-36.0,-265.0,-53.0,-68.0,760.0,65.0,-172.0,-1030.0,-139.0,2
3502,-41.0,-265.0,-54.0,-66.0,717.0,51.0,-178.0,-1050.0,-145.0,2
3503,-42.0,-269.0,-60.0,-68.0,678.0,42.0,-192.0,-1052.0,-164.0,2
3504,-47.0,-274.0,-65.0,-78.0,636.0,34.0,-204.0,-1061.0,-187.0,2
3505,-48.0,-277.0,-72.0,-100.0,599.0,32.0,-210.0,-1075.0,-220.0,2
3506,-50.0,-284.0,-79.0,-133.0,563.0,27.0,-219.0,-1100.0,-250.0,2
3507,-53.0,-291.0,-84.0,-167.0,526.0,27.0,-235.0,-1124.0,-269.0,2
3508,-52.0,-300.0,-90.0,-192.0,488.0,27.0,-236.0,-1150.0,-290.0,2
3509,-55.0,-304.0,-91.0,-200.0,446.0,33.0,-235.0,-1174.0,-288.0,2
3510,-50.0,-311.0,-88.0,-186.0,401.0,44.0,-238.0,-1196.0,-288.0,2
3511,-51.0,-313.0,-88.0,-153.0,358.0,63.0,-236.0,-1208.0,-290.0,2
3512,-50.0,-318.0,-90.0,-116.0,318.0,86.0,-230.0,-1215.0,-275.0,2
3513,-47.0,-319.0,-83.0,-68.0,256.0,107.0,-212.0,-1222.0,-270.0,2
3514,-41.0,-318.0,-83.0,-30.0,195.0,120.0,-196.0,-1218.0,-266.0,2
3515,-35.0,-313.0,-78.0,8.0,137.0,137.0,-170.0,-1210.0,-255.0,2
3516,-29.0,-310.0,-81.0,50.0,87.0,145.0,-131.0,-1181.0,-248.0,2
3517,-20.0,-301.0,-85.0,103.0,51.0,150.0,-112.0,-1155.0,-253.0,2
3518,-13.0,-288.0,-83.0,145.0,36.0,145.0,-99.0,-1127.0,-260.0,2
3519,-12.0,-277.0,-79.0,187.0,36.0,142.0,-78.0,-1080.0,-253.0,2
3520,-9.0,-265.0,-80.0,221.0,32.0,130.0,-54.0,-1041.0,-241.0,2
3521,-1.0,-255.0,-72.0,245.0,24.0,117.0,-34.0,-988.0,-226.0,2
3522,7.0,-248.0,-75.0,259.0,19.0,97.0,-6.0,-957.0,-234.0,2
3523,10.0,-238.0,-80.0,254.0,26.0,74.0,15.0,-925.0,-239.0,2
3524,15.0,-236.0,-76.0,232.0,40.0,48.0,25.0,-908.0,-230.0,2
3525,17.0,-230.0,-77.0,211.0,53.0,23.0,40.0,-902.0,-236.0,2
3526,20.0,-227.0,-78.0,190.0,65.0,-7.0,47.0,-886.0,-238.0,2
3527,18.0,-231.0,-78.0,169.0,75.0,-30.0,56.0,-885.0,-242.0,2
3528,22.0,-228.0,-80.0,150.0,89.0,-59.0,52.0,-884.0,-247.0,2
3529,24.0,-227.0,-79.0,138.0,105.0,-82.0,59.0,-892.0,-246.0,2
3530,22.0,-229.0,-82.0,129.0,120.0,-110.0,53.0,-893.0,-237.0,2
3531,18.0,-233.0,-74.0,125.0,137.0,-132.0,46.0,-896.0,-225.0,2
3532,15.0,-232.0,-67.0,126.0,144.0,-157.0,24.0,-901.0,-222.0,2
3533,6.0,-230.0,-72.0,131.0,143.0,-176.0,2.0,-904.0,-219.0,2
3534,1.0,-231.0,-69.0,133.0,129.0,-195.0,-17.0,-902.0,-213.0,2
3535,-5.0,-232.0,-70.0,133.0,117.0,-202.0,-47.0,-900.0,-216.0,2
3536,-11.0,-226.0,-77.0,130.0,109.0,-205.0,-67.0,-888.0,-228.0,2
3537,-14.0,-226.0,-73.0,119.0,99.0,-196.0,-79.0,-886.0,-231.0,2
3538,-18.0,-224.0,-75.0,104.0,90.0,-189.0,-95.0,-885.0,-232.0,2
3539,-22.0,-226.0,-76.0,84.0,82.0,-171.0,-111.0,-879.0,-244.0,2
3540,-23.0,-227.0,-78.0,66.0,67.0,-156.0,-123.0,-878.0,-246.0,2
3541,-31.0,-225.0,-80.0,46.0,42.0,-137.0,-136.0,-879.0,-245.0,2
3542,-30.0,-227.0,-76.0,27.0,13.0,-122.0,-143.0,-876.0,-247.0,2
3543,-31.0,-225.0,-77.0,20.0,-20.0,-102.0,-138.0,-880.0,-235.0,2
3544,-29.0,-225.0,-69.0,19.0,-52.0,-89.0,-129.0,-880.0,-230.0,2
3545,-16.0,-224.0,-74.0,35.0,-74.0,-72.0,-107.0,-877.0,-237.0,2
3546,-12.0,-223.0,-72.0,46.0,-85.0,-67.0,-87.0,-880.0,-234.0,2
3547,-5.0,-224.0,-73.0,54.0,-99.0,-61.0,-54.0,-884.0,-231.0,2
3548,-2.0,-227.0,-76.0,56.0,-111.0,-60.0,-20.0,-884.0,-244.0,2
3549,7.0,-226.0,-85.0,53.0,-119.0,-59.0,-2.0,-881.0,-268.0,2
3550,11.0,-226.0,-92.0,45.0,-111.0,-64.0,11.0,-879.0,-287.0,2
3551,14.0,-226.0,-95.0,42.0,-94.0,-64.0,21.0,-878.0,-300.0,2
3552,16.0,-225.0,-97.0,41.0,-76.0,-68.0,42.0,-874.0,-311.0,2
3553,24.0,-225.0,-99.0,38.0,-62.0,-70.0,60.0,-874.0,-322.0,2
3554,25.0,-220.0,-101.0,27.0,-58.0,-79.0,67.0,-867.0,-326.0,2
3555,27.0,-222.0,-102.0,16.0,-57.0,-83.0,73.0,-866.0,-329.0,2
3556,24.0,-221.0,-103.0,2.0,-57.0,-88.0,71.0,-862.0,-327.0,2
3557,30.0,-221.0,-101.0,-6.0,-48.0,-83.0,76.0,-864.0,-336.0,2
3558,28.0,-221.0,-99.0,-16.0,-29.0,-85.0,78.0,-864.0,-340.0,2
3559,29.0,-218.0,-104.0,-25.0,-3.0,-78.0,75.0,-865.0,-326.0,2
3560,28.0,-220.0,-94.0,-32.0,23.0,-72.0,89.0,-864.0,-318.0,2
3561,33.0,-223.0,-92.0,-36.0,44.0,-62.0,83.0,-866.0,-294.0,2
3562,33.0,-225.0,-87.0,-42.0,59.0,-56.0,86.0,-879.0,-282.0,2
3563,32.0,-229.0,-86.0,-48.0,69.0,-46.0,97.0,-883.0,-264.0,2
3564,31.0,-228.0,-87.0,-53.0,76.0,-42.0,100.0,-900.0,-264.0,2
3565,35.0,-235.0,-81.0,-58.0,80.0,-34.0,104.0,-915.0,-257.0,2
3566,36.0,-239.0,-81.0,-70.0,89.0,-29.0,113.0,-928.0,-251.0,2
3567,37.0,-248.0,-80.0,-71.0,95.0,-24.0,115.0,-964.0,-255.0,2
3568,38.0,-256.0,-87.0,-74.0,103.0,-26.0,115.0,-988.0,-272.0,2
3569,41.0,-259.0,-81.0,-77.0,111.0,-21.0,123.0,-1006.0,-260.0,2
3570,39.0,-264.0,-84.0,-70.0,112.0,-25.0,120.0,-1029.0,-258.0,2
3571,35.0,-271.0,-82.0,-52.0,106.0,-30.0,109.0,-1049.0,-258.0,2
3572,35.0,-272.0,-89.0,-39.0,96.0,-40.0,106.0,-1073.0,-272.0,2
3573,37.0,-276.0,-81.0,-33.0,90.0,-46.0,111.0,-1078.0,-270.0,2
3574,37.0,-277.0,-80.0,-29.0,91.0,-61.0,112.0,-1089.0,-250.0,2
3575,38.0,-277.0,-77.0,-16.0,88.0,-75.0,101.0,-1076.0,-233.0,2
3576,30.0,-275.0,-72.0,5.0,82.0,-99.0,88.0,-1074.0,-220.0,2
3577,30.0,-269.0,-73.0,36.0,87.0,-112.0,78.0,-1050.0,-216.0,2
3578,26.0,-265.0,-71.0,62.0,96.0,-126.0,64.0,-1038.0,-217.0,2
3579,22.0,-265.0,-70.0,81.0,108.0,-140.0,52.0,-1026.0,-218.0,2
3580,17.0,-261.0,-71.0,88.0,115.0,-157.0,38.0,-1015.0,-219.0,2
3581,10.0,-256.0,-67.0,91.0,107.0,-168.0,20.0,-1006.0,-209.0,2
3582,11.0,-256.0,-74.0,95.0,94.0,-187.0,9.0,-992.0,-221.0,2
3583,4.0,-251.0,-69.0,89.0,85.0,-197.0,-6.0,-986.0,-215.0,2
3584,13.0,-254.0,-84.0,84.0,73.0,-207.0,-15.0,-992.0,-206.0,2
3585,2.0,-252.0,-68.0,79.0,62.0,-214.0,-10.0,-988.0,-205.0,2
3586,4.0,-256.0,-67.0,76.0,52.0,-226.0,-10.0,-981.0,-195.0,2
3587,4.0,-254.0,-67.0,80.0,41.0,-237.0,-7.0,-985.0,-187.0,2
3588,6.0,-254.0,-60.0,85.0,33.0,-252.0,-8.0,-974.0,-184.0,2
3589,5.0,-251.0,-66.0,90.0,26.0,-259.0,0.0,-969.0,-184.0,2
3590,10.0,-249.0,-63.0,92.0,18.0,-268.0,5.0,-953.0,-190.0,2
3591,11.0,-244.0,-65.0,92.0,9.0,-267.0,16.0,-946.0,-197.0,2
3592,15.0,-242.0,-70.0,86.0,-1.0,-273.0,31.0,-932.0,-203.0,2
3593,17.0,-239.0,-74.0,80.0,-10.0,-272.0,40.0,-924.0,-205.0,2
3594,18.0,-236.0,-66.0,74.0,-17.0,-276.0,44.0,-915.0,-204.0,2
3595,21.0,-232.0,-69.0,70.0,-22.0,-272.0,52.0,-909.0,-212.0,2
3596,24.0,-235.0,-71.0,61.0,-25.0,-267.0,68.0,-902.0,-218.0,2
3597,25.0,-227.0,-72.0,52.0,-28.0,-258.0,85.0,-898.0,-223.0,2
3598,31.0,-228.0,-77.0,32.0,-31.0,-259.0,93.0,-897.0,-237.0,2
3599,32.0,-228.0,-72.0,13.0,-32.0,-255.0,101.0,-889.0,-214.0,2
3600,33.0,-226.0,-68.0,4.0,-28.0,-256.0,92.0,-879.0,-212.0,2
3601,29.0,-224.0,-74.0,-7.0,-23.0,-247.0,93.0,-882.0,-217.0,2
3602,32.0,-225.0,-68.0,-26.0,-20.0,-243.0,95.0,-884.0,-204.0,2
3603,32.0,-225.0,-66.0,-44.0,-14.0,-235.0,105.0,-889.0,-198.0,2
3604,32.0,-225.0,-66.0,-61.0,-10.0,-233.0,103.0,-894.0,-185.0,2
3605,32.0,-235.0,-60.0,-72.0,-9.0,-228.0,105.0,-900.0,-174.0,2
3606,30.0,-232.0,-60.0,-79.0,-11.0,-228.0,101.0,-910.0,-169.0,2
3607,35.0,-237.0,-60.0,-83.0,-12.0,-224.0,109.0,-918.0,-172.0,2
3608,34.0,-236.0,-62.0,-91.0,-8.0,-222.0,104.0,-918.0,-172.0,2
3609,35.0,-238.0,-61.0,-100.0,-4.0,-219.0,106.0,-923.0,-178.0,2
3610,30.0,-236.0,-57.0,-107.0,7.0,-217.0,97.0,-924.0,-173.0,2
3611,29.0,-239.0,-63.0,-114.0,13.0,-211.0,89.0,-926.0,-184.0,2
3612,25.0,-240.0,-65.0,-126.0,19.0,-209.0,71.0,-923.0,-183.0,2
3613,25.0,-238.0,-66.0,-140.0,25.0,-197.0,61.0,-924.0,-186.0,2
3614,23.0,-240.0,-64.0,-150.0,29.0,-191.0,59.0,-926.0,-179.0,2
3615,22.0,-241.0,-63.0,-157.0,24.0,-181.0,59.0,-937.0,-186.0,2
3616,21.0,-243.0,-61.0,-168.0,20.0,-179.0,60.0,-945.0,-190.0,2
3617,22.0,-246.0,-61.0,-176.0,20.0,-171.0,58.0,-947.0,-183.0,2
3618,21.0,-247.0,-63.0,-173.0,20.0,-165.0,52.0,-945.0,-175.0,2
3619,21.0,-244.0,-63.0,-165.0,25.0,-149.0,53.0,-942.0,-185.0,2
3620,25.0,-245.0,-62.0,-154.0,32.0,-139.0,58.0,-933.0,-192.0,2
3621,24.0,-239.0,-71.0,-152.0,43.0,-124.0,63.0,-924.0,-197.0,2
3622,24.0,-235.0,-67.0,-154.0,51.0,-115.0,67.0,-915.0,-189.0,2
3623,26.0,-235.0,-61.0,-153.0,56.0,-104.0,73.0,-908.0,-186.0,2
3624,26.0,-229.0,-63.0,-150.0,57.0,-98.0,79.0,-903.0,-179.0,2
3625,31.0,-233.0,-64.0,-151.0,59.0,-89.0,83.0,-900.0,-181.0,2
3626,29.0,-231.0,-64.0,-160.0,60.0,-87.0,84.0,-899.0,-183.0,2
3627,25.0,-229.0,-66.0,-175.0,58.0,-76.0,74.0,-900.0,-189.0,2
3628,27.0,-233.0,-64.0,-189.0,53.0,-69.0,78.0,-909.0,-185.0,2
3629,23.0,-235.0,-64.0,-203.0,48.0,-59.0,75.0,-920.0,-185.0,2
3630,28.0,-241.0,-64.0,-216.0,45.0,-54.0,77.0,-935.0,-183.0,2
3631,27.0,-241.0,-58.0,-221.0,44.0,-45.0,79.0,-943.0,-168.0,2
3632,27.0,-247.0,-60.0,-220.0,43.0,-40.0,77.0,-952.0,-162.0,2
3633,27.0,-251.0,-57.0,-210.0,41.0,-29.0,82.0,-966.0,-155.0,2
3634,27.0,-253.0,-57.0,-198.0,39.0,-27.0,78.0,-980.0,-157.0,2
3635,28.0,-257.0,-59.0,-189.0,36.0,-22.0,81.0,-999.0,-166.0,2
3636,28.0,-259.0,-57.0,-183.0,35.0,-24.0,82.0,-1008.0,-160.0,2
3637,30.0,-261.0,-59.0,-176.0,32.0,-24.0,75.0,-1015.0,-165.0,2
3638,25.0,-261.0,-60.0,-165.0,28.0,-27.0,72.0,-1020.0,-165.0,2
3639,29.0,-262.0,-61.0,-146.0,28.0,-24.0,75.0,-1022.0,-176.0,2
3640,28.0,-261.0,-63.0,-124.0,32.0,-24.0,79.0,-1023.0,-181.0,2
3641,28.0,-259.0,-63.0,-103.0,46.0,-20.0,78.0,-1006.0,-188.0,2
3642,27.0,-259.0,-65.0,-94.0,60.0,-21.0,81.0,-1001.0,-190.0,2
3643,28.0,-253.0,-64.0,-90.0,72.0,-19.0,89.0,-981.0,-189.0,2
3644,33.0,-250.0,-66.0,-91.0,81.0,-22.0,87.0,-972.0,-191.0,2
3645,26.0,-247.0,-63.0,-95.0,88.0,-19.0,79.0,-957.0,-188.0,2
3646,28.0,-249.0,-64.0,-94.0,92.0,-21.0,75.0,-953.0,-184.0,2
3647,23.0,-244.0,-61.0,-94.0,92.0,-17.0,67.0,-946.0,-180.0,2
3648,23.0,-245.0,-60.0,-96.0,87.0,-18.0,57.0,-943.0,-168.0,2
3649,18.0,-242.0,-61.0,-93.0,80.0,-16.0,46.0,-944.0,-168.0,2
3650,16.0,-241.0,-56.0,-93.0,63.0,-18.0,35.0,-937.0,-159.0,2
3651,12.0,-248.0,-53.0,-91.0,39.0,-16.0,22.0,-939.0,-149.0,2
3652,10.0,-247.0,-51.0,-86.0,19.0,-19.0,19.0,-951.0,-145.0,2
3653,13.0,-246.0,-56.0,-83.0,-2.0,-12.0,14.0,-947.0,-142.0,2
3654,10.0,-243.0,-53.0,-81.0,-19.0,-9.0,23.0,-947.0,-140.0,2
3655,12.0,-246.0,-52.0,-79.0,-30.0,-1.0,23.0,-951.0,-136.0,2
3656,14.0,-248.0,-56.0,-78.0,-39.0,0.0,28.0,-952.0,-136.0,2
3657,15.0,-249.0,-51.0,-76.0,-54.0,4.0,31.0,-961.0,-143.0,2
3658,17.0,-252.0,-50.0,-74.0,-70.0,2.0,36.0,-966.0,-134.0,2
3659,16.0,-253.0,-54.0,-72.0,-89.0,2.0,41.0,-976.0,-130.0,2
3660,15.0,-254.0,-49.0,-69.0,-109.0,-3.0,40.0,-985.0,-125.0,2
3661,19.0,-259.0,-43.0,-64.0,-129.0,-4.0,42.0,-992.0,-122.0,2
3662,18.0,-256.0,-50.0,-55.0,-144.0,-10.0,49.0,-998.0,-119.0,2
3663,19.0,-258.0,-50.0,-48.0,-155.0,-10.0,45.0,-996.0,-126.0,2
3664,21.0,-255.0,-54.0,-40.0,-162.0,-13.0,57.0,-996.0,-131.0,2
3665,23.0,-257.0,-55.0,-32.0,-167.0,-11.0,57.0,-994.0,-140.0,2
3666,25.0,-258.0,-56.0,-22.0,-168.0,-13.0,56.0,-992.0,-147.0,2
3667,20.0,-251.0,-57.0,-15.0,-169.0,-8.0,57.0,-975.0,-146.0,2
3668,20.0,-251.0,-59.0,-5.0,-177.0,-9.0,55.0,-974.0,-154.0,2
3669,20.0,-249.0,-55.0,3.0,-187.0,-6.0,41.0,-970.0,-152.0,2
3670,15.0,-251.0,-56.0,6.0,-198.0,-8.0,35.0,-968.0,-149.0,2
3671,16.0,-251.0,-55.0,8.0,-213.0,-5.0,26.0,-963.0,-147.0,2
3672,14.0,-248.0,-54.0,6.0,-233.0,-5.0,24.0,-958.0,-138.0,2
3673,9.0,-249.0,-50.0,9.0,-249.0,-3.0,21.0,-958.0,-129.0,2
3674,12.0,-246.0,-52.0,11.0,-265.0,-6.0,12.0,-961.0,-126.0,2
3675,8.0,-249.0,-47.0,12.0,-281.0,-4.0,6.0,-953.0,-127.0,2
3676,7.0,-247.0,-51.0,11.0,-296.0,-8.0,6.0,-957.0,-122.0,2
3677,10.0,-246.0,-49.0,8.0,-306.0,-5.0,13.0,-958.0,-115.0,2
3678,10.0,-248.0,-47.0,4.0,-316.0,-8.0,15.0,-963.0,-119.0,2
3679,14.0,-250.0,-51.0,-1.0,-329.0,-6.0,24.0,-970.0,-111.0,2
3680,17.0,-255.0,-48.0,-4.0,-343.0,-10.0,40.0,-978.0,-113.0,2
3681,24.0,-256.0,-47.0,4.0,-350.0,-10.0,55.0,-978.0,-106.0,2
3682,19.0,-257.0,-44.0,20.0,-353.0,-17.0,51.0,-993.0,-101.0,2
3683,23.0,-257.0,-49.0,44.0,-360.0,-19.0,57.0,-987.0,-119.0,2
3684,26.0,-256.0,-49.0,57.0,-367.0,-26.0,63.0,-996.0,-119.0,2
3685,29.0,-253.0,-47.0,64.0,-380.0,-30.0,70.0,-976.0,-119.0,2
3686,26.0,-251.0,-48.0,65.0,-395.0,-38.0,81.0,-966.0,-113.0,2
3687,29.0,-248.0,-45.0,62.0,-410.0,-40.0,81.0,-967.0,-108.0,2
3688,33.0,-245.0,-47.0,58.0,-415.0,-44.0,91.0,-954.0,-113.0,2
3689,30.0,-246.0,-45.0,53.0,-419.0,-37.0,94.0,-955.0,-117.0,2
3690,26.0,-244.0,-49.0,46.0,-421.0,-34.0,86.0,-949.0,-117.0,2
3691,24.0,-246.0,-49.0,36.0,-423.0,-24.0,79.0,-950.0,-119.0,2
3692,25.0,-244.0,-53.0,26.0,-427.0,-18.0,72.0,-952.0,-124.0,2
3693,27.0,-246.0,-49.0,20.0,-435.0,-3.0,74.0,-953.0,-111.0,2
3694,26.0,-247.0,-50.0,23.0,-444.0,3.0,74.0,-954.0,-121.0,2
3695,23.0,-248.0,-43.0,27.0,-451.0,9.0,70.0,-958.0,-116.0,2
3696,26.0,-247.0,-48.0,27.0,-457.0,11.0,63.0,-954.0,-113.0,2
3697,23.0,-242.0,-48.0,25.0,-465.0,17.0,61.0,-948.0,-112.0,2
3698,21.0,-242.0,-49.0,27.0,-473.0,18.0,62.0,-943.0,-117.0,2
3699,23.0,-244.0,-49.0,21.0,-480.0,22.0,66.0,-936.0,-125.0,2
3700,25.0,-243.0,-54.0,10.0,-483.0,20.0,74.0,-935.0,-137.0,2
3701,29.0,-243.0,-58.0,-9.0,-482.0,20.0,86.0,-940.0,-165.0,2
3702,29.0,-245.0,-64.0,-43.0,-476.0,12.0,83.0,-955.0,-186.0,2
3703,29.0,-250.0,-67.0,-81.0,-471.0,4.0,83.0,-978.0,-200.0,2
3704,29.0,-262.0,-63.0,-119.0,-475.0,-8.0,77.0,-1013.0,-193.0,2
3705,27.0,-269.0,-63.0,-135.0,-483.0,-16.0,78.0,-1043.0,-186.0,2
3706,32.0,-276.0,-64.0,-131.0,-496.0,-30.0,92.0,-1070.0,-163.0,2
3707,36.0,-282.0,-61.0,-115.0,-505.0,-41.0,107.0,-1088.0,-165.0,2
3708,41.0,-282.0,-60.0,-91.0,-507.0,-59.0,129.0,-1098.0,-169.0,2
3709,42.0,-283.0,-64.0,-67.0,-501.0,-75.0,132.0,-1092.0,-182.0,2
3710,44.0,-277.0,-71.0,-44.0,-493.0,-93.0,127.0,-1084.0,-199.0,2
3711,42.0,-276.0,-70.0,-25.0,-484.0,-106.0,118.0,-1074.0,-211.0,2
3712,38.0,-274.0,-71.0,-15.0,-478.0,-117.0,110.0,-1072.0,-234.0,2
3713,28.0,-266.0,-69.0,-7.0,-476.0,-123.0,88.0,-1046.0,-214.0,2
3714,27.0,-263.0,-74.0,13.0,-465.0,-126.0,77.0,-1029.0,-219.0,2
3715,26.0,-261.0,-73.0,20.0,-454.0,-123.0,63.0,-1028.0,-222.0,2
3716,21.0,-261.0,-77.0,12.0,-446.0,-115.0,55.0,-1027.0,-245.0,2
3717,15.0,-263.0,-80.0,2.0,-447.0,-104.0,23.0,-1026.0,-250.0,2
3718,11.0,-268.0,-77.0,-4.0,-456.0,-94.0,11.0,-1037.0,-256.0,2
3719,5.0,-266.0,-80.0,-2.0,-466.0,-82.0,9.0,-1049.0,-244.0,2
3720,9.0,-273.0,-76.0,7.0,-476.0,-75.0,2.0,-1072.0,-241.0,2
3721,7.0,-280.0,-75.0,20.0,-475.0,-67.0,-2.0,-1085.0,-237.0,2
3722,8.0,-281.0,-75.0,31.0,-471.0,-61.0,2.0,-1092.0,-220.0,2
3723,12.0,-282.0,-71.0,42.0,-466.0,-54.0,11.0,-1093.0,-221.0,2
3724,17.0,-281.0,-74.0,51.0,-461.0,-50.0,28.0,-1096.0,-221.0,2
3725,21.0,-275.0,-79.0,55.0,-449.0,-48.0,56.0,-1087.0,-237.0,2
3726,28.0,-270.0,-82.0,47.0,-432.0,-52.0,78.0,-1076.0,-263.0,2
3727,33.0,-272.0,-90.0,30.0,-411.0,-58.0,95.0,-1071.0,-276.0,2
3728,36.0,-271.0,-86.0,14.0,-391.0,-76.0,105.0,-1065.0,-280.0,2
3729,36.0,-272.0,-85.0,9.0,-382.0,-96.0,108.0,-1066.0,-270.0,2
3730,36.0,-271.0,-77.0,9.0,-386.0,-120.0,108.0,-1060.0,-246.0,2
3731,37.0,-270.0,-72.0,14.0,-394.0,-138.0,102.0,-1052.0,-212.0,2
3732,37.0,-268.0,-62.0,26.0,-401.0,-157.0,110.0,-1042.0,-172.0,2
3733,41.0,-263.0,-56.0,38.0,-403.0,-167.0,118.0,-1027.0,-152.0,2
3734,43.0,-262.0,-48.0,52.0,-398.0,-182.0,126.0,-1013.0,-136.0,2
3735,42.0,-255.0,-52.0,69.0,-387.0,-187.0,125.0,-1000.0,-130.0,2
3736,39.0,-250.0,-53.0,98.0,-363.0,-193.0,126.0,-966.0,-136.0,2
3737,40.0,-244.0,-59.0,119.0,-341.0,-188.0,110.0,-947.0,-147.0,2
3738,36.0,-240.0,-57.0,131.0,-327.0,-185.0,110.0,-926.0,-147.0,2
3739,35.0,-238.0,-60.0,137.0,-318.0,-174.0,103.0,-914.0,-157.0,2
3740,34.0,-230.0,-58.0,132.0,-317.0,-164.0,104.0,-901.0,-159.0,2
3741,34.0,-230.0,-59.0,122.0,-324.0,-151.0,99.0,-893.0,-156.0,2
3742,30.0,-225.0,-58.0,113.0,-331.0,-142.0,94.0,-881.0,-160.0,2
3743,28.0,-224.0,-58.0,100.0,-341.0,-127.0,80.0,-879.0,-155.0,2
3744,24.0,-223.0,-57.0,86.0,-352.0,-111.0,68.0,-872.0,-156.0,2
3745,21.0,-224.0,-56.0,74.0,-362.0,-93.0,63.0,-875.0,-147.0,2
3746,20.0,-226.0,-54.0,65.0,-372.0,-70.0,57.0,-888.0,-145.0,2
3747,20.0,-228.0,-55.0,58.0,-374.0,-50.0,55.0,-897.0,-149.0,2
3748,21.0,-233.0,-57.0,50.0,-374.0,-37.0,46.0,-906.0,-145.0,2
3749,20.0,-240.0,-55.0,44.0,-374.0,-24.0,39.0,-926.0,-146.0,2
3750,19.0,-241.0,-54.0,39.0,-372.0,-15.0,48.0,-939.0,-142.0,2
3751,22.0,-247.0,-53.0,36.0,-368.0,-4.0,49.0,-958.0,-144.0,2
3752,22.0,-251.0,-54.0,38.0,-362.0,-5.0,54.0,-970.0,-145.0,2
3753,27.0,-251.0,-58.0,44.0,-353.0,-4.0,63.0,-989.0,-149.0,2
3754,31.0,-258.0,-54.0,46.0,-344.0,-12.0,75.0,-999.0,-146.0,2
3755,30.0,-255.0,-55.0,51.0,-330.0,-18.0,92.0,-999.0,-158.0,2
3756,38.0,-254.0,-59.0,54.0,-311.0,-32.0,105.0,-991.0,-163.0,2
3757,42.0,-257.0,-57.0,58.0,-283.0,-42.0,123.0,-987.0,-166.0,2
3758,43.0,-253.0,-61.0,64.0,-253.0,-59.0,134.0,-980.0,-169.0,2
3759,44.0,-252.0,-60.0,71.0,-226.0,-72.0,132.0,-972.0,-172.0,2
3760,45.0,-249.0,-59.0,79.0,-199.0,-87.0,141.0,-963.0,-165.0,2
3761,40.0,-244.0,-62.0,83.0,-174.0,-99.0,129.0,-950.0,-172.0,2
3762,41.0,-243.0,-61.0,89.0,-147.0,-109.0,132.0,-935.0,-169.0,2
3763,43.0,-241.0,-64.0,95.0,-128.0,-112.0,134.0,-935.0,-172.0,2
3764,38.0,-238.0,-63.0,94.0,-110.0,-115.0,115.0,-923.0,-185.0,2
3765,35.0,-235.0,-65.0,93.0,-95.0,-106.0,107.0,-913.0,-188.0,2
3766,31.0,-238.0,-68.0,91.0,-84.0,-97.0,94.0,-915.0,-194.0,2
3767,28.0,-235.0,-70.0,89.0,-79.0,-77.0,83.0,-913.0,-202.0,2
3768,25.0,-235.0,-70.0,89.0,-80.0,-60.0,71.0,-912.0,-210.0,2
3769,22.0,-238.0,-71.0,88.0,-83.0,-38.0,59.0,-912.0,-220.0,2
3770,17.0,-235.0,-75.0,88.0,-88.0,-15.0,49.0,-916.0,-227.0,2
3771,16.0,-240.0,-79.0,88.0,-89.0,13.0,28.0,-919.0,-224.0,2
3772,13.0,-240.0,-80.0,90.0,-89.0,40.0,20.0,-925.0,-239.0,2
3773,14.0,-240.0,-80.0,89.0,-90.0,66.0,24.0,-925.0,-255.0,2
3774,14.0,-243.0,-86.0,84.0,-99.0,88.0,24.0,-936.0,-271.0,2
3775,16.0,-241.0,-89.0,81.0,-106.0,108.0,35.0,-932.0,-276.0,2
3776,19.0,-244.0,-90.0,77.0,-108.0,123.0,50.0,-934.0,-280.0,2
3777,22.0,-243.0,-88.0,78.0,-96.0,139.0,56.0,-941.0,-283.0,2
3778,27.0,-245.0,-90.0,83.0,-71.0,142.0,68.0,-945.0,-285.0,2
3779,25.0,-245.0,-91.0,89.0,-48.0,147.0,74.0,-944.0,-287.0,2
3780,24.0,-242.0,-87.0,96.0,-26.0,144.0,75.0,-940.0,-283.0,2
3781,24.0,-244.0,-91.0,99.0,-7.0,139.0,68.0,-939.0,-290.0,2
3782,23.0,-239.0,-89.0,100.0,4.0,129.0,69.0,-932.0,-289.0,2
3783,26.0,-240.0,-94.0,99.0,9.0,122.0,71.0,-922.0,-292.0,2
3784,23.0,-239.0,-95.0,101.0,16.0,110.0,73.0,-921.0,-301.0,2
3785,19.0,-233.0,-93.0,106.0,32.0,101.0,57.0,-908.0,-315.0,2
3786,21.0,-232.0,-101.0,113.0,47.0,92.0,46.0,-899.0,-329.0,2
3787,17.0,-229.0,-103.0,119.0,55.0,86.0,36.0,-892.0,-340.0,2
3788,14.0,-226.0,-106.0,127.0,57.0,77.0,20.0,-876.0,-355.0,2
3789,6.0,-222.0,-112.0,123.0,54.0,75.0,1.0,-870.0,-363.0,2
3790,0.0,-219.0,-107.0,109.0,50.0,69.0,-24.0,-859.0,-360.0,2
3791,-8.0,-219.0,-107.0,85.0,39.0,68.0,-45.0,-855.0,-358.0,2
3792,-8.0,-217.0,-102.0,62.0,21.0,66.0,-61.0,-855.0,-343.0,2
3793,-13.0,-218.0,-98.0,42.0,4.0,66.0,-67.0,-854.0,-336.0,2
3794,-14.0,-222.0,-98.0,23.0,-11.0,65.0,-96.0,-860.0,-322.0,2
3795,-19.0,-221.0,-95.0,3.0,-18.0,70.0,-108.0,-866.0,-316.0,2
3796,-19.0,-227.0,-91.0,-12.0,-27.0,77.0,-115.0,-877.0,-296.0,2
3797,-26.0,-228.0,-92.0,-16.0,-37.0,84.0,-124.0,-883.0,-292.0,2
3798,-29.0,-233.0,-92.0,-13.0,-44.0,93.0,-127.0,-899.0,-297.0,2
3799,-31.0,-237.0,-88.0,-11.0,-60.0,101.0,-142.0,-918.0,-304.0,2
3800,-31.0,-240.0,-90.0,-15.0,-69.0,108.0,-145.0,-940.0,-300.0,2
3801,-29.0,-248.0,-92.0,-29.0,-80.0,117.0,-144.0,-952.0,-291.0,2
3802,-28.0,-252.0,-84.0,-41.0,-98.0,124.0,-136.0,-972.0,-274.0,2
3803,-27.0,-254.0,-79.0,-46.0,-115.0,127.0,-126.0,-983.0,-263.0,2
3804,-22.0,-257.0,-82.0,-43.0,-124.0,128.0,-113.0,-998.0,-253.0,2
3805,-20.0,-260.0,-78.0,-35.0,-122.0,131.0,-102.0,-1006.0,-250.0,2
3806,-12.0,-261.0,-76.0,-28.0,-115.0,132.0,-87.0,-1011.0,-246.0,2
3807,-8.0,-263.0,-80.0,-29.0,-105.0,135.0,-66.0,-1020.0,-240.0,2
3808,-7.0,-263.0,-72.0,-36.0,-90.0,136.0,-55.0,-1030.0,-235.0,2
3809,-3.0,-264.0,-73.0,-44.0,-73.0,138.0,-37.0,-1038.0,-219.0,2
3810,1.0,-270.0,-66.0,-42.0,-60.0,138.0,-21.0,-1043.0,-203.0,2
3811,9.0,-271.0,-72.0,-27.0,-43.0,144.0,-5.0,-1056.0,-205.0,2
3812,13.0,-273.0,-72.0,-7.0,-27.0,148.0,10.0,-1069.0,-205.0,2
3813,22.0,-273.0,-67.0,14.0,-8.0,157.0,37.0,-1057.0,-200.0,2
3814,17.0,-271.0,-72.0,42.0,14.0,160.0,47.0,-1051.0,-209.0,2
3815,18.0,-266.0,-65.0,61.0,38.0,167.0,37.0,-1042.0,-203.0,2
3816,18.0,-266.0,-65.0,77.0,61.0,176.0,45.0,-1037.0,-202.0,2
3817,19.0,-265.0,-65.0,94.0,85.0,193.0,43.0,-1032.0,-186.0,2
3818,19.0,-261.0,-68.0,116.0,116.0,207.0,42.0,-1029.0,-187.0,2
3819,20.0,-261.0,-62.0,126.0,139.0,224.0,41.0,-1022.0,-187.0,2
3820,15.0,-259.0,-66.0,128.0,155.0,237.0,34.0,-1015.0,-183.0,2
3821,18.0,-260.0,-62.0,126.0,167.0,253.0,32.0,-1008.0,-166.0,2
3822,18.0,-260.0,-55.0,133.0,183.0,260.0,38.0,-1008.0,-157.0,2
3823,15.0,-258.0,-58.0,146.0,206.0,265.0,35.0,-1000.0,-155.0,2
3824,11.0,-255.0,-56.0,151.0,226.0,267.0,18.0,-991.0,-162.0,2
3825,6.0,-254.0,-57.0,156.0,243.0,275.0,5.0,-983.0,-167.0,2
3826,7.0,-252.0,-58.0,163.0,252.0,282.0,-5.0,-976.0,-163.0,2
3827,7.0,-249.0,-57.0,171.0,258.0,287.0,-12.0,-966.0,-160.0,2
3828,1.0,-246.0,-59.0,176.0,260.0,289.0,-16.0,-953.0,-163.0,2
3829,2.0,-245.0,-58.0,174.0,261.0,291.0,-21.0,-939.0,-142.0,2
3830,-1.0,-240.0,-54.0,176.0,270.0,289.0,-24.0,-930.0,-142.0,2
3831,-4.0,-242.0,-52.0,175.0,277.0,288.0,-36.0,-928.0,-146.0,2
3832,-2.0,-237.0,-54.0,163.0,284.0,284.0,-37.0,-917.0,-151.0,2
3833,-4.0,-235.0,-56.0,141.0,292.0,282.0,-37.0,-908.0,-149.0,2
3834,-5.0,-235.0,-56.0,121.0,300.0,277.0,-41.0,-905.0,-151.0,2
3835,-5.0,-235.0,-53.0,104.0,305.0,273.0,-46.0,-900.0,-152.0,2
3836,-5.0,-233.0,-59.0,89.0,309.0,266.0,-52.0,-896.0,-163.0,2
3837,-6.0,-230.0,-59.0,68.0,311.0,257.0,-55.0,-893.0,-166.0,2
3838,-9.0,-230.0,-56.0,53.0,307.0,245.0,-61.0,-879.0,-144.0,2
3839,-11.0,-223.0,-54.0,46.0,305.0,236.0,-68.0,-879.0,-146.0,2
3840,-12.0,-225.0,-57.0,39.0,301.0,220.0,-71.0,-876.0,-151.0,2
3841,-12.0,-227.0,-55.0,17.0,293.0,211.0,-79.0,-876.0,-150.0,2
3842,-10.0,-230.0,-54.0,-6.0,298.0,201.0,-73.0,-883.0,-140.0,2
3843,-11.0,-231.0,-51.0,-21.0,305.0,195.0,-76.0,-891.0,-138.0,2
3844,-12.0,-233.0,-55.0,-33.0,312.0,190.0,-71.0,-904.0,-126.0,2
3845,-9.0,-237.0,-50.0,-41.0,320.0,182.0,-70.0,-911.0,-126.0,2
3846,-9.0,-239.0,-49.0,-54.0,322.0,174.0,-66.0,-912.0,-133.0,2
3847,-11.0,-237.0,-53.0,-63.0,315.0,168.0,-62.0,-915.0,-130.0,2
3848,-9.0,-241.0,-55.0,-70.0,307.0,162.0,-61.0,-923.0,-128.0,2
3849,-10.0,-240.0,-52.0,-74.0,297.0,154.0,-53.0,-929.0,-128.0,2
3850,-8.0,-245.0,-51.0,-69.0,288.0,145.0,-60.0,-937.0,-129.0,2
3851,-10.0,-242.0,-55.0,-62.0,276.0,136.0,-63.0,-943.0,-137.0,2
3852,-9.0,-241.0,-53.0,-55.0,268.0,130.0,-63.0,-939.0,-135.0,2
3853,-12.0,-244.0,-52.0,-56.0,261.0,125.0,-62.0,-937.0,-137.0,2
3854,-8.0,-244.0,-53.0,-62.0,258.0,121.0,-62.0,-929.0,-145.0,2
3855,-7.0,-245.0,-51.0,-73.0,257.0,117.0,-55.0,-936.0,-132.0,2
3856,-5.0,-246.0,-54.0,-78.0,259.0,111.0,-59.0,-943.0,-136.0,2
3857,-7.0,-244.0,-52.0,-81.0,260.0,103.0,-53.0,-944.0,-136.0,2
3858,-8.0,-245.0,-52.0,-81.0,259.0,95.0,-55.0,-951.0,-137.0,2
3859,-6.0,-247.0,-48.0,-78.0,255.0,88.0,-53.0,-944.0,-132.0,2
3860,-8.0,-244.0,-47.0,-73.0,254.0,80.0,-52.0,-952.0,-126.0,2
3861,-5.0,-244.0,-51.0,-67.0,252.0,70.0,-57.0,-943.0,-121.0,2
3862,-7.0,-243.0,-49.0,-58.0,255.0,60.0,-51.0,-945.0,-120.0,2
3863,-7.0,-244.0,-45.0,-54.0,260.0,52.0,-53.0,-934.0,-107.0,2
3864,-4.0,-244.0,-43.0,-49.0,271.0,44.0,-53.0,-930.0,-103.0,2
3865,-5.0,-244.0,-44.0,-44.0,286.0,36.0,-47.0,-925.0,-98.0,2
3866,-5.0,-240.0,-45.0,-42.0,300.0,27.0,-50.0,-919.0,-106.0,2
3867,-4.0,-237.0,-45.0,-47.0,311.0,19.0,-51.0,-918.0,-113.0,2
3868,-3.0,-239.0,-52.0,-55.0,323.0,14.0,-42.0,-917.0,-123.0,2
3869,-2.0,-240.0,-52.0,-68.0,337.0,8.0,-36.0,-922.0,-123.0,2
3870,-1.0,-239.0,-50.0,-82.0,350.0,1.0,-37.0,-929.0,-123.0,2
3871,-4.0,-244.0,-47.0,-93.0,357.0,-8.0,-35.0,-933.0,-117.0,2
3872,-1.0,-247.0,-49.0,-100.0,362.0,-16.0,-30.0,-948.0,-111.0,2
3873,-3.0,-248.0,-43.0,-106.0,366.0,-23.0,-33.0,-962.0,-107.0,2
3874,-3.0,-249.0,-46.0,-108.0,369.0,-30.0,-36.0,-968.0,-103.0,2
3875,0.0,-255.0,-43.0,-106.0,372.0,-33.0,-31.0,-973.0,-101.0,2
3876,-3.0,-253.0,-44.0,-98.0,374.0,-37.0,-32.0,-978.0,-103.0,2
3877,-3.0,-253.0,-47.0,-91.0,373.0,-42.0,-28.0,-977.0,-106.0,2
3878,-7.0,-253.0,-50.0,-88.0,370.0,-46.0,-38.0,-977.0,-125.0,2
3879,-8.0,-256.0,-48.0,-90.0,361.0,-51.0,-72.0,-979.0,-131.0,2
3880,-13.0,-256.0,-53.0,-97.0,353.0,-54.0,-88.0,-978.0,-135.0,2
3881,-19.0,-255.0,-56.0,-102.0,343.0,-53.0,-103.0,-978.0,-153.0,2
3882,-21.0,-256.0,-54.0,-111.0,336.0,-52.0,-113.0,-988.0,-157.0,2
3883,-25.0,-258.0,-56.0,-117.0,329.0,-46.0,-122.0,-991.0,-156.0,2
3884,-21.0,-257.0,-58.0,-122.0,323.0,-39.0,-124.0,-995.0,-155.0,2
3885,-23.0,-258.0,-58.0,-127.0,319.0,-30.0,-119.0,-1000.0,-154.0,2
3886,-17.0,-259.0,-53.0,-131.0,316.0,-21.0,-103.0,-1007.0,-144.0,2
3887,-13.0,-259.0,-49.0,-133.0,319.0,-11.0,-99.0,-1003.0,-128.0,2
3888,-10.0,-262.0,-50.0,-131.0,323.0,-1.0,-81.0,-1003.0,-116.0,2
3889,-8.0,-260.0,-49.0,-129.0,330.0,5.0,-64.0,-1006.0,-105.0,2
3890,-8.0,-259.0,-42.0,-125.0,338.0,9.0,-56.0,-1011.0,-90.0,2
3891,-8.0,-260.0,-43.0,-117.0,344.0,11.0,-44.0,-1010.0,-89.0,2
3892,-4.0,-259.0,-43.0,-104.0,350.0,12.0,-35.0,-1012.0,-93.0,2
3893,1.0,-262.0,-45.0,-95.0,355.0,13.0,-25.0,-1014.0,-100.0,2
3894,0.0,-261.0,-46.0,-82.0,363.0,12.0,-20.0,-1015.0,-111.0,2
3895,3.0,-261.0,-50.0,-74.0,372.0,10.0,-19.0,-1017.0,-115.0,2
3896,4.0,-261.0,-48.0,-63.0,381.0,5.0,-19.0,-1015.0,-118.0,2
3897,1.0,-262.0,-45.0,-48.0,390.0,-1.0,-23.0,-1013.0,-116.0,2
3898,2.0,-259.0,-48.0,-29.0,396.0,-5.0,-24.0,-1020.0,-112.0,2
3899,2.0,-260.0,-50.0,-10.0,405.0,-11.0,-27.0,-1014.0,-99.0,2
3900,-1.0,-261.0,-42.0,12.0,417.0,-15.0,-29.0,-1022.0,-88.0,2
3901,-2.0,-261.0,-39.0,35.0,433.0,-19.0,-32.0,-1016.0,-83.0,2
3902,-2.0,-260.0,-36.0,58.0,450.0,-22.0,-26.0,-1013.0,-75.0,2
3903,6.0,-264.0,-37.0,77.0,469.0,-20.0,-15.0,-1025.0,-66.0,2
3904,7.0,-261.0,-33.0,88.0,491.0,-19.0,-3.0,-1017.0,-65.0,2
3905,9.0,-260.0,-32.0,95.0,505.0,-16.0,7.0,-1017.0,-52.0,2
3906,12.0,-262.0,-37.0,103.0,521.0,-10.0,12.0,-1025.0,-55.0,2
3907,15.0,-265.0,-32.0,114.0,545.0,-5.0,28.0,-1026.0,-48.0,2
3908,19.0,-265.0,-29.0,122.0,569.0,0.0,27.0,-1027.0,-51.0,2
3909,18.0,-265.0,-31.0,136.0,596.0,5.0,33.0,-1036.0,-53.0,2
3910,16.0,-264.0,-36.0,145.0,625.0,11.0,28.0,-1039.0,-52.0,2
3911,13.0,-264.0,-35.0,154.0,655.0,23.0,22.0,-1038.0,-68.0,2
3912,13.0,-262.0,-31.0,161.0,680.0,37.0,13.0,-1022.0,-48.0,2
3913,12.0,-263.0,-33.0,172.0,700.0,49.0,8.0,-1022.0,-48.0,2
3914,3.0,-257.0,-37.0,176.0,716.0,58.0,-10.0,-1010.0,-56.0,2
3915,0.0,-255.0,-30.0,174.0,728.0,70.0,-25.0,-995.0,-52.0,2
3916,-5.0,-253.0,-29.0,170.0,732.0,79.0,-43.0,-968.0,-56.0,2
3917,-10.0,-250.0,-34.0,165.0,733.0,88.0,-68.0,-953.0,-51.0,2
3918,-13.0,-244.0,-35.0,160.0,731.0,95.0,-96.0,-930.0,-58.0,2
3919,-19.0,-237.0,-30.0,147.0,726.0,98.0,-107.0,-917.0,-51.0,2
3920,-23.0,-233.0,-30.0,136.0,718.0,99.0,-118.0,-907.0,-53.0,2
3921,-26.0,-231.0,-33.0,127.0,709.0,98.0,-133.0,-895.0,-53.0,2
3922,-30.0,-231.0,-38.0,116.0,698.0,96.0,-146.0,-893.0,-84.0,2
3923,-34.0,-232.0,-47.0,91.0,691.0,93.0,-166.0,-895.0,-102.0,2
3924,-39.0,-235.0,-45.0,51.0,683.0,91.0,-174.0,-906.0,-122.0,2
3925,-39.0,-237.0,-47.0,8.0,668.0,83.0,-184.0,-917.0,-122.0,2
3926,-43.0,-246.0,-49.0,-19.0,639.0,76.0,-198.0,-945.0,-120.0,2
3927,-45.0,-254.0,-47.0,-33.0,619.0,66.0,-200.0,-974.0,-118.0,2
3928,-41.0,-263.0,-42.0,-35.0,601.0,57.0,-189.0,-1009.0,-106.0,2
3929,-44.0,-269.0,-43.0,-21.0,570.0,43.0,-203.0,-1029.0,-118.0,2
3930,-42.0,-271.0,-48.0,-3.0,535.0,33.0,-201.0,-1046.0,-122.0,2
3931,-43.0,-267.0,-49.0,14.0,499.0,28.0,-190.0,-1044.0,-130.0,2
3932,-40.0,-267.0,-56.0,35.0,464.0,24.0,-177.0,-1034.0,-150.0,2
3933,-33.0,-261.0,-60.0,53.0,435.0,20.0,-171.0,-1027.0,-172.0,2
3934,-32.0,-258.0,-66.0,55.0,409.0,18.0,-147.0,-1004.0,-198.0,2
3935,-29.0,-252.0,-63.0,41.0,391.0,13.0,-135.0,-971.0,-193.0,2
3936,-21.0,-247.0,-70.0,27.0,366.0,15.0,-117.0,-951.0,-201.0,2
3937,-17.0,-243.0,-74.0,0.0,353.0,17.0,-104.0,-944.0,-223.0,2
3938,-15.0,-243.0,-74.0,-35.0,346.0,18.0,-76.0,-949.0,-227.0,2
3939,-9.0,-249.0,-76.0,-79.0,338.0,21.0,-61.0,-966.0,-230.0,2
3940,-7.0,-254.0,-74.0,-123.0,329.0,23.0,-53.0,-1003.0,-230.0,2
3941,-2.0,-253.0,-89.0,-163.0,321.0,23.0,-51.0,-1033.0,-225.0,2
3942,-7.0,-278.0,-78.0,-191.0,311.0,23.0,-50.0,-1060.0,-224.0,2
3943,-10.0,-284.0,-74.0,-206.0,299.0,22.0,-51.0,-1100.0,-228.0,2
3944,-8.0,-297.0,-75.0,-209.0,280.0,19.0,-59.0,-1146.0,-233.0,2
3945,-9.0,-301.0,-79.0,-197.0,262.0,14.0,-68.0,-1165.0,-241.0,2
3946,-11.0,-308.0,-77.0,-171.0,247.0,13.0,-80.0,-1185.0,-249.0,2
3947,-11.0,-310.0,-76.0,-135.0,233.0,12.0,-80.0,-1196.0,-245.0,2
3948,-12.0,-308.0,-72.0,-85.0,218.0,16.0,-86.0,-1193.0,-225.0,2
3949,-15.0,-309.0,-66.0,-44.0,194.0,22.0,-80.0,-1181.0,-213.0,2
3950,-12.0,-302.0,-66.0,-6.0,162.0,28.0,-77.0,-1163.0,-194.0,2
3951,-12.0,-292.0,-66.0,24.0,136.0,22.0,-73.0,-1138.0,-183.0,2
3952,-12.0,-284.0,-64.0,49.0,116.0,12.0,-78.0,-1105.0,-183.0,2
3953,-13.0,-278.0,-64.0,68.0,95.0,-1.0,-85.0,-1076.0,-183.0,2
3954,-13.0,-269.0,-68.0,79.0,78.0,-9.0,-96.0,-1051.0,-202.0,2
3955,-14.0,-258.0,-71.0,76.0,72.0,-13.0,-99.0,-1019.0,-210.0,2
3956,-17.0,-256.0,-71.0,70.0,70.0,-11.0,-102.0,-1000.0,-232.0,2
3957,-20.0,-253.0,-77.0,63.0,70.0,-13.0,-104.0,-978.0,-246.0,2
3958,-15.0,-252.0,-77.0,58.0,70.0,-9.0,-95.0,-974.0,-237.0,2
3959,-12.0,-253.0,-70.0,51.0,67.0,-11.0,-73.0,-973.0,-220.0,2
3960,-9.0,-251.0,-71.0,56.0,59.0,-18.0,-56.0,-972.0,-201.0,2
3961,-7.0,-252.0,-61.0,59.0,45.0,-30.0,-51.0,-969.0,-183.0,2
3962,-3.0,-248.0,-60.0,60.0,32.0,-42.0,-30.0,-961.0,-172.0,2
3963,3.0,-248.0,-59.0,60.0,20.0,-57.0,-21.0,-951.0,-169.0,2
3964,5.0,-244.0,-58.0,58.0,12.0,-68.0,-12.0,-946.0,-167.0,2
3965,7.0,-244.0,-60.0,57.0,9.0,-81.0,2.0,-940.0,-168.0,2
3966,11.0,-241.0,-60.0,54.0,6.0,-90.0,9.0,-937.0,-168.0,2
3967,12.0,-242.0,-57.0,47.0,2.0,-98.0,15.0,-935.0,-174.0,2
3968,11.0,-243.0,-62.0,34.0,-4.0,-105.0,19.0,-936.0,-171.0,2
3969,13.0,-246.0,-64.0,21.0,-8.0,-109.0,18.0,-932.0,-174.0,2
3970,13.0,-243.0,-58.0,10.0,-8.0,-113.0,22.0,-929.0,-174.0,2
3971,11.0,-242.0,-61.0,1.0,-9.0,-118.0,17.0,-924.0,-171.0,2
3972,11.0,-240.0,-61.0,-7.0,-10.0,-119.0,12.0,-925.0,-178.0,2
3973,12.0,-236.0,-62.0,-11.0,-14.0,-119.0,12.0,-917.0,-183.0,2
3974,9.0,-234.0,-65.0,-15.0,-13.0,-118.0,13.0,-911.0,-190.0,2
3975,12.0,-235.0,-67.0,-21.0,-8.0,-118.0,10.0,-904.0,-201.0,2
3976,11.0,-233.0,-71.0,-36.0,-1.0,-113.0,13.0,-898.0,-210.0,2
3977,12.0,-228.0,-78.0,-57.0,7.0,-113.0,14.0,-891.0,-220.0,2
3978,14.0,-229.0,-74.0,-78.0,13.0,-110.0,19.0,-885.0,-221.0,2
3979,14.0,-230.0,-71.0,-102.0,20.0,-112.0,23.0,-892.0,-222.0,2
3980,14.0,-232.0,-69.0,-128.0,20.0,-112.0,26.0,-894.0,-215.0,2
3981,16.0,-229.0,-67.0,-144.0,22.0,-113.0,36.0,-897.0,-221.0,2
3982,19.0,-233.0,-76.0,-158.0,24.0,-112.0,40.0,-898.0,-229.0,2
3983,18.0,-230.0,-79.0,-175.0,38.0,-116.0,39.0,-896.0,-237.0,2
3984,19.0,-230.0,-73.0,-190.0,59.0,-115.0,43.0,-901.0,-248.0,2
3985,18.0,-231.0,-77.0,-200.0,81.0,-121.0,44.0,-897.0,-237.0,2
3986,19.0,-234.0,-75.0,-201.0,94.0,-125.0,45.0,-894.0,-236.0,2
3987,18.0,-231.0,-78.0,-200.0,105.0,-135.0,43.0,-894.0,-239.0,2
3988,15.0,-228.0,-81.0,-201.0,114.0,-137.0,35.0,-884.0,-248.0,2
3989,16.0,-224.0,-81.0,-203.0,125.0,-139.0,24.0,-878.0,-254.0,2
3990,14.0,-220.0,-83.0,-212.0,142.0,-137.0,25.0,-871.0,-268.0,2
3991,14.0,-223.0,-84.0,-224.0,154.0,-134.0,26.0,-861.0,-273.0,2
3992,14.0,-221.0,-91.0,-241.0,166.0,-128.0,25.0,-868.0,-276.0,2
3993,19.0,-222.0,-83.0,-259.0,178.0,-123.0,38.0,-870.0,-270.0,2
3994,18.0,-224.0,-82.0,-277.0,193.0,-114.0,43.0,-873.0,-262.0,2
3995,23.0,-225.0,-82.0,-287.0,208.0,-108.0,53.0,-880.0,-254.0,2
3996,21.0,-228.0,-77.0,-287.0,222.0,-96.0,59.0,-887.0,-241.0,2
3997,26.0,-230.0,-75.0,-280.0,234.0,-90.0,74.0,-899.0,-229.0,2
3998,33.0,-233.0,-71.0,-270.0,247.0,-79.0,94.0,-905.0,-221.0,2
3999,35.0,-234.0,-72.0,-260.0,257.0,-72.0,100.0,-917.0,-215.0,2
4000,36.0,-237.0,-74.0,-256.0,273.0,-62.0,110.0,-934.0,-228.0,2
4001,39.0,-243.0,-72.0,-271.0,286.0,-56.0,117.0,-949.0,-226.0,2
4002,40.0,-251.0,-69.0,-286.0,294.0,-49.0,110.0,-970.0,-221.0,2
4003,35.0,-260.0,-73.0,-288.0,292.0,-49.0,108.0,-1013.0,-222.0,2
4004,36.0,-265.0,-73.0,-284.0,283.0,-50.0,107.0,-1038.0,-213.0,2
4005,29.0,-269.0,-70.0,-272.0,272.0,-45.0,92.0,-1050.0,-217.0,2
4006,35.0,-272.0,-69.0,-252.0,267.0,-33.0,92.0,-1054.0,-216.0,2
4007,29.0,-272.0,-67.0,-226.0,267.0,-28.0,83.0,-1058.0,-203.0,2
4008,29.0,-272.0,-72.0,-194.0,267.0,-26.0,76.0,-1056.0,-203.0,2
4009,30.0,-273.0,-73.0,-167.0,271.0,-29.0,74.0,-1057.0,-215.0,2
4010,22.0,-266.0,-69.0,-154.0,275.0,-33.0,70.0,-1043.0,-217.0,2
4011,24.0,-262.0,-72.0,-150.0,287.0,-46.0,63.0,-1032.0,-207.0,2
4012,18.0,-262.0,-66.0,-151.0,284.0,-57.0,44.0,-1028.0,-193.0,2
4013,21.0,-261.0,-62.0,-143.0,269.0,-76.0,42.0,-1019.0,-170.0,2
4014,15.0,-260.0,-63.0,-137.0,252.0,-95.0,33.0,-1007.0,-183.0,2
4015,7.0,-259.0,-60.0,-136.0,243.0,-112.0,9.0,-1006.0,-168.0,2
4016,3.0,-260.0,-60.0,-133.0,237.0,-119.0,-8.0,-1002.0,-163.0,2
4017,5.0,-259.0,-55.0,-126.0,229.0,-128.0,-13.0,-1001.0,-162.0,2
4018,1.0,-257.0,-63.0,-115.0,216.0,-138.0,-11.0,-1011.0,-170.0,2
4019,1.0,-260.0,-58.0,-111.0,200.0,-154.0,-16.0,-1013.0,-171.0,2
4020,-1.0,-261.0,-60.0,-107.0,179.0,-165.0,-24.0,-1018.0,-174.0,2
4021,2.0,-261.0,-58.0,-101.0,149.0,-179.0,-24.0,-1015.0,-169.0,2
4022,5.0,-259.0,-61.0,-79.0,112.0,-184.0,-12.0,-1013.0,-170.0,2
4023,8.0,-258.0,-61.0,-53.0,88.0,-191.0,-3.0,-1002.0,-174.0,2
4024,14.0,-258.0,-61.0,-24.0,78.0,-197.0,21.0,-995.0,-185.0,2
4025,19.0,-254.0,-64.0,-4.0,75.0,-209.0,38.0,-977.0,-190.0,2
4026,19.0,-248.0,-66.0,5.0,73.0,-214.0,54.0,-965.0,-204.0,2
4027,24.0,-249.0,-69.0,5.0,65.0,-218.0,67.0,-954.0,-209.0,2
4028,28.0,-246.0,-73.0,2.0,52.0,-218.0,76.0,-946.0,-212.0,2
4029,26.0,-243.0,-70.0,-3.0,47.0,-221.0,85.0,-935.0,-212.0,2
4030,31.0,-240.0,-70.0,-6.0,49.0,-215.0,96.0,-930.0,-209.0,2
4031,32.0,-238.0,-65.0,-7.0,56.0,-215.0,94.0,-925.0,-197.0,2
4032,34.0,-236.0,-70.0,-1.0,61.0,-206.0,100.0,-915.0,-191.0,2
4033,37.0,-236.0,-63.0,2.0,65.0,-199.0,106.0,-913.0,-185.0,2
4034,37.0,-233.0,-62.0,-1.0,70.0,-192.0,113.0,-906.0,-177.0,2
4035,37.0,-231.0,-60.0,-4.0,76.0,-189.0,122.0,-899.0,-170.0,2
4036,40.0,-230.0,-62.0,-7.0,83.0,-181.0,116.0,-899.0,-170.0,2
4037,34.0,-229.0,-60.0,-11.0,92.0,-176.0,111.0,-887.0,-175.0,2
4038,34.0,-225.0,-62.0,-17.0,101.0,-166.0,101.0,-891.0,-183.0,2
4039,28.0,-229.0,-62.0,-29.0,111.0,-163.0,91.0,-891.0,-184.0,2
4040,29.0,-233.0,-58.0,-46.0,114.0,-159.0,94.0,-907.0,-186.0,2
4041,24.0,-235.0,-60.0,-63.0,108.0,-167.0,66.0,-908.0,-169.0,2
4042,16.0,-237.0,-61.0,-70.0,94.0,-163.0,42.0,-918.0,-165.0,2
4043,10.0,-239.0,-57.0,-68.0,81.0,-158.0,24.0,-923.0,-162.0,2
4044,11.0,-242.0,-59.0,-68.0,82.0,-140.0,17.0,-927.0,-162.0,2
4045,14.0,-242.0,-56.0,-64.0,84.0,-129.0,24.0,-928.0,-156.0,2
4046,12.0,-242.0,-57.0,-57.0,82.0,-120.0,22.0,-932.0,-166.0,2
4047,14.0,-244.0,-60.0,-54.0,72.0,-115.0,25.0,-935.0,-169.0,2
4048,13.0,-243.0,-59.0,-57.0,57.0,-104.0,21.0,-931.0,-169.0,2
4049,16.0,-245.0,-61.0,-56.0,48.0,-95.0,31.0,-933.0,-178.0,2
4050,18.0,-244.0,-62.0,-54.0,43.0,-83.0,43.0,-936.0,-187.0,2
4051,18.0,-241.0,-65.0,-52.0,40.0,-79.0,49.0,-938.0,-188.0,2
4052,23.0,-243.0,-63.0,-52.0,37.0,-68.0,48.0,-946.0,-185.0,2
4053,22.0,-243.0,-64.0,-49.0,33.0,-60.0,58.0,-941.0,-186.0,2
4054,23.0,-244.0,-64.0,-45.0,22.0,-53.0,67.0,-943.0,-192.0,2
4055,26.0,-244.0,-65.0,-37.0,11.0,-49.0,79.0,-935.0,-188.0,2
4056,31.0,-242.0,-62.0,-28.0,5.0,-42.0,93.0,-934.0,-179.0,2
4057,33.0,-242.0,-61.0,-17.0,1.0,-40.0,99.0,-923.0,-170.0,2
4058,33.0,-239.0,-60.0,-9.0,5.0,-32.0,100.0,-918.0,-169.0,2
4059,33.0,-234.0,-63.0,-7.0,7.0,-28.0,102.0,-916.0,-173.0,2
4060,34.0,-233.0,-65.0,-11.0,10.0,-20.0,103.0,-911.0,-177.0,2
4061,32.0,-237.0,-64.0,-20.0,13.0,-16.0,102.0,-908.0,-184.0,2
4062,32.0,-234.0,-70.0,-28.0,13.0,-7.0,98.0,-906.0,-185.0,2
4063,27.0,-233.0,-69.0,-34.0,7.0,-4.0,89.0,-906.0,-198.0,2
4064,29.0,-234.0,-66.0,-39.0,3.0,6.0,82.0,-909.0,-202.0,2
4065,26.0,-234.0,-61.0,-43.0,-2.0,14.0,68.0,-912.0,-202.0,2
4066,25.0,-237.0,-69.0,-44.0,-3.0,21.0,70.0,-914.0,-203.0,2
4067,24.0,-238.0,-65.0,-48.0,-3.0,24.0,64.0,-918.0,-198.0,2
4068,21.0,-238.0,-66.0,-53.0,-2.0,29.0,58.0,-925.0,-203.0,2
4069,19.0,-241.0,-67.0,-63.0,2.0,27.0,53.0,-931.0,-199.0,2
4070,17.0,-243.0,-66.0,-70.0,4.0,32.0,45.0,-936.0,-201.0,2
4071,17.0,-244.0,-61.0,-73.0,2.0,33.0,40.0,-948.0,-188.0,2
4072,17.0,-247.0,-65.0,-72.0,0.0,39.0,39.0,-954.0,-186.0,2
4073,17.0,-252.0,-64.0,-70.0,-3.0,38.0,35.0,-965.0,-184.0,2
4074,16.0,-252.0,-65.0,-67.0,-8.0,42.0,27.0,-967.0,-183.0,2
4075,15.0,-253.0,-63.0,-63.0,-23.0,38.0,26.0,-971.0,-183.0,2
4076,13.0,-252.0,-60.0,-54.0,-36.0,40.0,30.0,-975.0,-170.0,2
4077,16.0,-252.0,-61.0,-49.0,-49.0,36.0,32.0,-971.0,-171.0,2
4078,16.0,-252.0,-58.0,-46.0,-58.0,38.0,31.0,-971.0,-170.0,2
4079,18.0,-254.0,-57.0,-43.0,-63.0,37.0,36.0,-970.0,-168.0,2
4080,18.0,-251.0,-61.0,-40.0,-67.0,41.0,45.0,-971.0,-167.0,2
4081,19.0,-251.0,-60.0,-38.0,-68.0,36.0,50.0,-967.0,-163.0,2
4082,15.0,-249.0,-62.0,-35.0,-69.0,32.0,36.0,-970.0,-167.0,2
4083,17.0,-251.0,-59.0,-36.0,-74.0,21.0,43.0,-976.0,-168.0,2
4084,17.0,-258.0,-53.0,-35.0,-85.0,15.0,43.0,-980.0,-158.0,2
4085,22.0,-256.0,-58.0,-32.0,-100.0,1.0,51.0,-988.0,-152.0,2
4086,20.0,-259.0,-55.0,-21.0,-116.0,-8.0,53.0,-991.0,-144.0,2
4087,17.0,-258.0,-48.0,-10.0,-133.0,-22.0,35.0,-1000.0,-130.0,2
4088,13.0,-257.0,-48.0,5.0,-154.0,-29.0,25.0,-996.0,-114.0,2
4089,8.0,-256.0,-44.0,19.0,-179.0,-41.0,15.0,-1000.0,-110.0,2
4090,8.0,-255.0,-43.0,30.0,-206.0,-44.0,8.0,-995.0,-91.0,2
4091,7.0,-256.0,-44.0,42.0,-232.0,-52.0,-2.0,-996.0,-96.0,2
4092,5.0,-255.0,-45.0,52.0,-257.0,-53.0,0.0,-981.0,-98.0,2
4093,6.0,-255.0,-45.0,65.0,-279.0,-57.0,2.0,-984.0,-103.0,2
4094,10.0,-257.0,-48.0,77.0,-301.0,-56.0,5.0,-989.0,-124.0,2
4095,9.0,-256.0,-51.0,88.0,-322.0,-58.0,7.0,-978.0,-124.0,2
4096,5.0,-254.0,-51.0,100.0,-340.0,-53.0,2.0,-983.0,-126.0,2
4097,3.0,-255.0,-49.0,113.0,-353.0,-57.0,-12.0,-987.0,-121.0,2
4098,3.0,-254.0,-45.0,119.0,-370.0,-54.0,-18.0,-987.0,-110.0,2
4099,0.0,-254.0,-45.0,128.0,-395.0,-56.0,-25.0,-983.0,-99.0,2
4100,-1.0,-251.0,-41.0,137.0,-422.0,-52.0,-25.0,-978.0,-93.0,2
4101,-1.0,-251.0,-42.0,139.0,-452.0,-51.0,-24.0,-972.0,-90.0,2
4102,2.0,-248.0,-43.0,139.0,-477.0,-45.0,-19.0,-964.0,-83.0,2
4103,-1.0,-248.0,-42.0,136.0,-501.0,-46.0,-17.0,-954.0,-88.0,2
4104,0.0,-248.0,-39.0,135.0,-521.0,-39.0,-14.0,-946.0,-91.0,2
4105,1.0,-246.0,-41.0,133.0,-540.0,-36.0,-9.0,-941.0,-98.0,2
4106,5.0,-244.0,-45.0,134.0,-553.0,-24.0,-3.0,-943.0,-101.0,2
4107,12.0,-246.0,-42.0,130.0,-569.0,-18.0,19.0,-945.0,-105.0,2
4108,15.0,-244.0,-46.0,131.0,-577.0,-10.0,25.0,-940.0,-98.0,2
4109,17.0,-244.0,-46.0,134.0,-581.0,-8.0,39.0,-938.0,-95.0,2
4110,19.0,-242.0,-42.0,133.0,-585.0,-4.0,54.0,-941.0,-98.0,2
4111,24.0,-241.0,-42.0,133.0,-588.0,-6.0,64.0,-940.0,-92.0,2
4112,25.0,-245.0,-39.0,136.0,-590.0,-6.0,75.0,-944.0,-90.0,2
4113,24.0,-244.0,-42.0,143.0,-592.0,-11.0,83.0,-944.0,-89.0,2
4114,30.0,-243.0,-43.0,151.0,-588.0,-10.0,96.0,-942.0,-85.0,2
4115,34.0,-244.0,-42.0,156.0,-584.0,-16.0,100.0,-936.0,-88.0,2
4116,31.0,-240.0,-40.0,157.0,-575.0,-16.0,94.0,-925.0,-94.0,2
4117,32.0,-239.0,-43.0,149.0,-560.0,-20.0,94.0,-931.0,-101.0,2
4118,32.0,-243.0,-46.0,132.0,-549.0,-21.0,88.0,-932.0,-105.0,2
4119,30.0,-241.0,-47.0,119.0,-540.0,-27.0,81.0,-937.0,-104.0,2
4120,24.0,-248.0,-49.0,102.0,-537.0,-27.0,72.0,-950.0,-117.0,2
4121,26.0,-246.0,-47.0,85.0,-537.0,-29.0,78.0,-955.0,-99.0,2
4122,29.0,-250.0,-43.0,82.0,-542.0,-28.0,81.0,-959.0,-92.0,2
4123,30.0,-250.0,-43.0,93.0,-545.0,-32.0,81.0,-962.0,-92.0,2
4124,28.0,-245.0,-46.0,102.0,-547.0,-28.0,85.0,-958.0,-92.0,2
4125,33.0,-248.0,-48.0,109.0,-549.0,-26.0,98.0,-952.0,-104.0,2
4126,38.0,-245.0,-47.0,103.0,-550.0,-24.0,115.0,-949.0,-122.0,2
4127,41.0,-243.0,-55.0,82.0,-551.0,-28.0,127.0,-947.0,-146.0,2
4128,44.0,-243.0,-60.0,45.0,-550.0,-34.0,138.0,-951.0,-175.0,2
4129,44.0,-247.0,-62.0,-13.0,-546.0,-43.0,137.0,-954.0,-190.0,2
4130,43.0,-257.0,-63.0,-57.0,-542.0,-47.0,137.0,-977.0,-186.0,2
4131,43.0,-261.0,-63.0,-93.0,-546.0,-54.0,137.0,-1015.0,-183.0,2
4132,41.0,-266.0,-58.0,-121.0,-551.0,-60.0,132.0,-1040.0,-170.0,2
4133,45.0,-277.0,-57.0,-140.0,-552.0,-69.0,133.0,-1071.0,-160.0,2
4134,43.0,-286.0,-60.0,-146.0,-545.0,-76.0,132.0,-1105.0,-167.0,2
4135,42.0,-293.0,-59.0,-138.0,-538.0,-95.0,135.0,-1130.0,-184.0,2
4136,45.0,-297.0,-66.0,-121.0,-533.0,-109.0,129.0,-1150.0,-188.0,2
4137,43.0,-299.0,-67.0,-92.0,-528.0,-135.0,125.0,-1156.0,-218.0,2
4138,43.0,-298.0,-71.0,-61.0,-524.0,-162.0,124.0,-1152.0,-216.0,2
4139,41.0,-297.0,-76.0,-21.0,-506.0,-184.0,124.0,-1149.0,-237.0,2
4140,38.0,-293.0,-87.0,0.0,-483.0,-204.0,116.0,-1140.0,-260.0,2
4141,39.0,-292.0,-91.0,5.0,-456.0,-228.0,104.0,-1133.0,-280.0,2
4142,35.0,-289.0,-91.0,-3.0,-426.0,-244.0,104.0,-1127.0,-300.0,2
4143,33.0,-290.0,-89.0,-14.0,-404.0,-265.0,94.0,-1128.0,-285.0,2
4144,31.0,-291.0,-87.0,-23.0,-389.0,-280.0,92.0,-1132.0,-284.0,2
4145,31.0,-293.0,-84.0,-26.0,-370.0,-295.0,90.0,-1135.0,-264.0,2
4146,34.0,-291.0,-79.0,-23.0,-345.0,-297.0,100.0,-1138.0,-254.0,2
4147,45.0,-295.0,-82.0,-12.0,-308.0,-299.0,129.0,-1142.0,-257.0,2
4148,54.0,-297.0,-86.0,-8.0,-265.0,-291.0,167.0,-1148.0,-269.0,2
4149,63.0,-297.0,-87.0,-14.0,-215.0,-285.0,199.0,-1161.0,-275.0,2
4150,61.0,-299.0,-84.0,-22.0,-174.0,-277.0,213.0,-1158.0,-267.0,2
4151,60.0,-299.0,-85.0,-9.0,-144.0,-267.0,213.0,-1165.0,-253.0,2
4152,55.0,-299.0,-72.0,18.0,-134.0,-251.0,192.0,-1165.0,-230.0,2
4153,45.0,-298.0,-63.0,56.0,-147.0,-233.0,155.0,-1147.0,-198.0,2
4154,37.0,-289.0,-58.0,105.0,-173.0,-195.0,117.0,-1129.0,-169.0,2
4155,31.0,-280.0,-56.0,150.0,-195.0,-153.0,103.0,-1095.0,-140.0,2
4156,29.0,-265.0,-52.0,192.0,-209.0,-94.0,81.0,-1039.0,-137.0,2
4157,25.0,-252.0,-57.0,219.0,-207.0,-37.0,77.0,-978.0,-148.0,2
4158,25.0,-241.0,-61.0,230.0,-205.0,22.0,69.0,-932.0,-170.0,2
4159,26.0,-230.0,-60.0,228.0,-207.0,73.0,65.0,-898.0,-182.0,2
4160,22.0,-221.0,-67.0,210.0,-228.0,104.0,58.0,-872.0,-199.0,2
4161,16.0,-215.0,-68.0,184.0,-257.0,121.0,32.0,-852.0,-209.0,2
4162,13.0,-215.0,-71.0,154.0,-288.0,140.0,20.0,-850.0,-215.0,2
4163,11.0,-217.0,-72.0,126.0,-312.0,152.0,14.0,-852.0,-218.0,2
4164,8.0,-222.0,-75.0,98.0,-325.0,170.0,11.0,-866.0,-225.0,2
4165,12.0,-227.0,-78.0,73.0,-328.0,182.0,15.0,-878.0,-241.0,2
4166,10.0,-232.0,-79.0,52.0,-323.0,197.0,17.0,-900.0,-258.0,2
4167,14.0,-240.0,-83.0,42.0,-315.0,202.0,24.0,-917.0,-259.0,2
4168,17.0,-245.0,-84.0,46.0,-304.0,204.0,26.0,-936.0,-273.0,2
4169,20.0,-246.0,-86.0,50.0,-286.0,202.0,35.0,-955.0,-279.0,2
4170,19.0,-248.0,-83.0,51.0,-261.0,205.0,44.0,-948.0,-282.0,2
4171,26.0,-250.0,-90.0,59.0,-238.0,203.0,70.0,-952.0,-278.0,2
4172,34.0,-245.0,-90.0,75.0,-213.0,198.0,82.0,-945.0,-277.0,2
4173,37.0,-239.0,-87.0,98.0,-182.0,182.0,108.0,-929.0,-283.0,2
4174,37.0,-236.0,-89.0,120.0,-147.0,170.0,114.0,-914.0,-291.0,2
4175,40.0,-227.0,-94.0,133.0,-112.0,152.0,111.0,-884.0,-301.0,2
4176,35.0,-219.0,-95.0,135.0,-84.0,139.0,101.0,-855.0,-306.0,2
4177,36.0,-212.0,-95.0,134.0,-65.0,120.0,105.0,-831.0,-307.0,2
4178,28.0,-204.0,-98.0,129.0,-50.0,109.0,94.0,-805.0,-314.0,2
4179,27.0,-197.0,-97.0,115.0,-33.0,92.0,83.0,-782.0,-321.0,2
4180,24.0,-195.0,-101.0,93.0,-18.0,78.0,71.0,-759.0,-327.0,2
4181,15.0,-189.0,-103.0,66.0,-17.0,52.0,49.0,-744.0,-334.0,2
4182,7.0,-189.0,-100.0,34.0,-22.0,36.0,10.0,-748.0,-327.0,2
4183,0.0,-192.0,-100.0,13.0,-33.0,13.0,-30.0,-741.0,-320.0,2
4184,-12.0,-192.0,-97.0,-1.0,-52.0,-1.0,-72.0,-743.0,-314.0,2
4185,-24.0,-196.0,-98.0,-21.0,-77.0,-15.0,-115.0,-773.0,-295.0,2
4186,-34.0,-202.0,-91.0,-41.0,-99.0,-20.0,-163.0,-796.0,-286.0,2
4187,-41.0,-211.0,-86.0,-66.0,-122.0,-20.0,-189.0,-829.0,-277.0,2
4188,-44.0,-223.0,-79.0,-87.0,-139.0,-10.0,-196.0,-860.0,-260.0,2
4189,-45.0,-235.0,-85.0,-101.0,-151.0,-5.0,-198.0,-903.0,-257.0,2
4190,-46.0,-245.0,-80.0,-111.0,-161.0,2.0,-215.0,-932.0,-256.0,2
4191,-48.0,-251.0,-84.0,-108.0,-175.0,12.0,-218.0,-977.0,-255.0,2
4192,-42.0,-263.0,-87.0,-96.0,-187.0,30.0,-199.0,-1019.0,-268.0,2
4193,-35.0,-271.0,-86.0,-81.0,-186.0,38.0,-167.0,-1045.0,-273.0,2
4194,-31.0,-273.0,-87.0,-66.0,-179.0,50.0,-160.0,-1059.0,-275.0,2
4195,-26.0,-278.0,-86.0,-50.0,-161.0,63.0,-143.0,-1084.0,-280.0,2
4196,-12.0,-281.0,-88.0,-33.0,-139.0,86.0,-87.0,-1100.0,-282.0,2
4197,0.0,-284.0,-87.0,-23.0,-114.0,101.0,-40.0,-1120.0,-269.0,2
4198,4.0,-290.0,-80.0,-20.0,-88.0,121.0,-12.0,-1129.0,-266.0,2
4199,10.0,-293.0,-77.0,-20.0,-60.0,138.0,16.0,-1139.0,-239.0,2
4200,18.0,-296.0,-71.0,-12.0,-36.0,157.0,37.0,-1137.0,-217.0,2
4201,26.0,-295.0,-68.0,15.0,-15.0,166.0,63.0,-1144.0,-200.0,2
4202,30.0,-294.0,-60.0,62.0,24.0,186.0,72.0,-1137.0,-182.0,2
4203,34.0,-291.0,-66.0,129.0,65.0,197.0,90.0,-1130.0,-183.0,2
4204,36.0,-286.0,-64.0,181.0,107.0,211.0,100.0,-1115.0,-191.0,2
4205,32.0,-282.0,-62.0,224.0,139.0,221.0,94.0,-1096.0,-188.0,2
4206,31.0,-273.0,-68.0,265.0,164.0,237.0,89.0,-1071.0,-189.0,2
4207,30.0,-268.0,-65.0,306.0,178.0,249.0,79.0,-1041.0,-193.0,2
4208,24.0,-259.0,-67.0,344.0,188.0,262.0,74.0,-1010.0,-195.0,2
4209,22.0,-253.0,-67.0,375.0,204.0,268.0,54.0,-973.0,-204.0,2
4210,16.0,-245.0,-70.0,388.0,224.0,276.0,30.0,-944.0,-206.0,2
4211,8.0,-236.0,-67.0,389.0,241.0,277.0,5.0,-920.0,-205.0,2
4212,4.0,-231.0,-64.0,383.0,252.0,280.0,-13.0,-900.0,-205.0,2
4213,-4.0,-226.0,-71.0,366.0,259.0,278.0,-30.0,-885.0,-203.0,2
4214,-4.0,-226.0,-71.0,343.0,266.0,282.0,-45.0,-874.0,-207.0,2
4215,-11.0,-222.0,-68.0,312.0,278.0,279.0,-62.0,-862.0,-205.0,2
4216,-13.0,-222.0,-71.0,276.0,288.0,281.0,-85.0,-863.0,-204.0,2
4217,-22.0,-225.0,-64.0,244.0,297.0,279.0,-109.0,-860.0,-200.0,2
4218,-21.0,-219.0,-61.0,218.0,305.0,280.0,-117.0,-855.0,-194.0,2
4219,-23.0,-219.0,-65.0,197.0,313.0,275.0,-119.0,-856.0,-186.0,2
4220,-23.0,-221.0,-64.0,178.0,318.0,274.0,-118.0,-856.0,-186.0,2
4221,-25.0,-219.0,-65.0,156.0,318.0,268.0,-120.0,-852.0,-182.0,2
4222,-24.0,-218.0,-59.0,130.0,315.0,267.0,-117.0,-855.0,-178.0,2
4223,-22.0,-219.0,-62.0,108.0,308.0,259.0,-109.0,-851.0,-171.0,2
4224,-19.0,-219.0,-59.0,87.0,303.0,253.0,-106.0,-854.0,-169.0,2
4225,-15.0,-220.0,-59.0,68.0,300.0,243.0,-97.0,-864.0,-171.0,2
4226,-14.0,-222.0,-57.0,45.0,296.0,241.0,-93.0,-865.0,-165.0,2
4227,-17.0,-224.0,-58.0,25.0,288.0,236.0,-99.0,-861.0,-162.0,2
4228,-13.0,-226.0,-58.0,7.0,278.0,233.0,-95.0,-877.0,-166.0,2
4229,-16.0,-229.0,-60.0,-13.0,269.0,229.0,-97.0,-884.0,-172.0,2
4230,-12.0,-232.0,-58.0,-33.0,264.0,228.0,-80.0,-899.0,-166.0,2
4231,-12.0,-232.0,-58.0,-49.0,262.0,224.0,-74.0,-903.0,-164.0,2
4232,-11.0,-236.0,-57.0,-57.0,263.0,222.0,-69.0,-907.0,-161.0,2
4233,-10.0,-239.0,-56.0,-60.0,264.0,212.0,-65.0,-916.0,-156.0,2
4234,-9.0,-241.0,-58.0,-62.0,264.0,206.0,-54.0,-930.0,-164.0,2
4235,-9.0,-244.0,-61.0,-64.0,262.0,192.0,-58.0,-932.0,-173.0,2
4236,-7.0,-244.0,-67.0,-65.0,257.0,181.0,-66.0,-942.0,-172.0,2
4237,-12.0,-245.0,-59.0,-63.0,249.0,169.0,-64.0,-946.0,-183.0,2
4238,-11.0,-242.0,-64.0,-67.0,244.0,160.0,-70.0,-943.0,-175.0,2
4239,-12.0,-245.0,-62.0,-70.0,241.0,152.0,-75.0,-944.0,-178.0,2
4240,-12.0,-243.0,-64.0,-74.0,240.0,146.0,-77.0,-939.0,-179.0,2
4241,-12.0,-243.0,-64.0,-75.0,242.0,137.0,-89.0,-938.0,-183.0,2
4242,-18.0,-244.0,-62.0,-74.0,246.0,130.0,-97.0,-939.0,-171.0,2
4243,-22.0,-243.0,-60.0,-70.0,248.0,122.0,-107.0,-934.0,-181.0,2
4244,-16.0,-244.0,-65.0,-59.0,252.0,116.0,-107.0,-938.0,-179.0,2
4245,-19.0,-244.0,-59.0,-48.0,257.0,107.0,-104.0,-940.0,-175.0,2
4246,-16.0,-242.0,-59.0,-40.0,262.0,102.0,-103.0,-938.0,-172.0,2
4247,-18.0,-244.0,-60.0,-34.0,269.0,95.0,-103.0,-939.0,-172.0,2
4248,-12.0,-246.0,-62.0,-29.0,275.0,88.0,-92.0,-934.0,-173.0,2
4249,-11.0,-245.0,-59.0,-26.0,280.0,76.0,-92.0,-939.0,-165.0,2
4250,-12.0,-245.0,-58.0,-23.0,286.0,72.0,-79.0,-946.0,-161.0,2
4251,-12.0,-244.0,-57.0,-22.0,291.0,65.0,-74.0,-940.0,-163.0,2
4252,-10.0,-244.0,-58.0,-23.0,293.0,63.0,-70.0,-939.0,-153.0,2
4253,-12.0,-243.0,-58.0,-26.0,294.0,58.0,-71.0,-940.0,-156.0,2
4254,-14.0,-242.0,-57.0,-30.0,295.0,56.0,-77.0,-944.0,-156.0,2
4255,-10.0,-242.0,-60.0,-36.0,295.0,52.0,-70.0,-943.0,-151.0,2
4256,-9.0,-242.0,-57.0,-41.0,292.0,53.0,-63.0,-934.0,-162.0,2
4257,-7.0,-242.0,-59.0,-51.0,289.0,51.0,-63.0,-931.0,-161.0,2
4258,-8.0,-240.0,-56.0,-62.0,294.0,53.0,-59.0,-927.0,-159.0,2
4259,-8.0,-239.0,-58.0,-70.0,304.0,48.0,-51.0,-925.0,-154.0,2
4260,-8.0,-241.0,-58.0,-76.0,312.0,47.0,-59.0,-928.0,-152.0,2
4261,-10.0,-242.0,-57.0,-85.0,315.0,37.0,-55.0,-927.0,-150.0,2
4262,-7.0,-243.0,-58.0,-93.0,317.0,32.0,-56.0,-932.0,-145.0,2
4263,-11.0,-240.0,-55.0,-100.0,320.0,26.0,-53.0,-943.0,-145.0,2
4264,-10.0,-245.0,-56.0,-104.0,324.0,22.0,-62.0,-945.0,-143.0,2
4265,-9.0,-249.0,-56.0,-109.0,325.0,12.0,-68.0,-949.0,-146.0,2
4266,-11.0,-248.0,-56.0,-113.0,323.0,8.0,-78.0,-954.0,-154.0,2
4267,-14.0,-249.0,-62.0,-113.0,321.0,0.0,-80.0,-955.0,-158.0,2
4268,-18.0,-251.0,-59.0,-112.0,320.0,-3.0,-99.0,-957.0,-161.0,2
4269,-20.0,-248.0,-58.0,-109.0,321.0,-6.0,-107.0,-956.0,-165.0,2
4270,-19.0,-250.0,-60.0,-109.0,323.0,-2.0,-107.0,-961.0,-173.0,2
4271,-19.0,-247.0,-64.0,-112.0,330.0,0.0,-104.0,-966.0,-176.0,2
4272,-18.0,-248.0,-60.0,-120.0,338.0,7.0,-102.0,-962.0,-170.0,2
4273,-15.0,-251.0,-57.0,-130.0,348.0,12.0,-96.0,-966.0,-167.0,2
4274,-14.0,-253.0,-53.0,-137.0,357.0,18.0,-90.0,-973.0,-150.0,2
4275,-11.0,-251.0,-52.0,-138.0,361.0,18.0,-77.0,-971.0,-132.0,2
4276,-12.0,-255.0,-51.0,-133.0,364.0,21.0,-77.0,-980.0,-128.0,2
4277,-11.0,-254.0,-43.0,-122.0,365.0,19.0,-78.0,-977.0,-125.0,2
4278,-11.0,-254.0,-47.0,-116.0,362.0,18.0,-75.0,-982.0,-127.0,2
4279,-12.0,-254.0,-51.0,-112.0,360.0,14.0,-78.0,-994.0,-127.0,2
4280,-12.0,-255.0,-55.0,-110.0,357.0,10.0,-76.0,-980.0,-125.0,2
4281,-12.0,-254.0,-49.0,-98.0,356.0,5.0,-82.0,-978.0,-119.0,2
4282,-12.0,-256.0,-54.0,-77.0,357.0,3.0,-75.0,-990.0,-135.0,2
4283,-9.0,-257.0,-55.0,-65.0,359.0,0.0,-69.0,-998.0,-139.0,2
4284,-12.0,-254.0,-56.0,-56.0,359.0,-6.0,-68.0,-993.0,-137.0,2
4285,-11.0,-256.0,-54.0,-52.0,362.0,-13.0,-86.0,-996.0,-135.0,2
4286,-15.0,-256.0,-50.0,-55.0,370.0,-16.0,-83.0,-979.0,-129.0,2
4287,-12.0,-255.0,-54.0,-53.0,373.0,-17.0,-82.0,-987.0,-125.0,2
4288,-11.0,-256.0,-53.0,-54.0,375.0,-19.0,-73.0,-982.0,-129.0,2
4289,-12.0,-254.0,-52.0,-59.0,378.0,-23.0,-78.0,-996.0,-129.0,2
4290,-11.0,-258.0,-47.0,-63.0,384.0,-23.0,-78.0,-998.0,-130.0,2
4291,-12.0,-260.0,-49.0,-65.0,389.0,-22.0,-75.0,-1003.0,-125.0,2
4292,-12.0,-255.0,-45.0,-63.0,396.0,-17.0,-82.0,-1000.0,-117.0,2
4293,-14.0,-257.0,-45.0,-58.0,400.0,-13.0,-86.0,-998.0,-106.0,2
4294,-12.0,-256.0,-40.0,-56.0,408.0,-5.0,-80.0,-992.0,-100.0,2
4295,-12.0,-254.0,-38.0,-60.0,415.0,0.0,-76.0,-983.0,-90.0,2
4296,-12.0,-257.0,-38.0,-58.0,420.0,11.0,-77.0,-999.0,-77.0,2
4297,-12.0,-257.0,-36.0,-61.0,426.0,24.0,-80.0,-1002.0,-64.0,2
4298,-14.0,-257.0,-32.0,-58.0,432.0,37.0,-87.0,-1008.0,-48.0,2
4299,-15.0,-268.0,-39.0,-49.0,435.0,48.0,-95.0,-1011.0,-45.0,2
4300,-17.0,-260.0,-27.0,-42.0,430.0,61.0,-103.0,-1010.0,-46.0,2
4301,-15.0,-260.0,-30.0,-32.0,425.0,71.0,-94.0,-1007.0,-35.0,2
4302,-12.0,-261.0,-30.0,-15.0,417.0,82.0,-82.0,-1007.0,-29.0,2
4303,-12.0,-254.0,-26.0,18.0,419.0,77.0,-77.0,-995.0,-32.0,2
4304,-12.0,-252.0,-25.0,54.0,422.0,75.0,-70.0,-968.0,-32.0,2
4305,-8.0,-251.0,-31.0,90.0,426.0,73.0,-63.0,-951.0,-48.0,2
4306,-8.0,-240.0,-31.0,108.0,434.0,69.0,-52.0,-931.0,-47.0,2
4307,-6.0,-234.0,-32.0,110.0,443.0,63.0,-40.0,-912.0,-46.0,2
4308,-3.0,-231.0,-34.0,94.0,454.0,57.0,-40.0,-902.0,-48.0,2
4309,-3.0,-230.0,-29.0,74.0,466.0,46.0,-39.0,-896.0,-41.0,2
4310,-3.0,-230.0,-28.0,53.0,482.0,38.0,-40.0,-893.0,-46.0,2
4311,-4.0,-232.0,-33.0,33.0,499.0,25.0,-44.0,-891.0,-48.0,2
4312,-8.0,-231.0,-31.0,16.0,516.0,14.0,-49.0,-895.0,-46.0,2
4313,-8.0,-235.0,-37.0,5.0,527.0,-6.0,-60.0,-906.0,-50.0,2
4314,-13.0,-235.0,-33.0,-4.0,529.0,-24.0,-72.0,-905.0,-53.0,2
4315,-13.0,-236.0,-33.0,-15.0,529.0,-45.0,-84.0,-918.0,-57.0,2
4316,-17.0,-239.0,-31.0,-23.0,528.0,-63.0,-98.0,-919.0,-51.0,2
4317,-22.0,-243.0,-30.0,-33.0,530.0,-80.0,-109.0,-929.0,-51.0,2
4318,-21.0,-247.0,-31.0,-37.0,533.0,-96.0,-119.0,-947.0,-55.0,2
4319,-23.0,-245.0,-32.0,-44.0,535.0,-112.0,-124.0,-951.0,-59.0,2
4320,-28.0,-247.0,-34.0,-47.0,534.0,-123.0,-134.0,-959.0,-59.0,2
4321,-27.0,-253.0,-37.0,-48.0,530.0,-135.0,-135.0,-966.0,-61.0,2
4322,-29.0,-253.0,-38.0,-48.0,522.0,-141.0,-136.0,-972.0,-67.0,2
4323,-25.0,-254.0,-36.0,-50.0,510.0,-146.0,-138.0,-980.0,-65.0,2
4324,-29.0,-255.0,-31.0,-51.0,499.0,-149.0,-136.0,-990.0,-64.0,2
4325,-28.0,-256.0,-32.0,-59.0,485.0,-151.0,-132.0,-1000.0,-53.0,2
4326,-26.0,-259.0,-30.0,-64.0,473.0,-150.0,-134.0,-1005.0,-55.0,2
4327,-19.0,-260.0,-35.0,-66.0,463.0,-149.0,-121.0,-1009.0,-50.0,2
4328,-25.0,-261.0,-32.0,-62.0,455.0,-148.0,-120.0,-1010.0,-49.0,2
4329,-19.0,-260.0,-35.0,-53.0,449.0,-145.0,-114.0,-1014.0,-61.0,2
4330,-21.0,-261.0,-37.0,-54.0,442.0,-135.0,-115.0,-1015.0,-75.0,2
4331,-20.0,-260.0,-44.0,-66.0,435.0,-132.0,-118.0,-1013.0,-104.0,2
4332,-24.0,-262.0,-57.0,-85.0,431.0,-121.0,-128.0,-1017.0,-145.0,2
4333,-25.0,-263.0,-65.0,-120.0,426.0,-110.0,-136.0,-1032.0,-192.0,2
4334,-28.0,-267.0,-76.0,-167.0,422.0,-92.0,-142.0,-1050.0,-221.0,2
4335,-34.0,-273.0,-69.0,-214.0,415.0,-75.0,-153.0,-1090.0,-219.0,2
4336,-35.0,-289.0,-69.0,-253.0,406.0,-54.0,-158.0,-1122.0,-209.0,2
4337,-33.0,-305.0,-62.0,-268.0,394.0,-31.0,-164.0,-1166.0,-184.0,2
4338,-35.0,-315.0,-57.0,-255.0,375.0,-8.0,-169.0,-1199.0,-153.0,2
4339,-38.0,-323.0,-47.0,-211.0,346.0,11.0,-178.0,-1215.0,-135.0,2
4340,-41.0,-323.0,-50.0,-143.0,310.0,25.0,-179.0,-1231.0,-120.0,2
4341,-41.0,-320.0,-48.0,-93.0,268.0,32.0,-185.0,-1220.0,-132.0,2
4342,-37.0,-314.0,-57.0,-51.0,226.0,41.0,-180.0,-1207.0,-154.0,2
4343,-36.0,-312.0,-61.0,-20.0,189.0,47.0,-168.0,-1191.0,-184.0,2
4344,-31.0,-305.0,-73.0,-2.0,159.0,51.0,-158.0,-1175.0,-202.0,2
4345,-35.0,-297.0,-68.0,10.0,137.0,50.0,-164.0,-1147.0,-205.0,2
4346,-36.0,-292.0,-67.0,31.0,112.0,54.0,-165.0,-1129.0,-195.0,2
4347,-36.0,-287.0,-70.0,53.0,88.0,59.0,-175.0,-1108.0,-203.0,2
4348,-38.0,-281.0,-67.0,67.0,68.0,73.0,-165.0,-1091.0,-202.0,2
4349,-32.0,-281.0,-71.0,74.0,49.0,83.0,-167.0,-1091.0,-217.0,2
4350,-31.0,-278.0,-73.0,67.0,22.0,92.0,-152.0,-1082.0,-216.0,2
4351,-32.0,-272.0,-68.0,59.0,-2.0,101.0,-159.0,-1059.0,-207.0,2
4352,-24.0,-269.0,-69.0,59.0,-23.0,112.0,-133.0,-1049.0,-205.0,2
4353,-23.0,-265.0,-68.0,61.0,-34.0,121.0,-121.0,-1042.0,-202.0,2
4354,-21.0,-262.0,-63.0,57.0,-38.0,129.0,-113.0,-1018.0,-177.0,2
4355,-17.0,-259.0,-58.0,60.0,-39.0,132.0,-96.0,-1020.0,-159.0,2
4356,-12.0,-260.0,-54.0,73.0,-42.0,129.0,-82.0,-1013.0,-145.0,2
4357,-10.0,-258.0,-54.0,88.0,-44.0,120.0,-66.0,-1001.0,-124.0,2
4358,-8.0,-257.0,-46.0,100.0,-37.0,107.0,-56.0,-974.0,-110.0,2
4359,-10.0,-247.0,-44.0,112.0,-30.0,86.0,-57.0,-963.0,-101.0,2
4360,-9.0,-245.0,-42.0,121.0,-29.0,62.0,-60.0,-949.0,-91.0,2
4361,-11.0,-243.0,-48.0,128.0,-30.0,44.0,-67.0,-942.0,-111.0,2
4362,-8.0,-244.0,-50.0,125.0,-23.0,29.0,-68.0,-935.0,-129.0,2
4363,-8.0,-242.0,-55.0,116.0,-9.0,10.0,-64.0,-941.0,-146.0,2
4364,-6.0,-243.0,-53.0,111.0,10.0,-4.0,-52.0,-938.0,-145.0,2
4365,3.0,-245.0,-57.0,117.0,38.0,-15.0,-29.0,-946.0,-148.0,2
4366,3.0,-245.0,-53.0,127.0,70.0,-29.0,-4.0,-949.0,-136.0,2
4367,12.0,-246.0,-54.0,147.0,94.0,-47.0,11.0,-945.0,-138.0,2
4368,13.0,-249.0,-51.0,161.0,108.0,-67.0,18.0,-953.0,-146.0,2
4369,16.0,-246.0,-57.0,164.0,116.0,-89.0,24.0,-951.0,-150.0,2
4370,14.0,-243.0,-59.0,152.0,121.0,-106.0,37.0,-948.0,-156.0,2
4371,15.0,-238.0,-60.0,126.0,130.0,-119.0,36.0,-936.0,-168.0,2
4372,11.0,-242.0,-61.0,104.0,137.0,-126.0,25.0,-938.0,-188.0,2
4373,13.0,-241.0,-72.0,79.0,140.0,-130.0,17.0,-933.0,-203.0,2
4374,12.0,-236.0,-67.0,52.0,147.0,-126.0,18.0,-927.0,-223.0,2
4375,10.0,-240.0,-79.0,28.0,154.0,-118.0,6.0,-927.0,-231.0,2
4376,8.0,-240.0,-76.0,8.0,160.0,-104.0,1.0,-926.0,-254.0,2
4377,5.0,-239.0,-87.0,-5.0,157.0,-87.0,-9.0,-930.0,-267.0,2
4378,2.0,-237.0,-87.0,-13.0,141.0,-70.0,-13.0,-924.0,-274.0,2
4379,1.0,-241.0,-87.0,-13.0,111.0,-54.0,-18.0,-925.0,-277.0,2
4380,-2.0,-238.0,-96.0,-13.0,67.0,-38.0,-27.0,-931.0,-303.0,2
4381,-5.0,-237.0,-98.0,-20.0,23.0,-19.0,-39.0,-922.0,-329.0,2
4382,-8.0,-234.0,-101.0,-34.0,-10.0,-1.0,-46.0,-915.0,-349.0,2
4383,-9.0,-235.0,-111.0,-48.0,-18.0,14.0,-63.0,-915.0,-360.0,2
4384,-12.0,-238.0,-110.0,-58.0,-15.0,26.0,-75.0,-916.0,-348.0,2
4385,-12.0,-236.0,-103.0,-60.0,-19.0,36.0,-85.0,-912.0,-340.0,2
4386,-12.0,-236.0,-102.0,-53.0,-34.0,45.0,-80.0,-899.0,-331.0,2
4387,-12.0,-229.0,-108.0,-44.0,-53.0,48.0,-70.0,-899.0,-349.0,2
4388,-10.0,-227.0,-106.0,-43.0,-71.0,44.0,-60.0,-882.0,-351.0,2
4389,-4.0,-223.0,-106.0,-46.0,-79.0,38.0,-43.0,-868.0,-351.0,2
4390,-1.0,-220.0,-105.0,-58.0,-77.0,34.0,-25.0,-863.0,-364.0,2
4391,5.0,-221.0,-112.0,-71.0,-69.0,26.0,-9.0,-865.0,-359.0,2
4392,13.0,-221.0,-108.0,-86.0,-57.0,15.0,9.0,-854.0,-358.0,2
4393,17.0,-221.0,-105.0,-102.0,-50.0,5.0,39.0,-855.0,-350.0,2
4394,24.0,-224.0,-105.0,-116.0,-41.0,-7.0,66.0,-867.0,-346.0,2
4395,32.0,-223.0,-102.0,-131.0,-31.0,-22.0,92.0,-871.0,-337.0,2
4396,35.0,-225.0,-103.0,-135.0,-18.0,-39.0,115.0,-882.0,-341.0,2
4397,43.0,-229.0,-106.0,-136.0,-5.0,-55.0,139.0,-896.0,-333.0,2
4398,50.0,-234.0,-103.0,-131.0,3.0,-71.0,170.0,-901.0,-341.0,2
4399,52.0,-233.0,-105.0,-125.0,12.0,-90.0,185.0,-908.0,-341.0,2
4400,57.0,-236.0,-105.0,-116.0,20.0,-107.0,189.0,-917.0,-350.0,2
4401,52.0,-238.0,-99.0,-114.0,31.0,-123.0,181.0,-921.0,-341.0,2
4402,52.0,-240.0,-106.0,-112.0,39.0,-135.0,171.0,-930.0,-342.0,2
4403,46.0,-243.0,-102.0,-109.0,39.0,-143.0,156.0,-937.0,-335.0,2
4404,43.0,-244.0,-94.0,-112.0,45.0,-148.0,136.0,-941.0,-320.0,2
4405,41.0,-249.0,-97.0,-106.0,42.0,-151.0,114.0,-952.0,-306.0,2
4406,34.0,-249.0,-93.0,-108.0,39.0,-152.0,105.0,-968.0,-313.0,2
4407,38.0,-253.0,-89.0,-116.0,47.0,-157.0,106.0,-978.0,-288.0,2
4408,33.0,-256.0,-83.0,-116.0,59.0,-163.0,95.0,-986.0,-273.0,2
4409,24.0,-257.0,-87.0,-104.0,66.0,-170.0,69.0,-999.0,-265.0,2
4410,21.0,-259.0,-78.0,-88.0,69.0,-180.0,55.0,-998.0,-253.0,2
4411,19.0,-256.0,-77.0,-72.0,64.0,-188.0,39.0,-1003.0,-248.0,2
4412,14.0,-255.0,-76.0,-64.0,53.0,-196.0,21.0,-991.0,-236.0,2
4413,12.0,-254.0,-70.0,-56.0,41.0,-204.0,16.0,-981.0,-222.0,2
4414,11.0,-255.0,-74.0,-44.0,32.0,-208.0,12.0,-980.0,-228.0,2
4415,10.0,-251.0,-68.0,-40.0,17.0,-215.0,15.0,-976.0,-206.0,2
4416,12.0,-253.0,-68.0,-32.0,-2.0,-223.0,21.0,-973.0,-200.0,2
4417,14.0,-253.0,-69.0,-22.0,-23.0,-232.0,22.0,-972.0,-202.0,2
4418,12.0,-253.0,-66.0,-21.0,-36.0,-239.0,23.0,-976.0,-203.0,2
4419,15.0,-256.0,-69.0,-21.0,-44.0,-245.0,29.0,-986.0,-210.0,2
4420,17.0,-258.0,-71.0,-20.0,-44.0,-255.0,30.0,-1002.0,-227.0,2
4421,14.0,-256.0,-74.0,-22.0,-40.0,-261.0,22.0,-1000.0,-220.0,2
4422,12.0,-259.0,-71.0,-18.0,-37.0,-264.0,25.0,-1010.0,-222.0,2
4423,15.0,-259.0,-71.0,-11.0,-35.0,-265.0,27.0,-1007.0,-222.0,2
4424,15.0,-258.0,-74.0,-6.0,-38.0,-269.0,25.0,-1001.0,-221.0,2
4425,15.0,-254.0,-71.0,8.0,-39.0,-272.0,32.0,-978.0,-216.0,2
4426,13.0,-253.0,-72.0,21.0,-41.0,-271.0,27.0,-973.0,-207.0,2
4427,13.0,-249.0,-70.0,37.0,-41.0,-267.0,31.0,-958.0,-215.0,2
4428,17.0,-244.0,-72.0,45.0,-40.0,-264.0,32.0,-945.0,-217.0,2
4429,14.0,-240.0,-69.0,47.0,-42.0,-262.0,32.0,-926.0,-210.0,2
4430,20.0,-237.0,-71.0,43.0,-50.0,-256.0,34.0,-913.0,-218.0,2
4431,19.0,-232.0,-72.0,29.0,-52.0,-254.0,48.0,-906.0,-216.0,2
4432,20.0,-232.0,-74.0,7.0,-53.0,-256.0,50.0,-901.0,-216.0,2
4433,19.0,-230.0,-65.0,-14.0,-52.0,-254.0,54.0,-903.0,-200.0,2
4434,22.0,-230.0,-65.0,-31.0,-53.0,-255.0,59.0,-900.0,-188.0,2
4435,22.0,-233.0,-66.0,-38.0,-47.0,-254.0,53.0,-901.0,-188.0,2
4436,22.0,-232.0,-63.0,-42.0,-41.0,-251.0,52.0,-896.0,-179.0,2
4437,19.0,-231.0,-60.0,-46.0,-36.0,-244.0,48.0,-901.0,-188.0,2
4438,19.0,-231.0,-67.0,-51.0,-34.0,-237.0,52.0,-903.0,-186.0,2
4439,21.0,-230.0,-69.0,-60.0,-38.0,-232.0,53.0,-903.0,-196.0,2
4440,21.0,-233.0,-64.0,-74.0,-42.0,-233.0,59.0,-902.0,-198.0,2
4441,19.0,-234.0,-65.0,-90.0,-46.0,-231.0,51.0,-909.0,-189.0,2
4442,19.0,-236.0,-62.0,-104.0,-50.0,-231.0,54.0,-912.0,-189.0,2
4443,21.0,-236.0,-65.0,-122.0,-53.0,-228.0,58.0,-918.0,-179.0,2
4444,22.0,-239.0,-62.0,-129.0,-53.0,-227.0,54.0,-924.0,-180.0,2
4445,20.0,-238.0,-61.0,-129.0,-51.0,-222.0,51.0,-926.0,-177.0,2
4446,20.0,-243.0,-67.0,-131.0,-44.0,-214.0,51.0,-934.0,-198.0,2
4447,21.0,-242.0,-65.0,-141.0,-33.0,-204.0,53.0,-938.0,-203.0,2
4448,21.0,-241.0,-64.0,-148.0,-29.0,-196.0,53.0,-939.0,-192.0,2
4449,25.0,-245.0,-64.0,-148.0,-31.0,-190.0,63.0,-946.0,-191.0,2
4450,24.0,-245.0,-67.0,-144.0,-36.0,-188.0,68.0,-943.0,-194.0,2
4451,25.0,-241.0,-67.0,-137.0,-38.0,-184.0,72.0,-943.0,-188.0,2
4452,28.0,-244.0,-64.0,-128.0,-31.0,-177.0,72.0,-935.0,-185.0,2
4453,25.0,-238.0,-66.0,-118.0,-26.0,-163.0,67.0,-927.0,-188.0,2
4454,25.0,-239.0,-64.0,-110.0,-21.0,-154.0,68.0,-922.0,-181.0,2
4455,26.0,-232.0,-62.0,-103.0,-17.0,-138.0,73.0,-905.0,-184.0,2
4456,30.0,-233.0,-66.0,-104.0,-21.0,-126.0,79.0,-901.0,-191.0,2
4457,29.0,-227.0,-64.0,-108.0,-27.0,-117.0,83.0,-899.0,-200.0,2
4458,29.0,-228.0,-66.0,-117.0,-30.0,-109.0,88.0,-896.0,-205.0,2
4459,27.0,-227.0,-69.0,-127.0,-33.0,-101.0,86.0,-892.0,-218.0,2
4460,27.0,-230.0,-72.0,-137.0,-35.0,-93.0,84.0,-899.0,-217.0,2
4461,29.0,-230.0,-70.0,-145.0,-36.0,-83.0,78.0,-901.0,-216.0,2
4462,26.0,-233.0,-71.0,-152.0,-36.0,-74.0,74.0,-906.0,-214.0,2
4463,26.0,-235.0,-70.0,-158.0,-37.0,-63.0,70.0,-909.0,-210.0,2
4464,27.0,-236.0,-70.0,-162.0,-35.0,-54.0,69.0,-918.0,-201.0,2
4465,25.0,-239.0,-65.0,-161.0,-35.0,-42.0,64.0,-923.0,-203.0,2
4466,20.0,-239.0,-68.0,-157.0,-33.0,-35.0,61.0,-928.0,-191.0,2
4467,20.0,-240.0,-65.0,-158.0,-33.0,-30.0,62.0,-935.0,-192.0,2
4468,17.0,-243.0,-65.0,-162.0,-33.0,-25.0,50.0,-944.0,-193.0,2
4469,19.0,-248.0,-64.0,-165.0,-38.0,-20.0,38.0,-954.0,-190.0,2
4470,16.0,-251.0,-69.0,-169.0,-44.0,-16.0,28.0,-966.0,-184.0,2
4471,12.0,-252.0,-64.0,-170.0,-52.0,-12.0,23.0,-979.0,-187.0,2
4472,12.0,-256.0,-67.0,-170.0,-57.0,-10.0,19.0,-989.0,-186.0,2
4473,12.0,-256.0,-62.0,-165.0,-63.0,-8.0,16.0,-998.0,-179.0,2
4474,11.0,-259.0,-60.0,-158.0,-66.0,-7.0,22.0,-1005.0,-178.0,2
4475,14.0,-259.0,-60.0,-149.0,-64.0,-6.0,31.0,-1008.0,-175.0,2
4476,18.0,-259.0,-62.0,-143.0,-59.0,-11.0,40.0,-1010.0,-171.0,2
4477,21.0,-260.0,-61.0,-136.0,-54.0,-17.0,47.0,-1004.0,-164.0,2
4478,20.0,-258.0,-58.0,-132.0,-55.0,-23.0,45.0,-1008.0,-161.0,2
4479,21.0,-260.0,-52.0,-124.0,-61.0,-27.0,51.0,-1002.0,-146.0,2
4480,20.0,-257.0,-52.0,-111.0,-68.0,-31.0,50.0,-993.0,-138.0,2
4481,17.0,-253.0,-53.0,-97.0,-75.0,-31.0,41.0,-993.0,-136.0,2
4482,16.0,-256.0,-51.0,-87.0,-80.0,-36.0,40.0,-987.0,-135.0,2
4483,17.0,-252.0,-54.0,-83.0,-85.0,-39.0,38.0,-978.0,-135.0,2
4484,17.0,-253.0,-53.0,-80.0,-93.0,-46.0,40.0,-986.0,-144.0,2
4485,17.0,-254.0,-54.0,-78.0,-102.0,-50.0,38.0,-978.0,-145.0,2
4486,18.0,-256.0,-52.0,-74.0,-114.0,-57.0,44.0,-998.0,-133.0,2
4487,14.0,-254.0,-52.0,-54.0,-130.0,-57.0,31.0,-978.0,-135.0,2
4488,16.0,-253.0,-52.0,-36.0,-139.0,-61.0,24.0,-976.0,-130.0,2
4489,17.0,-255.0,-51.0,-22.0,-148.0,-59.0,31.0,-972.0,-124.0,2
4490,16.0,-249.0,-48.0,-12.0,-161.0,-60.0,30.0,-970.0,-130.0,2
4491,13.0,-248.0,-54.0,-7.0,-174.0,-61.0,35.0,-960.0,-128.0,2
4492,17.0,-249.0,-53.0,-3.0,-185.0,-62.0,42.0,-959.0,-130.0,2
4493,18.0,-248.0,-52.0,-1.0,-196.0,-63.0,49.0,-955.0,-134.0,2
4494,18.0,-247.0,-50.0,-1.0,-206.0,-66.0,52.0,-959.0,-138.0,2
4495,19.0,-247.0,-53.0,0.0,-219.0,-69.0,52.0,-957.0,-135.0,2
4496,21.0,-247.0,-51.0,3.0,-229.0,-73.0,53.0,-961.0,-131.0,2
4497,20.0,-250.0,-52.0,10.0,-245.0,-73.0,50.0,-962.0,-135.0,2
4498,20.0,-248.0,-54.0,17.0,-255.0,-76.0,50.0,-956.0,-131.0,2
4499,21.0,-251.0,-49.0,21.0,-264.0,-73.0,47.0,-955.0,-126.0,2
4500,18.0,-249.0,-50.0,23.0,-273.0,-71.0,52.0,-956.0,-121.0,2
4501,16.0,-248.0,-50.0,31.0,-279.0,-67.0,48.0,-960.0,-119.0,2
4502,17.0,-246.0,-47.0,38.0,-287.0,-64.0,39.0,-953.0,-117.0,2
4503,15.0,-246.0,-46.0,43.0,-296.0,-57.0,30.0,-945.0,-115.0,2
4504,11.0,-243.0,-44.0,48.0,-304.0,-50.0,22.0,-939.0,-112.0,2
4505,11.0,-242.0,-48.0,51.0,-315.0,-37.0,19.0,-934.0,-116.0,2
4506,10.0,-241.0,-48.0,53.0,-327.0,-26.0,17.0,-928.0,-120.0,2
4507,11.0,-240.0,-50.0,55.0,-339.0,-9.0,13.0,-932.0,-120.0,2
4508,10.0,-241.0,-50.0,51.0,-352.0,3.0,13.0,-927.0,-129.0,2
4509,17.0,-242.0,-54.0,45.0,-358.0,17.0,21.0,-930.0,-131.0,2
4510,14.0,-239.0,-52.0,38.0,-359.0,25.0,28.0,-934.0,-134.0,2
4511,18.0,-246.0,-55.0,31.0,-356.0,32.0,40.0,-944.0,-135.0,2
4512,14.0,-247.0,-51.0,23.0,-349.0,32.0,29.0,-950.0,-126.0,2
4513,15.0,-248.0,-52.0,20.0,-346.0,33.0,28.0,-960.0,-125.0,2
4514,16.0,-252.0,-47.0,22.0,-347.0,27.0,27.0,-971.0,-112.0,2
4515,14.0,-255.0,-46.0,26.0,-353.0,24.0,35.0,-976.0,-102.0,2
4516,17.0,-255.0,-41.0,34.0,-364.0,16.0,42.0,-977.0,-86.0,2
4517,20.0,-258.0,-39.0,47.0,-377.0,12.0,50.0,-987.0,-77.0,2
4518,25.0,-254.0,-39.0,65.0,-392.0,0.0,59.0,-981.0,-80.0,2
4519,22.0,-257.0,-40.0,80.0,-399.0,-7.0,58.0,-994.0,-76.0,2
4520,23.0,-250.0,-38.0,86.0,-401.0,-15.0,59.0,-984.0,-81.0,2
4521,20.0,-255.0,-41.0,89.0,-407.0,-22.0,60.0,-976.0,-82.0,2
4522,19.0,-252.0,-41.0,92.0,-415.0,-31.0,53.0,-966.0,-83.0,2
4523,22.0,-252.0,-43.0,93.0,-422.0,-34.0,53.0,-967.0,-97.0,2
4524,21.0,-248.0,-40.0,93.0,-429.0,-39.0,52.0,-963.0,-90.0,2
4525,20.0,-248.0,-43.0,90.0,-432.0,-41.0,58.0,-954.0,-98.0,2
4526,22.0,-243.0,-45.0,81.0,-434.0,-47.0,54.0,-944.0,-98.0,2
4527,17.0,-244.0,-45.0,72.0,-439.0,-46.0,55.0,-941.0,-102.0,2
4528,22.0,-243.0,-45.0,62.0,-450.0,-47.0,56.0,-934.0,-100.0,2
4529,21.0,-242.0,-39.0,49.0,-465.0,-45.0,56.0,-943.0,-90.0,2
4530,24.0,-244.0,-42.0,37.0,-479.0,-43.0,64.0,-939.0,-90.0,2
4531,28.0,-243.0,-43.0,30.0,-490.0,-36.0,78.0,-946.0,-89.0,2
4532,31.0,-248.0,-47.0,19.0,-492.0,-37.0,84.0,-957.0,-119.0,2
4533,32.0,-251.0,-55.0,1.0,-494.0,-33.0,94.0,-974.0,-144.0,2
4534,34.0,-254.0,-60.0,-25.0,-493.0,-32.0,94.0,-998.0,-169.0,2
4535,33.0,-260.0,-63.0,-52.0,-494.0,-29.0,101.0,-1019.0,-181.0,2
4536,35.0,-268.0,-63.0,-66.0,-499.0,-33.0,112.0,-1045.0,-179.0,2
4537,40.0,-275.0,-66.0,-63.0,-501.0,-35.0,126.0,-1063.0,-177.0,2
4538,47.0,-281.0,-62.0,-48.0,-505.0,-49.0,140.0,-1083.0,-173.0,2
4539,46.0,-281.0,-67.0,-34.0,-507.0,-62.0,152.0,-1109.0,-190.0,2
4540,49.0,-278.0,-64.0,-25.0,-499.0,-72.0,157.0,-1100.0,-178.0,2
4541,52.0,-279.0,-57.0,-6.0,-479.0,-80.0,167.0,-1087.0,-159.0,2
4542,49.0,-275.0,-62.0,29.0,-454.0,-95.0,164.0,-1071.0,-176.0,2
4543,47.0,-271.0,-69.0,56.0,-430.0,-106.0,153.0,-1067.0,-201.0,2
4544,43.0,-269.0,-74.0,66.0,-413.0,-120.0,131.0,-1064.0,-225.0,2
4545,35.0,-269.0,-84.0,58.0,-403.0,-128.0,111.0,-1054.0,-260.0,2
4546,26.0,-270.0,-89.0,38.0,-397.0,-142.0,87.0,-1051.0,-277.0,2
4547,20.0,-269.0,-85.0,21.0,-399.0,-144.0,59.0,-1051.0,-275.0,2
4548,19.0,-272.0,-87.0,8.0,-406.0,-146.0,51.0,-1062.0,-276.0,2
4549,21.0,-273.0,-83.0,0.0,-402.0,-143.0,54.0,-1071.0,-267.0,2
4550,25.0,-277.0,-84.0,-6.0,-384.0,-142.0,61.0,-1089.0,-261.0,2
4551,30.0,-281.0,-82.0,-14.0,-363.0,-135.0,79.0,-1105.0,-257.0,2
4552,36.0,-291.0,-86.0,-25.0,-335.0,-134.0,94.0,-1131.0,-272.0,2
4553,39.0,-296.0,-85.0,-37.0,-307.0,-132.0,112.0,-1149.0,-266.0,2
4554,42.0,-299.0,-91.0,-41.0,-274.0,-131.0,129.0,-1164.0,-275.0,2
4555,46.0,-305.0,-89.0,-36.0,-244.0,-131.0,137.0,-1176.0,-282.0,2
4556,44.0,-305.0,-86.0,-28.0,-215.0,-139.0,136.0,-1187.0,-289.0,2
4557,45.0,-305.0,-95.0,-19.0,-190.0,-140.0,139.0,-1184.0,-297.0,2
4558,44.0,-304.0,-98.0,-12.0,-168.0,-147.0,130.0,-1171.0,-311.0,2
4559,41.0,-301.0,-100.0,-2.0,-150.0,-150.0,122.0,-1156.0,-321.0,2
4560,36.0,-289.0,-98.0,11.0,-137.0,-154.0,108.0,-1142.0,-317.0,2
4561,37.0,-285.0,-92.0,30.0,-132.0,-153.0,107.0,-1110.0,-294.0,2
4562,29.0,-275.0,-81.0,44.0,-131.0,-152.0,82.0,-1085.0,-270.0,2
4563,27.0,-267.0,-75.0,63.0,-138.0,-135.0,79.0,-1042.0,-235.0,2
4564,30.0,-258.0,-68.0,86.0,-144.0,-120.0,84.0,-1006.0,-207.0,2
4565,37.0,-248.0,-63.0,113.0,-145.0,-104.0,107.0,-962.0,-186.0,2
4566,39.0,-238.0,-62.0,144.0,-138.0,-96.0,113.0,-911.0,-181.0,2
4567,38.0,-224.0,-67.0,165.0,-124.0,-84.0,114.0,-884.0,-186.0,2
4568,34.0,-221.0,-67.0,175.0,-108.0,-75.0,109.0,-864.0,-196.0,2
4569,34.0,-216.0,-70.0,174.0,-96.0,-56.0,105.0,-851.0,-207.0,2
4570,29.0,-215.0,-70.0,164.0,-92.0,-35.0,94.0,-845.0,-203.0,2
4571,26.0,-215.0,-70.0,150.0,-91.0,-12.0,79.0,-846.0,-214.0,2
4572,23.0,-217.0,-67.0,139.0,-95.0,11.0,63.0,-848.0,-214.0,2
4573,15.0,-217.0,-65.0,131.0,-100.0,39.0,49.0,-848.0,-209.0,2
4574,13.0,-219.0,-73.0,132.0,-105.0,65.0,21.0,-852.0,-213.0,2
4575,6.0,-220.0,-72.0,130.0,-106.0,95.0,7.0,-857.0,-213.0,2
4576,10.0,-221.0,-73.0,128.0,-105.0,123.0,3.0,-861.0,-221.0,2
4577,3.0,-224.0,-71.0,122.0,-102.0,150.0,-6.0,-870.0,-219.0,2
4578,8.0,-226.0,-74.0,116.0,-96.0,172.0,-9.0,-873.0,-221.0,2
4579,8.0,-230.0,-75.0,114.0,-90.0,195.0,-5.0,-885.0,-227.0,2
4580,9.0,-231.0,-77.0,111.0,-84.0,206.0,10.0,-896.0,-232.0,2
4581,16.0,-230.0,-75.0,108.0,-78.0,215.0,34.0,-905.0,-237.0,2
4582,20.0,-236.0,-78.0,105.0,-69.0,210.0,50.0,-912.0,-241.0,2
4583,23.0,-239.0,-82.0,102.0,-61.0,201.0,67.0,-914.0,-252.0,2
4584,32.0,-238.0,-79.0,101.0,-49.0,191.0,79.0,-918.0,-258.0,2
4585,38.0,-235.0,-83.0,104.0,-30.0,181.0,111.0,-917.0,-265.0,2
4586,40.0,-236.0,-83.0,108.0,4.0,165.0,123.0,-916.0,-261.0,2
4587,46.0,-234.0,-83.0,104.0,41.0,147.0,131.0,-913.0,-266.0,2
4588,42.0,-232.0,-83.0,99.0,77.0,126.0,134.0,-912.0,-256.0,2
4589,41.0,-233.0,-79.0,89.0,105.0,108.0,128.0,-911.0,-255.0,2
4590,42.0,-233.0,-83.0,79.0,127.0,86.0,123.0,-904.0,-259.0,2
4591,40.0,-230.0,-87.0,66.0,146.0,68.0,113.0,-906.0,-267.0,2
4592,34.0,-231.0,-88.0,51.0,166.0,56.0,97.0,-897.0,-279.0,2
4593,26.0,-232.0,-89.0,41.0,180.0,45.0,77.0,-893.0,-285.0,2
4594,22.0,-229.0,-90.0,38.0,188.0,33.0,56.0,-879.0,-287.0,2
4595,13.0,-224.0,-92.0,38.0,186.0,26.0,16.0,-874.0,-298.0,2
4596,4.0,-222.0,-96.0,32.0,175.0,18.0,-17.0,-857.0,-313.0,2
4597,-4.0,-218.0,-97.0,22.0,153.0,19.0,-47.0,-849.0,-324.0,2
4598,-11.0,-217.0,-104.0,7.0,123.0,19.0,-67.0,-845.0,-340.0,2
4599,-12.0,-216.0,-108.0,-10.0,89.0,25.0,-90.0,-841.0,-351.0,2
4600,-21.0,-216.0,-107.0,-21.0,57.0,28.0,-108.0,-840.0,-349.0,2
4601,-30.0,-217.0,-103.0,-28.0,27.0,34.0,-132.0,-846.0,-361.0,2
4602,-34.0,-219.0,-105.0,-37.0,-6.0,37.0,-159.0,-853.0,-357.0,2
4603,-41.0,-224.0,-103.0,-53.0,-34.0,46.0,-177.0,-863.0,-339.0,2
4604,-43.0,-228.0,-96.0,-62.0,-59.0,53.0,-193.0,-885.0,-330.0,2
4605,-42.0,-233.0,-93.0,-71.0,-87.0,62.0,-190.0,-910.0,-315.0,2
4606,-42.0,-244.0,-97.0,-77.0,-113.0,68.0,-191.0,-938.0,-307.0,2
4607,-38.0,-250.0,-95.0,-81.0,-132.0,80.0,-184.0,-968.0,-292.0,2
4608,-34.0,-257.0,-88.0,-85.0,-140.0,89.0,-163.0,-998.0,-276.0,2
4609,-26.0,-259.0,-81.0,-77.0,-150.0,101.0,-136.0,-1010.0,-259.0,2
4610,-20.0,-262.0,-80.0,-60.0,-153.0,103.0,-109.0,-1018.0,-241.0,2
4611,-12.0,-262.0,-76.0,-34.0,-149.0,102.0,-94.0,-1025.0,-237.0,2
4612,-9.0,-264.0,-74.0,-7.0,-135.0,100.0,-68.0,-1030.0,-236.0,2
4613,-2.0,-263.0,-75.0,12.0,-116.0,107.0,-38.0,-1028.0,-241.0,2
4614,4.0,-266.0,-80.0,17.0,-93.0,108.0,-8.0,-1038.0,-239.0,2
4615,11.0,-266.0,-73.0,20.0,-66.0,115.0,2.0,-1029.0,-237.0,2
4616,14.0,-263.0,-76.0,21.0,-32.0,118.0,20.0,-1030.0,-229.0,2
4617,17.0,-266.0,-74.0,23.0,3.0,128.0,26.0,-1040.0,-231.0,2
4618,20.0,-267.0,-74.0,24.0,33.0,139.0,38.0,-1047.0,-221.0,2
4619,21.0,-267.0,-71.0,23.0,61.0,154.0,52.0,-1042.0,-210.0,2
4620,24.0,-269.0,-69.0,32.0,90.0,167.0,59.0,-1051.0,-191.0,2
4621,24.0,-272.0,-61.0,45.0,118.0,184.0,57.0,-1050.0,-187.0,2
4622,21.0,-269.0,-66.0,64.0,143.0,200.0,57.0,-1051.0,-186.0,2
4623,29.0,-271.0,-67.0,85.0,172.0,229.0,74.0,-1045.0,-188.0,2
4624,32.0,-270.0,-65.0,116.0,192.0,246.0,73.0,-1047.0,-193.0,2
4625,26.0,-263.0,-70.0,142.0,212.0,262.0,73.0,-1029.0,-204.0,2
4626,27.0,-262.0,-71.0,164.0,236.0,272.0,60.0,-1018.0,-217.0,2
4627,19.0,-258.0,-70.0,174.0,263.0,292.0,43.0,-1003.0,-212.0,2
4628,12.0,-254.0,-73.0,183.0,289.0,306.0,27.0,-981.0,-215.0,2
4629,12.0,-251.0,-71.0,188.0,310.0,323.0,16.0,-967.0,-207.0,2
4630,10.0,-247.0,-71.0,192.0,326.0,332.0,14.0,-955.0,-209.0,2
4631,6.0,-244.0,-73.0,195.0,338.0,341.0,0.0,-945.0,-212.0,2
4632,5.0,-237.0,-72.0,190.0,353.0,342.0,-15.0,-920.0,-220.0,2
4633,1.0,-233.0,-73.0,176.0,370.0,345.0,-14.0,-908.0,-217.0,2
4634,2.0,-232.0,-73.0,149.0,391.0,345.0,-25.0,-901.0,-218.0,2
4635,3.0,-231.0,-69.0,135.0,412.0,344.0,-23.0,-892.0,-205.0,2
4636,-1.0,-230.0,-65.0,132.0,429.0,335.0,-27.0,-884.0,-199.0,2
4637,-3.0,-226.0,-68.0,133.0,442.0,327.0,-35.0,-883.0,-205.0,2
4638,-4.0,-228.0,-70.0,116.0,448.0,316.0,-52.0,-881.0,-215.0,2
4639,-10.0,-225.0,-66.0,85.0,454.0,310.0,-56.0,-882.0,-201.0,2
4640,-12.0,-227.0,-69.0,59.0,459.0,298.0,-68.0,-881.0,-188.0,2
4641,-11.0,-230.0,-60.0,38.0,463.0,292.0,-72.0,-890.0,-173.0,2
4642,-12.0,-228.0,-56.0,21.0,470.0,279.0,-74.0,-895.0,-164.0,2
4643,-14.0,-232.0,-55.0,9.0,480.0,270.0,-87.0,-902.0,-146.0,2
4644,-12.0,-236.0,-54.0,3.0,494.0,257.0,-94.0,-905.0,-144.0,2
4645,-17.0,-234.0,-53.0,-2.0,502.0,250.0,-99.0,-911.0,-138.0,2
4646,-17.0,-237.0,-54.0,-4.0,502.0,239.0,-102.0,-919.0,-143.0,2
4647,-20.0,-242.0,-55.0,-2.0,493.0,233.0,-99.0,-931.0,-143.0,2
4648,-19.0,-245.0,-56.0,1.0,480.0,220.0,-105.0,-934.0,-144.0,2
4649,-20.0,-243.0,-54.0,5.0,463.0,212.0,-106.0,-942.0,-148.0,2
4650,-22.0,-245.0,-57.0,9.0,446.0,202.0,-112.0,-944.0,-146.0,2
4651,-23.0,-245.0,-56.0,15.0,434.0,198.0,-120.0,-943.0,-143.0,2
4652,-24.0,-246.0,-55.0,19.0,419.0,192.0,-120.0,-945.0,-149.0,2
4653,-23.0,-242.0,-56.0,25.0,405.0,189.0,-116.0,-942.0,-146.0,2
4654,-21.0,-242.0,-58.0,26.0,391.0,178.0,-115.0,-940.0,-151.0,2
4655,-21.0,-241.0,-55.0,27.0,374.0,173.0,-113.0,-930.0,-153.0,2
4656,-21.0,-243.0,-59.0,25.0,363.0,164.0,-112.0,-928.0,-159.0,2
4657,-25.0,-238.0,-55.0,18.0,353.0,161.0,-109.0,-925.0,-168.0,2
4658,-21.0,-239.0,-60.0,8.0,349.0,154.0,-102.0,-925.0,-166.0,2
4659,-15.0,-241.0,-55.0,-4.0,346.0,149.0,-88.0,-923.0,-162.0,2
4660,-13.0,-239.0,-57.0,-13.0,342.0,137.0,-77.0,-918.0,-165.0,2
4661,-11.0,-236.0,-58.0,-20.0,340.0,131.0,-68.0,-920.0,-162.0,2
4662,-11.0,-240.0,-61.0,-25.0,334.0,120.0,-72.0,-918.0,-164.0,2
4663,-9.0,-238.0,-58.0,-30.0,328.0,113.0,-57.0,-916.0,-171.0,2
4664,-7.0,-242.0,-60.0,-32.0,323.0,99.0,-54.0,-918.0,-173.0,2
4665,-4.0,-237.0,-61.0,-37.0,325.0,91.0,-46.0,-914.0,-171.0,2
4666,-1.0,-235.0,-59.0,-44.0,329.0,78.0,-39.0,-912.0,-169.0,2
4667,0.0,-236.0,-58.0,-52.0,332.0,69.0,-36.0,-909.0,-170.0,2
4668,-3.0,-236.0,-60.0,-61.0,335.0,55.0,-37.0,-911.0,-172.0,2
4669,-4.0,-239.0,-61.0,-70.0,344.0,49.0,-32.0,-915.0,-170.0,2
4670,0.0,-241.0,-64.0,-82.0,358.0,38.0,-39.0,-923.0,-182.0,2
4671,-1.0,-243.0,-64.0,-96.0,372.0,35.0,-37.0,-926.0,-183.0,2
4672,-5.0,-240.0,-60.0,-107.0,383.0,26.0,-41.0,-942.0,-181.0,2
4673,-6.0,-244.0,-59.0,-114.0,386.0,23.0,-41.0,-948.0,-179.0,2
4674,-1.0,-247.0,-63.0,-114.0,391.0,18.0,-40.0,-955.0,-181.0,2
4675,-5.0,-248.0,-61.0,-111.0,397.0,19.0,-39.0,-957.0,-178.0,2
4676,-2.0,-247.0,-60.0,-110.0,403.0,14.0,-38.0,-961.0,-173.0,2
4677,-4.0,-249.0,-60.0,-110.0,413.0,13.0,-39.0,-960.0,-175.0,2
4678,-8.0,-249.0,-59.0,-112.0,417.0,11.0,-37.0,-963.0,-175.0,2
4679,-4.0,-251.0,-62.0,-114.0,419.0,13.0,-45.0,-968.0,-172.0,2
4680,-4.0,-250.0,-66.0,-117.0,416.0,10.0,-41.0,-971.0,-182.0,2
4681,-6.0,-250.0,-64.0,-120.0,410.0,10.0,-51.0,-973.0,-184.0,2
4682,-10.0,-255.0,-62.0,-124.0,401.0,9.0,-68.0,-977.0,-188.0,2
4683,-12.0,-255.0,-65.0,-128.0,396.0,14.0,-77.0,-977.0,-189.0,2
4684,-13.0,-256.0,-64.0,-129.0,388.0,13.0,-91.0,-999.0,-190.0,2
4685,-15.0,-257.0,-65.0,-128.0,377.0,19.0,-103.0,-1000.0,-180.0,2
4686,-20.0,-257.0,-62.0,-124.0,367.0,23.0,-109.0,-1008.0,-178.0,2
4687,-22.0,-259.0,-60.0,-113.0,355.0,30.0,-117.0,-1006.0,-175.0,2
4688,-19.0,-259.0,-61.0,-102.0,346.0,35.0,-120.0,-1008.0,-168.0,2
4689,-20.0,-259.0,-61.0,-95.0,342.0,44.0,-114.0,-1007.0,-165.0,2
4690,-22.0,-258.0,-58.0,-84.0,342.0,49.0,-126.0,-1000.0,-156.0,2
4691,-22.0,-257.0,-53.0,-76.0,347.0,58.0,-122.0,-1001.0,-145.0,2
4692,-22.0,-256.0,-54.0,-63.0,352.0,63.0,-121.0,-988.0,-140.0,2
4693,-18.0,-254.0,-55.0,-54.0,355.0,72.0,-109.0,-987.0,-131.0,2
4694,-16.0,-255.0,-48.0,-44.0,356.0,76.0,-107.0,-979.0,-123.0,2
4695,-13.0,-253.0,-51.0,-39.0,359.0,83.0,-91.0,-974.0,-120.0,2
4696,-12.0,-252.0,-49.0,-35.0,363.0,83.0,-83.0,-968.0,-115.0,2
4697,-12.0,-252.0,-45.0,-32.0,369.0,89.0,-70.0,-968.0,-113.0,2
4698,-7.0,-253.0,-46.0,-32.0,375.0,91.0,-62.0,-971.0,-119.0,2
4699,-4.0,-254.0,-48.0,-31.0,384.0,93.0,-53.0,-972.0,-120.0,2
4700,-3.0,-254.0,-50.0,-31.0,394.0,91.0,-42.0,-980.0,-124.0,2
4701,-3.0,-254.0,-50.0,-24.0,405.0,93.0,-42.0,-979.0,-118.0,2
4702,-7.0,-256.0,-49.0,-9.0,418.0,92.0,-51.0,-986.0,-126.0,2
4703,-4.0,-259.0,-46.0,0.0,428.0,91.0,-55.0,-988.0,-123.0,2
4704,-2.0,-257.0,-51.0,11.0,436.0,86.0,-43.0,-975.0,-116.0,2
4705,-4.0,-253.0,-49.0,22.0,444.0,84.0,-46.0,-970.0,-113.0,2
4706,-5.0,-253.0,-47.0,30.0,452.0,78.0,-53.0,-972.0,-119.0,2
4707,-6.0,-250.0,-52.0,30.0,461.0,74.0,-48.0,-968.0,-115.0,2
4708,-5.0,-248.0,-46.0,28.0,475.0,65.0,-37.0,-960.0,-120.0,2
4709,-2.0,-250.0,-49.0,29.0,486.0,57.0,-43.0,-956.0,-114.0,2
4710,-7.0,-249.0,-50.0,29.0,492.0,44.0,-50.0,-958.0,-117.0,2
4711,-8.0,-248.0,-42.0,27.0,491.0,37.0,-62.0,-958.0,-105.0,2
4712,-12.0,-245.0,-42.0,27.0,491.0,27.0,-67.0,-954.0,-106.0,2
4713,-10.0,-247.0,-45.0,25.0,497.0,25.0,-66.0,-956.0,-102.0,2
4714,-12.0,-250.0,-42.0,22.0,501.0,18.0,-77.0,-953.0,-92.0,2
4715,-13.0,-248.0,-41.0,22.0,500.0,20.0,-77.0,-957.0,-91.0,2
4716,-12.0,-251.0,-40.0,26.0,498.0,18.0,-83.0,-966.0,-93.0,2
4717,-11.0,-253.0,-41.0,27.0,501.0,16.0,-81.0,-970.0,-88.0,2
4718,-10.0,-254.0,-37.0,29.0,509.0,11.0,-82.0,-974.0,-78.0,2
4719,-12.0,-254.0,-36.0,39.0,515.0,11.0,-83.0,-976.0,-63.0,2
4720,-12.0,-254.0,-29.0,54.0,516.0,7.0,-78.0,-977.0,-49.0,2
4721,-12.0,-252.0,-36.0,72.0,513.0,8.0,-77.0,-978.0,-47.0,2
4722,-14.0,-252.0,-28.0,86.0,511.0,4.0,-82.0,-976.0,-46.0,2
4723,-11.0,-250.0,-30.0,102.0,507.0,6.0,-80.0,-971.0,-39.0,2
4724,-12.0,-249.0,-31.0,114.0,503.0,5.0,-83.0,-954.0,-47.0,2
4725,-12.0,-245.0,-34.0,119.0,503.0,10.0,-78.0,-949.0,-59.0,2
4726,-12.0,-242.0,-33.0,113.0,507.0,11.0,-76.0,-935.0,-61.0,2
4727,-14.0,-240.0,-35.0,108.0,514.0,12.0,-84.0,-931.0,-53.0,2
4728,-13.0,-238.0,-36.0,105.0,519.0,12.0,-85.0,-919.0,-51.0,2
4729,-13.0,-240.0,-35.0,108.0,525.0,14.0,-87.0,-916.0,-56.0,2
4730,-14.0,-237.0,-35.0,107.0,526.0,8.0,-96.0,-910.0,-62.0,2
4731,-15.0,-234.0,-36.0,101.0,519.0,2.0,-99.0,-905.0,-67.0,2
4732,-20.0,-233.0,-37.0,90.0,509.0,-12.0,-107.0,-907.0,-69.0,2
4733,-21.0,-234.0,-34.0,75.0,495.0,-24.0,-110.0,-906.0,-75.0,2
4734,-22.0,-236.0,-38.0,65.0,478.0,-42.0,-116.0,-914.0,-71.0,2
4735,-21.0,-240.0,-37.0,60.0,463.0,-59.0,-117.0,-915.0,-66.0,2
4736,-22.0,-241.0,-37.0,57.0,451.0,-76.0,-119.0,-920.0,-70.0,2
4737,-22.0,-243.0,-33.0,58.0,442.0,-90.0,-117.0,-927.0,-63.0,2
4738,-21.0,-246.0,-34.0,56.0,440.0,-108.0,-113.0,-939.0,-62.0,2
4739,-19.0,-246.0,-32.0,53.0,438.0,-124.0,-113.0,-951.0,-52.0,2
4740,-18.0,-248.0,-32.0,54.0,436.0,-140.0,-108.0,-951.0,-52.0,2
4741,-17.0,-249.0,-32.0,53.0,435.0,-149.0,-104.0,-957.0,-47.0,2
4742,-16.0,-250.0,-35.0,53.0,435.0,-161.0,-102.0,-966.0,-54.0,2
4743,-14.0,-252.0,-33.0,52.0,438.0,-165.0,-92.0,-965.0,-67.0,2
4744,-12.0,-250.0,-38.0,47.0,447.0,-172.0,-83.0,-965.0,-69.0,2
4745,-11.0,-249.0,-40.0,41.0,451.0,-173.0,-78.0,-961.0,-73.0,2
4746,-12.0,-249.0,-39.0,24.0,447.0,-176.0,-79.0,-959.0,-83.0,2
4747,-13.0,-250.0,-48.0,5.0,441.0,-173.0,-82.0,-966.0,-107.0,2
4748,-13.0,-247.0,-58.0,-29.0,438.0,-173.0,-97.0,-970.0,-141.0,2
4749,-17.0,-254.0,-61.0,-82.0,441.0,-158.0,-98.0,-981.0,-173.0,2
4750,-16.0,-259.0,-62.0,-149.0,454.0,-148.0,-87.0,-1010.0,-185.0,2
4751,-14.0,-270.0,-63.0,-184.0,456.0,-133.0,-105.0,-1046.0,-192.0,2
4752,-20.0,-279.0,-56.0,-202.0,449.0,-117.0,-116.0,-1077.0,-181.0,2
4753,-25.0,-284.0,-57.0,-205.0,429.0,-95.0,-133.0,-1111.0,-168.0,2
4754,-28.0,-293.0,-57.0,-197.0,407.0,-79.0,-138.0,-1137.0,-157.0,2
4755,-32.0,-301.0,-52.0,-177.0,387.0,-60.0,-145.0,-1156.0,-142.0,2
4756,-30.0,-304.0,-57.0,-143.0,371.0,-44.0,-146.0,-1169.0,-149.0,2
4757,-30.0,-302.0,-59.0,-112.0,358.0,-28.0,-144.0,-1170.0,-157.0,2
4758,-28.0,-306.0,-59.0,-87.0,345.0,-19.0,-138.0,-1173.0,-174.0,2
4759,-27.0,-303.0,-62.0,-68.0,329.0,-9.0,-137.0,-1169.0,-190.0,2
4760,-31.0,-299.0,-70.0,-53.0,305.0,-9.0,-137.0,-1154.0,-209.0,2
4761,-29.0,-295.0,-69.0,-38.0,274.0,-5.0,-148.0,-1145.0,-215.0,2
4762,-32.0,-297.0,-70.0,-29.0,251.0,-6.0,-159.0,-1146.0,-223.0,2
4763,-35.0,-295.0,-74.0,-25.0,229.0,0.0,-167.0,-1142.0,-224.0,2
4764,-37.0,-294.0,-73.0,-24.0,209.0,5.0,-174.0,-1144.0,-232.0,2
4765,-35.0,-299.0,-76.0,-24.0,190.0,14.0,-177.0,-1152.0,-243.0,2
4766,-36.0,-296.0,-75.0,-28.0,173.0,18.0,-180.0,-1145.0,-237.0,2
4767,-35.0,-294.0,-73.0,-20.0,150.0,35.0,-172.0,-1141.0,-227.0,2
4768,-35.0,-293.0,-80.0,0.0,128.0,47.0,-161.0,-1129.0,-245.0,2
4769,-27.0,-286.0,-76.0,20.0,117.0,67.0,-143.0,-1108.0,-227.0,2
4770,-21.0,-282.0,-73.0,41.0,110.0,83.0,-120.0,-1100.0,-221.0,2
4771,-21.0,-281.0,-66.0,50.0,102.0,95.0,-107.0,-1098.0,-210.0,2
4772,-17.0,-276.0,-62.0,59.0,94.0,98.0,-105.0,-1073.0,-186.0,2
4773,-18.0,-271.0,-56.0,80.0,81.0,103.0,-94.0,-1061.0,-163.0,2
4774,-12.0,-268.0,-58.0,101.0,69.0,97.0,-77.0,-1045.0,-156.0,2
4775,-11.0,-261.0,-52.0,122.0,62.0,92.0,-66.0,-1019.0,-137.0,2
4776,-11.0,-257.0,-51.0,144.0,46.0,79.0,-61.0,-1002.0,-127.0,2
4777,-6.0,-252.0,-52.0,166.0,32.0,66.0,-48.0,-957.0,-123.0,2
4778,-3.0,-241.0,-51.0,182.0,27.0,47.0,-36.0,-938.0,-122.0,2
4779,2.0,-238.0,-45.0,190.0,32.0,31.0,-18.0,-915.0,-116.0,2
4780,5.0,-231.0,-50.0,191.0,39.0,12.0,-3.0,-896.0,-124.0,2
4781,9.0,-227.0,-50.0,186.0,50.0,-13.0,8.0,-884.0,-124.0,2
4782,9.0,-222.0,-54.0,175.0,63.0,-40.0,10.0,-868.0,-145.0,2
4783,12.0,-223.0,-58.0,150.0,72.0,-60.0,17.0,-863.0,-164.0,2
4784,10.0,-219.0,-64.0,111.0,84.0,-82.0,10.0,-859.0,-182.0,2
4785,5.0,-221.0,-67.0,65.0,96.0,-100.0,8.0,-867.0,-194.0,2
4786,6.0,-224.0,-66.0,21.0,107.0,-119.0,-4.0,-879.0,-194.0,2
4787,2.0,-231.0,-65.0,-14.0,119.0,-127.0,-18.0,-900.0,-198.0,2
4788,2.0,-236.0,-66.0,-43.0,132.0,-129.0,-24.0,-909.0,-183.0,2
4789,0.0,-245.0,-60.0,-62.0,142.0,-128.0,-25.0,-929.0,-169.0,2
4790,-8.0,-247.0,-56.0,-69.0,145.0,-128.0,-40.0,-965.0,-163.0,2
4791,-11.0,-253.0,-57.0,-67.0,139.0,-122.0,-64.0,-965.0,-160.0,2
4792,-12.0,-250.0,-57.0,-62.0,118.0,-111.0,-89.0,-966.0,-157.0,2
4793,-13.0,-250.0,-60.0,-50.0,95.0,-94.0,-93.0,-964.0,-172.0,2
4794,-15.0,-251.0,-65.0,-44.0,71.0,-77.0,-100.0,-964.0,-187.0,2
4795,-19.0,-246.0,-68.0,-41.0,47.0,-57.0,-106.0,-958.0,-199.0,2
4796,-20.0,-247.0,-64.0,-39.0,22.0,-41.0,-107.0,-950.0,-203.0,2
4797,-21.0,-244.0,-72.0,-31.0,-5.0,-23.0,-108.0,-939.0,-216.0,2
4798,-14.0,-241.0,-72.0,-18.0,-32.0,-12.0,-101.0,-926.0,-223.0,2
4799,-14.0,-237.0,-78.0,-4.0,-61.0,1.0,-94.0,-917.0,-247.0,2
4800,-12.0,-237.0,-76.0,5.0,-89.0,8.0,-80.0,-910.0,-256.0,2
4801,-8.0,-234.0,-85.0,8.0,-115.0,16.0,-61.0,-902.0,-269.0,2
4802,-1.0,-230.0,-89.0,7.0,-136.0,18.0,-38.0,-896.0,-282.0,2
4803,6.0,-229.0,-95.0,-5.0,-149.0,20.0,-15.0,-897.0,-292.0,2
4804,13.0,-230.0,-90.0,-21.0,-147.0,11.0,14.0,-895.0,-292.0,2
4805,15.0,-230.0,-92.0,-34.0,-146.0,0.0,25.0,-901.0,-289.0,2
4806,17.0,-232.0,-90.0,-45.0,-148.0,-15.0,45.0,-910.0,-289.0,2
4807,20.0,-233.0,-86.0,-53.0,-156.0,-27.0,49.0,-915.0,-289.0,2
4808,20.0,-238.0,-98.0,-60.0,-164.0,-45.0,46.0,-912.0,-308.0,2
4809,19.0,-238.0,-99.0,-66.0,-163.0,-53.0,50.0,-921.0,-328.0,2
4810,21.0,-238.0,-100.0,-69.0,-147.0,-64.0,41.0,-918.0,-324.0,2
4811,18.0,-238.0,-96.0,-62.0,-126.0,-70.0,39.0,-920.0,-322.0,2
4812,18.0,-238.0,-102.0,-47.0,-112.0,-76.0,44.0,-914.0,-323.0,2
4813,20.0,-233.0,-99.0,-36.0,-103.0,-77.0,50.0,-914.0,-334.0,2
4814,24.0,-231.0,-102.0,-39.0,-96.0,-79.0,61.0,-905.0,-333.0,2
4815,27.0,-229.0,-104.0,-50.0,-86.0,-75.0,72.0,-902.0,-337.0,2
4816,27.0,-230.0,-103.0,-68.0,-71.0,-75.0,81.0,-898.0,-335.0,2
4817,26.0,-227.0,-102.0,-78.0,-53.0,-71.0,79.0,-898.0,-331.0,2
4818,25.0,-233.0,-96.0,-82.0,-39.0,-70.0,80.0,-905.0,-331.0,2
4819,26.0,-231.0,-102.0,-86.0,-27.0,-64.0,82.0,-904.0,-325.0,2
4820,28.0,-233.0,-97.0,-86.0,-24.0,-63.0,94.0,-906.0,-323.0,2
4821,33.0,-237.0,-94.0,-87.0,-26.0,-60.0,97.0,-905.0,-318.0,2
4822,35.0,-235.0,-95.0,-89.0,-30.0,-62.0,105.0,-918.0,-314.0,2
4823,35.0,-236.0,-98.0,-91.0,-33.0,-63.0,106.0,-924.0,-312.0,2
4824,33.0,-237.0,-95.0,-97.0,-30.0,-66.0,103.0,-922.0,-309.0,2
4825,32.0,-241.0,-95.0,-103.0,-35.0,-67.0,97.0,-932.0,-306.0,2
4826,32.0,-242.0,-93.0,-108.0,-40.0,-74.0,96.0,-936.0,-293.0,2
4827,29.0,-243.0,-97.0,-117.0,-40.0,-74.0,90.0,-949.0,-312.0,2
4828,31.0,-249.0,-88.0,-131.0,-37.0,-77.0,95.0,-948.0,-281.0,2
4829,36.0,-248.0,-87.0,-125.0,-35.0,-83.0,99.0,-959.0,-277.0,2
4830,34.0,-253.0,-89.0,-125.0,-23.0,-102.0,97.0,-986.0,-275.0,2
4831,30.0,-257.0,-80.0,-136.0,-5.0,-121.0,94.0,-997.0,-257.0,2
4832,27.0,-259.0,-74.0,-139.0,0.0,-137.0,76.0,-1004.0,-223.0,2
4833,24.0,-262.0,-76.0,-126.0,-7.0,-153.0,68.0,-1023.0,-230.0,2
4834,27.0,-264.0,-74.0,-114.0,-23.0,-178.0,66.0,-1033.0,-227.0,2
4835,24.0,-266.0,-72.0,-98.0,-34.0,-194.0,66.0,-1029.0,-211.0,2
4836,22.0,-264.0,-72.0,-74.0,-47.0,-213.0,59.0,-1029.0,-211.0,2
4837,24.0,-261.0,-69.0,-47.0,-57.0,-230.0,61.0,-1024.0,-208.0,2
4838,24.0,-261.0,-64.0,-21.0,-68.0,-243.0,56.0,-1007.0,-202.0,2
4839,22.0,-257.0,-73.0,-1.0,-77.0,-254.0,60.0,-1007.0,-206.0,2
4840,18.0,-257.0,-70.0,5.0,-84.0,-267.0,41.0,-999.0,-207.0,2
4841,15.0,-255.0,-67.0,-1.0,-96.0,-276.0,45.0,-994.0,-194.0,2
4842,19.0,-255.0,-72.0,-3.0,-110.0,-293.0,45.0,-1003.0,-199.0,2
4843,17.0,-260.0,-70.0,-17.0,-125.0,-302.0,34.0,-1008.0,-205.0,2
4844,22.0,-258.0,-64.0,-31.0,-136.0,-313.0,44.0,-1004.0,-198.0,2
4845,15.0,-258.0,-67.0,-34.0,-147.0,-316.0,38.0,-1003.0,-198.0,2
4846,15.0,-261.0,-66.0,-27.0,-155.0,-318.0,26.0,-1006.0,-196.0,2
4847,11.0,-260.0,-70.0,-15.0,-161.0,-315.0,23.0,-1012.0,-198.0,2
4848,12.0,-258.0,-69.0,-9.0,-165.0,-318.0,20.0,-1016.0,-196.0,2
4849,14.0,-260.0,-64.0,-6.0,-169.0,-320.0,30.0,-1006.0,-197.0,2
4850,12.0,-257.0,-63.0,0.0,-178.0,-325.0,25.0,-997.0,-186.0,2
4851,13.0,-255.0,-65.0,7.0,-187.0,-326.0,23.0,-979.0,-182.0,2
4852,14.0,-247.0,-62.0,19.0,-195.0,-327.0,21.0,-960.0,-176.0,2
4853,13.0,-243.0,-64.0,28.0,-200.0,-323.0,22.0,-942.0,-185.0,2
4854,19.0,-239.0,-66.0,33.0,-203.0,-321.0,34.0,-924.0,-186.0,2
4855,18.0,-234.0,-67.0,29.0,-207.0,-316.0,48.0,-918.0,-186.0,2
4856,17.0,-246.0,-75.0,23.0,-207.0,-313.0,59.0,-902.0,-189.0,2
4857,22.0,-232.0,-66.0,19.0,-203.0,-307.0,75.0,-890.0,-187.0,2
4858,27.0,-226.0,-66.0,15.0,-199.0,-304.0,76.0,-881.0,-185.0,2
4859,25.0,-222.0,-65.0,8.0,-190.0,-299.0,77.0,-883.0,-189.0,2
4860,31.0,-226.0,-64.0,-9.0,-182.0,-294.0,81.0,-877.0,-187.0,2
4861,34.0,-221.0,-62.0,-31.0,-171.0,-290.0,97.0,-883.0,-189.0,2
4862,35.0,-233.0,-72.0,-52.0,-159.0,-288.0,105.0,-881.0,-186.0,2
4863,25.0,-233.0,-49.0,-69.0,-147.0,-283.0,109.0,-889.0,-178.0,2
4864,35.0,-226.0,-61.0,-79.0,-138.0,-277.0,123.0,-890.0,-171.0,2
4865,28.0,-234.0,-74.0,-81.0,-134.0,-271.0,126.0,-903.0,-171.0,2
4866,40.0,-233.0,-63.0,-83.0,-128.0,-268.0,122.0,-908.0,-169.0,2
4867,37.0,-229.0,-62.0,-81.0,-117.0,-261.0,120.0,-906.0,-175.0,2
4868,46.0,-230.0,-65.0,-81.0,-107.0,-257.0,116.0,-913.0,-184.0,2
4869,41.0,-241.0,-59.0,-92.0,-96.0,-247.0,113.0,-912.0,-193.0,2
4870,35.0,-237.0,-71.0,-105.0,-86.0,-239.0,115.0,-920.0,-193.0,2
4871,33.0,-236.0,-65.0,-118.0,-77.0,-230.0,119.0,-922.0,-185.0,2
4872,40.0,-241.0,-64.0,-120.0,-70.0,-223.0,120.0,-925.0,-184.0,2
4873,38.0,-241.0,-59.0,-121.0,-60.0,-215.0,121.0,-923.0,-187.0,2
4874,40.0,-239.0,-62.0,-120.0,-44.0,-206.0,110.0,-920.0,-191.0,2
4875,38.0,-238.0,-69.0,-118.0,-28.0,-192.0,115.0,-920.0,-199.0,2
4876,36.0,-239.0,-61.0,-116.0,-10.0,-180.0,116.0,-913.0,-195.0,2
4877,33.0,-237.0,-66.0,-110.0,-1.0,-168.0,101.0,-916.0,-198.0,2
4878,30.0,-236.0,-64.0,-105.0,2.0,-161.0,93.0,-915.0,-186.0,2
4879,31.0,-236.0,-63.0,-100.0,3.0,-147.0,97.0,-910.0,-180.0,2
4880,33.0,-236.0,-62.0,-91.0,7.0,-131.0,101.0,-911.0,-175.0,2
4881,35.0,-231.0,-63.0,-85.0,19.0,-115.0,107.0,-905.0,-179.0,2
4882,37.0,-227.0,-66.0,-83.0,35.0,-99.0,102.0,-898.0,-193.0,2
4883,33.0,-223.0,-52.0,-89.0,47.0,-82.0,111.0,-897.0,-199.0,2
4884,36.0,-230.0,-68.0,-99.0,56.0,-68.0,115.0,-898.0,-202.0,2
4885,37.0,-231.0,-70.0,-112.0,64.0,-54.0,112.0,-901.0,-209.0,2
4886,36.0,-236.0,-71.0,-129.0,69.0,-40.0,110.0,-903.0,-212.0,2
4887,34.0,-231.0,-70.0,-147.0,69.0,-30.0,103.0,-911.0,-206.0,2
4888,35.0,-237.0,-70.0,-159.0,68.0,-23.0,104.0,-921.0,-203.0,2
4889,35.0,-241.0,-66.0,-163.0,65.0,-13.0,97.0,-929.0,-199.0,2
4890,30.0,-243.0,-66.0,-160.0,68.0,-6.0,94.0,-938.0,-197.0,2
4891,33.0,-245.0,-70.0,-152.0,71.0,0.0,95.0,-940.0,-204.0,2
4892,27.0,-246.0,-66.0,-145.0,77.0,1.0,89.0,-953.0,-203.0,2
4893,29.0,-249.0,-70.0,-138.0,82.0,3.0,83.0,-961.0,-214.0,2
4894,31.0,-248.0,-71.0,-139.0,89.0,3.0,79.0,-970.0,-214.0,2
4895,27.0,-253.0,-71.0,-141.0,93.0,1.0,77.0,-973.0,-208.0,2
4896,28.0,-251.0,-62.0,-142.0,96.0,1.0,64.0,-980.0,-207.0,2
4897,25.0,-260.0,-69.0,-141.0,92.0,2.0,66.0,-975.0,-207.0,2
4898,24.0,-256.0,-72.0,-135.0,87.0,0.0,59.0,-978.0,-204.0,2
4899,23.0,-256.0,-79.0,-132.0,83.0,-2.0,54.0,-983.0,-205.0,2
4900,22.0,-248.0,-63.0,-132.0,78.0,-3.0,50.0,-992.0,-204.0,2
4901,24.0,-257.0,-65.0,-137.0,72.0,0.0,53.0,-985.0,-210.0,2
4902,14.0,-250.0,-68.0,-144.0,66.0,4.0,55.0,-988.0,-214.0,2
4903,28.0,-253.0,-63.0,-153.0,64.0,7.0,63.0,-980.0,-220.0,2
4904,30.0,-256.0,-76.0,-160.0,63.0,7.0,70.0,-995.0,-220.0,2
4905,28.0,-252.0,-71.0,-165.0,61.0,5.0,71.0,-997.0,-223.0,2
4906,25.0,-255.0,-73.0,-171.0,58.0,4.0,73.0,-1002.0,-220.0,2
4907,31.0,-261.0,-63.0,-169.0,47.0,1.0,73.0,-1006.0,-216.0,2
4908,22.0,-260.0,-65.0,-158.0,31.0,-7.0,69.0,-1011.0,-196.0,2
4909,25.0,-260.0,-75.0,-142.0,18.0,-12.0,59.0,-1013.0,-186.0,2
4910,21.0,-261.0,-60.0,-121.0,3.0,-21.0,58.0,-1013.0,-182.0,2
4911,15.0,-257.0,-70.0,-101.0,-16.0,-26.0,51.0,-1007.0,-180.0,2
4912,14.0,-258.0,-72.0,-83.0,-36.0,-32.0,50.0,-1005.0,-177.0,2
4913,24.0,-257.0,-62.0,-70.0,-57.0,-40.0,43.0,-999.0,-180.0,2
4914,17.0,-257.0,-60.0,-57.0,-73.0,-47.0,31.0,-993.0,-169.0,2
4915,14.0,-256.0,-64.0,-46.0,-89.0,-55.0,26.0,-992.0,-175.0,2
4916,14.0,-253.0,-60.0,-37.0,-105.0,-60.0,23.0,-972.0,-178.0,2
4917,13.0,-254.0,-59.0,-30.0,-122.0,-61.0,19.0,-976.0,-174.0,2
4918,11.0,-250.0,-61.0,-27.0,-142.0,-65.0,16.0,-972.0,-164.0,2
4919,2.0,-252.0,-47.0,-20.0,-157.0,-64.0,19.0,-967.0,-167.0,2
4920,5.0,-253.0,-66.0,-13.0,-171.0,-69.0,22.0,-966.0,-159.0,2
4921,8.0,-254.0,-64.0,-4.0,-183.0,-71.0,25.0,-955.0,-161.0,2
4922,20.0,-246.0,-53.0,4.0,-198.0,-76.0,24.0,-957.0,-155.0,2
4923,20.0,-247.0,-58.0,10.0,-211.0,-79.0,34.0,-948.0,-158.0,2
4924,21.0,-239.0,-52.0,17.0,-225.0,-82.0,32.0,-945.0,-159.0,2
4925,25.0,-248.0,-49.0,22.0,-240.0,-82.0,36.0,-930.0,-159.0,2
4926,17.0,-241.0,-66.0,25.0,-253.0,-77.0,38.0,-929.0,-159.0,2
4927,15.0,-242.0,-54.0,30.0,-266.0,-74.0,40.0,-921.0,-163.0,2
4928,21.0,-237.0,-60.0,29.0,-275.0,-65.0,49.0,-911.0,-159.0,2
4929,11.0,-240.0,-64.0,21.0,-284.0,-55.0,48.0,-911.0,-163.0,2
4930,22.0,-237.0,-59.0,8.0,-287.0,-42.0,54.0,-911.0,-164.0,2
4931,16.0,-239.0,-53.0,-7.0,-292.0,-29.0,58.0,-912.0,-147.0,2
4932,33.0,-228.0,-53.0,-17.0,-300.0,-20.0,63.0,-917.0,-135.0,2
4933,32.0,-237.0,-41.0,-20.0,-311.0,-11.0,63.0,-925.0,-130.0,2
4934,20.0,-251.0,-54.0,-17.0,-320.0,-2.0,73.0,-936.0,-122.0,2
4935,38.0,-231.0,-33.0,-14.0,-327.0,4.0,83.0,-953.0,-103.0,2
4936,23.0,-247.0,-56.0,-7.0,-336.0,7.0,79.0,-956.0,-98.0,2
4937,28.0,-253.0,-38.0,2.0,-349.0,8.0,78.0,-957.0,-90.0,2
4938,28.0,-254.0,-40.0,17.0,-363.0,7.0,72.0,-972.0,-91.0,2
4939,23.0,-253.0,-43.0,30.0,-377.0,4.0,71.0,-993.0,-94.0,2
4940,21.0,-258.0,-44.0,43.0,-389.0,0.0,68.0,-1000.0,-93.0,2
4941,28.0,-259.0,-48.0,54.0,-398.0,-5.0,68.0,-1002.0,-97.0,2
4942,25.0,-258.0,-46.0,67.0,-406.0,-11.0,68.0,-1004.0,-104.0,2
4943,25.0,-255.0,-45.0,84.0,-409.0,-16.0,67.0,-986.0,-109.0,2
4944,20.0,-251.0,-49.0,97.0,-412.0,-23.0,62.0,-976.0,-113.0,2
4945,26.0,-249.0,-50.0,106.0,-412.0,-26.0,68.0,-959.0,-118.0,2
4946,27.0,-242.0,-43.0,107.0,-409.0,-28.0,62.0,-939.0,-108.0,2
4947,23.0,-239.0,-46.0,104.0,-404.0,-25.0,56.0,-928.0,-110.0,2
4948,21.0,-238.0,-43.0,96.0,-402.0,-23.0,52.0,-917.0,-113.0,2
4949,21.0,-237.0,-42.0,86.0,-400.0,-18.0,45.0,-911.0,-107.0,2
4950,18.0,-235.0,-43.0,73.0,-404.0,-11.0,42.0,-913.0,-107.0,2
4951,21.0,-239.0,-45.0,62.0,-413.0,0.0,55.0,-919.0,-109.0,2
4952,20.0,-238.0,-44.0,50.0,-425.0,9.0,62.0,-923.0,-103.0,2
4953,21.0,-237.0,-47.0,42.0,-433.0,22.0,55.0,-921.0,-114.0,2
4954,27.0,-240.0,-44.0,41.0,-434.0,35.0,62.0,-932.0,-123.0,2
4955,27.0,-243.0,-54.0,43.0,-434.0,47.0,77.0,-944.0,-134.0,2
4956,28.0,-240.0,-54.0,46.0,-434.0,60.0,81.0,-948.0,-141.0,2
4957,34.0,-246.0,-48.0,46.0,-432.0,73.0,91.0,-944.0,-129.0,2
4958,35.0,-246.0,-54.0,54.0,-430.0,85.0,104.0,-946.0,-144.0,2
4959,35.0,-241.0,-51.0,55.0,-431.0,92.0,111.0,-942.0,-134.0,2
4960,41.0,-242.0,-53.0,59.0,-428.0,101.0,120.0,-943.0,-129.0,2
4961,39.0,-252.0,-55.0,53.0,-421.0,108.0,126.0,-951.0,-135.0,2
4962,44.0,-247.0,-53.0,42.0,-422.0,114.0,133.0,-954.0,-140.0,2
4963,41.0,-247.0,-52.0,32.0,-424.0,117.0,133.0,-955.0,-135.0,2
4964,40.0,-249.0,-58.0,29.0,-422.0,118.0,136.0,-966.0,-136.0,2
4965,42.0,-251.0,-53.0,24.0,-418.0,116.0,131.0,-969.0,-135.0,2
4966,41.0,-246.0,-47.0,21.0,-414.0,112.0,119.0,-971.0,-140.0,2
4967,39.0,-251.0,-57.0,18.0,-408.0,110.0,108.0,-972.0,-141.0,2
4968,33.0,-251.0,-54.0,13.0,-399.0,111.0,99.0,-970.0,-144.0,2
4969,33.0,-256.0,-55.0,11.0,-392.0,113.0,96.0,-985.0,-136.0,2
4970,27.0,-252.0,-58.0,12.0,-387.0,115.0,86.0,-996.0,-132.0,2
4971,27.0,-255.0,-49.0,13.0,-387.0,114.0,90.0,-999.0,-128.0,2
4972,29.0,-257.0,-55.0,10.0,-393.0,112.0,82.0,-1007.0,-139.0,2
4973,27.0,-257.0,-63.0,-4.0,-397.0,108.0,91.0,-1017.0,-161.0,2
4974,31.0,-258.0,-61.0,-28.0,-400.0,104.0,94.0,-1025.0,-182.0,2
4975,26.0,-269.0,-66.0,-53.0,-401.0,101.0,97.0,-1029.0,-190.0,2
4976,34.0,-261.0,-69.0,-72.0,-400.0,95.0,110.0,-1050.0,-198.0,2
4977,36.0,-270.0,-75.0,-84.0,-396.0,89.0,112.0,-1064.0,-198.0,2
4978,27.0,-285.0,-73.0,-87.0,-389.0,83.0,118.0,-1084.0,-191.0,2
4979,39.0,-278.0,-67.0,-84.0,-380.0,73.0,123.0,-1095.0,-186.0,2
4980,31.0,-288.0,-62.0,-77.0,-371.0,62.0,122.0,-1112.0,-186.0,2
4981,39.0,-291.0,-71.0,-65.0,-367.0,46.0,112.0,-1126.0,-192.0,2
4982,30.0,-292.0,-83.0,-49.0,-365.0,35.0,105.0,-1129.0,-204.0,2
4983,34.0,-300.0,-70.0,-32.0,-363.0,25.0,99.0,-1139.0,-215.0,2
4984,27.0,-292.0,-74.0,-15.0,-355.0,17.0,77.0,-1134.0,-221.0,2
4985,27.0,-294.0,-72.0,-1.0,-345.0,13.0,70.0,-1136.0,-226.0,2
4986,26.0,-285.0,-69.0,17.0,-333.0,7.0,57.0,-1126.0,-224.0,2
4987,20.0,-297.0,-78.0,29.0,-323.0,1.0,58.0,-1125.0,-228.0,2
4988,22.0,-279.0,-95.0,38.0,-316.0,-6.0,55.0,-1109.0,-225.0,2
4989,24.0,-292.0,-72.0,44.0,-312.0,-15.0,60.0,-1095.0,-224.0,2
4990,32.0,-280.0,-74.0,49.0,-310.0,-24.0,65.0,-1092.0,-230.0,2
4991,20.0,-274.0,-61.0,49.0,-304.0,-36.0,62.0,-1080.0,-224.0,2
4992,36.0,-277.0,-72.0,43.0,-292.0,-44.0,70.0,-1083.0,-225.0,2
4993,38.0,-268.0,-68.0,38.0,-278.0,-55.0,81.0,-1071.0,-232.0,2
4994,34.0,-271.0,-79.0,36.0,-260.0,-65.0,91.0,-1071.0,-241.0,2
4995,37.0,-271.0,-79.0,31.0,-242.0,-78.0,108.0,-1066.0,-239.0,2
4996,44.0,-273.0,-84.0,24.0,-226.0,-95.0,125.0,-1062.0,-248.0,2
4997,41.0,-275.0,-82.0,12.0,-209.0,-118.0,138.0,-1066.0,-245.0,2
4998,44.0,-273.0,-81.0,0.0,-196.0,-140.0,149.0,-1070.0,-240.0,2
4999,47.0,-277.0,-72.0,-9.0,-189.0,-161.0,138.0,-1073.0,-225.0,2
5000,41.0,-274.0,-65.0,-3.0,-185.0,-177.0,136.0,-1081.0,-196.0,2
5001,38.0,-276.0,-61.0,16.0,-184.0,-193.0,117.0,-1076.0,-166.0,2
5002,38.0,-273.0,-56.0,53.0,-187.0,-197.0,96.0,-1064.0,-145.0,2
5003,31.0,-277.0,-55.0,86.0,-189.0,-192.0,87.0,-1048.0,-134.0,2
5004,29.0,-258.0,-50.0,119.0,-184.0,-181.0,79.0,-1026.0,-135.0,2
5005,33.0,-253.0,-55.0,150.0,-173.0,-162.0,77.0,-1008.0,-144.0,2
5006,33.0,-254.0,-57.0,181.0,-156.0,-143.0,58.0,-970.0,-150.0,2
5007,23.0,-244.0,-54.0,209.0,-144.0,-122.0,50.0,-949.0,-167.0,2
5008,7.0,-248.0,-58.0,233.0,-141.0,-100.0,30.0,-927.0,-175.0,2
5009,10.0,-235.0,-68.0,248.0,-148.0,-76.0,22.0,-909.0,-187.0,2
5010,14.0,-223.0,-61.0,253.0,-159.0,-50.0,14.0,-889.0,-202.0,2
5011,6.0,-221.0,-62.0,252.0,-171.0,-24.0,7.0,-868.0,-196.0,2
5012,2.0,-218.0,-71.0,250.0,-182.0,10.0,4.0,-851.0,-193.0,2
5013,9.0,-208.0,-59.0,241.0,-186.0,38.0,0.0,-840.0,-201.0,2
5014,4.0,-213.0,-59.0,226.0,-184.0,66.0,4.0,-829.0,-213.0,2
5015,6.0,-208.0,-71.0,203.0,-179.0,90.0,5.0,-826.0,-217.0,2
5016,12.0,-211.0,-85.0,179.0,-170.0,108.0,4.0,-831.0,-228.0,2
5017,6.0,-218.0,-74.0,150.0,-160.0,114.0,-6.0,-835.0,-237.0,2
5018,4.0,-209.0,-80.0,121.0,-155.0,119.0,-10.0,-839.0,-240.0,2
5019,-5.0,-216.0,-80.0,97.0,-154.0,119.0,-7.0,-847.0,-253.0,2
5020,11.0,-221.0,-88.0,69.0,-157.0,117.0,9.0,-860.0,-267.0,2
5021,15.0,-224.0,-87.0,38.0,-159.0,110.0,23.0,-873.0,-271.0,2
5022,18.0,-229.0,-89.0,14.0,-152.0,97.0,44.0,-898.0,-273.0,2
5023,24.0,-235.0,-90.0,0.0,-129.0,73.0,60.0,-915.0,-274.0,2
5024,31.0,-236.0,-86.0,-5.0,-105.0,51.0,65.0,-930.0,-267.0,2
5025,24.0,-245.0,-87.0,-1.0,-73.0,29.0,74.0,-942.0,-273.0,2
5026,26.0,-246.0,-91.0,1.0,-46.0,7.0,71.0,-953.0,-282.0,2
5027,24.0,-245.0,-91.0,7.0,-32.0,-14.0,69.0,-950.0,-293.0,2
5028,25.0,-243.0,-98.0,21.0,-29.0,-32.0,62.0,-941.0,-316.0,2
5029,21.0,-241.0,-106.0,37.0,-29.0,-45.0,50.0,-928.0,-335.0,2
5030,14.0,-238.0,-105.0,52.0,-26.0,-51.0,26.0,-910.0,-341.0,2
5031,12.0,-234.0,-104.0,63.0,-22.0,-58.0,11.0,-898.0,-358.0,2
5032,4.0,-230.0,-110.0,68.0,-16.0,-57.0,-13.0,-885.0,-359.0,2
5033,-7.0,-221.0,-106.0,61.0,-9.0,-59.0,-34.0,-868.0,-359.0,2
5034,-10.0,-218.0,-108.0,43.0,-13.0,-53.0,-66.0,-863.0,-361.0,2
5035,-12.0,-217.0,-104.0,23.0,-26.0,-45.0,-86.0,-852.0,-363.0,2
5036,-20.0,-215.0,-108.0,5.0,-39.0,-33.0,-110.0,-843.0,-360.0,2
5037,-28.0,-219.0,-108.0,-9.0,-53.0,-18.0,-127.0,-844.0,-361.0,2
5038,-31.0,-218.0,-105.0,-22.0,-62.0,-2.0,-146.0,-854.0,-362.0,2
5039,-34.0,-223.0,-100.0,-32.0,-73.0,12.0,-165.0,-864.0,-359.0,2
5040,-40.0,-226.0,-101.0,-43.0,-87.0,31.0,-178.0,-882.0,-348.0,2
5041,-38.0,-234.0,-103.0,-53.0,-100.0,46.0,-175.0,-903.0,-335.0,2
5042,-39.0,-239.0,-103.0,-63.0,-114.0,65.0,-177.0,-930.0,-330.0,2
5043,-35.0,-249.0,-99.0,-67.0,-125.0,76.0,-166.0,-955.0,-323.0,2
5044,-34.0,-254.0,-94.0,-60.0,-128.0,90.0,-157.0,-976.0,-312.0,2
5045,-28.0,-258.0,-90.0,-46.0,-124.0,101.0,-138.0,-1004.0,-299.0,2
5046,-20.0,-260.0,-94.0,-26.0,-116.0,112.0,-113.0,-1018.0,-289.0,2
5047,-18.0,-261.0,-89.0,-5.0,-107.0,118.0,-101.0,-1017.0,-279.0,2
5048,-11.0,-265.0,-90.0,13.0,-94.0,124.0,-75.0,-1024.0,-283.0,2
5049,-5.0,-265.0,-88.0,19.0,-75.0,128.0,-52.0,-1035.0,-278.0,2
5050,0.0,-263.0,-82.0,20.0,-53.0,135.0,-28.0,-1034.0,-256.0,2
5051,7.0,-265.0,-81.0,28.0,-31.0,139.0,-3.0,-1030.0,-253.0,2
5052,14.0,-268.0,-80.0,42.0,-7.0,144.0,11.0,-1036.0,-252.0,2
5053,16.0,-265.0,-80.0,65.0,22.0,148.0,24.0,-1029.0,-250.0,2
5054,18.0,-264.0,-79.0,84.0,55.0,154.0,32.0,-1025.0,-245.0,2
5055,19.0,-261.0,-78.0,98.0,89.0,158.0,39.0,-1018.0,-248.0,2
5056,19.0,-260.0,-77.0,106.0,117.0,168.0,42.0,-1011.0,-228.0,2
5057,24.0,-258.0,-70.0,112.0,146.0,178.0,50.0,-1010.0,-217.0,2
5058,24.0,-258.0,-68.0,118.0,182.0,190.0,56.0,-1008.0,-204.0,2
5059,18.0,-265.0,-66.0,122.0,219.0,200.0,49.0,-1011.0,-197.0,2
5060,21.0,-260.0,-66.0,124.0,263.0,219.0,45.0,-1015.0,-204.0,2
5061,18.0,-262.0,-65.0,124.0,302.0,237.0,41.0,-1016.0,-197.0,2
5062,20.0,-262.0,-65.0,127.0,332.0,255.0,45.0,-1022.0,-202.0,2
5063,20.0,-260.0,-70.0,137.0,351.0,265.0,43.0,-1018.0,-202.0,2
5064,20.0,-258.0,-69.0,153.0,370.0,276.0,25.0,-1011.0,-216.0,2
5065,11.0,-259.0,-72.0,172.0,386.0,281.0,14.0,-1006.0,-214.0,2
5066,7.0,-254.0,-73.0,193.0,399.0,289.0,-13.0,-992.0,-222.0,2
5067,1.0,-247.0,-73.0,203.0,410.0,298.0,-21.0,-967.0,-232.0,2
5068,-1.0,-245.0,-70.0,202.0,421.0,311.0,-28.0,-936.0,-215.0,2
5069,-1.0,-238.0,-72.0,204.0,429.0,316.0,-36.0,-912.0,-206.0,2
5070,1.0,-233.0,-72.0,203.0,436.0,323.0,-34.0,-895.0,-200.0,2
5071,-4.0,-223.0,-75.0,198.0,447.0,318.0,-42.0,-874.0,-210.0,2
5072,-6.0,-218.0,-76.0,182.0,465.0,313.0,-55.0,-860.0,-220.0,2
5073,-11.0,-220.0,-67.0,145.0,479.0,312.0,-70.0,-853.0,-212.0,2
5074,-11.0,-218.0,-67.0,109.0,490.0,315.0,-76.0,-852.0,-203.0,2
5075,-18.0,-214.0,-67.0,83.0,495.0,308.0,-88.0,-849.0,-202.0,2
5076,-17.0,-219.0,-65.0,55.0,495.0,300.0,-96.0,-851.0,-199.0,2
5077,-18.0,-222.0,-66.0,39.0,489.0,294.0,-103.0,-854.0,-186.0,2
5078,-19.0,-223.0,-59.0,24.0,483.0,289.0,-104.0,-861.0,-185.0,2
5079,-15.0,-216.0,-62.0,11.0,480.0,279.0,-110.0,-869.0,-186.0,2
5080,-19.0,-225.0,-61.0,-6.0,478.0,274.0,-109.0,-880.0,-185.0,2
5081,-19.0,-227.0,-61.0,-25.0,472.0,266.0,-105.0,-888.0,-181.0,2
5082,-19.0,-233.0,-64.0,-42.0,464.0,260.0,-107.0,-904.0,-183.0,2
5083,-17.0,-237.0,-64.0,-55.0,456.0,249.0,-97.0,-910.0,-174.0,2
5084,-17.0,-238.0,-59.0,-60.0,445.0,242.0,-96.0,-919.0,-173.0,2
5085,-15.0,-241.0,-62.0,-57.0,433.0,229.0,-95.0,-920.0,-171.0,2
5086,-13.0,-240.0,-61.0,-50.0,426.0,221.0,-95.0,-926.0,-169.0,2
5087,-16.0,-242.0,-63.0,-47.0,423.0,215.0,-93.0,-940.0,-170.0,2
5088,-14.0,-245.0,-59.0,-55.0,421.0,211.0,-93.0,-943.0,-172.0,2
5089,-17.0,-244.0,-58.0,-62.0,408.0,205.0,-97.0,-946.0,-168.0,2
5090,-14.0,-244.0,-61.0,-66.0,394.0,199.0,-92.0,-944.0,-170.0,2
5091,-15.0,-243.0,-61.0,-65.0,382.0,188.0,-90.0,-945.0,-172.0,2
5092,-16.0,-243.0,-60.0,-62.0,370.0,182.0,-90.0,-948.0,-172.0,2
5093,-12.0,-243.0,-66.0,-56.0,362.0,171.0,-98.0,-944.0,-173.0,2
5094,-14.0,-244.0,-62.0,-52.0,357.0,165.0,-98.0,-938.0,-173.0,2
5095,-13.0,-243.0,-59.0,-48.0,350.0,155.0,-89.0,-933.0,-173.0,2
5096,-12.0,-239.0,-58.0,-41.0,348.0,146.0,-90.0,-925.0,-170.0,2
5097,-12.0,-235.0,-59.0,-35.0,346.0,136.0,-91.0,-915.0,-172.0,2
5098,-12.0,-237.0,-62.0,-32.0,347.0,127.0,-80.0,-908.0,-176.0,2
5099,-12.0,-233.0,-62.0,-34.0,346.0,115.0,-79.0,-904.0,-178.0,2
5100,-11.0,-233.0,-62.0,-42.0,348.0,107.0,-76.0,-903.0,-176.0,2
5101,-12.0,-228.0,-64.0,-53.0,350.0,97.0,-78.0,-900.0,-182.0,2
5102,-11.0,-233.0,-61.0,-71.0,349.0,89.0,-75.0,-902.0,-182.0,2
5103,-11.0,-234.0,-63.0,-90.0,344.0,78.0,-75.0,-900.0,-172.0,2
5104,-12.0,-234.0,-62.0,-105.0,340.0,72.0,-76.0,-907.0,-184.0,2
5105,-11.0,-239.0,-60.0,-118.0,337.0,63.0,-74.0,-914.0,-174.0,2
5106,-10.0,-240.0,-61.0,-133.0,336.0,62.0,-68.0,-927.0,-173.0,2
5107,-11.0,-243.0,-55.0,-141.0,335.0,54.0,-67.0,-942.0,-158.0,2
5108,-6.0,-247.0,-63.0,-136.0,343.0,52.0,-61.0,-955.0,-162.0,2
5109,-5.0,-248.0,-59.0,-134.0,347.0,47.0,-38.0,-966.0,-166.0,2
5110,-2.0,-250.0,-62.0,-131.0,339.0,41.0,-38.0,-970.0,-171.0,2
5111,-3.0,-250.0,-59.0,-129.0,336.0,33.0,-37.0,-971.0,-170.0,2
5112,-2.0,-252.0,-63.0,-131.0,332.0,28.0,-32.0,-974.0,-185.0,2
5113,-2.0,-255.0,-67.0,-134.0,326.0,21.0,-32.0,-972.0,-193.0,2
5114,-1.0,-251.0,-64.0,-139.0,319.0,18.0,-33.0,-971.0,-199.0,2
5115,-5.0,-253.0,-69.0,-145.0,311.0,12.0,-39.0,-974.0,-205.0,2
5116,-6.0,-251.0,-66.0,-153.0,304.0,12.0,-52.0,-973.0,-207.0,2
5117,-5.0,-252.0,-69.0,-164.0,300.0,10.0,-53.0,-979.0,-204.0,2
5118,-9.0,-255.0,-67.0,-179.0,295.0,13.0,-60.0,-976.0,-200.0,2
5119,-12.0,-251.0,-66.0,-186.0,296.0,9.0,-74.0,-979.0,-192.0,2
5120,-12.0,-255.0,-61.0,-187.0,296.0,11.0,-81.0,-995.0,-180.0,2
5121,-16.0,-259.0,-59.0,-180.0,293.0,8.0,-103.0,-988.0,-181.0,2
5122,-21.0,-256.0,-61.0,-170.0,287.0,10.0,-120.0,-998.0,-183.0,2
5123,-22.0,-258.0,-61.0,-160.0,281.0,11.0,-121.0,-986.0,-188.0,2
5124,-22.0,-255.0,-61.0,-157.0,278.0,21.0,-117.0,-993.0,-194.0,2
5125,-22.0,-256.0,-61.0,-156.0,281.0,27.0,-116.0,-989.0,-184.0,2
5126,-18.0,-256.0,-62.0,-154.0,287.0,39.0,-109.0,-1001.0,-174.0,2
5127,-22.0,-259.0,-58.0,-152.0,296.0,48.0,-105.0,-1001.0,-152.0,2
5128,-13.0,-259.0,-52.0,-142.0,303.0,58.0,-94.0,-1007.0,-140.0,2
5129,-12.0,-258.0,-51.0,-122.0,308.0,61.0,-87.0,-1003.0,-128.0,2
5130,-11.0,-259.0,-54.0,-105.0,309.0,66.0,-64.0,-1005.0,-133.0,2
5131,-7.0,-260.0,-54.0,-93.0,307.0,66.0,-53.0,-1006.0,-132.0,2
5132,-5.0,-257.0,-51.0,-86.0,310.0,69.0,-45.0,-1004.0,-134.0,2
5133,-5.0,-259.0,-54.0,-80.0,315.0,72.0,-42.0,-1003.0,-133.0,2
5134,-3.0,-258.0,-52.0,-77.0,323.0,79.0,-41.0,-1008.0,-130.0,2
5135,-2.0,-260.0,-53.0,-67.0,337.0,74.0,-38.0,-1010.0,-129.0,2
5136,-2.0,-259.0,-53.0,-56.0,349.0,80.0,-38.0,-1007.0,-122.0,2
5137,-1.0,-261.0,-49.0,-40.0,360.0,80.0,-36.0,-1012.0,-123.0,2
5138,-2.0,-260.0,-49.0,-26.0,370.0,85.0,-33.0,-1006.0,-118.0,2
5139,-1.0,-258.0,-48.0,-11.0,383.0,84.0,-33.0,-1003.0,-123.0,2
5140,-2.0,-258.0,-46.0,3.0,397.0,86.0,-33.0,-1001.0,-119.0,2
5141,-1.0,-257.0,-50.0,15.0,410.0,85.0,-31.0,-995.0,-119.0,2
5142,0.0,-256.0,-50.0,26.0,427.0,84.0,-27.0,-993.0,-122.0,2
5143,1.0,-255.0,-49.0,30.0,445.0,81.0,-24.0,-976.0,-124.0,2
5144,-1.0,-249.0,-44.0,32.0,462.0,82.0,-26.0,-965.0,-116.0,2
5145,-1.0,-249.0,-45.0,35.0,476.0,76.0,-27.0,-964.0,-110.0,2
5146,-1.0,-246.0,-45.0,41.0,488.0,71.0,-26.0,-956.0,-104.0,2
5147,-3.0,-242.0,-45.0,47.0,503.0,64.0,-29.0,-939.0,-93.0,2
5148,-1.0,-243.0,-47.0,53.0,515.0,63.0,-39.0,-946.0,-107.0,2
5149,-3.0,-245.0,-46.0,41.0,527.0,54.0,-36.0,-944.0,-98.0,2
5150,-2.0,-244.0,-47.0,23.0,536.0,53.0,-39.0,-937.0,-87.0,2
5151,-6.0,-248.0,-38.0,13.0,540.0,49.0,-45.0,-947.0,-83.0,2
5152,-9.0,-248.0,-39.0,3.0,541.0,49.0,-60.0,-952.0,-75.0,2
5153,-11.0,-252.0,-35.0,2.0,539.0,44.0,-63.0,-964.0,-65.0,2
5154,-11.0,-251.0,-37.0,9.0,538.0,46.0,-70.0,-963.0,-64.0,2
5155,-12.0,-252.0,-37.0,21.0,536.0,42.0,-79.0,-967.0,-65.0,2
5156,-12.0,-254.0,-30.0,38.0,539.0,44.0,-87.0,-970.0,-61.0,2
5157,-14.0,-253.0,-35.0,55.0,545.0,40.0,-94.0,-968.0,-60.0,2
5158,-12.0,-253.0,-36.0,75.0,548.0,41.0,-88.0,-954.0,-62.0,2
5159,-12.0,-247.0,-38.0,89.0,556.0,37.0,-86.0,-951.0,-61.0,2
5160,-13.0,-243.0,-33.0,98.0,560.0,34.0,-94.0,-935.0,-63.0,2
5161,-13.0,-242.0,-30.0,96.0,557.0,27.0,-89.0,-926.0,-60.0,2
5162,-19.0,-236.0,-37.0,97.0,551.0,25.0,-92.0,-914.0,-65.0,2
5163,-14.0,-232.0,-39.0,95.0,545.0,21.0,-97.0,-912.0,-81.0,2
5164,-14.0,-232.0,-39.0,82.0,541.0,21.0,-101.0,-904.0,-76.0,2
5165,-18.0,-231.0,-36.0,72.0,533.0,16.0,-95.0,-906.0,-73.0,2
5166,-22.0,-233.0,-41.0,62.0,522.0,10.0,-106.0,-904.0,-81.0,2
5167,-24.0,-236.0,-39.0,54.0,508.0,1.0,-111.0,-906.0,-80.0,2
5168,-23.0,-237.0,-39.0,44.0,497.0,-5.0,-125.0,-909.0,-83.0,2
5169,-24.0,-242.0,-36.0,43.0,480.0,-15.0,-131.0,-923.0,-85.0,2
5170,-26.0,-245.0,-39.0,50.0,461.0,-20.0,-126.0,-939.0,-86.0,2
5171,-26.0,-246.0,-41.0,61.0,441.0,-29.0,-123.0,-946.0,-88.0,2
5172,-24.0,-244.0,-39.0,68.0,428.0,-32.0,-122.0,-948.0,-86.0,2
5173,-22.0,-248.0,-36.0,70.0,421.0,-41.0,-121.0,-949.0,-66.0,2
5174,-21.0,-248.0,-36.0,68.0,419.0,-44.0,-115.0,-951.0,-64.0,2
5175,-19.0,-247.0,-34.0,68.0,418.0,-53.0,-111.0,-951.0,-49.0,2
5176,-23.0,-246.0,-33.0,70.0,417.0,-55.0,-106.0,-949.0,-49.0,2
5177,-15.0,-249.0,-32.0,73.0,412.0,-65.0,-99.0,-951.0,-57.0,2
5178,-12.0,-247.0,-38.0,78.0,409.0,-71.0,-89.0,-947.0,-63.0,2
5179,-12.0,-242.0,-39.0,80.0,408.0,-80.0,-74.0,-938.0,-67.0,2
5180,-11.0,-245.0,-38.0,79.0,408.0,-83.0,-65.0,-939.0,-71.0,2
5181,-10.0,-242.0,-41.0,73.0,408.0,-90.0,-64.0,-937.0,-79.0,2
5182,-6.0,-244.0,-39.0,62.0,410.0,-92.0,-52.0,-929.0,-83.0,2
5183,-5.0,-242.0,-41.0,54.0,412.0,-96.0,-41.0,-935.0,-87.0,2
5184,-2.0,-241.0,-49.0,44.0,412.0,-96.0,-33.0,-931.0,-99.0,2
5185,-4.0,-239.0,-48.0,28.0,414.0,-101.0,-36.0,-929.0,-123.0,2
5186,-6.0,-237.0,-60.0,-3.0,416.0,-97.0,-45.0,-936.0,-153.0,2
5187,-9.0,-243.0,-70.0,-54.0,431.0,-96.0,-66.0,-949.0,-191.0,2
5188,-13.0,-250.0,-74.0,-114.0,450.0,-84.0,-73.0,-968.0,-214.0,2
5189,-13.0,-256.0,-76.0,-164.0,466.0,-77.0,-93.0,-1006.0,-235.0,2
5190,-21.0,-264.0,-70.0,-200.0,472.0,-66.0,-111.0,-1032.0,-222.0,2
5191,-27.0,-276.0,-72.0,-215.0,462.0,-54.0,-135.0,-1073.0,-220.0,2
5192,-32.0,-287.0,-68.0,-211.0,439.0,-38.0,-153.0,-1105.0,-210.0,2
5193,-38.0,-296.0,-64.0,-196.0,418.0,-25.0,-168.0,-1135.0,-204.0,2
5194,-37.0,-296.0,-68.0,-174.0,397.0,-7.0,-180.0,-1148.0,-189.0,2
5195,-35.0,-304.0,-68.0,-154.0,379.0,9.0,-175.0,-1157.0,-210.0,2
5196,-34.0,-301.0,-72.0,-142.0,365.0,32.0,-172.0,-1156.0,-218.0,2
5197,-38.0,-300.0,-79.0,-133.0,350.0,49.0,-169.0,-1154.0,-240.0,2
5198,-34.0,-296.0,-86.0,-131.0,329.0,67.0,-175.0,-1150.0,-255.0,2
5199,-33.0,-295.0,-83.0,-130.0,302.0,80.0,-171.0,-1145.0,-275.0,2
5200,-37.0,-296.0,-92.0,-137.0,275.0,97.0,-175.0,-1143.0,-288.0,2
5201,-43.0,-298.0,-91.0,-149.0,247.0,106.0,-179.0,-1147.0,-293.0,2
5202,-38.0,-298.0,-87.0,-154.0,204.0,121.0,-168.0,-1155.0,-284.0,2
5203,-40.0,-297.0,-90.0,-141.0,161.0,123.0,-177.0,-1156.0,-284.0,2
5204,-36.0,-297.0,-90.0,-122.0,119.0,137.0,-164.0,-1157.0,-281.0,2
5205,-31.0,-298.0,-87.0,-100.0,83.0,141.0,-144.0,-1148.0,-272.0,2
5206,-25.0,-298.0,-84.0,-74.0,57.0,149.0,-131.0,-1150.0,-273.0,2
5207,-17.0,-295.0,-77.0,-57.0,37.0,145.0,-109.0,-1145.0,-245.0,2
5208,-12.0,-290.0,-70.0,-30.0,18.0,146.0,-87.0,-1127.0,-219.0,2
5209,-9.0,-285.0,-71.0,7.0,11.0,137.0,-81.0,-1105.0,-216.0,2
5210,-7.0,-280.0,-67.0,37.0,20.0,134.0,-59.0,-1091.0,-206.0,2
5211,-2.0,-274.0,-61.0,61.0,29.0,120.0,-47.0,-1070.0,-193.0,2
5212,-3.0,-269.0,-61.0,81.0,35.0,100.0,-38.0,-1045.0,-181.0,2
5213,-2.0,-262.0,-61.0,94.0,41.0,75.0,-36.0,-1014.0,-161.0,2
5214,-3.0,-255.0,-58.0,100.0,49.0,59.0,-36.0,-977.0,-155.0,2
5215,-2.0,-249.0,-58.0,102.0,64.0,38.0,-35.0,-960.0,-152.0,2
5216,-2.0,-246.0,-53.0,99.0,85.0,20.0,-37.0,-935.0,-140.0,2
5217,-6.0,-240.0,-54.0,97.0,100.0,1.0,-50.0,-921.0,-130.0,2
5218,-4.0,-238.0,-54.0,99.0,110.0,-11.0,-44.0,-911.0,-135.0,2
5219,-3.0,-236.0,-56.0,98.0,120.0,-26.0,-44.0,-910.0,-147.0,2
5220,0.0,-233.0,-57.0,87.0,137.0,-34.0,-29.0,-905.0,-159.0,2
5221,5.0,-235.0,-59.0,75.0,156.0,-49.0,-23.0,-903.0,-162.0,2
5222,6.0,-235.0,-55.0,69.0,170.0,-56.0,-13.0,-909.0,-161.0,2
5223,9.0,-237.0,-59.0,66.0,183.0,-73.0,-6.0,-917.0,-168.0,2
5224,6.0,-241.0,-58.0,52.0,197.0,-79.0,2.0,-918.0,-167.0,2
5225,8.0,-240.0,-56.0,38.0,206.0,-91.0,2.0,-924.0,-157.0,2
5226,6.0,-239.0,-57.0,22.0,209.0,-100.0,-2.0,-927.0,-150.0,2
5227,3.0,-244.0,-57.0,5.0,205.0,-112.0,-12.0,-939.0,-150.0,2
5228,2.0,-243.0,-55.0,-10.0,200.0,-117.0,-21.0,-943.0,-152.0,2
5229,1.0,-245.0,-57.0,-24.0,198.0,-123.0,-24.0,-935.0,-158.0,2
5230,-2.0,-244.0,-58.0,-36.0,201.0,-121.0,-38.0,-947.0,-163.0,2
5231,-6.0,-244.0,-62.0,-47.0,209.0,-117.0,-40.0,-947.0,-167.0,2
5232,-7.0,-248.0,-60.0,-53.0,213.0,-108.0,-53.0,-946.0,-172.0,2
5233,-9.0,-249.0,-63.0,-49.0,214.0,-98.0,-60.0,-952.0,-188.0,2
5234,-8.0,-244.0,-66.0,-42.0,202.0,-81.0,-63.0,-952.0,-190.0,2
5235,-12.0,-243.0,-68.0,-30.0,185.0,-77.0,-69.0,-944.0,-202.0,2
5236,-11.0,-246.0,-71.0,-21.0,158.0,-68.0,-76.0,-935.0,-212.0,2
5237,-12.0,-243.0,-72.0,-16.0,127.0,-63.0,-74.0,-931.0,-223.0,2
5238,-12.0,-242.0,-75.0,-17.0,95.0,-55.0,-80.0,-932.0,-238.0,2
5239,-13.0,-243.0,-82.0,-23.0,68.0,-53.0,-87.0,-938.0,-250.0,2
5240,-15.0,-242.0,-81.0,-33.0,41.0,-50.0,-85.0,-928.0,-260.0,2
5241,-14.0,-245.0,-85.0,-40.0,14.0,-50.0,-95.0,-936.0,-271.0,2
5242,-18.0,-244.0,-89.0,-43.0,-12.0,-45.0,-90.0,-939.0,-284.0,2
5243,-15.0,-243.0,-87.0,-43.0,-34.0,-48.0,-87.0,-938.0,-282.0,2
5244,-13.0,-242.0,-94.0,-40.0,-53.0,-45.0,-97.0,-933.0,-306.0,2
5245,-12.0,-242.0,-98.0,-42.0,-64.0,-46.0,-78.0,-935.0,-318.0,2
5246,-11.0,-239.0,-101.0,-50.0,-70.0,-49.0,-78.0,-937.0,-319.0,2
5247,-13.0,-243.0,-99.0,-59.0,-78.0,-54.0,-77.0,-931.0,-320.0,2
5248,-12.0,-243.0,-93.0,-60.0,-93.0,-57.0,-73.0,-937.0,-305.0,2
5249,-7.0,-245.0,-90.0,-59.0,-112.0,-65.0,-64.0,-938.0,-297.0,2
5250,-5.0,-242.0,-95.0,-56.0,-124.0,-70.0,-53.0,-929.0,-302.0,2
5251,-4.0,-243.0,-98.0,-57.0,-123.0,-77.0,-44.0,-936.0,-316.0,2
5252,-1.0,-240.0,-98.0,-55.0,-107.0,-78.0,-35.0,-931.0,-320.0,2
5253,4.0,-243.0,-99.0,-45.0,-86.0,-86.0,-20.0,-924.0,-323.0,2
5254,3.0,-238.0,-98.0,-26.0,-69.0,-90.0,0.0,-919.0,-316.0,2
5255,9.0,-235.0,-96.0,-2.0,-66.0,-101.0,12.0,-910.0,-321.0,2
5256,16.0,-228.0,-98.0,20.0,-69.0,-105.0,39.0,-897.0,-329.0,2
5257,23.0,-227.0,-102.0,25.0,-64.0,-116.0,63.0,-884.0,-333.0,2
5258,29.0,-222.0,-103.0,17.0,-53.0,-118.0,80.0,-878.0,-337.0,2
5259,34.0,-222.0,-100.0,4.0,-37.0,-124.0,104.0,-867.0,-340.0,2
5260,34.0,-220.0,-106.0,-14.0,-16.0,-123.0,111.0,-866.0,-349.0,2
5261,39.0,-221.0,-105.0,-28.0,6.0,-126.0,117.0,-859.0,-352.0,2
5262,39.0,-219.0,-104.0,-39.0,28.0,-123.0,124.0,-861.0,-353.0,2
5263,40.0,-220.0,-106.0,-49.0,53.0,-127.0,130.0,-868.0,-355.0,2
5264,42.0,-223.0,-104.0,-63.0,72.0,-127.0,133.0,-870.0,-346.0,2
5265,41.0,-225.0,-100.0,-74.0,89.0,-124.0,129.0,-879.0,-337.0,2
5266,41.0,-229.0,-99.0,-85.0,105.0,-114.0,133.0,-891.0,-323.0,2
5267,47.0,-230.0,-97.0,-93.0,120.0,-111.0,145.0,-895.0,-317.0,2
5268,44.0,-229.0,-94.0,-96.0,138.0,-102.0,140.0,-906.0,-308.0,2
5269,42.0,-234.0,-90.0,-101.0,153.0,-98.0,133.0,-916.0,-307.0,2
5270,42.0,-236.0,-95.0,-102.0,160.0,-89.0,133.0,-925.0,-290.0,2
5271,38.0,-239.0,-93.0,-94.0,159.0,-88.0,121.0,-947.0,-299.0,2
5272,32.0,-249.0,-96.0,-86.0,156.0,-84.0,97.0,-957.0,-309.0,2
5273,29.0,-256.0,-102.0,-85.0,159.0,-82.0,88.0,-980.0,-319.0,2
5274,24.0,-257.0,-93.0,-94.0,164.0,-79.0,72.0,-1002.0,-311.0,2
5275,22.0,-263.0,-88.0,-95.0,163.0,-86.0,60.0,-1010.0,-288.0,2
5276,18.0,-260.0,-89.0,-79.0,154.0,-92.0,43.0,-1015.0,-283.0,2
5277,12.0,-260.0,-83.0,-64.0,148.0,-102.0,22.0,-1018.0,-273.0,2
5278,12.0,-261.0,-80.0,-52.0,145.0,-106.0,9.0,-1020.0,-251.0,2
5279,10.0,-262.0,-75.0,-36.0,138.0,-118.0,0.0,-1021.0,-239.0,2
5280,6.0,-263.0,-75.0,-18.0,133.0,-128.0,-5.0,-1021.0,-247.0,2
5281,0.0,-259.0,-73.0,-15.0,131.0,-143.0,-16.0,-1020.0,-231.0,2
5282,1.0,-263.0,-72.0,-14.0,120.0,-153.0,-19.0,-1019.0,-209.0,2
5283,-2.0,-263.0,-64.0,-4.0,96.0,-169.0,-28.0,-1020.0,-199.0,2
5284,-3.0,-261.0,-70.0,8.0,66.0,-180.0,-29.0,-1025.0,-206.0,2
5285,0.0,-263.0,-69.0,17.0,35.0,-196.0,-21.0,-1021.0,-208.0,2
5286,-1.0,-263.0,-73.0,21.0,9.0,-210.0,-21.0,-1022.0,-207.0,2
5287,2.0,-260.0,-70.0,30.0,-19.0,-225.0,-19.0,-1011.0,-203.0,2
5288,1.0,-260.0,-68.0,46.0,-33.0,-235.0,-16.0,-1008.0,-207.0,2
5289,3.0,-258.0,-74.0,61.0,-45.0,-248.0,-17.0,-1006.0,-213.0,2
5290,5.0,-254.0,-70.0,68.0,-52.0,-253.0,-8.0,-994.0,-219.0,2
5291,9.0,-252.0,-72.0,67.0,-54.0,-263.0,2.0,-973.0,-219.0,2
5292,10.0,-248.0,-74.0,63.0,-56.0,-267.0,11.0,-964.0,-218.0,2
5293,15.0,-244.0,-69.0,56.0,-56.0,-275.0,31.0,-950.0,-215.0,2
5294,14.0,-244.0,-73.0,50.0,-57.0,-282.0,35.0,-946.0,-222.0,2
5295,19.0,-241.0,-77.0,47.0,-60.0,-286.0,47.0,-927.0,-228.0,2
5296,22.0,-238.0,-80.0,43.0,-63.0,-287.0,56.0,-915.0,-226.0,2
5297,22.0,-232.0,-75.0,38.0,-65.0,-289.0,62.0,-906.0,-239.0,2
5298,27.0,-227.0,-78.0,30.0,-67.0,-286.0,67.0,-896.0,-239.0,2
5299,29.0,-227.0,-80.0,14.0,-68.0,-285.0,76.0,-881.0,-226.0,2
5300,26.0,-223.0,-70.0,-2.0,-69.0,-277.0,81.0,-878.0,-230.0,2
5301,28.0,-224.0,-67.0,-20.0,-67.0,-275.0,90.0,-872.0,-211.0,2
5302,28.0,-222.0,-72.0,-28.0,-63.0,-268.0,86.0,-868.0,-212.0,2
5303,29.0,-223.0,-68.0,-35.0,-58.0,-266.0,91.0,-866.0,-213.0,2
5304,28.0,-223.0,-74.0,-47.0,-55.0,-261.0,86.0,-872.0,-220.0,2
5305,30.0,-226.0,-72.0,-61.0,-54.0,-261.0,83.0,-882.0,-219.0,2
5306,25.0,-224.0,-71.0,-77.0,-50.0,-255.0,80.0,-879.0,-211.0,2
5307,26.0,-227.0,-67.0,-87.0,-49.0,-254.0,80.0,-882.0,-213.0,2
5308,28.0,-229.0,-73.0,-94.0,-42.0,-250.0,68.0,-891.0,-211.0,2
5309,26.0,-230.0,-72.0,-102.0,-39.0,-251.0,63.0,-897.0,-208.0,2
5310,25.0,-232.0,-64.0,-114.0,-35.0,-246.0,65.0,-904.0,-200.0,2
5311,25.0,-233.0,-64.0,-124.0,-32.0,-244.0,63.0,-906.0,-193.0,2
5312,22.0,-239.0,-69.0,-136.0,-30.0,-237.0,50.0,-912.0,-204.0,2
5313,19.0,-238.0,-67.0,-153.0,-30.0,-231.0,44.0,-924.0,-205.0,2
5314,20.0,-243.0,-68.0,-168.0,-29.0,-220.0,48.0,-944.0,-195.0,2
5315,21.0,-246.0,-66.0,-178.0,-32.0,-213.0,53.0,-952.0,-197.0,2
5316,22.0,-249.0,-67.0,-176.0,-32.0,-205.0,49.0,-956.0,-197.0,2
5317,18.0,-249.0,-65.0,-164.0,-35.0,-198.0,42.0,-952.0,-192.0,2
5318,18.0,-250.0,-65.0,-145.0,-36.0,-179.0,47.0,-953.0,-204.0,2
5319,17.0,-247.0,-71.0,-125.0,-35.0,-169.0,47.0,-955.0,-213.0,2
5320,20.0,-248.0,-69.0,-111.0,-33.0,-155.0,51.0,-952.0,-210.0,2
5321,20.0,-245.0,-70.0,-101.0,-37.0,-150.0,52.0,-945.0,-209.0,2
5322,20.0,-242.0,-66.0,-93.0,-44.0,-141.0,50.0,-940.0,-213.0,2
5323,21.0,-239.0,-68.0,-89.0,-53.0,-130.0,56.0,-930.0,-211.0,2
5324,27.0,-240.0,-71.0,-89.0,-58.0,-115.0,68.0,-926.0,-216.0,2
5325,27.0,-238.0,-71.0,-96.0,-58.0,-103.0,81.0,-924.0,-213.0,2
5326,30.0,-238.0,-69.0,-108.0,-57.0,-93.0,92.0,-925.0,-212.0,2
5327,29.0,-238.0,-70.0,-117.0,-57.0,-87.0,87.0,-927.0,-209.0,2
5328,33.0,-243.0,-70.0,-122.0,-58.0,-77.0,94.0,-935.0,-210.0,2
5329,30.0,-245.0,-71.0,-117.0,-51.0,-73.0,96.0,-936.0,-208.0,2
5330,35.0,-245.0,-71.0,-104.0,-44.0,-65.0,99.0,-943.0,-208.0,2
5331,35.0,-246.0,-74.0,-89.0,-34.0,-60.0,101.0,-951.0,-217.0,2
5332,35.0,-250.0,-74.0,-77.0,-25.0,-54.0,101.0,-951.0,-221.0,2
5333,36.0,-248.0,-75.0,-71.0,-17.0,-52.0,106.0,-947.0,-223.0,2
5334,36.0,-242.0,-73.0,-69.0,-10.0,-46.0,97.0,-940.0,-226.0,2
5335,31.0,-243.0,-73.0,-71.0,-3.0,-46.0,99.0,-944.0,-223.0,2
5336,35.0,-244.0,-76.0,-80.0,3.0,-42.0,100.0,-943.0,-223.0,2
5337,30.0,-245.0,-71.0,-93.0,9.0,-43.0,86.0,-948.0,-220.0,2
5338,28.0,-247.0,-71.0,-104.0,8.0,-41.0,84.0,-957.0,-210.0,2
5339,26.0,-247.0,-67.0,-112.0,5.0,-41.0,74.0,-961.0,-204.0,2
5340,25.0,-250.0,-66.0,-111.0,-3.0,-40.0,66.0,-959.0,-197.0,2
5341,22.0,-249.0,-67.0,-106.0,-10.0,-43.0,58.0,-964.0,-190.0,2
5342,20.0,-250.0,-63.0,-103.0,-12.0,-38.0,48.0,-965.0,-194.0,2
5343,17.0,-251.0,-64.0,-101.0,-14.0,-38.0,48.0,-970.0,-182.0,2
5344,18.0,-252.0,-65.0,-98.0,-17.0,-37.0,31.0,-970.0,-189.0,2
5345,13.0,-254.0,-65.0,-96.0,-23.0,-40.0,28.0,-969.0,-175.0,2
5346,9.0,-253.0,-62.0,-90.0,-35.0,-40.0,15.0,-973.0,-176.0,2
5347,7.0,-250.0,-59.0,-82.0,-52.0,-42.0,7.0,-976.0,-174.0,2
5348,7.0,-252.0,-58.0,-77.0,-67.0,-40.0,5.0,-970.0,-170.0,2
5349,12.0,-253.0,-59.0,-70.0,-88.0,-42.0,12.0,-969.0,-167.0,2
5350,8.0,-242.0,-55.0,-60.0,-105.0,-41.0,20.0,-967.0,-163.0,2
5351,13.0,-252.0,-57.0,-47.0,-118.0,-44.0,18.0,-967.0,-153.0,2
5352,13.0,-251.0,-58.0,-34.0,-127.0,-46.0,19.0,-966.0,-159.0,2
5353,16.0,-250.0,-61.0,-24.0,-140.0,-51.0,30.0,-968.0,-169.0,2
5354,20.0,-249.0,-58.0,-14.0,-149.0,-53.0,37.0,-965.0,-174.0,2
5355,18.0,-248.0,-61.0,-5.0,-156.0,-58.0,50.0,-956.0,-173.0,2
5356,20.0,-247.0,-61.0,0.0,-159.0,-63.0,54.0,-954.0,-179.0,2
5357,22.0,-245.0,-61.0,5.0,-162.0,-68.0,56.0,-951.0,-178.0,2
5358,24.0,-247.0,-65.0,6.0,-166.0,-70.0,55.0,-944.0,-187.0,2
5359,21.0,-241.0,-60.0,2.0,-174.0,-75.0,58.0,-933.0,-191.0,2
5360,24.0,-243.0,-65.0,-6.0,-190.0,-76.0,60.0,-939.0,-185.0,2
5361,25.0,-242.0,-64.0,-9.0,-203.0,-80.0,65.0,-942.0,-187.0,2
5362,24.0,-244.0,-62.0,-12.0,-213.0,-80.0,61.0,-940.0,-178.0,2
5363,26.0,-246.0,-59.0,-14.0,-223.0,-80.0,62.0,-944.0,-174.0,2
5364,24.0,-246.0,-63.0,-15.0,-230.0,-73.0,61.0,-946.0,-169.0,2
5365,26.0,-249.0,-62.0,-13.0,-237.0,-70.0,67.0,-951.0,-164.0,2
5366,25.0,-251.0,-56.0,-4.0,-244.0,-65.0,67.0,-954.0,-159.0,2
5367,21.0,-249.0,-56.0,10.0,-258.0,-63.0,67.0,-956.0,-152.0,2
5368,24.0,-249.0,-56.0,27.0,-271.0,-57.0,62.0,-962.0,-157.0,2
5369,21.0,-248.0,-57.0,43.0,-286.0,-52.0,60.0,-965.0,-156.0,2
5370,21.0,-249.0,-54.0,54.0,-306.0,-47.0,54.0,-957.0,-153.0,2
5371,19.0,-249.0,-57.0,63.0,-329.0,-43.0,56.0,-950.0,-153.0,2
5372,21.0,-246.0,-58.0,69.0,-344.0,-36.0,54.0,-955.0,-154.0,2
5373,18.0,-243.0,-59.0,74.0,-353.0,-33.0,58.0,-951.0,-163.0,2
5374,20.0,-242.0,-59.0,78.0,-357.0,-26.0,55.0,-949.0,-169.0,2
5375,18.0,-243.0,-62.0,79.0,-360.0,-20.0,56.0,-946.0,-183.0,2
5376,23.0,-243.0,-62.0,76.0,-358.0,-13.0,61.0,-942.0,-182.0,2
5377,21.0,-240.0,-62.0,71.0,-350.0,-9.0,62.0,-943.0,-175.0,2
5378,22.0,-245.0,-59.0,69.0,-347.0,-5.0,63.0,-948.0,-166.0,2
5379,20.0,-246.0,-57.0,70.0,-347.0,-5.0,59.0,-951.0,-159.0,2
5380,21.0,-246.0,-57.0,73.0,-357.0,-4.0,50.0,-951.0,-153.0,2
5381,19.0,-249.0,-53.0,79.0,-373.0,-4.0,44.0,-958.0,-147.0,2
5382,20.0,-250.0,-53.0,88.0,-382.0,-2.0,49.0,-959.0,-142.0,2
5383,20.0,-245.0,-54.0,95.0,-384.0,-2.0,56.0,-956.0,-142.0,2
5384,22.0,-248.0,-54.0,105.0,-381.0,3.0,62.0,-958.0,-141.0,2
5385,26.0,-249.0,-55.0,115.0,-376.0,3.0,69.0,-953.0,-144.0,2
5386,29.0,-244.0,-57.0,123.0,-369.0,5.0,76.0,-956.0,-148.0,2
5387,28.0,-244.0,-58.0,130.0,-363.0,4.0,91.0,-951.0,-152.0,2
5388,33.0,-245.0,-54.0,134.0,-353.0,10.0,92.0,-947.0,-149.0,2
5389,29.0,-243.0,-57.0,132.0,-340.0,12.0,93.0,-946.0,-154.0,2
5390,30.0,-245.0,-53.0,125.0,-336.0,13.0,89.0,-940.0,-147.0,2
5391,29.0,-245.0,-54.0,115.0,-335.0,11.0,81.0,-950.0,-144.0,2
5392,29.0,-247.0,-53.0,100.0,-339.0,10.0,87.0,-950.0,-134.0,2
5393,29.0,-246.0,-49.0,90.0,-345.0,7.0,84.0,-955.0,-126.0,2
5394,29.0,-250.0,-49.0,84.0,-349.0,6.0,89.0,-955.0,-123.0,2
5395,28.0,-248.0,-47.0,87.0,-353.0,4.0,81.0,-958.0,-122.0,2
5396,26.0,-249.0,-48.0,92.0,-359.0,4.0,77.0,-959.0,-117.0,2
5397,24.0,-249.0,-45.0,97.0,-367.0,4.0,72.0,-959.0,-117.0,2
5398,22.0,-247.0,-47.0,98.0,-375.0,7.0,66.0,-953.0,-115.0,2
5399,24.0,-244.0,-48.0,97.0,-379.0,12.0,64.0,-950.0,-118.0,2
5400,23.0,-246.0,-47.0,93.0,-383.0,17.0,64.0,-951.0,-112.0,2
5401,24.0,-246.0,-49.0,89.0,-390.0,22.0,64.0,-953.0,-112.0,2
5402,26.0,-249.0,-50.0,80.0,-397.0,30.0,71.0,-953.0,-114.0,2
5403,29.0,-251.0,-50.0,63.0,-399.0,34.0,79.0,-972.0,-125.0,2
5404,31.0,-253.0,-52.0,46.0,-405.0,37.0,93.0,-977.0,-142.0,2
5405,31.0,-256.0,-56.0,20.0,-416.0,37.0,97.0,-998.0,-154.0,2
5406,37.0,-260.0,-60.0,-3.0,-428.0,35.0,106.0,-1008.0,-174.0,2
5407,38.0,-261.0,-63.0,-19.0,-437.0,30.0,105.0,-1026.0,-182.0,2
5408,38.0,-268.0,-70.0,-22.0,-438.0,27.0,114.0,-1044.0,-203.0,2
5409,43.0,-272.0,-58.0,-23.0,-436.0,20.0,123.0,-1051.0,-181.0,2
5410,44.0,-273.0,-66.0,-12.0,-430.0,10.0,130.0,-1066.0,-187.0,2
5411,45.0,-275.0,-64.0,-4.0,-421.0,1.0,139.0,-1073.0,-198.0,2
5412,46.0,-277.0,-65.0,1.0,-417.0,-11.0,144.0,-1081.0,-195.0,2
5413,46.0,-281.0,-65.0,7.0,-407.0,-22.0,129.0,-1087.0,-201.0,2
5414,39.0,-279.0,-68.0,10.0,-404.0,-29.0,129.0,-1087.0,-204.0,2
5415,37.0,-281.0,-77.0,14.0,-400.0,-40.0,110.0,-1089.0,-212.0,2
5416,36.0,-281.0,-79.0,20.0,-392.0,-45.0,100.0,-1096.0,-219.0,2
5417,31.0,-282.0,-72.0,22.0,-375.0,-50.0,85.0,-1094.0,-231.0,2
5418,30.0,-276.0,-78.0,26.0,-354.0,-53.0,75.0,-1086.0,-238.0,2
5419,27.0,-278.0,-77.0,28.0,-338.0,-58.0,63.0,-1081.0,-230.0,2
5420,24.0,-275.0,-77.0,30.0,-328.0,-55.0,63.0,-1083.0,-244.0,2
5421,28.0,-273.0,-80.0,30.0,-322.0,-56.0,73.0,-1077.0,-246.0,2
5422,31.0,-277.0,-84.0,28.0,-311.0,-59.0,80.0,-1076.0,-255.0,2
5423,31.0,-276.0,-80.0,22.0,-290.0,-63.0,86.0,-1073.0,-259.0,2
5424,31.0,-277.0,-89.0,15.0,-271.0,-67.0,84.0,-1091.0,-265.0,2
5425,30.0,-277.0,-84.0,7.0,-252.0,-73.0,96.0,-1090.0,-271.0,2
5426,34.0,-279.0,-84.0,0.0,-233.0,-78.0,95.0,-1097.0,-273.0,2
5427,32.0,-277.0,-82.0,-6.0,-213.0,-84.0,96.0,-1098.0,-273.0,2
5428,37.0,-282.0,-84.0,-6.0,-193.0,-87.0,108.0,-1099.0,-260.0,2
5429,35.0,-279.0,-81.0,-4.0,-171.0,-94.0,105.0,-1090.0,-248.0,2
5430,37.0,-278.0,-78.0,2.0,-151.0,-99.0,109.0,-1088.0,-239.0,2
5431,39.0,-279.0,-73.0,10.0,-137.0,-101.0,107.0,-1076.0,-222.0,2
5432,38.0,-271.0,-71.0,24.0,-129.0,-102.0,114.0,-1057.0,-210.0,2
5433,38.0,-267.0,-65.0,43.0,-123.0,-100.0,113.0,-1036.0,-205.0,2
5434,42.0,-261.0,-67.0,63.0,-109.0,-92.0,116.0,-1009.0,-198.0,2
5435,41.0,-253.0,-65.0,90.0,-91.0,-83.0,127.0,-985.0,-201.0,2
5436,44.0,-246.0,-69.0,106.0,-68.0,-74.0,128.0,-950.0,-204.0,2
5437,42.0,-242.0,-66.0,116.0,-50.0,-67.0,128.0,-929.0,-195.0,2
5438,40.0,-236.0,-72.0,123.0,-37.0,-57.0,118.0,-913.0,-198.0,2
5439,35.0,-235.0,-67.0,125.0,-30.0,-46.0,106.0,-904.0,-200.0,2
5440,33.0,-232.0,-64.0,123.0,-23.0,-35.0,104.0,-906.0,-200.0,2
5441,30.0,-234.0,-63.0,119.0,-20.0,-20.0,98.0,-904.0,-198.0,2
5442,26.0,-236.0,-68.0,115.0,-16.0,-8.0,81.0,-909.0,-194.0,2
5443,20.0,-234.0,-62.0,113.0,-17.0,7.0,60.0,-909.0,-189.0,2
5444,16.0,-238.0,-71.0,116.0,-16.0,27.0,38.0,-916.0,-188.0,2
5445,12.0,-239.0,-66.0,122.0,-20.0,45.0,21.0,-919.0,-187.0,2
5446,9.0,-239.0,-65.0,128.0,-26.0,65.0,10.0,-923.0,-186.0,2
5447,3.0,-238.0,-65.0,135.0,-30.0,85.0,-4.0,-917.0,-188.0,2
5448,-2.0,-236.0,-64.0,139.0,-33.0,106.0,-23.0,-916.0,-186.0,2
5449,-1.0,-235.0,-66.0,138.0,-34.0,124.0,-28.0,-909.0,-187.0,2
5450,-1.0,-234.0,-68.0,137.0,-36.0,142.0,-23.0,-902.0,-197.0,2
5451,3.0,-236.0,-68.0,132.0,-34.0,157.0,-11.0,-906.0,-197.0,2
5452,5.0,-235.0,-72.0,124.0,-32.0,165.0,-4.0,-911.0,-205.0,2
5453,6.0,-237.0,-70.0,115.0,-29.0,171.0,3.0,-913.0,-207.0,2
5454,14.0,-238.0,-70.0,101.0,-25.0,171.0,14.0,-926.0,-220.0,2
5455,15.0,-242.0,-71.0,86.0,-15.0,162.0,36.0,-937.0,-222.0,2
5456,22.0,-243.0,-76.0,70.0,-1.0,153.0,54.0,-947.0,-226.0,2
5457,25.0,-246.0,-75.0,56.0,12.0,141.0,67.0,-951.0,-239.0,2
5458,27.0,-247.0,-78.0,50.0,29.0,129.0,79.0,-953.0,-239.0,2
5459,32.0,-247.0,-83.0,49.0,50.0,117.0,100.0,-951.0,-253.0,2
5460,37.0,-246.0,-84.0,52.0,75.0,103.0,115.0,-953.0,-264.0,2
5461,38.0,-244.0,-86.0,57.0,103.0,87.0,114.0,-944.0,-262.0,2
5462,38.0,-243.0,-86.0,65.0,129.0,72.0,116.0,-944.0,-262.0,2
5463,37.0,-244.0,-86.0,74.0,155.0,59.0,109.0,-937.0,-271.0,2
5464,36.0,-240.0,-89.0,73.0,173.0,46.0,97.0,-932.0,-274.0,2
5465,30.0,-237.0,-86.0,70.0,185.0,35.0,87.0,-918.0,-284.0,2
5466,25.0,-234.0,-93.0,65.0,189.0,33.0,72.0,-911.0,-289.0,2
5467,22.0,-233.0,-93.0,68.0,186.0,30.0,58.0,-903.0,-300.0,2
5468,18.0,-234.0,-97.0,73.0,185.0,31.0,34.0,-903.0,-309.0,2
5469,11.0,-230.0,-97.0,79.0,179.0,30.0,13.0,-897.0,-322.0,2
5470,-1.0,-229.0,-101.0,84.0,166.0,30.0,-16.0,-894.0,-330.0,2
5471,-7.0,-231.0,-104.0,87.0,151.0,34.0,-56.0,-885.0,-327.0,2
5472,-12.0,-224.0,-99.0,89.0,130.0,42.0,-72.0,-881.0,-333.0,2
5473,-15.0,-221.0,-101.0,91.0,112.0,49.0,-92.0,-869.0,-339.0,2
5474,-19.0,-222.0,-107.0,89.0,98.0,55.0,-107.0,-854.0,-358.0,2
5475,-24.0,-216.0,-108.0,81.0,84.0,62.0,-118.0,-846.0,-367.0,2
5476,-26.0,-215.0,-108.0,66.0,73.0,68.0,-129.0,-837.0,-362.0,2
5477,-27.0,-213.0,-104.0,42.0,61.0,71.0,-127.0,-832.0,-363.0,2
5478,-30.0,-211.0,-107.0,18.0,47.0,69.0,-132.0,-834.0,-358.0,2
5479,-31.0,-214.0,-103.0,-10.0,31.0,66.0,-147.0,-838.0,-351.0,2
5480,-31.0,-219.0,-99.0,-44.0,11.0,65.0,-151.0,-850.0,-331.0,2
5481,-29.0,-222.0,-99.0,-77.0,-4.0,66.0,-156.0,-870.0,-324.0,2
5482,-28.0,-226.0,-90.0,-106.0,-18.0,67.0,-143.0,-892.0,-308.0,2
5483,-31.0,-236.0,-89.0,-128.0,-27.0,68.0,-142.0,-915.0,-289.0,2
5484,-22.0,-244.0,-82.0,-142.0,-28.0,70.0,-126.0,-937.0,-270.0,2
5485,-16.0,-249.0,-79.0,-141.0,-24.0,73.0,-108.0,-959.0,-257.0,2
5486,-15.0,-252.0,-80.0,-126.0,-16.0,70.0,-83.0,-974.0,-251.0,2
5487,-10.0,-256.0,-84.0,-111.0,-5.0,64.0,-73.0,-1001.0,-246.0,2
5488,-8.0,-261.0,-76.0,-103.0,7.0,61.0,-60.0,-1010.0,-242.0,2
5489,-5.0,-261.0,-74.0,-96.0,23.0,62.0,-42.0,-1020.0,-225.0,2
5490,0.0,-265.0,-69.0,-85.0,41.0,65.0,-26.0,-1039.0,-217.0,2
5491,2.0,-269.0,-68.0,-75.0,56.0,74.0,-21.0,-1044.0,-204.0,2
5492,6.0,-271.0,-71.0,-63.0,71.0,78.0,-13.0,-1057.0,-204.0,2
5493,5.0,-274.0,-70.0,-61.0,91.0,90.0,-12.0,-1064.0,-204.0,2
5494,3.0,-274.0,-72.0,-58.0,112.0,107.0,-18.0,-1071.0,-201.0,2
5495,7.0,-274.0,-68.0,-49.0,128.0,129.0,-13.0,-1073.0,-196.0,2
5496,5.0,-278.0,-64.0,-34.0,143.0,145.0,-11.0,-1075.0,-187.0,2
5497,7.0,-275.0,-62.0,-13.0,163.0,168.0,-1.0,-1081.0,-183.0,2
5498,13.0,-278.0,-62.0,19.0,184.0,187.0,1.0,-1074.0,-173.0,2
5499,8.0,-276.0,-59.0,44.0,210.0,206.0,-1.0,-1068.0,-170.0,2
5500,4.0,-273.0,-63.0,68.0,233.0,227.0,-11.0,-1057.0,-174.0,2
5501,7.0,-271.0,-66.0,91.0,249.0,247.0,-8.0,-1052.0,-177.0,2
5502,4.0,-266.0,-62.0,112.0,257.0,264.0,-16.0,-1041.0,-191.0,2
5503,6.0,-261.0,-64.0,129.0,266.0,280.0,-14.0,-1010.0,-197.0,2
5504,5.0,-258.0,-68.0,146.0,277.0,289.0,-7.0,-999.0,-198.0,2
5505,7.0,-254.0,-71.0,159.0,291.0,296.0,-3.0,-976.0,-197.0,2
5506,5.0,-247.0,-64.0,171.0,307.0,297.0,-12.0,-961.0,-206.0,2
5507,2.0,-245.0,-68.0,173.0,316.0,303.0,-22.0,-948.0,-203.0,2
5508,0.0,-241.0,-68.0,163.0,323.0,310.0,-28.0,-938.0,-199.0,2
5509,1.0,-240.0,-64.0,156.0,328.0,312.0,-26.0,-919.0,-189.0,2
5510,0.0,-236.0,-66.0,150.0,337.0,311.0,-32.0,-909.0,-181.0,2
5511,-6.0,-232.0,-58.0,149.0,347.0,311.0,-40.0,-903.0,-170.0,2
5512,-7.0,-231.0,-61.0,148.0,349.0,306.0,-51.0,-899.0,-171.0,2
5513,-5.0,-230.0,-63.0,141.0,347.0,303.0,-47.0,-889.0,-176.0,2
5514,-5.0,-229.0,-64.0,127.0,344.0,293.0,-45.0,-880.0,-179.0,2
5515,-9.0,-226.0,-60.0,111.0,345.0,285.0,-54.0,-879.0,-187.0,2
5516,-12.0,-224.0,-63.0,90.0,352.0,275.0,-72.0,-870.0,-186.0,2
5517,-17.0,-225.0,-65.0,66.0,354.0,269.0,-91.0,-865.0,-182.0,2
5518,-19.0,-224.0,-66.0,43.0,349.0,261.0,-98.0,-871.0,-183.0,2
5519,-18.0,-224.0,-66.0,15.0,342.0,254.0,-99.0,-879.0,-179.0,2
5520,-19.0,-230.0,-58.0,-9.0,334.0,245.0,-108.0,-883.0,-172.0,2
5521,-24.0,-230.0,-59.0,-25.0,325.0,238.0,-111.0,-897.0,-163.0,2
5522,-22.0,-237.0,-56.0,-40.0,313.0,230.0,-117.0,-909.0,-151.0,2
5523,-25.0,-237.0,-51.0,-47.0,301.0,225.0,-118.0,-915.0,-140.0,2
5524,-20.0,-245.0,-48.0,-47.0,288.0,215.0,-110.0,-928.0,-124.0,2
5525,-20.0,-245.0,-47.0,-44.0,278.0,205.0,-114.0,-933.0,-131.0,2
5526,-20.0,-245.0,-54.0,-43.0,268.0,193.0,-116.0,-944.0,-127.0,2
5527,-24.0,-248.0,-53.0,-43.0,256.0,185.0,-117.0,-951.0,-133.0,2
5528,-22.0,-249.0,-52.0,-44.0,241.0,178.0,-119.0,-953.0,-139.0,2
5529,-21.0,-249.0,-56.0,-47.0,218.0,170.0,-114.0,-956.0,-151.0,2
5530,-23.0,-246.0,-57.0,-51.0,195.0,163.0,-116.0,-954.0,-152.0,2
5531,-24.0,-247.0,-57.0,-51.0,174.0,156.0,-111.0,-952.0,-160.0,2
5532,-20.0,-246.0,-56.0,-49.0,155.0,146.0,-105.0,-944.0,-156.0,2
5533,-16.0,-243.0,-52.0,-46.0,139.0,136.0,-101.0,-945.0,-151.0,2
5534,-13.0,-243.0,-52.0,-45.0,125.0,125.0,-94.0,-937.0,-142.0,2
5535,-13.0,-243.0,-55.0,-44.0,113.0,115.0,-84.0,-927.0,-138.0,2
5536,-12.0,-239.0,-52.0,-44.0,103.0,101.0,-79.0,-921.0,-141.0,2
5537,-11.0,-235.0,-54.0,-46.0,93.0,89.0,-78.0,-918.0,-144.0,2
5538,-13.0,-235.0,-56.0,-52.0,83.0,72.0,-73.0,-910.0,-151.0,2
5539,-12.0,-234.0,-59.0,-57.0,75.0,53.0,-76.0,-906.0,-169.0,2
5540,-13.0,-233.0,-62.0,-66.0,68.0,37.0,-74.0,-906.0,-181.0,2
5541,-12.0,-232.0,-67.0,-75.0,61.0,22.0,-76.0,-908.0,-185.0,2
5542,-13.0,-233.0,-68.0,-80.0,57.0,8.0,-81.0,-906.0,-183.0,2
5543,-12.0,-237.0,-66.0,-83.0,57.0,-2.0,-82.0,-914.0,-181.0,2
5544,-12.0,-238.0,-63.0,-89.0,58.0,-12.0,-70.0,-921.0,-170.0,2
5545,-9.0,-241.0,-58.0,-97.0,63.0,-18.0,-67.0,-926.0,-168.0,2
5546,-9.0,-241.0,-60.0,-104.0,67.0,-26.0,-51.0,-933.0,-156.0,2
5547,-3.0,-243.0,-54.0,-107.0,71.0,-31.0,-39.0,-943.0,-147.0,2
5548,-1.0,-242.0,-54.0,-106.0,71.0,-42.0,-28.0,-944.0,-139.0,2
5549,-1.0,-245.0,-57.0,-95.0,74.0,-48.0,-34.0,-952.0,-149.0,2
5550,-4.0,-248.0,-58.0,-89.0,78.0,-59.0,-38.0,-955.0,-165.0,2
5551,-4.0,-248.0,-62.0,-93.0,69.0,-66.0,-40.0,-955.0,-179.0,2
5552,-7.0,-249.0,-67.0,-101.0,52.0,-75.0,-49.0,-959.0,-192.0,2
5553,-9.0,-251.0,-71.0,-116.0,31.0,-73.0,-63.0,-963.0,-205.0,2
5554,-12.0,-250.0,-65.0,-127.0,18.0,-70.0,-74.0,-962.0,-198.0,2
5555,-13.0,-251.0,-65.0,-132.0,16.0,-60.0,-85.0,-972.0,-183.0,2
5556,-17.0,-255.0,-60.0,-131.0,21.0,-52.0,-92.0,-975.0,-173.0,2
5557,-16.0,-253.0,-57.0,-126.0,22.0,-43.0,-103.0,-986.0,-168.0,2
5558,-19.0,-258.0,-59.0,-119.0,21.0,-34.0,-106.0,-995.0,-167.0,2
5559,-21.0,-256.0,-60.0,-118.0,18.0,-25.0,-118.0,-1003.0,-164.0,2
5560,-23.0,-256.0,-57.0,-117.0,11.0,-14.0,-116.0,-991.0,-160.0,2
5561,-20.0,-259.0,-61.0,-118.0,2.0,-5.0,-117.0,-992.0,-169.0,2
5562,-18.0,-259.0,-56.0,-123.0,-2.0,4.0,-108.0,-1003.0,-166.0,2
5563,-16.0,-259.0,-59.0,-123.0,-1.0,9.0,-107.0,-1011.0,-162.0,2
5564,-19.0,-264.0,-56.0,-122.0,5.0,11.0,-107.0,-1018.0,-162.0,2
5565,-16.0,-262.0,-55.0,-118.0,10.0,19.0,-104.0,-1022.0,-157.0,2
5566,-12.0,-265.0,-57.0,-108.0,20.0,23.0,-95.0,-1031.0,-151.0,2
5567,-12.0,-264.0,-55.0,-94.0,32.0,28.0,-77.0,-1033.0,-147.0,2
5568,-10.0,-265.0,-56.0,-83.0,46.0,35.0,-63.0,-1022.0,-136.0,2
5569,-6.0,-261.0,-53.0,-75.0,64.0,44.0,-50.0,-1025.0,-134.0,2
5570,1.0,-262.0,-48.0,-73.0,82.0,51.0,-26.0,-1019.0,-124.0,2
5571,5.0,-261.0,-51.0,-69.0,103.0,61.0,-16.0,-1017.0,-118.0,2
5572,7.0,-260.0,-44.0,-62.0,119.0,66.0,-2.0,-1014.0,-112.0,2
5573,9.0,-260.0,-47.0,-50.0,133.0,73.0,5.0,-1010.0,-105.0,2
5574,11.0,-260.0,-41.0,-33.0,147.0,75.0,7.0,-1012.0,-93.0,2
5575,8.0,-259.0,-44.0,-9.0,165.0,74.0,8.0,-1006.0,-97.0,2
5576,9.0,-259.0,-41.0,10.0,185.0,73.0,9.0,-998.0,-90.0,2
5577,11.0,-259.0,-46.0,25.0,211.0,75.0,8.0,-1005.0,-103.0,2
5578,8.0,-257.0,-46.0,39.0,237.0,74.0,3.0,-1002.0,-101.0,2
5579,5.0,-257.0,-45.0,53.0,262.0,77.0,0.0,-999.0,-94.0,2
5580,5.0,-255.0,-43.0,68.0,281.0,79.0,-5.0,-997.0,-94.0,2
5581,5.0,-254.0,-47.0,77.0,303.0,88.0,-6.0,-980.0,-95.0,2
5582,6.0,-249.0,-42.0,83.0,331.0,93.0,1.0,-971.0,-95.0,2
5583,13.0,-250.0,-43.0,79.0,358.0,96.0,-2.0,-969.0,-91.0,2
5584,8.0,-246.0,-40.0,72.0,379.0,94.0,6.0,-962.0,-88.0,2
5585,10.0,-249.0,-44.0,64.0,393.0,92.0,4.0,-950.0,-72.0,2
5586,7.0,-245.0,-41.0,62.0,402.0,86.0,-1.0,-944.0,-82.0,2
5587,8.0,-245.0,-46.0,52.0,406.0,85.0,6.0,-943.0,-84.0,2
5588,6.0,-245.0,-40.0,38.0,411.0,73.0,-3.0,-938.0,-73.0,2
5589,2.0,-243.0,-37.0,28.0,416.0,70.0,-12.0,-936.0,-68.0,2
5590,0.0,-243.0,-32.0,22.0,424.0,65.0,-26.0,-938.0,-68.0,2
5591,-2.0,-246.0,-34.0,19.0,434.0,66.0,-35.0,-934.0,-63.0,2
5592,-3.0,-246.0,-34.0,20.0,446.0,64.0,-43.0,-934.0,-57.0,2
5593,-8.0,-245.0,-31.0,28.0,462.0,68.0,-50.0,-942.0,-51.0,2
5594,-10.0,-242.0,-34.0,41.0,472.0,67.0,-59.0,-933.0,-47.0,2
5595,-9.0,-243.0,-33.0,50.0,483.0,70.0,-61.0,-932.0,-71.0,2
5596,-10.0,-239.0,-37.0,53.0,494.0,64.0,-67.0,-921.0,-65.0,2
5597,-12.0,-237.0,-35.0,54.0,501.0,62.0,-78.0,-912.0,-66.0,2
5598,-13.0,-238.0,-38.0,51.0,506.0,56.0,-81.0,-913.0,-74.0,2
5599,-12.0,-236.0,-38.0,42.0,507.0,49.0,-84.0,-914.0,-77.0,2
5600,-12.0,-237.0,-35.0,32.0,500.0,37.0,-87.0,-913.0,-67.0,2
5601,-16.0,-240.0,-35.0,26.0,493.0,31.0,-89.0,-918.0,-72.0,2
5602,-15.0,-240.0,-33.0,21.0,488.0,19.0,-97.0,-919.0,-65.0,2
5603,-19.0,-237.0,-35.0,18.0,482.0,11.0,-91.0,-920.0,-64.0,2
5604,-15.0,-242.0,-35.0,22.0,478.0,4.0,-99.0,-924.0,-58.0,2
5605,-13.0,-241.0,-33.0,25.0,478.0,0.0,-94.0,-927.0,-64.0,2
5606,-16.0,-241.0,-35.0,27.0,479.0,-8.0,-98.0,-927.0,-65.0,2
5607,-19.0,-244.0,-39.0,28.0,479.0,-12.0,-100.0,-933.0,-68.0,2
5608,-18.0,-244.0,-39.0,30.0,477.0,-19.0,-100.0,-943.0,-81.0,2
5609,-15.0,-245.0,-40.0,31.0,478.0,-22.0,-91.0,-945.0,-77.0,2
5610,-13.0,-247.0,-39.0,30.0,480.0,-30.0,-88.0,-945.0,-77.0,2
5611,-12.0,-247.0,-37.0,33.0,476.0,-35.0,-83.0,-949.0,-79.0,2
5612,-12.0,-247.0,-36.0,32.0,470.0,-43.0,-80.0,-950.0,-83.0,2
5613,-12.0,-246.0,-38.0,29.0,462.0,-48.0,-78.0,-951.0,-79.0,2
5614,-12.0,-250.0,-41.0,29.0,449.0,-56.0,-77.0,-955.0,-81.0,2
5615,-10.0,-249.0,-42.0,29.0,438.0,-59.0,-73.0,-959.0,-88.0,2
5616,-11.0,-248.0,-42.0,28.0,432.0,-65.0,-70.0,-954.0,-100.0,2
5617,-11.0,-248.0,-47.0,25.0,431.0,-66.0,-69.0,-950.0,-105.0,2
5618,-11.0,-248.0,-48.0,17.0,432.0,-69.0,-71.0,-955.0,-114.0,2
5619,-10.0,-248.0,-48.0,5.0,431.0,-66.0,-69.0,-952.0,-115.0,2
5620,-11.0,-246.0,-46.0,-8.0,431.0,-65.0,-71.0,-961.0,-107.0,2
5621,-10.0,-250.0,-47.0,-22.0,434.0,-61.0,-71.0,-964.0,-104.0,2
5622,-9.0,-254.0,-43.0,-24.0,441.0,-59.0,-67.0,-965.0,-94.0,2
5623,-11.0,-254.0,-42.0,-22.0,445.0,-53.0,-63.0,-975.0,-92.0,2
5624,-8.0,-252.0,-40.0,-19.0,448.0,-52.0,-64.0,-971.0,-87.0,2
5625,-9.0,-251.0,-42.0,-13.0,453.0,-50.0,-61.0,-974.0,-92.0,2
5626,-13.0,-251.0,-43.0,-11.0,459.0,-54.0,-65.0,-971.0,-99.0,2
5627,-11.0,-252.0,-44.0,-9.0,464.0,-55.0,-67.0,-964.0,-94.0,2
5628,-11.0,-252.0,-47.0,-5.0,471.0,-60.0,-72.0,-965.0,-106.0,2
5629,-12.0,-247.0,-50.0,-9.0,478.0,-62.0,-79.0,-965.0,-123.0,2
5630,-14.0,-249.0,-60.0,-29.0,486.0,-62.0,-99.0,-965.0,-155.0,2
5631,-14.0,-253.0,-70.0,-77.0,504.0,-53.0,-103.0,-977.0,-184.0,2
5632,-17.0,-258.0,-71.0,-132.0,532.0,-49.0,-108.0,-1003.0,-226.0,2
5633,-20.0,-264.0,-80.0,-181.0,558.0,-35.0,-110.0,-1025.0,-254.0,2
5634,-25.0,-271.0,-83.0,-211.0,572.0,-24.0,-118.0,-1057.0,-262.0,2
5635,-30.0,-283.0,-75.0,-215.0,559.0,-12.0,-135.0,-1093.0,-247.0,2
5636,-36.0,-291.0,-78.0,-195.0,522.0,-5.0,-162.0,-1117.0,-236.0,2
5637,-39.0,-293.0,-71.0,-162.0,478.0,9.0,-183.0,-1132.0,-215.0,2
5638,-41.0,-292.0,-70.0,-125.0,442.0,23.0,-197.0,-1132.0,-208.0,2
5639,-38.0,-290.0,-71.0,-96.0,421.0,43.0,-185.0,-1118.0,-201.0,2
5640,-35.0,-283.0,-69.0,-75.0,410.0,54.0,-172.0,-1097.0,-207.0,2
5641,-35.0,-274.0,-79.0,-63.0,399.0,67.0,-166.0,-1081.0,-239.0,2
5642,-30.0,-270.0,-84.0,-63.0,382.0,72.0,-149.0,-1060.0,-270.0,2
5643,-27.0,-267.0,-89.0,-73.0,363.0,81.0,-134.0,-1051.0,-284.0,2
5644,-26.0,-270.0,-89.0,-86.0,341.0,84.0,-126.0,-1045.0,-286.0,2
5645,-24.0,-271.0,-84.0,-98.0,321.0,93.0,-131.0,-1050.0,-280.0,2
5646,-27.0,-275.0,-82.0,-112.0,295.0,98.0,-128.0,-1058.0,-265.0,2
5647,-24.0,-278.0,-78.0,-121.0,269.0,105.0,-131.0,-1075.0,-255.0,2
5648,-28.0,-282.0,-76.0,-128.0,240.0,103.0,-133.0,-1093.0,-245.0,2
5649,-30.0,-281.0,-75.0,-127.0,205.0,107.0,-135.0,-1100.0,-237.0,2
5650,-26.0,-286.0,-75.0,-119.0,170.0,107.0,-126.0,-1106.0,-239.0,2
5651,-15.0,-286.0,-76.0,-107.0,143.0,114.0,-98.0,-1112.0,-237.0,2
5652,-12.0,-285.0,-77.0,-90.0,127.0,112.0,-85.0,-1108.0,-239.0,2
5653,-8.0,-285.0,-77.0,-82.0,136.0,114.0,-65.0,-1106.0,-234.0,2
5654,-1.0,-282.0,-69.0,-72.0,149.0,114.0,-45.0,-1093.0,-203.0,2
5655,2.0,-276.0,-66.0,-46.0,159.0,113.0,-27.0,-1076.0,-189.0,2
5656,4.0,-271.0,-65.0,-18.0,183.0,104.0,-22.0,-1053.0,-196.0,2
5657,4.0,-262.0,-58.0,-1.0,208.0,99.0,-9.0,-1027.0,-168.0,2
5658,4.0,-261.0,-56.0,3.0,223.0,81.0,-15.0,-1006.0,-153.0,2
5659,1.0,-251.0,-53.0,5.0,224.0,69.0,-20.0,-978.0,-140.0,2
5660,1.0,-249.0,-53.0,9.0,219.0,49.0,-29.0,-967.0,-135.0,2
5661,-5.0,-251.0,-50.0,9.0,216.0,38.0,-36.0,-960.0,-127.0,2
5662,-8.0,-249.0,-50.0,9.0,212.0,23.0,-58.0,-960.0,-127.0,2
5663,-10.0,-254.0,-54.0,14.0,207.0,13.0,-61.0,-969.0,-145.0,2
5664,-11.0,-252.0,-56.0,13.0,197.0,-2.0,-76.0,-969.0,-158.0,2
5665,-14.0,-254.0,-59.0,14.0,184.0,-9.0,-86.0,-971.0,-185.0,2
5666,-18.0,-251.0,-68.0,18.0,169.0,-24.0,-92.0,-984.0,-199.0,2
5667,-14.0,-255.0,-76.0,19.0,154.0,-33.0,-83.0,-983.0,-211.0,2
5668,-15.0,-255.0,-73.0,15.0,144.0,-46.0,-92.0,-997.0,-220.0,2
5669,-12.0,-256.0,-69.0,8.0,137.0,-51.0,-90.0,-993.0,-215.0,2
5670,-13.0,-255.0,-65.0,0.0,126.0,-61.0,-81.0,-992.0,-207.0,2
5671,-13.0,-256.0,-67.0,-4.0,117.0,-67.0,-83.0,-999.0,-197.0,2
5672,-12.0,-255.0,-66.0,-2.0,107.0,-74.0,-75.0,-981.0,-186.0,2
5673,-14.0,-254.0,-62.0,2.0,94.0,-74.0,-78.0,-970.0,-182.0,2
5674,-12.0,-248.0,-64.0,10.0,81.0,-78.0,-79.0,-970.0,-186.0,2
5675,-10.0,-252.0,-67.0,20.0,73.0,-74.0,-70.0,-960.0,-199.0,2
5676,-8.0,-248.0,-69.0,26.0,70.0,-74.0,-62.0,-954.0,-205.0,2
5677,-8.0,-245.0,-72.0,31.0,66.0,-72.0,-55.0,-954.0,-213.0,2
5678,-7.0,-246.0,-68.0,42.0,55.0,-77.0,-54.0,-953.0,-220.0,2
5679,-5.0,-246.0,-73.0,57.0,36.0,-77.0,-47.0,-946.0,-226.0,2
5680,-3.0,-245.0,-80.0,74.0,11.0,-84.0,-34.0,-939.0,-251.0,2
5681,2.0,-242.0,-78.0,83.0,-15.0,-88.0,-26.0,-935.0,-255.0,2
5682,-1.0,-240.0,-85.0,84.0,-38.0,-97.0,-24.0,-926.0,-259.0,2
5683,-3.0,-236.0,-84.0,78.0,-59.0,-103.0,-23.0,-916.0,-264.0,2
5684,0.0,-235.0,-86.0,68.0,-76.0,-116.0,-23.0,-908.0,-273.0,2
5685,-4.0,-228.0,-89.0,54.0,-84.0,-123.0,-32.0,-904.0,-281.0,2
5686,-3.0,-228.0,-94.0,35.0,-81.0,-131.0,-38.0,-895.0,-290.0,2
5687,-3.0,-232.0,-93.0,10.0,-71.0,-135.0,-44.0,-902.0,-302.0,2
5688,-9.0,-232.0,-97.0,-16.0,-61.0,-142.0,-52.0,-906.0,-315.0,2
5689,-7.0,-236.0,-101.0,-28.0,-63.0,-143.0,-55.0,-906.0,-312.0,2
5690,-9.0,-239.0,-97.0,-29.0,-71.0,-148.0,-62.0,-915.0,-319.0,2
5691,-10.0,-237.0,-99.0,-20.0,-82.0,-145.0,-63.0,-920.0,-319.0,2
5692,-6.0,-240.0,-92.0,-9.0,-90.0,-143.0,-56.0,-918.0,-305.0,2
5693,-5.0,-238.0,-90.0,5.0,-98.0,-136.0,-47.0,-914.0,-293.0,2
5694,-8.0,-233.0,-92.0,20.0,-101.0,-136.0,-42.0,-909.0,-298.0,2
5695,-5.0,-230.0,-98.0,33.0,-96.0,-128.0,-40.0,-899.0,-314.0,2
5696,-2.0,-228.0,-101.0,39.0,-81.0,-128.0,-35.0,-880.0,-322.0,2
5697,2.0,-224.0,-99.0,49.0,-61.0,-120.0,-24.0,-866.0,-333.0,2
5698,2.0,-218.0,-102.0,62.0,-48.0,-117.0,-16.0,-853.0,-337.0,2
5699,8.0,-214.0,-103.0,71.0,-48.0,-109.0,4.0,-850.0,-335.0,2
5700,16.0,-212.0,-102.0,66.0,-54.0,-105.0,28.0,-839.0,-347.0,2
5701,24.0,-212.0,-103.0,44.0,-58.0,-97.0,57.0,-841.0,-345.0,2
5702,30.0,-211.0,-100.0,14.0,-53.0,-92.0,81.0,-830.0,-340.0,2
5703,30.0,-211.0,-102.0,-19.0,-43.0,-83.0,101.0,-842.0,-329.0,2
5704,36.0,-214.0,-99.0,-45.0,-31.0,-82.0,108.0,-842.0,-324.0,2
5705,38.0,-217.0,-98.0,-61.0,-25.0,-74.0,115.0,-851.0,-326.0,2
5706,39.0,-223.0,-100.0,-72.0,-18.0,-73.0,126.0,-869.0,-330.0,2
5707,41.0,-229.0,-98.0,-83.0,-9.0,-66.0,128.0,-884.0,-323.0,2
5708,45.0,-231.0,-91.0,-96.0,1.0,-67.0,127.0,-904.0,-318.0,2
5709,44.0,-235.0,-90.0,-99.0,9.0,-58.0,133.0,-913.0,-293.0,2
5710,43.0,-241.0,-87.0,-85.0,15.0,-57.0,134.0,-929.0,-282.0,2
5711,47.0,-248.0,-91.0,-76.0,29.0,-57.0,132.0,-953.0,-294.0,2
5712,44.0,-248.0,-91.0,-86.0,56.0,-62.0,139.0,-983.0,-287.0,2
5713,41.0,-258.0,-81.0,-97.0,79.0,-70.0,129.0,-1011.0,-260.0,2
5714,37.0,-266.0,-78.0,-102.0,88.0,-87.0,114.0,-1038.0,-241.0,2
5715,35.0,-271.0,-72.0,-105.0,91.0,-100.0,104.0,-1070.0,-224.0,2
5716,32.0,-275.0,-72.0,-99.0,90.0,-116.0,99.0,-1077.0,-213.0,2
5717,31.0,-278.0,-68.0,-80.0,87.0,-126.0,87.0,-1080.0,-205.0,2
5718,28.0,-277.0,-66.0,-49.0,87.0,-141.0,92.0,-1085.0,-211.0,2
5719,28.0,-279.0,-72.0,-13.0,90.0,-158.0,80.0,-1076.0,-215.0,2
5720,27.0,-277.0,-72.0,31.0,93.0,-181.0,74.0,-1071.0,-218.0,2
5721,23.0,-274.0,-70.0,59.0,91.0,-202.0,63.0,-1051.0,-223.0,2
5722,17.0,-262.0,-70.0,80.0,86.0,-221.0,40.0,-1028.0,-224.0,2
5723,12.0,-260.0,-74.0,90.0,74.0,-232.0,13.0,-1012.0,-225.0,2
5724,11.0,-258.0,-82.0,95.0,58.0,-244.0,14.0,-1007.0,-237.0,2
5725,12.0,-255.0,-75.0,83.0,54.0,-256.0,13.0,-991.0,-242.0,2
5726,11.0,-251.0,-72.0,68.0,57.0,-269.0,4.0,-974.0,-224.0,2
5727,9.0,-250.0,-70.0,67.0,61.0,-273.0,1.0,-965.0,-205.0,2
5728,9.0,-250.0,-64.0,76.0,62.0,-281.0,-3.0,-953.0,-199.0,2
5729,9.0,-245.0,-62.0,90.0,60.0,-286.0,6.0,-949.0,-185.0,2
5730,12.0,-245.0,-63.0,95.0,60.0,-298.0,18.0,-930.0,-187.0,2
5731,18.0,-238.0,-65.0,88.0,64.0,-304.0,34.0,-935.0,-182.0,2
5732,16.0,-237.0,-59.0,80.0,73.0,-310.0,44.0,-921.0,-173.0,2
5733,20.0,-236.0,-62.0,67.0,78.0,-309.0,52.0,-915.0,-169.0,2
5734,30.0,-236.0,-59.0,57.0,78.0,-308.0,74.0,-912.0,-167.0,2
5735,30.0,-234.0,-56.0,55.0,76.0,-305.0,100.0,-906.0,-158.0,2
5736,35.0,-235.0,-60.0,56.0,75.0,-306.0,108.0,-901.0,-168.0,2
5737,36.0,-231.0,-61.0,48.0,73.0,-298.0,107.0,-904.0,-174.0,2
5738,37.0,-231.0,-62.0,36.0,72.0,-288.0,113.0,-902.0,-179.0,2
5739,38.0,-230.0,-69.0,19.0,65.0,-274.0,111.0,-901.0,-197.0,2
5740,35.0,-231.0,-70.0,0.0,60.0,-262.0,113.0,-904.0,-217.0,2
5741,32.0,-233.0,-79.0,-24.0,58.0,-244.0,94.0,-905.0,-235.0,2
5742,31.0,-233.0,-78.0,-57.0,61.0,-232.0,93.0,-906.0,-238.0,2
5743,29.0,-233.0,-74.0,-79.0,63.0,-221.0,91.0,-907.0,-236.0,2
5744,29.0,-236.0,-73.0,-91.0,69.0,-216.0,81.0,-910.0,-225.0,2
5745,24.0,-235.0,-73.0,-101.0,75.0,-212.0,66.0,-909.0,-222.0,2
5746,19.0,-237.0,-74.0,-110.0,84.0,-211.0,51.0,-908.0,-212.0,2
5747,17.0,-237.0,-69.0,-123.0,92.0,-207.0,34.0,-908.0,-197.0,2
5748,14.0,-234.0,-67.0,-133.0,95.0,-204.0,30.0,-910.0,-195.0,2
5749,14.0,-237.0,-63.0,-143.0,94.0,-198.0,24.0,-914.0,-185.0,2
5750,13.0,-239.0,-56.0,-156.0,89.0,-197.0,22.0,-927.0,-169.0,2
5751,13.0,-243.0,-60.0,-157.0,84.0,-191.0,21.0,-925.0,-157.0,2
5752,16.0,-239.0,-56.0,-144.0,79.0,-190.0,28.0,-929.0,-151.0,2
5753,16.0,-244.0,-56.0,-137.0,76.0,-185.0,22.0,-931.0,-154.0,2
5754,14.0,-245.0,-57.0,-132.0,73.0,-186.0,33.0,-946.0,-156.0,2
5755,16.0,-245.0,-60.0,-127.0,67.0,-183.0,37.0,-949.0,-161.0,2
5756,20.0,-246.0,-63.0,-123.0,60.0,-187.0,57.0,-940.0,-170.0,2
5757,19.0,-242.0,-63.0,-117.0,58.0,-186.0,58.0,-938.0,-170.0,2
5758,24.0,-244.0,-65.0,-111.0,56.0,-182.0,59.0,-931.0,-185.0,2
5759,25.0,-241.0,-64.0,-110.0,54.0,-172.0,68.0,-928.0,-193.0,2
5760,28.0,-240.0,-72.0,-112.0,60.0,-167.0,74.0,-916.0,-200.0,2
5761,28.0,-236.0,-67.0,-119.0,68.0,-156.0,81.0,-909.0,-193.0,2
5762,30.0,-233.0,-66.0,-125.0,74.0,-147.0,79.0,-911.0,-194.0,2
5763,29.0,-231.0,-65.0,-130.0,72.0,-132.0,94.0,-905.0,-184.0,2
5764,32.0,-228.0,-66.0,-135.0,68.0,-121.0,97.0,-903.0,-195.0,2
5765,37.0,-231.0,-70.0,-144.0,66.0,-103.0,102.0,-906.0,-207.0,2
5766,32.0,-235.0,-68.0,-158.0,69.0,-88.0,101.0,-906.0,-214.0,2
5767,33.0,-236.0,-70.0,-173.0,74.0,-72.0,98.0,-908.0,-211.0,2
5768,33.0,-237.0,-67.0,-178.0,77.0,-62.0,94.0,-914.0,-209.0,2
5769,30.0,-242.0,-69.0,-179.0,73.0,-47.0,89.0,-926.0,-198.0,2
5770,27.0,-244.0,-69.0,-170.0,70.0,-39.0,86.0,-935.0,-200.0,2
5771,28.0,-245.0,-67.0,-161.0,67.0,-30.0,74.0,-935.0,-186.0,2
5772,24.0,-244.0,-64.0,-151.0,66.0,-23.0,69.0,-948.0,-186.0,2
5773,21.0,-243.0,-63.0,-144.0,61.0,-14.0,62.0,-950.0,-171.0,2
5774,23.0,-248.0,-57.0,-139.0,60.0,-12.0,60.0,-958.0,-166.0,2
5775,24.0,-251.0,-59.0,-138.0,56.0,-8.0,60.0,-965.0,-164.0,2
5776,23.0,-249.0,-59.0,-136.0,56.0,-10.0,52.0,-969.0,-164.0,2
5777,20.0,-251.0,-58.0,-135.0,55.0,-8.0,51.0,-976.0,-170.0,2
5778,19.0,-253.0,-61.0,-134.0,53.0,-13.0,53.0,-974.0,-182.0,2
5779,19.0,-254.0,-63.0,-134.0,51.0,-13.0,51.0,-987.0,-187.0,2
5780,23.0,-254.0,-66.0,-128.0,51.0,-18.0,54.0,-978.0,-194.0,2
5781,25.0,-253.0,-66.0,-120.0,54.0,-18.0,58.0,-974.0,-198.0,2
5782,23.0,-250.0,-65.0,-112.0,59.0,-22.0,62.0,-971.0,-200.0,2
5783,25.0,-248.0,-68.0,-108.0,64.0,-26.0,72.0,-961.0,-197.0,2
5784,28.0,-247.0,-65.0,-104.0,65.0,-35.0,80.0,-957.0,-185.0,2
5785,27.0,-246.0,-64.0,-104.0,65.0,-38.0,79.0,-950.0,-181.0,2
5786,28.0,-243.0,-66.0,-107.0,66.0,-44.0,80.0,-947.0,-175.0,2
5787,26.0,-244.0,-57.0,-109.0,67.0,-44.0,79.0,-936.0,-165.0,2
5788,25.0,-242.0,-58.0,-108.0,64.0,-47.0,70.0,-940.0,-163.0,2
5789,21.0,-242.0,-57.0,-110.0,61.0,-44.0,65.0,-931.0,-156.0,2
5790,24.0,-243.0,-59.0,-110.0,53.0,-44.0,64.0,-941.0,-160.0,2
5791,22.0,-243.0,-61.0,-112.0,46.0,-41.0,62.0,-952.0,-166.0,2
5792,19.0,-246.0,-61.0,-117.0,37.0,-42.0,58.0,-951.0,-167.0,2
5793,19.0,-248.0,-57.0,-120.0,26.0,-39.0,47.0,-956.0,-162.0,2
5794,17.0,-250.0,-57.0,-118.0,7.0,-36.0,39.0,-969.0,-159.0,2
5795,16.0,-251.0,-60.0,-114.0,-8.0,-32.0,44.0,-964.0,-159.0,2
5796,15.0,-252.0,-56.0,-108.0,-24.0,-32.0,40.0,-976.0,-152.0,2
5797,14.0,-255.0,-54.0,-101.0,-38.0,-27.0,39.0,-974.0,-152.0,2
5798,16.0,-252.0,-55.0,-96.0,-50.0,-28.0,31.0,-975.0,-147.0,2
5799,12.0,-252.0,-49.0,-92.0,-62.0,-25.0,27.0,-972.0,-144.0,2
5800,14.0,-251.0,-56.0,-84.0,-75.0,-25.0,31.0,-971.0,-146.0,2
5801,16.0,-251.0,-57.0,-79.0,-91.0,-20.0,39.0,-974.0,-149.0,2
5802,22.0,-252.0,-59.0,-75.0,-102.0,-22.0,50.0,-970.0,-154.0,2
5803,25.0,-251.0,-58.0,-67.0,-109.0,-20.0,58.0,-969.0,-157.0,2
5804,23.0,-247.0,-56.0,-59.0,-110.0,-26.0,59.0,-969.0,-161.0,2
5805,24.0,-248.0,-57.0,-50.0,-107.0,-27.0,62.0,-958.0,-159.0,2
5806,22.0,-247.0,-57.0,-43.0,-110.0,-33.0,59.0,-955.0,-152.0,2
5807,23.0,-247.0,-54.0,-44.0,-119.0,-36.0,54.0,-951.0,-146.0,2
5808,21.0,-246.0,-53.0,-47.0,-134.0,-45.0,49.0,-946.0,-138.0,2
5809,17.0,-242.0,-52.0,-49.0,-151.0,-48.0,47.0,-945.0,-135.0,2
5810,17.0,-245.0,-49.0,-49.0,-168.0,-50.0,50.0,-944.0,-130.0,2
5811,19.0,-244.0,-53.0,-50.0,-180.0,-47.0,55.0,-939.0,-129.0,2
5812,19.0,-243.0,-52.0,-51.0,-192.0,-45.0,52.0,-933.0,-128.0,2
5813,18.0,-243.0,-53.0,-53.0,-203.0,-40.0,52.0,-945.0,-135.0,2
5814,20.0,-246.0,-53.0,-57.0,-219.0,-39.0,44.0,-950.0,-135.0,2
5815,16.0,-246.0,-52.0,-68.0,-240.0,-32.0,33.0,-953.0,-128.0,2
5816,14.0,-245.0,-44.0,-72.0,-256.0,-28.0,43.0,-959.0,-121.0,2
5817,17.0,-252.0,-38.0,-65.0,-272.0,-24.0,40.0,-964.0,-105.0,2
5818,21.0,-255.0,-47.0,-52.0,-289.0,-23.0,45.0,-976.0,-107.0,2
5819,24.0,-257.0,-48.0,-41.0,-303.0,-17.0,56.0,-995.0,-112.0,2
5820,22.0,-258.0,-52.0,-31.0,-309.0,-21.0,56.0,-1009.0,-121.0,2
5821,21.0,-260.0,-49.0,-22.0,-314.0,-18.0,59.0,-1004.0,-124.0,2
5822,24.0,-260.0,-49.0,-10.0,-323.0,-22.0,63.0,-1008.0,-118.0,2
5823,19.0,-259.0,-46.0,1.0,-335.0,-23.0,62.0,-1008.0,-112.0,2
5824,23.0,-261.0,-46.0,12.0,-350.0,-29.0,64.0,-1014.0,-104.0,2
5825,22.0,-257.0,-42.0,22.0,-365.0,-31.0,58.0,-1004.0,-91.0,2
5826,19.0,-257.0,-39.0,35.0,-383.0,-31.0,50.0,-999.0,-82.0,2
5827,23.0,-257.0,-40.0,54.0,-395.0,-25.0,53.0,-1001.0,-78.0,2
5828,23.0,-253.0,-38.0,63.0,-405.0,-23.0,59.0,-993.0,-82.0,2
5829,22.0,-255.0,-39.0,67.0,-416.0,-20.0,65.0,-980.0,-67.0,2
5830,22.0,-252.0,-42.0,74.0,-429.0,-29.0,61.0,-969.0,-79.0,2
5831,24.0,-248.0,-42.0,79.0,-440.0,-29.0,63.0,-957.0,-90.0,2
5832,26.0,-246.0,-44.0,77.0,-449.0,-34.0,77.0,-955.0,-103.0,2
5833,34.0,-244.0,-52.0,71.0,-451.0,-36.0,84.0,-940.0,-124.0,2
5834,33.0,-244.0,-50.0,63.0,-449.0,-41.0,95.0,-934.0,-131.0,2
5835,33.0,-241.0,-52.0,52.0,-444.0,-39.0,99.0,-926.0,-127.0,2
5836,35.0,-237.0,-51.0,44.0,-444.0,-34.0,104.0,-921.0,-136.0,2
5837,36.0,-236.0,-48.0,39.0,-444.0,-27.0,103.0,-912.0,-132.0,2
5838,36.0,-236.0,-49.0,38.0,-436.0,-21.0,107.0,-918.0,-130.0,2
5839,37.0,-241.0,-49.0,28.0,-434.0,-12.0,112.0,-921.0,-136.0,2
5840,37.0,-240.0,-50.0,17.0,-435.0,-4.0,116.0,-930.0,-118.0,2
5841,38.0,-243.0,-51.0,15.0,-440.0,6.0,115.0,-942.0,-113.0,2
5842,35.0,-246.0,-49.0,14.0,-447.0,11.0,116.0,-954.0,-119.0,2
5843,37.0,-253.0,-49.0,16.0,-454.0,19.0,118.0,-964.0,-110.0,2
5844,43.0,-252.0,-43.0,25.0,-456.0,27.0,124.0,-975.0,-109.0,2
5845,42.0,-254.0,-50.0,36.0,-460.0,38.0,137.0,-994.0,-108.0,2
5846,47.0,-255.0,-43.0,49.0,-463.0,44.0,147.0,-1001.0,-106.0,2
5847,53.0,-256.0,-45.0,62.0,-456.0,52.0,172.0,-1004.0,-105.0,2
5848,52.0,-257.0,-51.0,67.0,-443.0,52.0,178.0,-1005.0,-122.0,2
5849,53.0,-259.0,-54.0,59.0,-435.0,50.0,181.0,-1009.0,-134.0,2
5850,52.0,-260.0,-59.0,36.0,-431.0,43.0,177.0,-1019.0,-166.0,2
5851,51.0,-262.0,-67.0,0.0,-429.0,40.0,168.0,-1030.0,-198.0,2
5852,52.0,-270.0,-72.0,-36.0,-425.0,37.0,161.0,-1047.0,-208.0,2
5853,47.0,-277.0,-75.0,-56.0,-417.0,34.0,161.0,-1082.0,-221.0,2
5854,52.0,-285.0,-71.0,-59.0,-403.0,30.0,169.0,-1109.0,-222.0,2
5855,54.0,-290.0,-72.0,-50.0,-389.0,27.0,179.0,-1132.0,-219.0,2
5856,55.0,-299.0,-73.0,-32.0,-372.0,13.0,177.0,-1144.0,-218.0,2
5857,53.0,-297.0,-70.0,-3.0,-349.0,4.0,172.0,-1147.0,-220.0,2
5858,47.0,-296.0,-77.0,26.0,-319.0,-14.0,155.0,-1149.0,-234.0,2
5859,41.0,-293.0,-81.0,52.0,-301.0,-23.0,134.0,-1146.0,-244.0,2
5860,32.0,-293.0,-79.0,58.0,-296.0,-32.0,99.0,-1139.0,-257.0,2
5861,29.0,-292.0,-83.0,57.0,-293.0,-31.0,79.0,-1134.0,-262.0,2
5862,25.0,-289.0,-86.0,47.0,-286.0,-34.0,72.0,-1126.0,-264.0,2
5863,24.0,-288.0,-81.0,41.0,-271.0,-34.0,68.0,-1122.0,-270.0,2
5864,24.0,-287.0,-85.0,48.0,-250.0,-38.0,67.0,-1118.0,-262.0,2
5865,26.0,-285.0,-81.0,56.0,-228.0,-38.0,73.0,-1111.0,-254.0,2
5866,33.0,-284.0,-81.0,67.0,-209.0,-39.0,89.0,-1112.0,-249.0,2
5867,40.0,-284.0,-78.0,76.0,-192.0,-43.0,110.0,-1104.0,-251.0,2
5868,48.0,-284.0,-80.0,83.0,-167.0,-51.0,126.0,-1102.0,-258.0,2
5869,50.0,-282.0,-79.0,90.0,-128.0,-57.0,146.0,-1100.0,-261.0,2
5870,54.0,-283.0,-88.0,94.0,-89.0,-71.0,174.0,-1098.0,-290.0,2
5871,57.0,-279.0,-100.0,86.0,-49.0,-84.0,196.0,-1099.0,-316.0,2
5872,61.0,-278.0,-99.0,71.0,-11.0,-107.0,205.0,-1098.0,-349.0,2
5873,62.0,-281.0,-102.0,61.0,24.0,-126.0,197.0,-1101.0,-343.0,2
5874,54.0,-283.0,-96.0,64.0,55.0,-146.0,180.0,-1099.0,-322.0,2
5875,50.0,-280.0,-87.0,86.0,79.0,-155.0,155.0,-1089.0,-279.0,2
5876,43.0,-271.0,-81.0,124.0,94.0,-157.0,127.0,-1070.0,-243.0,2
5877,38.0,-267.0,-68.0,172.0,100.0,-145.0,119.0,-1043.0,-215.0,2
5878,39.0,-259.0,-66.0,223.0,103.0,-130.0,120.0,-1010.0,-201.0,2
5879,39.0,-249.0,-66.0,264.0,112.0,-104.0,113.0,-971.0,-196.0,2
5880,39.0,-244.0,-68.0,307.0,120.0,-85.0,101.0,-932.0,-206.0,2
5881,25.0,-235.0,-73.0,333.0,121.0,-59.0,80.0,-908.0,-222.0,2
5882,20.0,-231.0,-78.0,347.0,115.0,-38.0,57.0,-892.0,-232.0,2
5883,6.0,-221.0,-81.0,349.0,102.0,-10.0,16.0,-874.0,-246.0,2
5884,-3.0,-216.0,-83.0,345.0,82.0,17.0,-20.0,-855.0,-256.0,2
5885,-9.0,-214.0,-83.0,337.0,56.0,52.0,-53.0,-842.0,-261.0,2
5886,-16.0,-215.0,-85.0,331.0,30.0,85.0,-83.0,-837.0,-277.0,2
5887,-19.0,-217.0,-87.0,326.0,8.0,121.0,-107.0,-839.0,-281.0,2
5888,-29.0,-213.0,-91.0,318.0,-9.0,149.0,-130.0,-839.0,-298.0,2
5889,-33.0,-212.0,-93.0,303.0,-24.0,184.0,-151.0,-835.0,-310.0,2
5890,-34.0,-214.0,-95.0,280.0,-44.0,216.0,-165.0,-836.0,-316.0,2
5891,-35.0,-213.0,-98.0,243.0,-68.0,243.0,-160.0,-833.0,-327.0,2
5892,-29.0,-214.0,-99.0,208.0,-95.0,256.0,-136.0,-839.0,-340.0,2
5893,-24.0,-215.0,-106.0,177.0,-123.0,264.0,-119.0,-840.0,-351.0,2
5894,-21.0,-215.0,-105.0,155.0,-146.0,255.0,-114.0,-842.0,-358.0,2
5895,-13.0,-214.0,-108.0,147.0,-169.0,240.0,-82.0,-834.0,-369.0,2
5896,-9.0,-214.0,-115.0,143.0,-185.0,213.0,-53.0,-829.0,-381.0,2
5897,-6.0,-207.0,-118.0,133.0,-201.0,178.0,-47.0,-820.0,-393.0,2
5898,-1.0,-204.0,-117.0,109.0,-212.0,143.0,-33.0,-806.0,-401.0,2
5899,4.0,-201.0,-115.0,75.0,-217.0,107.0,-12.0,-801.0,-405.0,2
5900,11.0,-201.0,-114.0,42.0,-216.0,54.0,8.0,-792.0,-395.0,2
5901,12.0,-199.0,-110.0,1.0,-208.0,14.0,21.0,-788.0,-389.0,2
5902,14.0,-202.0,-110.0,-30.0,-195.0,-26.0,17.0,-789.0,-377.0,2
5903,12.0,-201.0,-110.0,-59.0,-179.0,-60.0,17.0,-794.0,-371.0,2
5904,10.0,-202.0,-105.0,-83.0,-156.0,-89.0,11.0,-803.0,-356.0,2
5905,7.0,-207.0,-103.0,-105.0,-128.0,-110.0,1.0,-813.0,-347.0,2
5906,3.0,-213.0,-106.0,-128.0,-104.0,-121.0,-5.0,-826.0,-343.0,2
5907,-1.0,-218.0,-99.0,-148.0,-82.0,-124.0,-23.0,-854.0,-336.0,2
5908,-3.0,-227.0,-100.0,-167.0,-65.0,-118.0,-35.0,-876.0,-327.0,2
5909,-12.0,-229.0,-96.0,-180.0,-56.0,-104.0,-55.0,-902.0,-324.0,2
5910,-11.0,-240.0,-96.0,-186.0,-56.0,-91.0,-76.0,-918.0,-318.0,2
5911,-15.0,-242.0,-93.0,-178.0,-64.0,-63.0,-91.0,-937.0,-302.0,2
5912,-15.0,-250.0,-93.0,-160.0,-75.0,-42.0,-99.0,-958.0,-294.0,2
5913,-18.0,-256.0,-94.0,-145.0,-73.0,-16.0,-102.0,-983.0,-287.0,2
5914,-19.0,-257.0,-88.0,-132.0,-65.0,11.0,-106.0,-1006.0,-283.0,2
5915,-15.0,-267.0,-88.0,-121.0,-49.0,43.0,-107.0,-1031.0,-277.0,2
5916,-13.0,-271.0,-83.0,-113.0,-29.0,74.0,-103.0,-1051.0,-272.0,2
5917,-13.0,-276.0,-84.0,-104.0,-12.0,107.0,-92.0,-1071.0,-263.0,2
5918,-11.0,-280.0,-84.0,-88.0,7.0,136.0,-71.0,-1093.0,-259.0,2
5919,-7.0,-283.0,-87.0,-64.0,34.0,164.0,-58.0,-1110.0,-273.0,2
5920,-5.0,-288.0,-84.0,-42.0,71.0,191.0,-48.0,-1117.0,-270.0,2
5921,4.0,-293.0,-88.0,-19.0,108.0,220.0,-18.0,-1131.0,-270.0,2
5922,9.0,-292.0,-84.0,6.0,147.0,249.0,3.0,-1129.0,-270.0,2
5923,15.0,-288.0,-78.0,37.0,172.0,269.0,18.0,-1118.0,-249.0,2
5924,19.0,-283.0,-74.0,72.0,191.0,282.0,40.0,-1106.0,-246.0,2
5925,23.0,-279.0,-76.0,112.0,209.0,291.0,53.0,-1086.0,-227.0,2
5926,24.0,-269.0,-76.0,147.0,227.0,298.0,68.0,-1045.0,-236.0,2
5927,26.0,-263.0,-78.0,177.0,249.0,307.0,60.0,-1025.0,-233.0,2
5928,24.0,-255.0,-76.0,193.0,273.0,313.0,66.0,-996.0,-242.0,2
5929,23.0,-251.0,-79.0,202.0,296.0,320.0,59.0,-958.0,-242.0,2
5930,23.0,-245.0,-76.0,203.0,318.0,320.0,52.0,-937.0,-226.0,2
5931,16.0,-237.0,-74.0,208.0,339.0,318.0,34.0,-916.0,-215.0,2
5932,14.0,-231.0,-74.0,218.0,359.0,315.0,22.0,-902.0,-220.0,2
5933,6.0,-226.0,-74.0,217.0,379.0,314.0,1.0,-888.0,-223.0,2
5934,1.0,-226.0,-76.0,198.0,386.0,311.0,-22.0,-882.0,-234.0,2
5935,-5.0,-225.0,-76.0,170.0,383.0,310.0,-36.0,-871.0,-231.0,2
5936,-7.0,-224.0,-72.0,146.0,378.0,303.0,-54.0,-866.0,-213.0,2
5937,-12.0,-220.0,-72.0,131.0,376.0,294.0,-74.0,-863.0,-212.0,2
5938,-17.0,-218.0,-67.0,118.0,375.0,283.0,-94.0,-853.0,-198.0,2
5939,-22.0,-220.0,-67.0,106.0,375.0,279.0,-117.0,-858.0,-195.0,2
5940,-26.0,-223.0,-63.0,83.0,376.0,273.0,-130.0,-865.0,-187.0,2
5941,-29.0,-223.0,-59.0,55.0,374.0,269.0,-142.0,-870.0,-177.0,2
5942,-30.0,-225.0,-60.0,25.0,361.0,264.0,-151.0,-874.0,-170.0,2
5943,-35.0,-227.0,-58.0,0.0,346.0,257.0,-157.0,-885.0,-159.0,2
5944,-33.0,-233.0,-57.0,-26.0,326.0,249.0,-157.0,-897.0,-153.0,2
5945,-32.0,-233.0,-58.0,-43.0,308.0,245.0,-147.0,-905.0,-151.0,2
5946,-31.0,-238.0,-51.0,-62.0,289.0,239.0,-143.0,-915.0,-149.0,2
5947,-25.0,-243.0,-55.0,-76.0,273.0,237.0,-132.0,-928.0,-139.0,2
5948,-22.0,-246.0,-53.0,-84.0,255.0,232.0,-111.0,-939.0,-134.0,2
5949,-18.0,-248.0,-49.0,-82.0,238.0,228.0,-97.0,-955.0,-138.0,2
5950,-15.0,-252.0,-53.0,-75.0,219.0,220.0,-84.0,-967.0,-135.0,2
5951,-11.0,-256.0,-52.0,-69.0,199.0,211.0,-74.0,-967.0,-135.0,2
5952,-11.0,-254.0,-51.0,-61.0,178.0,204.0,-71.0,-974.0,-137.0,2
5953,-9.0,-252.0,-52.0,-53.0,159.0,199.0,-56.0,-973.0,-140.0,2
5954,-7.0,-253.0,-55.0,-45.0,136.0,189.0,-41.0,-971.0,-138.0,2
5955,-3.0,-251.0,-55.0,-30.0,122.0,184.0,-32.0,-968.0,-138.0,2
5956,2.0,-247.0,-54.0,-18.0,111.0,174.0,-23.0,-956.0,-138.0,2
5957,1.0,-247.0,-53.0,-8.0,105.0,165.0,-16.0,-944.0,-144.0,2
5958,5.0,-241.0,-50.0,-7.0,106.0,150.0,-8.0,-930.0,-142.0,2
5959,4.0,-240.0,-56.0,-10.0,108.0,138.0,-1.0,-923.0,-140.0,2
5960,6.0,-236.0,-57.0,-16.0,109.0,124.0,3.0,-918.0,-143.0,2
5961,4.0,-237.0,-55.0,-19.0,110.0,109.0,-2.0,-913.0,-148.0,2
5962,1.0,-235.0,-58.0,-22.0,109.0,96.0,-12.0,-909.0,-151.0,2
5963,-1.0,-232.0,-56.0,-28.0,108.0,85.0,-22.0,-901.0,-149.0,2
5964,-3.0,-233.0,-54.0,-36.0,109.0,71.0,-33.0,-906.0,-156.0,2
5965,-6.0,-233.0,-59.0,-48.0,106.0,63.0,-40.0,-899.0,-153.0,2
5966,-3.0,-234.0,-57.0,-53.0,108.0,49.0,-44.0,-908.0,-160.0,2
5967,-6.0,-235.0,-56.0,-70.0,109.0,43.0,-49.0,-914.0,-157.0,2
5968,-10.0,-236.0,-56.0,-90.0,117.0,34.0,-45.0,-916.0,-147.0,2
5969,-7.0,-241.0,-56.0,-106.0,130.0,28.0,-52.0,-926.0,-129.0,2
5970,-5.0,-247.0,-55.0,-114.0,140.0,21.0,-49.0,-947.0,-126.0,2
5971,-4.0,-251.0,-54.0,-114.0,147.0,14.0,-43.0,-955.0,-129.0,2
5972,-4.0,-251.0,-53.0,-104.0,154.0,6.0,-42.0,-961.0,-134.0,2
5973,-6.0,-250.0,-55.0,-93.0,158.0,-1.0,-40.0,-971.0,-144.0,2
5974,-1.0,-254.0,-56.0,-87.0,160.0,-6.0,-29.0,-975.0,-151.0,2
5975,-2.0,-252.0,-56.0,-83.0,152.0,-14.0,-35.0,-974.0,-153.0,2
5976,-2.0,-253.0,-56.0,-77.0,145.0,-19.0,-43.0,-969.0,-162.0,2
5977,-5.0,-248.0,-58.0,-76.0,144.0,-18.0,-44.0,-963.0,-159.0,2
5978,-4.0,-249.0,-59.0,-81.0,141.0,-20.0,-38.0,-957.0,-156.0,2
5979,-4.0,-249.0,-57.0,-89.0,141.0,-17.0,-37.0,-951.0,-162.0,2
5980,-1.0,-246.0,-60.0,-96.0,143.0,-15.0,-33.0,-948.0,-165.0,2
5981,0.0,-248.0,-57.0,-104.0,146.0,-12.0,-38.0,-951.0,-164.0,2
5982,-4.0,-246.0,-58.0,-103.0,148.0,-8.0,-43.0,-951.0,-168.0,2
5983,-4.0,-248.0,-60.0,-101.0,150.0,-4.0,-48.0,-955.0,-174.0,2
5984,-6.0,-251.0,-59.0,-102.0,153.0,2.0,-53.0,-959.0,-174.0,2
5985,-7.0,-249.0,-63.0,-105.0,156.0,9.0,-56.0,-968.0,-167.0,2
5986,-9.0,-251.0,-66.0,-107.0,165.0,13.0,-58.0,-971.0,-167.0,2
5987,-10.0,-255.0,-59.0,-108.0,171.0,17.0,-59.0,-971.0,-167.0,2
5988,-5.0,-254.0,-57.0,-107.0,176.0,21.0,-63.0,-974.0,-163.0,2
5989,-9.0,-255.0,-57.0,-110.0,179.0,28.0,-59.0,-973.0,-163.0,2
5990,-8.0,-253.0,-56.0,-112.0,187.0,38.0,-51.0,-981.0,-156.0,2
5991,0.0,-255.0,-52.0,-113.0,203.0,47.0,-38.0,-992.0,-143.0,2
5992,-1.0,-254.0,-54.0,-110.0,227.0,54.0,-24.0,-989.0,-141.0,2
5993,3.0,-256.0,-53.0,-104.0,249.0,59.0,-14.0,-990.0,-146.0,2
5994,6.0,-259.0,-50.0,-94.0,268.0,62.0,-15.0,-984.0,-130.0,2
5995,11.0,-258.0,-50.0,-83.0,282.0,62.0,2.0,-988.0,-135.0,2
5996,9.0,-259.0,-53.0,-75.0,301.0,68.0,7.0,-1000.0,-135.0,2
5997,11.0,-258.0,-53.0,-65.0,324.0,64.0,7.0,-1002.0,-138.0,2
5998,14.0,-258.0,-53.0,-59.0,345.0,57.0,11.0,-999.0,-131.0,2
5999,11.0,-260.0,-52.0,-53.0,369.0,56.0,13.0,-1005.0,-132.0,2
6000,14.0,-261.0,-52.0,-42.0,394.0,54.0,15.0,-1012.0,-137.0,2
6001,12.0,-260.0,-51.0,-33.0,419.0,51.0,17.0,-1008.0,-129.0,2
6002,10.0,-259.0,-49.0,-23.0,440.0,47.0,11.0,-1014.0,-133.0,2
6003,11.0,-261.0,-50.0,-11.0,458.0,44.0,4.0,-1014.0,-131.0,2
6004,9.0,-261.0,-49.0,0.0,470.0,41.0,3.0,-1011.0,-130.0,2
6005,6.0,-260.0,-53.0,16.0,478.0,37.0,0.0,-1010.0,-128.0,2
6006,6.0,-260.0,-51.0,31.0,486.0,34.0,-1.0,-1004.0,-130.0,2
6007,4.0,-258.0,-49.0,49.0,497.0,30.0,-9.0,-996.0,-124.0,2
6008,2.0,-251.0,-47.0,70.0,505.0,27.0,-23.0,-974.0,-127.0,2
6009,-1.0,-251.0,-50.0,88.0,512.0,29.0,-31.0,-964.0,-127.0,2
6010,-1.0,-248.0,-49.0,97.0,524.0,34.0,-37.0,-953.0,-136.0,2
6011,-2.0,-246.0,-57.0,96.0,542.0,35.0,-45.0,-944.0,-141.0,2
6012,-5.0,-238.0,-54.0,88.0,560.0,35.0,-51.0,-935.0,-142.0,2
6013,-5.0,-241.0,-53.0,75.0,574.0,37.0,-41.0,-929.0,-141.0,2
6014,-7.0,-241.0,-50.0,58.0,581.0,38.0,-47.0,-925.0,-134.0,2
6015,-10.0,-240.0,-49.0,42.0,583.0,38.0,-49.0,-927.0,-131.0,2
6016,-5.0,-241.0,-50.0,25.0,578.0,38.0,-42.0,-933.0,-122.0,2
6017,-4.0,-243.0,-43.0,14.0,571.0,35.0,-44.0,-926.0,-104.0,2
6018,-8.0,-240.0,-44.0,13.0,562.0,33.0,-53.0,-938.0,-94.0,2
6019,-9.0,-245.0,-47.0,11.0,560.0,35.0,-61.0,-938.0,-98.0,2
6020,-11.0,-242.0,-45.0,8.0,568.0,40.0,-72.0,-935.0,-94.0,2
6021,-12.0,-243.0,-44.0,2.0,578.0,46.0,-83.0,-941.0,-94.0,2
6022,-16.0,-248.0,-42.0,-3.0,588.0,52.0,-90.0,-951.0,-93.0,2
6023,-18.0,-247.0,-39.0,-3.0,593.0,59.0,-97.0,-952.0,-94.0,2
6024,-16.0,-248.0,-44.0,0.0,593.0,67.0,-100.0,-952.0,-100.0,2
6025,-19.0,-246.0,-46.0,1.0,593.0,71.0,-101.0,-956.0,-105.0,2
6026,-16.0,-248.0,-42.0,1.0,593.0,68.0,-97.0,-953.0,-99.0,2
6027,-15.0,-247.0,-37.0,4.0,592.0,62.0,-92.0,-944.0,-85.0,2
6028,-13.0,-243.0,-41.0,14.0,581.0,54.0,-87.0,-941.0,-76.0,2
6029,-12.0,-243.0,-37.0,23.0,575.0,47.0,-79.0,-936.0,-72.0,2
6030,-10.0,-240.0,-38.0,23.0,570.0,40.0,-74.0,-925.0,-74.0,2
6031,-11.0,-241.0,-41.0,18.0,566.0,33.0,-68.0,-927.0,-84.0,2
6032,-12.0,-236.0,-40.0,6.0,567.0,26.0,-61.0,-923.0,-79.0,2
6033,-6.0,-238.0,-41.0,3.0,570.0,22.0,-64.0,-918.0,-81.0,2
6034,-7.0,-240.0,-42.0,3.0,578.0,18.0,-58.0,-923.0,-87.0,2
6035,-5.0,-239.0,-40.0,2.0,589.0,16.0,-50.0,-924.0,-87.0,2
6036,-4.0,-240.0,-43.0,1.0,599.0,14.0,-53.0,-928.0,-87.0,2
6037,-6.0,-241.0,-40.0,-3.0,609.0,9.0,-52.0,-931.0,-87.0,2
6038,-5.0,-239.0,-42.0,-11.0,618.0,1.0,-47.0,-937.0,-81.0,2
6039,-5.0,-244.0,-39.0,-19.0,625.0,-8.0,-51.0,-939.0,-86.0,2
6040,-9.0,-245.0,-41.0,-24.0,630.0,-18.0,-49.0,-945.0,-79.0,2
6041,-7.0,-246.0,-43.0,-27.0,635.0,-28.0,-52.0,-944.0,-87.0,2
6042,-9.0,-248.0,-37.0,-28.0,637.0,-38.0,-59.0,-953.0,-85.0,2
6043,-10.0,-246.0,-39.0,-29.0,638.0,-48.0,-63.0,-950.0,-83.0,2
6044,-12.0,-248.0,-41.0,-31.0,638.0,-58.0,-68.0,-950.0,-87.0,2
6045,-12.0,-246.0,-39.0,-37.0,640.0,-68.0,-75.0,-955.0,-75.0,2
6046,-11.0,-251.0,-40.0,-40.0,641.0,-73.0,-77.0,-956.0,-80.0,2
6047,-12.0,-249.0,-39.0,-46.0,640.0,-79.0,-85.0,-966.0,-76.0,2
6048,-13.0,-251.0,-37.0,-59.0,637.0,-85.0,-88.0,-968.0,-79.0,2
6049,-17.0,-248.0,-43.0,-62.0,628.0,-89.0,-91.0,-968.0,-91.0,2
6050,-19.0,-250.0,-48.0,-76.0,619.0,-89.0,-105.0,-970.0,-128.0,2
6051,-20.0,-253.0,-61.0,-110.0,613.0,-86.0,-120.0,-979.0,-162.0,2
6052,-24.0,-254.0,-64.0,-160.0,618.0,-82.0,-126.0,-995.0,-202.0,2
6053,-29.0,-260.0,-69.0,-207.0,627.0,-73.0,-134.0,-1016.0,-216.0,2
6054,-31.0,-270.0,-68.0,-244.0,628.0,-67.0,-150.0,-1053.0,-222.0,2
6055,-37.0,-280.0,-67.0,-261.0,611.0,-61.0,-173.0,-1088.0,-208.0,2
6056,-40.0,-294.0,-63.0,-261.0,580.0,-52.0,-180.0,-1129.0,-202.0,2
6057,-43.0,-301.0,-63.0,-242.0,540.0,-41.0,-189.0,-1154.0,-179.0,2
6058,-38.0,-306.0,-61.0,-216.0,499.0,-27.0,-186.0,-1180.0,-167.0,2
6059,-38.0,-305.0,-56.0,-189.0,467.0,-10.0,-180.0,-1180.0,-159.0,2
6060,-36.0,-306.0,-62.0,-155.0,432.0,6.0,-174.0,-1178.0,-171.0,2
6061,-29.0,-303.0,-65.0,-133.0,406.0,23.0,-145.0,-1161.0,-197.0,2
6062,-23.0,-298.0,-70.0,-107.0,382.0,38.0,-120.0,-1154.0,-219.0,2
6063,-22.0,-293.0,-76.0,-77.0,356.0,47.0,-113.0,-1133.0,-237.0,2
6064,-19.0,-283.0,-84.0,-53.0,335.0,57.0,-114.0,-1114.0,-258.0,2
6065,-24.0,-278.0,-78.0,-38.0,321.0,67.0,-117.0,-1102.0,-276.0,2
6066,-26.0,-281.0,-84.0,-42.0,306.0,76.0,-122.0,-1097.0,-275.0,2
6067,-26.0,-284.0,-80.0,-46.0,275.0,84.0,-126.0,-1104.0,-254.0,2
6068,-24.0,-284.0,-79.0,-35.0,232.0,92.0,-131.0,-1108.0,-251.0,2
6069,-28.0,-282.0,-84.0,-18.0,199.0,99.0,-136.0,-1100.0,-258.0,2
6070,-26.0,-282.0,-78.0,-7.0,183.0,116.0,-131.0,-1098.0,-252.0,2
6071,-24.0,-281.0,-77.0,8.0,159.0,125.0,-130.0,-1096.0,-249.0,2
6072,-27.0,-279.0,-79.0,23.0,131.0,130.0,-138.0,-1091.0,-255.0,2
6073,-33.0,-278.0,-80.0,22.0,100.0,134.0,-149.0,-1088.0,-252.0,2
6074,-31.0,-275.0,-81.0,11.0,73.0,142.0,-151.0,-1076.0,-257.0,2
6075,-32.0,-272.0,-79.0,0.0,52.0,153.0,-161.0,-1073.0,-255.0,2
6076,-32.0,-273.0,-78.0,-4.0,45.0,167.0,-157.0,-1070.0,-246.0,2
6077,-27.0,-273.0,-73.0,-2.0,49.0,175.0,-142.0,-1053.0,-220.0,2
6078,-23.0,-270.0,-66.0,8.0,55.0,179.0,-130.0,-1045.0,-188.0,2
6079,-29.0,-266.0,-56.0,28.0,54.0,175.0,-132.0,-1038.0,-154.0,2
6080,-28.0,-262.0,-53.0,56.0,40.0,172.0,-130.0,-1020.0,-137.0,2
6081,-19.0,-259.0,-50.0,86.0,24.0,161.0,-116.0,-1006.0,-131.0,2
6082,-12.0,-254.0,-53.0,128.0,14.0,146.0,-102.0,-975.0,-132.0,2
6083,-10.0,-245.0,-54.0,159.0,12.0,128.0,-73.0,-953.0,-141.0,2
6084,-1.0,-243.0,-61.0,184.0,17.0,111.0,-45.0,-923.0,-172.0,2
6085,5.0,-236.0,-65.0,190.0,32.0,89.0,-1.0,-912.0,-176.0,2
6086,12.0,-231.0,-68.0,190.0,49.0,63.0,21.0,-902.0,-198.0,2
6087,19.0,-231.0,-69.0,185.0,61.0,33.0,42.0,-894.0,-194.0,2
6088,20.0,-230.0,-73.0,178.0,73.0,6.0,56.0,-890.0,-221.0,2
6089,25.0,-228.0,-77.0,166.0,81.0,-26.0,61.0,-881.0,-230.0,2
6090,20.0,-224.0,-83.0,154.0,89.0,-53.0,59.0,-881.0,-255.0,2
6091,18.0,-226.0,-86.0,133.0,96.0,-86.0,44.0,-886.0,-275.0,2
6092,15.0,-226.0,-89.0,98.0,101.0,-104.0,24.0,-886.0,-291.0,2
6093,7.0,-225.0,-94.0,56.0,105.0,-113.0,6.0,-883.0,-304.0,2
6094,4.0,-226.0,-98.0,13.0,105.0,-108.0,-18.0,-883.0,-315.0,2
6095,-2.0,-225.0,-96.0,-33.0,111.0,-98.0,-23.0,-886.0,-316.0,2
6096,-5.0,-226.0,-94.0,-66.0,116.0,-84.0,-44.0,-893.0,-311.0,2
6097,-11.0,-233.0,-99.0,-89.0,119.0,-71.0,-66.0,-890.0,-321.0,2
6098,-13.0,-233.0,-100.0,-104.0,116.0,-46.0,-90.0,-894.0,-307.0,2
6099,-18.0,-231.0,-95.0,-109.0,105.0,-27.0,-102.0,-895.0,-310.0,2
6100,-19.0,-235.0,-95.0,-104.0,84.0,-6.0,-102.0,-902.0,-321.0,2
6101,-21.0,-233.0,-101.0,-97.0,51.0,8.0,-103.0,-902.0,-327.0,2
6102,-22.0,-232.0,-99.0,-85.0,4.0,20.0,-100.0,-906.0,-344.0,2
6103,-13.0,-232.0,-108.0,-70.0,-35.0,23.0,-92.0,-900.0,-367.0,2
6104,-9.0,-233.0,-112.0,-56.0,-64.0,30.0,-68.0,-894.0,-387.0,2
6105,-5.0,-230.0,-115.0,-43.0,-78.0,34.0,-40.0,-896.0,-392.0,2
6106,4.0,-229.0,-115.0,-38.0,-82.0,32.0,-13.0,-889.0,-393.0,2
6107,13.0,-226.0,-117.0,-42.0,-80.0,23.0,17.0,-884.0,-389.0,2
6108,17.0,-226.0,-112.0,-55.0,-78.0,12.0,25.0,-877.0,-385.0,2
6109,19.0,-223.0,-112.0,-73.0,-69.0,-3.0,43.0,-872.0,-391.0,2
6110,21.0,-223.0,-116.0,-86.0,-62.0,-19.0,52.0,-869.0,-400.0,2
6111,27.0,-221.0,-121.0,-99.0,-57.0,-37.0,77.0,-876.0,-416.0,2
6112,29.0,-224.0,-125.0,-109.0,-55.0,-54.0,81.0,-869.0,-431.0,2
6113,29.0,-221.0,-124.0,-121.0,-52.0,-66.0,91.0,-873.0,-438.0,2
6114,30.0,-223.0,-127.0,-135.0,-44.0,-73.0,92.0,-871.0,-440.0,2
6115,30.0,-226.0,-118.0,-148.0,-29.0,-76.0,93.0,-882.0,-433.0,2
6116,37.0,-231.0,-120.0,-157.0,-11.0,-73.0,101.0,-892.0,-413.0,2
6117,35.0,-230.0,-112.0,-157.0,10.0,-77.0,101.0,-908.0,-391.0,2
6118,33.0,-235.0,-114.0,-145.0,25.0,-78.0,96.0,-917.0,-378.0,2
6119,35.0,-242.0,-113.0,-129.0,34.0,-81.0,85.0,-925.0,-364.0,2
6120,27.0,-242.0,-106.0,-106.0,33.0,-79.0,82.0,-937.0,-355.0,2
6121,28.0,-243.0,-106.0,-74.0,27.0,-82.0,81.0,-944.0,-350.0,2
6122,28.0,-245.0,-107.0,-44.0,18.0,-80.0,76.0,-938.0,-348.0,2
6123,28.0,-239.0,-105.0,-16.0,9.0,-79.0,79.0,-934.0,-342.0,2
6124,25.0,-241.0,-99.0,10.0,2.0,-77.0,76.0,-921.0,-322.0,2
6125,24.0,-240.0,-99.0,31.0,-12.0,-76.0,73.0,-926.0,-322.0,2
6126,26.0,-240.0,-96.0,39.0,-29.0,-75.0,74.0,-930.0,-322.0,2
6127,29.0,-245.0,-94.0,32.0,-32.0,-80.0,76.0,-944.0,-315.0,2
6128,26.0,-246.0,-93.0,18.0,-31.0,-85.0,77.0,-950.0,-290.0,2
6129,24.0,-249.0,-87.0,11.0,-35.0,-97.0,71.0,-964.0,-275.0,2
6130,24.0,-256.0,-84.0,11.0,-45.0,-109.0,68.0,-992.0,-272.0,2
6131,28.0,-260.0,-83.0,12.0,-58.0,-130.0,67.0,-1009.0,-261.0,2
6132,26.0,-260.0,-85.0,18.0,-65.0,-152.0,75.0,-1019.0,-258.0,2
6133,21.0,-257.0,-77.0,21.0,-69.0,-178.0,51.0,-1011.0,-252.0,2
6134,19.0,-261.0,-78.0,26.0,-78.0,-186.0,39.0,-1009.0,-249.0,2
6135,13.0,-259.0,-78.0,35.0,-88.0,-197.0,27.0,-1008.0,-239.0,2
6136,15.0,-259.0,-77.0,42.0,-105.0,-206.0,22.0,-1007.0,-243.0,2
6137,8.0,-258.0,-81.0,36.0,-120.0,-221.0,11.0,-991.0,-252.0,2
6138,5.0,-253.0,-76.0,29.0,-132.0,-228.0,-2.0,-996.0,-241.0,2
6139,3.0,-254.0,-79.0,20.0,-143.0,-239.0,-16.0,-982.0,-251.0,2
6140,4.0,-254.0,-82.0,9.0,-159.0,-244.0,-17.0,-992.0,-252.0,2
6141,2.0,-257.0,-80.0,3.0,-178.0,-253.0,-17.0,-1000.0,-249.0,2
6142,4.0,-260.0,-77.0,-1.0,-197.0,-262.0,-5.0,-1003.0,-241.0,2
6143,3.0,-259.0,-77.0,1.0,-208.0,-272.0,-6.0,-1008.0,-246.0,2
6144,8.0,-260.0,-78.0,10.0,-210.0,-282.0,-2.0,-1009.0,-239.0,2
6145,4.0,-259.0,-80.0,32.0,-207.0,-298.0,-12.0,-1000.0,-240.0,2
6146,3.0,-256.0,-75.0,49.0,-212.0,-307.0,-13.0,-999.0,-246.0,2
6147,9.0,-256.0,-76.0,66.0,-222.0,-316.0,-6.0,-998.0,-241.0,2
6148,8.0,-250.0,-74.0,82.0,-229.0,-317.0,0.0,-975.0,-226.0,2
6149,10.0,-244.0,-72.0,91.0,-233.0,-322.0,15.0,-955.0,-226.0,2
6150,16.0,-242.0,-70.0,97.0,-234.0,-322.0,32.0,-935.0,-219.0,2
6151,18.0,-236.0,-76.0,100.0,-239.0,-321.0,55.0,-919.0,-222.0,2
6152,24.0,-230.0,-73.0,98.0,-242.0,-319.0,66.0,-904.0,-235.0,2
6153,29.0,-226.0,-77.0,86.0,-242.0,-324.0,81.0,-889.0,-244.0,2
6154,27.0,-225.0,-84.0,63.0,-237.0,-322.0,78.0,-882.0,-253.0,2
6155,27.0,-222.0,-79.0,39.0,-232.0,-323.0,80.0,-876.0,-245.0,2
6156,25.0,-223.0,-77.0,12.0,-226.0,-318.0,79.0,-878.0,-243.0,2
6157,30.0,-225.0,-78.0,-10.0,-220.0,-317.0,80.0,-879.0,-238.0,2
6158,30.0,-225.0,-74.0,-25.0,-213.0,-312.0,73.0,-886.0,-229.0,2
6159,27.0,-228.0,-70.0,-35.0,-205.0,-314.0,72.0,-879.0,-216.0,2
6160,24.0,-226.0,-66.0,-43.0,-196.0,-307.0,65.0,-893.0,-209.0,2
6161,25.0,-231.0,-68.0,-55.0,-193.0,-304.0,66.0,-898.0,-205.0,2
6162,28.0,-235.0,-68.0,-70.0,-187.0,-300.0,74.0,-906.0,-200.0,2
6163,25.0,-232.0,-68.0,-87.0,-185.0,-303.0,75.0,-914.0,-191.0,2
6164,25.0,-236.0,-69.0,-99.0,-186.0,-301.0,62.0,-922.0,-193.0,2
6165,23.0,-242.0,-67.0,-104.0,-188.0,-301.0,54.0,-933.0,-196.0,2
6166,21.0,-242.0,-67.0,-103.0,-187.0,-295.0,58.0,-934.0,-194.0,2
6167,22.0,-243.0,-69.0,-93.0,-186.0,-293.0,58.0,-942.0,-204.0,2
6168,23.0,-246.0,-70.0,-87.0,-183.0,-284.0,59.0,-944.0,-216.0,2
6169,24.0,-243.0,-70.0,-85.0,-175.0,-277.0,60.0,-945.0,-221.0,2
6170,28.0,-241.0,-70.0,-83.0,-167.0,-266.0,62.0,-932.0,-210.0,2
6171,20.0,-240.0,-74.0,-80.0,-161.0,-257.0,55.0,-925.0,-218.0,2
6172,25.0,-239.0,-74.0,-83.0,-155.0,-240.0,61.0,-925.0,-229.0,2
6173,24.0,-237.0,-72.0,-100.0,-151.0,-231.0,74.0,-926.0,-213.0,2
6174,28.0,-236.0,-64.0,-118.0,-147.0,-223.0,88.0,-928.0,-195.0,2
6175,30.0,-242.0,-60.0,-125.0,-141.0,-223.0,83.0,-932.0,-175.0,2
6176,29.0,-241.0,-57.0,-117.0,-134.0,-213.0,88.0,-925.0,-156.0,2
6177,30.0,-239.0,-57.0,-92.0,-124.0,-201.0,91.0,-921.0,-168.0,2
6178,33.0,-235.0,-57.0,-74.0,-110.0,-184.0,97.0,-916.0,-177.0,2
6179,34.0,-234.0,-62.0,-69.0,-93.0,-174.0,98.0,-909.0,-183.0,2
6180,34.0,-233.0,-65.0,-75.0,-84.0,-159.0,101.0,-904.0,-194.0,2
6181,35.0,-231.0,-65.0,-84.0,-82.0,-149.0,104.0,-902.0,-200.0,2
6182,34.0,-231.0,-68.0,-93.0,-82.0,-134.0,100.0,-908.0,-204.0,2
6183,36.0,-237.0,-65.0,-100.0,-76.0,-126.0,102.0,-916.0,-200.0,2
6184,38.0,-237.0,-65.0,-100.0,-67.0,-118.0,107.0,-921.0,-188.0,2
6185,34.0,-239.0,-67.0,-95.0,-58.0,-117.0,100.0,-925.0,-187.0,2
6186,32.0,-241.0,-61.0,-92.0,-51.0,-111.0,102.0,-931.0,-176.0,2
6187,33.0,-242.0,-60.0,-88.0,-43.0,-107.0,94.0,-929.0,-177.0,2
6188,29.0,-241.0,-63.0,-90.0,-36.0,-100.0,94.0,-933.0,-178.0,2
6189,29.0,-240.0,-56.0,-93.0,-31.0,-96.0,80.0,-934.0,-173.0,2
6190,27.0,-240.0,-59.0,-97.0,-25.0,-87.0,79.0,-935.0,-172.0,2
6191,26.0,-244.0,-57.0,-105.0,-20.0,-82.0,77.0,-939.0,-178.0,2
6192,26.0,-245.0,-61.0,-110.0,-14.0,-71.0,69.0,-944.0,-178.0,2
6193,23.0,-243.0,-60.0,-109.0,-4.0,-66.0,62.0,-940.0,-178.0,2
6194,23.0,-245.0,-61.0,-107.0,8.0,-58.0,57.0,-955.0,-180.0,2
6195,19.0,-245.0,-61.0,-106.0,20.0,-57.0,52.0,-955.0,-175.0,2
6196,22.0,-246.0,-59.0,-107.0,24.0,-52.0,52.0,-960.0,-166.0,2
6197,19.0,-246.0,-58.0,-108.0,21.0,-53.0,50.0,-955.0,-154.0,2
6198,15.0,-248.0,-54.0,-110.0,13.0,-52.0,43.0,-960.0,-151.0,2
6199,17.0,-251.0,-55.0,-112.0,4.0,-52.0,38.0,-963.0,-151.0,2
6200,16.0,-248.0,-55.0,-112.0,-3.0,-50.0,37.0,-960.0,-142.0,2
6201,16.0,-251.0,-56.0,-111.0,-11.0,-50.0,31.0,-966.0,-139.0,2
6202,14.0,-249.0,-53.0,-104.0,-22.0,-46.0,24.0,-961.0,-137.0,2
6203,13.0,-250.0,-53.0,-97.0,-33.0,-46.0,19.0,-966.0,-142.0,2
6204,12.0,-250.0,-60.0,-89.0,-48.0,-42.0,22.0,-961.0,-146.0,2
6205,12.0,-252.0,-55.0,-80.0,-64.0,-42.0,24.0,-963.0,-149.0,2
6206,12.0,-250.0,-55.0,-72.0,-83.0,-42.0,23.0,-968.0,-152.0,2
6207,14.0,-254.0,-55.0,-63.0,-98.0,-47.0,34.0,-973.0,-151.0,2
6208,18.0,-253.0,-57.0,-54.0,-114.0,-51.0,38.0,-974.0,-154.0,2
6209,16.0,-253.0,-58.0,-36.0,-125.0,-57.0,31.0,-972.0,-151.0,2
6210,11.0,-252.0,-55.0,-20.0,-135.0,-60.0,22.0,-970.0,-161.0,2
6211,13.0,-250.0,-57.0,-7.0,-145.0,-66.0,30.0,-968.0,-162.0,2
6212,13.0,-252.0,-57.0,-3.0,-154.0,-68.0,24.0,-974.0,-167.0,2
6213,14.0,-249.0,-58.0,-5.0,-163.0,-73.0,27.0,-966.0,-165.0,2
6214,12.0,-251.0,-58.0,-8.0,-177.0,-72.0,28.0,-972.0,-164.0,2
6215,16.0,-251.0,-59.0,-6.0,-191.0,-76.0,31.0,-969.0,-161.0,2
6216,15.0,-254.0,-60.0,-2.0,-203.0,-73.0,33.0,-973.0,-167.0,2
6217,18.0,-253.0,-57.0,4.0,-211.0,-76.0,36.0,-973.0,-171.0,2
6218,16.0,-255.0,-63.0,10.0,-217.0,-73.0,37.0,-986.0,-169.0,2
6219,14.0,-252.0,-58.0,17.0,-225.0,-78.0,36.0,-979.0,-167.0,2
6220,16.0,-253.0,-59.0,19.0,-235.0,-78.0,31.0,-984.0,-162.0,2
6221,13.0,-255.0,-49.0,20.0,-248.0,-84.0,25.0,-976.0,-152.0,2
6222,12.0,-255.0,-53.0,27.0,-266.0,-86.0,22.0,-976.0,-146.0,2
6223,13.0,-253.0,-51.0,33.0,-288.0,-91.0,21.0,-972.0,-141.0,2
6224,12.0,-251.0,-55.0,34.0,-312.0,-92.0,17.0,-970.0,-139.0,2
6225,9.0,-247.0,-52.0,31.0,-334.0,-96.0,10.0,-968.0,-143.0,2
6226,11.0,-246.0,-53.0,30.0,-354.0,-94.0,20.0,-951.0,-136.0,2
6227,12.0,-245.0,-55.0,39.0,-373.0,-96.0,21.0,-945.0,-133.0,2
6228,13.0,-245.0,-56.0,49.0,-395.0,-95.0,19.0,-945.0,-147.0,2
6229,10.0,-243.0,-55.0,56.0,-415.0,-95.0,20.0,-945.0,-144.0,2
6230,7.0,-242.0,-54.0,64.0,-430.0,-89.0,12.0,-934.0,-135.0,2
6231,9.0,-242.0,-54.0,66.0,-444.0,-87.0,15.0,-942.0,-134.0,2
6232,7.0,-247.0,-50.0,66.0,-457.0,-82.0,7.0,-935.0,-129.0,2
6233,10.0,-246.0,-45.0,66.0,-472.0,-78.0,4.0,-941.0,-119.0,2
6234,4.0,-244.0,-48.0,64.0,-488.0,-72.0,6.0,-944.0,-117.0,2
6235,8.0,-248.0,-47.0,60.0,-502.0,-69.0,7.0,-942.0,-119.0,2
6236,10.0,-248.0,-49.0,53.0,-517.0,-64.0,9.0,-945.0,-115.0,2
6237,7.0,-245.0,-45.0,51.0,-533.0,-60.0,6.0,-951.0,-110.0,2
6238,7.0,-245.0,-44.0,57.0,-545.0,-50.0,7.0,-943.0,-108.0,2
6239,12.0,-249.0,-47.0,66.0,-557.0,-42.0,10.0,-947.0,-112.0,2
6240,14.0,-249.0,-50.0,69.0,-572.0,-31.0,12.0,-952.0,-105.0,2
6241,15.0,-249.0,-50.0,65.0,-585.0,-23.0,22.0,-957.0,-115.0,2
6242,17.0,-249.0,-49.0,60.0,-597.0,-12.0,38.0,-968.0,-103.0,2
6243,24.0,-249.0,-47.0,60.0,-605.0,-8.0,61.0,-967.0,-100.0,2
6244,33.0,-252.0,-45.0,62.0,-609.0,-5.0,90.0,-976.0,-106.0,2
6245,32.0,-250.0,-49.0,61.0,-611.0,-8.0,101.0,-967.0,-114.0,2
6246,39.0,-251.0,-50.0,58.0,-618.0,-9.0,123.0,-967.0,-116.0,2
6247,43.0,-248.0,-51.0,55.0,-626.0,-22.0,134.0,-963.0,-129.0,2
6248,42.0,-242.0,-53.0,48.0,-627.0,-29.0,135.0,-949.0,-129.0,2
6249,41.0,-242.0,-54.0,41.0,-619.0,-39.0,132.0,-942.0,-134.0,2
6250,43.0,-243.0,-52.0,33.0,-602.0,-40.0,135.0,-934.0,-140.0,2
6251,43.0,-242.0,-53.0,19.0,-589.0,-44.0,137.0,-927.0,-125.0,2
6252,45.0,-240.0,-52.0,4.0,-580.0,-45.0,135.0,-931.0,-120.0,2
6253,44.0,-245.0,-43.0,-10.0,-574.0,-47.0,146.0,-939.0,-115.0,2
6254,46.0,-244.0,-49.0,-25.0,-573.0,-46.0,154.0,-948.0,-106.0,2
6255,52.0,-246.0,-49.0,-37.0,-570.0,-50.0,167.0,-955.0,-119.0,2
6256,54.0,-249.0,-55.0,-56.0,-565.0,-50.0,173.0,-973.0,-158.0,2
6257,56.0,-255.0,-67.0,-84.0,-556.0,-54.0,189.0,-999.0,-186.0,2
6258,55.0,-257.0,-71.0,-115.0,-542.0,-54.0,196.0,-1013.0,-220.0,2
6259,59.0,-265.0,-75.0,-147.0,-527.0,-61.0,204.0,-1038.0,-235.0,2
6260,63.0,-271.0,-73.0,-171.0,-510.0,-61.0,213.0,-1056.0,-214.0,2
6261,62.0,-277.0,-78.0,-165.0,-492.0,-68.0,223.0,-1097.0,-225.0,2
6262,67.0,-284.0,-66.0,-160.0,-478.0,-73.0,223.0,-1101.0,-187.0,2
6263,66.0,-286.0,-62.0,-130.0,-454.0,-79.0,225.0,-1119.0,-175.0,2
6264,69.0,-291.0,-58.0,-99.0,-419.0,-81.0,228.0,-1122.0,-173.0,2
6265,70.0,-287.0,-61.0,-78.0,-384.0,-84.0,229.0,-1128.0,-176.0,2
6266,65.0,-289.0,-67.0,-67.0,-351.0,-82.0,220.0,-1125.0,-183.0,2
6267,61.0,-285.0,-68.0,-60.0,-320.0,-87.0,208.0,-1111.0,-200.0,2
6268,54.0,-281.0,-72.0,-63.0,-293.0,-84.0,187.0,-1098.0,-214.0,2
6269,46.0,-278.0,-74.0,-69.0,-273.0,-82.0,154.0,-1092.0,-230.0,2
6270,39.0,-275.0,-79.0,-75.0,-256.0,-74.0,115.0,-1089.0,-249.0,2
6271,30.0,-279.0,-86.0,-85.0,-247.0,-69.0,97.0,-1086.0,-263.0,2
6272,27.0,-278.0,-90.0,-98.0,-253.0,-64.0,79.0,-1084.0,-277.0,2
6273,26.0,-278.0,-89.0,-99.0,-261.0,-66.0,59.0,-1076.0,-285.0,2
6274,23.0,-276.0,-88.0,-90.0,-261.0,-61.0,63.0,-1078.0,-282.0,2
6275,26.0,-280.0,-89.0,-79.0,-247.0,-63.0,71.0,-1079.0,-285.0,2
6276,33.0,-280.0,-89.0,-73.0,-226.0,-61.0,79.0,-1086.0,-278.0,2
6277,36.0,-277.0,-85.0,-69.0,-203.0,-70.0,94.0,-1085.0,-265.0,2
6278,37.0,-279.0,-79.0,-60.0,-175.0,-75.0,110.0,-1089.0,-257.0,2
6279,43.0,-282.0,-81.0,-51.0,-145.0,-88.0,119.0,-1089.0,-244.0,2
6280,44.0,-282.0,-81.0,-45.0,-110.0,-97.0,133.0,-1096.0,-236.0,2
6281,48.0,-280.0,-74.0,-46.0,-79.0,-109.0,143.0,-1095.0,-238.0,2
6282,48.0,-280.0,-76.0,-48.0,-46.0,-116.0,139.0,-1098.0,-233.0,2
6283,47.0,-277.0,-74.0,-41.0,-27.0,-132.0,139.0,-1080.0,-236.0,2
6284,41.0,-274.0,-76.0,-24.0,-16.0,-141.0,130.0,-1070.0,-233.0,2
6285,37.0,-271.0,-74.0,0.0,-10.0,-148.0,102.0,-1052.0,-226.0,2
6286,30.0,-264.0,-68.0,26.0,-12.0,-141.0,92.0,-1025.0,-209.0,2
6287,31.0,-259.0,-66.0,54.0,-17.0,-133.0,92.0,-1004.0,-197.0,2
6288,34.0,-248.0,-61.0,87.0,-22.0,-120.0,104.0,-960.0,-171.0,2
6289,40.0,-236.0,-59.0,126.0,-26.0,-110.0,124.0,-915.0,-163.0,2
6290,42.0,-227.0,-59.0,158.0,-27.0,-91.0,133.0,-884.0,-162.0,2
6291,43.0,-218.0,-57.0,178.0,-24.0,-79.0,134.0,-854.0,-163.0,2
6292,39.0,-214.0,-61.0,179.0,-22.0,-61.0,123.0,-838.0,-171.0,2
6293,35.0,-212.0,-60.0,160.0,-29.0,-49.0,104.0,-829.0,-185.0,2
6294,25.0,-211.0,-65.0,133.0,-37.0,-27.0,82.0,-834.0,-197.0,2
6295,20.0,-214.0,-68.0,106.0,-48.0,-10.0,58.0,-846.0,-212.0,2
6296,18.0,-217.0,-74.0,86.0,-58.0,15.0,42.0,-849.0,-225.0,2
6297,17.0,-223.0,-80.0,76.0,-64.0,37.0,29.0,-863.0,-241.0,2
6298,15.0,-227.0,-83.0,73.0,-66.0,61.0,27.0,-884.0,-258.0,2
6299,15.0,-231.0,-82.0,68.0,-62.0,79.0,27.0,-900.0,-272.0,2
6300,16.0,-239.0,-90.0,58.0,-55.0,97.0,24.0,-916.0,-281.0,2
6301,15.0,-241.0,-83.0,44.0,-47.0,105.0,26.0,-934.0,-276.0,2
6302,15.0,-243.0,-81.0,26.0,-41.0,114.0,32.0,-945.0,-266.0,2
6303,19.0,-247.0,-81.0,11.0,-35.0,112.0,42.0,-967.0,-254.0,2
6304,21.0,-251.0,-81.0,10.0,-29.0,111.0,54.0,-973.0,-247.0,2
6305,27.0,-259.0,-78.0,19.0,-15.0,100.0,65.0,-987.0,-253.0,2
6306,28.0,-254.0,-84.0,32.0,0.0,92.0,76.0,-1000.0,-252.0,2
6307,30.0,-257.0,-86.0,45.0,20.0,79.0,84.0,-993.0,-264.0,2
6308,34.0,-255.0,-84.0,59.0,37.0,74.0,96.0,-1000.0,-273.0,2
6309,37.0,-254.0,-89.0,75.0,60.0,60.0,102.0,-978.0,-276.0,2
6310,38.0,-251.0,-88.0,93.0,87.0,51.0,106.0,-968.0,-281.0,2
6311,35.0,-246.0,-93.0,110.0,116.0,38.0,107.0,-948.0,-299.0,2
6312,32.0,-238.0,-98.0,120.0,144.0,30.0,94.0,-931.0,-314.0,2
6313,28.0,-236.0,-101.0,127.0,168.0,16.0,80.0,-912.0,-329.0,2
6314,21.0,-229.0,-102.0,129.0,184.0,11.0,62.0,-899.0,-339.0,2
6315,19.0,-226.0,-107.0,132.0,190.0,3.0,40.0,-883.0,-360.0,2
6316,9.0,-223.0,-110.0,132.0,190.0,4.0,16.0,-866.0,-372.0,2
6317,4.0,-218.0,-113.0,129.0,183.0,1.0,-5.0,-853.0,-374.0,2
6318,1.0,-218.0,-113.0,122.0,177.0,7.0,-19.0,-853.0,-386.0,2
6319,-5.0,-216.0,-119.0,107.0,166.0,6.0,-38.0,-850.0,-394.0,2
6320,-13.0,-219.0,-118.0,95.0,153.0,12.0,-72.0,-849.0,-403.0,2
6321,-21.0,-217.0,-119.0,89.0,139.0,17.0,-96.0,-852.0,-406.0,2
6322,-25.0,-218.0,-117.0,87.0,121.0,28.0,-121.0,-859.0,-409.0,2
6323,-27.0,-224.0,-117.0,92.0,98.0,38.0,-137.0,-877.0,-406.0,2
6324,-32.0,-227.0,-118.0,93.0,73.0,52.0,-146.0,-886.0,-412.0,2
6325,-29.0,-228.0,-119.0,92.0,47.0,56.0,-150.0,-897.0,-409.0,2
6326,-30.0,-232.0,-118.0,87.0,25.0,66.0,-156.0,-901.0,-401.0,2
6327,-33.0,-235.0,-118.0,81.0,4.0,69.0,-167.0,-913.0,-399.0,2
6328,-29.0,-241.0,-118.0,72.0,-12.0,77.0,-150.0,-925.0,-403.0,2
6329,-31.0,-244.0,-117.0,56.0,-16.0,85.0,-149.0,-948.0,-401.0,2
6330,-26.0,-250.0,-111.0,37.0,-14.0,99.0,-137.0,-958.0,-381.0,2
6331,-19.0,-256.0,-104.0,27.0,-7.0,101.0,-113.0,-978.0,-358.0,2
6332,-16.0,-256.0,-104.0,27.0,2.0,105.0,-102.0,-988.0,-333.0,2
6333,-11.0,-254.0,-96.0,41.0,11.0,102.0,-91.0,-995.0,-322.0,2
6334,-9.0,-256.0,-93.0,58.0,23.0,105.0,-64.0,-988.0,-305.0,2
6335,-1.0,-257.0,-89.0,81.0,35.0,104.0,-36.0,-987.0,-282.0,2
6336,3.0,-255.0,-91.0,99.0,52.0,106.0,-19.0,-979.0,-279.0,2
6337,5.0,-253.0,-86.0,107.0,68.0,103.0,-12.0,-971.0,-270.0,2
6338,4.0,-251.0,-84.0,112.0,85.0,109.0,-11.0,-970.0,-261.0,2
6339,7.0,-252.0,-81.0,121.0,99.0,115.0,-3.0,-968.0,-250.0,2
6340,8.0,-250.0,-85.0,134.0,112.0,129.0,6.0,-965.0,-262.0,2
6341,7.0,-248.0,-79.0,137.0,125.0,138.0,-2.0,-958.0,-253.0,2
6342,9.0,-247.0,-78.0,146.0,147.0,159.0,1.0,-960.0,-245.0,2
6343,9.0,-249.0,-81.0,157.0,172.0,174.0,4.0,-952.0,-255.0,2
6344,8.0,-243.0,-79.0,159.0,193.0,193.0,-4.0,-954.0,-243.0,2
6345,8.0,-247.0,-80.0,160.0,211.0,211.0,0.0,-953.0,-238.0,2
6346,7.0,-248.0,-78.0,160.0,224.0,226.0,-5.0,-963.0,-235.0,2
6347,5.0,-252.0,-76.0,162.0,237.0,236.0,-2.0,-974.0,-240.0,2
6348,1.0,-253.0,-77.0,161.0,255.0,250.0,-21.0,-996.0,-246.0,2
6349,4.0,-259.0,-76.0,160.0,275.0,266.0,-19.0,-1004.0,-243.0,2
6350,2.0,-258.0,-78.0,162.0,292.0,287.0,-20.0,-1009.0,-239.0,2
6351,1.0,-260.0,-75.0,165.0,304.0,299.0,-23.0,-1013.0,-248.0,2
6352,-1.0,-260.0,-81.0,166.0,307.0,308.0,-23.0,-1016.0,-237.0,2
6353,-4.0,-259.0,-75.0,172.0,304.0,308.0,-36.0,-1013.0,-241.0,2
6354,-5.0,-259.0,-71.0,180.0,304.0,314.0,-39.0,-1001.0,-226.0,2
6355,5.0,-254.0,-75.0,188.0,309.0,312.0,-17.0,-976.0,-218.0,2
6356,-2.0,-245.0,-72.0,207.0,312.0,312.0,-32.0,-954.0,-217.0,2
6357,-2.0,-242.0,-74.0,207.0,312.0,310.0,-40.0,-939.0,-221.0,2
6358,-3.0,-235.0,-71.0,196.0,306.0,312.0,-42.0,-914.0,-219.0,2
6359,-8.0,-229.0,-71.0,176.0,297.0,306.0,-45.0,-902.0,-212.0,2
6360,-6.0,-231.0,-69.0,158.0,289.0,304.0,-49.0,-887.0,-204.0,2
6361,-7.0,-229.0,-65.0,147.0,284.0,295.0,-57.0,-881.0,-196.0,2
6362,-8.0,-225.0,-65.0,141.0,280.0,290.0,-53.0,-868.0,-199.0,2
6363,-11.0,-219.0,-64.0,134.0,281.0,279.0,-63.0,-862.0,-192.0,2
6364,-12.0,-219.0,-70.0,119.0,281.0,274.0,-68.0,-857.0,-188.0,2
6365,-11.0,-220.0,-59.0,97.0,276.0,266.0,-72.0,-861.0,-185.0,2
6366,-12.0,-221.0,-58.0,75.0,268.0,264.0,-72.0,-859.0,-174.0,2
6367,-12.0,-222.0,-56.0,42.0,260.0,259.0,-73.0,-858.0,-160.0,2
6368,-11.0,-227.0,-55.0,22.0,258.0,258.0,-71.0,-870.0,-152.0,2
6369,-11.0,-225.0,-55.0,11.0,257.0,251.0,-65.0,-881.0,-143.0,2
6370,-11.0,-226.0,-54.0,6.0,262.0,247.0,-60.0,-890.0,-144.0,2
6371,-10.0,-234.0,-57.0,0.0,264.0,238.0,-63.0,-900.0,-153.0,2
6372,-9.0,-237.0,-54.0,-13.0,262.0,235.0,-66.0,-909.0,-148.0,2
6373,-11.0,-238.0,-57.0,-26.0,255.0,229.0,-70.0,-916.0,-160.0,2
6374,-8.0,-239.0,-61.0,-39.0,252.0,227.0,-56.0,-926.0,-162.0,2
6375,-5.0,-243.0,-59.0,-55.0,248.0,220.0,-52.0,-944.0,-168.0,2
6376,-6.0,-248.0,-58.0,-70.0,242.0,220.0,-60.0,-949.0,-156.0,2
6377,-4.0,-252.0,-56.0,-79.0,249.0,221.0,-42.0,-967.0,-149.0,2
6378,-1.0,-253.0,-54.0,-79.0,251.0,221.0,-26.0,-975.0,-142.0,2
6379,0.0,-252.0,-54.0,-72.0,245.0,207.0,-21.0,-976.0,-134.0,2
6380,1.0,-252.0,-54.0,-59.0,238.0,198.0,-21.0,-966.0,-139.0,2
6381,1.0,-248.0,-53.0,-46.0,237.0,184.0,-22.0,-962.0,-144.0,2
6382,2.0,-247.0,-55.0,-36.0,243.0,175.0,-15.0,-954.0,-157.0,2
6383,4.0,-244.0,-58.0,-37.0,245.0,160.0,-20.0,-947.0,-166.0,2
6384,3.0,-244.0,-57.0,-48.0,246.0,151.0,-15.0,-937.0,-165.0,2
6385,3.0,-242.0,-57.0,-60.0,249.0,140.0,-8.0,-932.0,-148.0,2
6386,8.0,-243.0,-55.0,-66.0,253.0,131.0,-8.0,-932.0,-145.0,2
6387,4.0,-239.0,-49.0,-67.0,253.0,113.0,-4.0,-931.0,-136.0,2
6388,2.0,-239.0,-53.0,-67.0,254.0,102.0,-17.0,-922.0,-122.0,2
6389,2.0,-239.0,-49.0,-63.0,257.0,88.0,-20.0,-920.0,-124.0,2
6390,-3.0,-235.0,-50.0,-58.0,254.0,80.0,-28.0,-912.0,-122.0,2
6391,-2.0,-237.0,-52.0,-56.0,253.0,67.0,-36.0,-911.0,-131.0,2
6392,-5.0,-233.0,-51.0,-60.0,248.0,57.0,-45.0,-906.0,-127.0,2
6393,-4.0,-235.0,-51.0,-65.0,244.0,45.0,-51.0,-910.0,-130.0,2
6394,-6.0,-237.0,-53.0,-76.0,243.0,39.0,-50.0,-908.0,-131.0,2
6395,-9.0,-237.0,-49.0,-91.0,239.0,27.0,-51.0,-914.0,-120.0,2
6396,-9.0,-238.0,-45.0,-99.0,244.0,22.0,-58.0,-914.0,-108.0,2
6397,-6.0,-241.0,-43.0,-102.0,250.0,11.0,-55.0,-923.0,-100.0,2
6398,-8.0,-242.0,-45.0,-105.0,248.0,6.0,-44.0,-931.0,-101.0,2
6399,-6.0,-248.0,-43.0,-106.0,249.0,-5.0,-44.0,-943.0,-90.0,2
6400,-5.0,-250.0,-45.0,-104.0,254.0,-9.0,-43.0,-949.0,-90.0,2
6401,-3.0,-248.0,-46.0,-98.0,258.0,-16.0,-32.0,-954.0,-96.0,2
6402,-4.0,-250.0,-44.0,-94.0,261.0,-21.0,-36.0,-957.0,-100.0,2
6403,-4.0,-249.0,-46.0,-87.0,261.0,-27.0,-45.0,-966.0,-103.0,2
6404,-5.0,-252.0,-50.0,-84.0,260.0,-27.0,-51.0,-967.0,-100.0,2
6405,-9.0,-250.0,-45.0,-83.0,261.0,-28.0,-53.0,-972.0,-100.0,2
6406,-8.0,-254.0,-46.0,-81.0,264.0,-25.0,-57.0,-972.0,-98.0,2
6407,-5.0,-251.0,-44.0,-84.0,267.0,-23.0,-57.0,-972.0,-98.0,2
6408,-11.0,-254.0,-46.0,-87.0,268.0,-17.0,-54.0,-975.0,-99.0,2
6409,-8.0,-256.0,-46.0,-91.0,267.0,-19.0,-51.0,-973.0,-98.0,2
6410,-6.0,-255.0,-49.0,-98.0,268.0,-16.0,-56.0,-976.0,-105.0,2
6411,-10.0,-254.0,-45.0,-99.0,267.0,-15.0,-65.0,-978.0,-103.0,2
6412,-11.0,-254.0,-45.0,-99.0,265.0,-10.0,-69.0,-973.0,-114.0,2
6413,-15.0,-252.0,-43.0,-96.0,259.0,-10.0,-85.0,-971.0,-117.0,2
6414,-12.0,-252.0,-49.0,-95.0,252.0,-3.0,-89.0,-968.0,-112.0,2
6415,-11.0,-252.0,-47.0,-94.0,245.0,2.0,-77.0,-972.0,-108.0,2
6416,-11.0,-250.0,-45.0,-97.0,243.0,13.0,-70.0,-970.0,-100.0,2
6417,-9.0,-254.0,-43.0,-101.0,249.0,23.0,-59.0,-967.0,-102.0,2
6418,-9.0,-251.0,-45.0,-105.0,258.0,34.0,-51.0,-969.0,-92.0,2
6419,-4.0,-252.0,-41.0,-104.0,271.0,41.0,-38.0,-974.0,-88.0,2
6420,2.0,-257.0,-41.0,-98.0,284.0,50.0,-33.0,-994.0,-87.0,2
6421,3.0,-254.0,-35.0,-90.0,296.0,54.0,-19.0,-979.0,-81.0,2
6422,7.0,-258.0,-36.0,-82.0,312.0,63.0,-9.0,-996.0,-75.0,2
6423,4.0,-257.0,-42.0,-70.0,326.0,68.0,3.0,-999.0,-75.0,2
6424,3.0,-256.0,-38.0,-59.0,345.0,74.0,11.0,-1002.0,-76.0,2
6425,14.0,-257.0,-38.0,-50.0,369.0,76.0,13.0,-996.0,-78.0,2
6426,14.0,-260.0,-38.0,-38.0,391.0,79.0,18.0,-1002.0,-87.0,2
6427,10.0,-255.0,-40.0,-27.0,412.0,76.0,6.0,-1000.0,-86.0,2
6428,9.0,-256.0,-41.0,-12.0,431.0,74.0,4.0,-1006.0,-82.0,2
6429,5.0,-257.0,-41.0,8.0,446.0,67.0,-5.0,-982.0,-91.0,2
6430,6.0,-255.0,-44.0,31.0,454.0,67.0,-19.0,-983.0,-103.0,2
6431,0.0,-249.0,-47.0,40.0,465.0,61.0,-21.0,-970.0,-102.0,2
6432,3.0,-254.0,-40.0,50.0,478.0,56.0,-23.0,-963.0,-102.0,2
6433,0.0,-247.0,-46.0,58.0,490.0,48.0,-28.0,-956.0,-110.0,2
6434,-1.0,-247.0,-45.0,61.0,504.0,44.0,-33.0,-949.0,-101.0,2
6435,-2.0,-245.0,-47.0,59.0,516.0,38.0,-32.0,-940.0,-100.0,2
6436,-2.0,-245.0,-46.0,53.0,528.0,33.0,-32.0,-945.0,-104.0,2
6437,-1.0,-246.0,-44.0,41.0,539.0,24.0,-37.0,-948.0,-95.0,2
6438,-4.0,-248.0,-38.0,25.0,553.0,21.0,-38.0,-952.0,-83.0,2
6439,0.0,-253.0,-37.0,14.0,565.0,19.0,-33.0,-964.0,-66.0,2
6440,-1.0,-255.0,-39.0,9.0,583.0,21.0,-25.0,-977.0,-66.0,2
6441,0.0,-259.0,-34.0,4.0,599.0,16.0,-33.0,-999.0,-63.0,2
6442,0.0,-261.0,-34.0,4.0,620.0,21.0,-39.0,-1003.0,-53.0,2
6443,-2.0,-262.0,-34.0,11.0,636.0,26.0,-39.0,-1016.0,-61.0,2
6444,-5.0,-263.0,-35.0,18.0,655.0,37.0,-43.0,-1034.0,-62.0,2
6445,-8.0,-261.0,-34.0,20.0,671.0,44.0,-48.0,-1029.0,-51.0,2
6446,-8.0,-266.0,-29.0,25.0,681.0,53.0,-57.0,-1028.0,-47.0,2
6447,-9.0,-264.0,-32.0,36.0,683.0,60.0,-66.0,-1021.0,-51.0,2
6448,-14.0,-262.0,-35.0,49.0,683.0,73.0,-86.0,-1019.0,-67.0,2
6449,-13.0,-261.0,-44.0,53.0,690.0,87.0,-97.0,-1015.0,-103.0,2
6450,-18.0,-259.0,-51.0,43.0,704.0,105.0,-108.0,-1012.0,-124.0,2
6451,-20.0,-260.0,-53.0,19.0,717.0,116.0,-117.0,-1012.0,-135.0,2
6452,-24.0,-262.0,-50.0,-2.0,725.0,130.0,-126.0,-1019.0,-135.0,2
6453,-22.0,-265.0,-50.0,-13.0,721.0,140.0,-124.0,-1027.0,-132.0,2
6454,-27.0,-265.0,-45.0,-13.0,705.0,149.0,-124.0,-1027.0,-115.0,2
6455,-29.0,-267.0,-46.0,3.0,679.0,155.0,-132.0,-1034.0,-123.0,2
6456,-30.0,-263.0,-51.0,20.0,657.0,163.0,-144.0,-1027.0,-136.0,2
6457,-27.0,-265.0,-54.0,31.0,632.0,169.0,-141.0,-1025.0,-145.0,2
6458,-27.0,-261.0,-58.0,36.0,603.0,171.0,-138.0,-1026.0,-156.0,2
6459,-34.0,-261.0,-56.0,42.0,571.0,165.0,-146.0,-1011.0,-163.0,2
6460,-33.0,-259.0,-61.0,47.0,538.0,162.0,-157.0,-1003.0,-173.0,2
6461,-31.0,-257.0,-68.0,41.0,505.0,159.0,-165.0,-1001.0,-206.0,2
6462,-39.0,-256.0,-74.0,17.0,486.0,161.0,-177.0,-985.0,-221.0,2
6463,-37.0,-253.0,-75.0,-20.0,464.0,166.0,-179.0,-978.0,-235.0,2
6464,-41.0,-258.0,-72.0,-60.0,445.0,170.0,-179.0,-1004.0,-233.0,2
6465,-41.0,-260.0,-76.0,-99.0,425.0,172.0,-189.0,-1024.0,-230.0,2
6466,-45.0,-271.0,-76.0,-139.0,400.0,175.0,-199.0,-1057.0,-239.0,2
6467,-47.0,-284.0,-75.0,-174.0,367.0,176.0,-212.0,-1096.0,-226.0,2
6468,-48.0,-297.0,-72.0,-189.0,327.0,178.0,-215.0,-1146.0,-228.0,2
6469,-48.0,-309.0,-73.0,-178.0,282.0,171.0,-205.0,-1176.0,-220.0,2
6470,-47.0,-314.0,-70.0,-145.0,236.0,163.0,-204.0,-1194.0,-209.0,2
6471,-42.0,-314.0,-66.0,-92.0,179.0,154.0,-193.0,-1209.0,-203.0,2
6472,-35.0,-317.0,-64.0,-23.0,142.0,151.0,-166.0,-1214.0,-208.0,2
6473,-27.0,-310.0,-64.0,21.0,114.0,142.0,-142.0,-1198.0,-202.0,2
6474,-20.0,-303.0,-68.0,56.0,83.0,138.0,-113.0,-1177.0,-190.0,2
6475,-15.0,-298.0,-64.0,83.0,59.0,121.0,-86.0,-1150.0,-186.0,2
6476,-10.0,-288.0,-71.0,99.0,39.0,106.0,-64.0,-1128.0,-206.0,2
6477,-4.0,-278.0,-78.0,102.0,34.0,90.0,-50.0,-1099.0,-220.0,2
6478,-1.0,-273.0,-76.0,94.0,37.0,72.0,-38.0,-1073.0,-224.0,2
6479,-4.0,-264.0,-79.0,87.0,45.0,52.0,-28.0,-1046.0,-230.0,2
6480,0.0,-260.0,-76.0,80.0,56.0,38.0,-30.0,-1020.0,-225.0,2
6481,1.0,-256.0,-72.0,74.0,69.0,20.0,-25.0,-1000.0,-217.0,2
6482,-1.0,-254.0,-69.0,70.0,84.0,11.0,-27.0,-975.0,-208.0,2
6483,1.0,-252.0,-72.0,67.0,88.0,-6.0,-26.0,-964.0,-206.0,2
6484,-1.0,-244.0,-72.0,71.0,88.0,-17.0,-25.0,-951.0,-207.0,2
6485,0.0,-246.0,-77.0,72.0,87.0,-34.0,-28.0,-945.0,-220.0,2
6486,-2.0,-242.0,-75.0,64.0,85.0,-46.0,-25.0,-939.0,-228.0,2
6487,-3.0,-243.0,-80.0,53.0,81.0,-55.0,-28.0,-939.0,-248.0,2
6488,-2.0,-242.0,-81.0,42.0,77.0,-62.0,-30.0,-934.0,-253.0,2
6489,-1.0,-240.0,-81.0,35.0,70.0,-73.0,-31.0,-939.0,-258.0,2
6490,-4.0,-244.0,-84.0,33.0,59.0,-85.0,-38.0,-935.0,-267.0,2
6491,-4.0,-243.0,-84.0,25.0,51.0,-94.0,-46.0,-932.0,-266.0,2
6492,-6.0,-241.0,-86.0,18.0,39.0,-105.0,-57.0,-927.0,-264.0,2
6493,-11.0,-239.0,-85.0,11.0,29.0,-115.0,-61.0,-924.0,-271.0,2
6494,-11.0,-238.0,-87.0,6.0,20.0,-120.0,-65.0,-918.0,-277.0,2
6495,-11.0,-237.0,-89.0,1.0,12.0,-122.0,-74.0,-915.0,-278.0,2
6496,-12.0,-234.0,-89.0,-4.0,2.0,-121.0,-79.0,-905.0,-285.0,2
6497,-12.0,-230.0,-92.0,-14.0,-8.0,-119.0,-82.0,-897.0,-291.0,2
6498,-11.0,-231.0,-89.0,-22.0,-18.0,-114.0,-83.0,-891.0,-292.0,2
6499,-12.0,-227.0,-90.0,-34.0,-27.0,-112.0,-89.0,-882.0,-293.0,2
6500,-12.0,-227.0,-96.0,-47.0,-38.0,-106.0,-83.0,-882.0,-302.0,2
6501,-13.0,-225.0,-92.0,-61.0,-48.0,-102.0,-72.0,-877.0,-305.0,2
6502,-6.0,-224.0,-94.0,-72.0,-59.0,-99.0,-63.0,-871.0,-296.0,2
6503,-10.0,-225.0,-89.0,-74.0,-70.0,-99.0,-52.0,-879.0,-291.0,2
6504,-7.0,-222.0,-94.0,-74.0,-78.0,-99.0,-46.0,-874.0,-290.0,2
6505,-1.0,-224.0,-87.0,-73.0,-87.0,-100.0,-32.0,-872.0,-286.0,2
6506,1.0,-222.0,-94.0,-73.0,-91.0,-100.0,-20.0,-871.0,-295.0,2
6507,5.0,-221.0,-97.0,-77.0,-87.0,-103.0,-13.0,-861.0,-323.0,2
6508,5.0,-220.0,-101.0,-84.0,-74.0,-101.0,-6.0,-861.0,-343.0,2
6509,10.0,-223.0,-103.0,-81.0,-60.0,-100.0,1.0,-859.0,-328.0,2
6510,9.0,-220.0,-102.0,-64.0,-47.0,-101.0,3.0,-855.0,-335.0,2
6511,10.0,-221.0,-104.0,-44.0,-40.0,-104.0,10.0,-850.0,-341.0,2
6512,9.0,-214.0,-111.0,-27.0,-41.0,-106.0,16.0,-841.0,-355.0,2
6513,15.0,-212.0,-112.0,-21.0,-42.0,-104.0,25.0,-833.0,-372.0,2
6514,19.0,-210.0,-112.0,-34.0,-40.0,-99.0,49.0,-830.0,-375.0,2
6515,24.0,-208.0,-110.0,-54.0,-26.0,-96.0,67.0,-826.0,-377.0,2
6516,30.0,-209.0,-113.0,-80.0,-2.0,-89.0,87.0,-830.0,-378.0,2
6517,37.0,-210.0,-104.0,-105.0,28.0,-83.0,106.0,-829.0,-369.0,2
6518,46.0,-213.0,-106.0,-127.0,57.0,-76.0,129.0,-840.0,-358.0,2
6519,47.0,-217.0,-105.0,-149.0,90.0,-74.0,144.0,-853.0,-360.0,2
6520,49.0,-222.0,-105.0,-170.0,124.0,-71.0,156.0,-874.0,-334.0,2
6521,51.0,-229.0,-103.0,-179.0,152.0,-71.0,163.0,-903.0,-340.0,2
6522,50.0,-233.0,-100.0,-181.0,170.0,-69.0,170.0,-919.0,-332.0,2
6523,49.0,-243.0,-99.0,-171.0,177.0,-64.0,163.0,-939.0,-328.0,2
6524,52.0,-252.0,-101.0,-149.0,183.0,-59.0,153.0,-969.0,-340.0,2
6525,49.0,-256.0,-103.0,-139.0,197.0,-61.0,152.0,-995.0,-345.0,2
6526,41.0,-259.0,-97.0,-136.0,206.0,-61.0,136.0,-1011.0,-326.0,2
6527,36.0,-259.0,-100.0,-126.0,204.0,-65.0,111.0,-1018.0,-314.0,2
6528,31.0,-263.0,-97.0,-105.0,194.0,-72.0,96.0,-1026.0,-322.0,2
6529,27.0,-263.0,-100.0,-86.0,188.0,-77.0,81.0,-1025.0,-324.0,2
6530,28.0,-262.0,-93.0,-70.0,184.0,-84.0,66.0,-1020.0,-309.0,2
6531,22.0,-260.0,-88.0,-52.0,178.0,-92.0,55.0,-1011.0,-295.0,2
6532,18.0,-257.0,-90.0,-32.0,175.0,-99.0,44.0,-1005.0,-285.0,2
6533,8.0,-259.0,-84.0,-17.0,173.0,-104.0,19.0,-1000.0,-277.0,2
6534,11.0,-259.0,-83.0,-6.0,171.0,-116.0,12.0,-1005.0,-260.0,2
6535,4.0,-254.0,-81.0,-2.0,169.0,-135.0,-13.0,-1000.0,-255.0,2
6536,1.0,-257.0,-74.0,-2.0,156.0,-139.0,-15.0,-999.0,-226.0,2
6537,-1.0,-256.0,-73.0,10.0,139.0,-148.0,-25.0,-992.0,-219.0,2
6538,0.0,-257.0,-68.0,27.0,123.0,-153.0,-22.0,-986.0,-210.0,2
6539,6.0,-256.0,-66.0,43.0,109.0,-159.0,-11.0,-992.0,-209.0,2
6540,7.0,-257.0,-69.0,54.0,99.0,-170.0,-3.0,-999.0,-208.0,2
6541,7.0,-258.0,-69.0,65.0,88.0,-181.0,3.0,-1003.0,-205.0,2
6542,11.0,-259.0,-72.0,72.0,69.0,-194.0,8.0,-997.0,-219.0,2
6543,11.0,-258.0,-73.0,74.0,52.0,-202.0,12.0,-988.0,-221.0,2
6544,12.0,-253.0,-73.0,78.0,35.0,-211.0,21.0,-981.0,-216.0,2
6545,10.0,-258.0,-78.0,87.0,22.0,-218.0,15.0,-988.0,-236.0,2
6546,14.0,-255.0,-76.0,95.0,18.0,-222.0,22.0,-980.0,-237.0,2
6547,14.0,-251.0,-76.0,101.0,12.0,-225.0,26.0,-985.0,-227.0,2
6548,18.0,-248.0,-73.0,107.0,7.0,-228.0,43.0,-959.0,-223.0,2
6549,19.0,-243.0,-74.0,110.0,-1.0,-232.0,48.0,-953.0,-223.0,2
6550,18.0,-246.0,-73.0,106.0,-5.0,-232.0,49.0,-950.0,-224.0,2
6551,20.0,-244.0,-71.0,96.0,-7.0,-227.0,47.0,-939.0,-213.0,2
6552,19.0,-245.0,-70.0,92.0,-8.0,-223.0,51.0,-941.0,-208.0,2
6553,19.0,-240.0,-72.0,92.0,-11.0,-217.0,46.0,-933.0,-211.0,2
6554,18.0,-240.0,-66.0,91.0,-12.0,-211.0,48.0,-925.0,-203.0,2
6555,19.0,-237.0,-65.0,86.0,-6.0,-203.0,58.0,-920.0,-204.0,2
6556,21.0,-234.0,-68.0,77.0,2.0,-198.0,57.0,-913.0,-201.0,2
6557,23.0,-235.0,-66.0,70.0,3.0,-194.0,57.0,-911.0,-197.0,2
6558,26.0,-232.0,-66.0,62.0,8.0,-190.0,64.0,-898.0,-206.0,2
6559,23.0,-230.0,-67.0,47.0,14.0,-189.0,60.0,-892.0,-190.0,2
6560,20.0,-227.0,-64.0,34.0,16.0,-186.0,65.0,-891.0,-187.0,2
6561,25.0,-229.0,-63.0,22.0,9.0,-188.0,72.0,-890.0,-187.0,2
6562,20.0,-227.0,-68.0,4.0,1.0,-188.0,62.0,-887.0,-188.0,2
6563,25.0,-227.0,-62.0,-13.0,-4.0,-185.0,62.0,-894.0,-188.0,2
6564,25.0,-230.0,-61.0,-30.0,-6.0,-184.0,64.0,-897.0,-172.0,2
6565,21.0,-230.0,-62.0,-42.0,-13.0,-183.0,59.0,-907.0,-174.0,2
6566,24.0,-236.0,-60.0,-51.0,-19.0,-181.0,59.0,-910.0,-168.0,2
6567,22.0,-237.0,-65.0,-58.0,-17.0,-182.0,64.0,-929.0,-173.0,2
6568,23.0,-242.0,-62.0,-65.0,-7.0,-183.0,56.0,-933.0,-172.0,2
6569,18.0,-241.0,-59.0,-70.0,1.0,-179.0,49.0,-929.0,-178.0,2
6570,22.0,-243.0,-60.0,-74.0,7.0,-173.0,47.0,-937.0,-179.0,2
6571,16.0,-243.0,-65.0,-76.0,13.0,-164.0,40.0,-943.0,-182.0,2
6572,18.0,-243.0,-62.0,-83.0,13.0,-154.0,39.0,-941.0,-178.0,2
6573,16.0,-242.0,-61.0,-93.0,5.0,-143.0,37.0,-938.0,-182.0,2
6574,19.0,-240.0,-61.0,-102.0,-3.0,-134.0,38.0,-932.0,-183.0,2
6575,17.0,-242.0,-61.0,-111.0,-6.0,-120.0,40.0,-933.0,-173.0,2
6576,19.0,-239.0,-60.0,-117.0,-12.0,-104.0,45.0,-927.0,-165.0,2
6577,22.0,-243.0,-58.0,-109.0,-18.0,-93.0,55.0,-924.0,-163.0,2
6578,23.0,-236.0,-59.0,-98.0,-20.0,-83.0,62.0,-923.0,-162.0,2
6579,24.0,-235.0,-56.0,-86.0,-16.0,-76.0,67.0,-914.0,-167.0,2
6580,28.0,-237.0,-58.0,-82.0,-11.0,-70.0,72.0,-912.0,-170.0,2
6581,21.0,-234.0,-62.0,-82.0,-4.0,-67.0,76.0,-909.0,-172.0,2
6582,28.0,-236.0,-63.0,-90.0,-3.0,-65.0,71.0,-907.0,-174.0,2
6583,29.0,-233.0,-58.0,-99.0,-3.0,-60.0,70.0,-912.0,-177.0,2
6584,26.0,-235.0,-61.0,-108.0,-8.0,-57.0,72.0,-916.0,-167.0,2
6585,27.0,-238.0,-62.0,-117.0,-12.0,-54.0,71.0,-923.0,-168.0,2
6586,25.0,-239.0,-58.0,-122.0,-12.0,-49.0,70.0,-930.0,-169.0,2
6587,25.0,-244.0,-56.0,-123.0,-11.0,-45.0,72.0,-936.0,-168.0,2
6588,27.0,-246.0,-61.0,-121.0,-6.0,-40.0,67.0,-950.0,-173.0,2
6589,22.0,-248.0,-62.0,-114.0,-3.0,-35.0,60.0,-955.0,-171.0,2
6590,20.0,-250.0,-59.0,-109.0,-7.0,-29.0,53.0,-960.0,-164.0,2
6591,21.0,-247.0,-58.0,-103.0,-11.0,-23.0,51.0,-955.0,-159.0,2
6592,19.0,-249.0,-56.0,-95.0,-13.0,-17.0,45.0,-957.0,-158.0,2
6593,20.0,-249.0,-58.0,-89.0,-17.0,-9.0,49.0,-960.0,-156.0,2
6594,18.0,-249.0,-57.0,-90.0,-19.0,-2.0,51.0,-964.0,-151.0,2
6595,20.0,-251.0,-59.0,-91.0,-22.0,1.0,49.0,-966.0,-164.0,2
6596,19.0,-251.0,-61.0,-98.0,-20.0,3.0,46.0,-972.0,-164.0,2
6597,15.0,-246.0,-59.0,-110.0,-23.0,2.0,42.0,-964.0,-161.0,2
6598,15.0,-251.0,-57.0,-116.0,-30.0,0.0,37.0,-968.0,-162.0,2
6599,18.0,-250.0,-56.0,-121.0,-35.0,-3.0,41.0,-969.0,-159.0,2
6600,19.0,-251.0,-56.0,-125.0,-36.0,-6.0,45.0,-965.0,-161.0,2
6601,18.0,-252.0,-55.0,-127.0,-36.0,-10.0,42.0,-972.0,-146.0,2
6602,18.0,-251.0,-53.0,-129.0,-33.0,-17.0,49.0,-970.0,-138.0,2
6603,20.0,-252.0,-49.0,-123.0,-35.0,-23.0,47.0,-975.0,-127.0,2
6604,21.0,-254.0,-45.0,-118.0,-38.0,-30.0,43.0,-968.0,-122.0,2
6605,17.0,-251.0,-48.0,-109.0,-41.0,-36.0,46.0,-970.0,-122.0,2
6606,16.0,-252.0,-50.0,-97.0,-47.0,-42.0,42.0,-970.0,-119.0,2
6607,18.0,-251.0,-49.0,-93.0,-58.0,-52.0,38.0,-967.0,-119.0,2
6608,15.0,-249.0,-51.0,-92.0,-71.0,-59.0,23.0,-966.0,-112.0,2
6609,12.0,-252.0,-43.0,-97.0,-89.0,-65.0,18.0,-965.0,-108.0,2
6610,11.0,-252.0,-45.0,-99.0,-110.0,-71.0,13.0,-968.0,-104.0,2
6611,9.0,-251.0,-41.0,-102.0,-134.0,-78.0,14.0,-969.0,-98.0,2
6612,7.0,-253.0,-43.0,-105.0,-153.0,-85.0,4.0,-968.0,-94.0,2
6613,6.0,-253.0,-40.0,-104.0,-173.0,-89.0,0.0,-972.0,-92.0,2
6614,5.0,-251.0,-36.0,-98.0,-195.0,-92.0,-5.0,-981.0,-93.0,2
6615,8.0,-256.0,-40.0,-92.0,-216.0,-90.0,5.0,-984.0,-91.0,2
6616,8.0,-257.0,-43.0,-80.0,-235.0,-92.0,6.0,-992.0,-83.0,2
6617,10.0,-258.0,-41.0,-61.0,-252.0,-89.0,10.0,-986.0,-87.0,2
6618,13.0,-254.0,-40.0,-33.0,-264.0,-86.0,11.0,-973.0,-94.0,2
6619,10.0,-253.0,-44.0,-9.0,-270.0,-83.0,14.0,-968.0,-102.0,2
6620,8.0,-247.0,-44.0,13.0,-277.0,-80.0,12.0,-957.0,-110.0,2
6621,13.0,-242.0,-47.0,29.0,-288.0,-76.0,20.0,-948.0,-119.0,2
6622,13.0,-242.0,-48.0,31.0,-305.0,-75.0,22.0,-930.0,-125.0,2
6623,17.0,-241.0,-54.0,23.0,-320.0,-72.0,23.0,-929.0,-129.0,2
6624,15.0,-238.0,-53.0,6.0,-331.0,-70.0,27.0,-923.0,-133.0,2
6625,14.0,-239.0,-50.0,-10.0,-340.0,-68.0,30.0,-922.0,-125.0,2
6626,12.0,-238.0,-50.0,-25.0,-348.0,-67.0,21.0,-919.0,-127.0,2
6627,9.0,-240.0,-46.0,-35.0,-360.0,-63.0,16.0,-921.0,-117.0,2
6628,12.0,-242.0,-46.0,-39.0,-375.0,-59.0,15.0,-926.0,-118.0,2
6629,11.0,-240.0,-48.0,-41.0,-388.0,-52.0,16.0,-931.0,-115.0,2
6630,13.0,-240.0,-49.0,-44.0,-397.0,-47.0,21.0,-931.0,-112.0,2
6631,15.0,-241.0,-47.0,-47.0,-402.0,-40.0,31.0,-930.0,-107.0,2
6632,17.0,-242.0,-48.0,-48.0,-406.0,-37.0,43.0,-937.0,-116.0,2
6633,21.0,-244.0,-48.0,-49.0,-411.0,-35.0,49.0,-943.0,-115.0,2
6634,19.0,-243.0,-45.0,-54.0,-415.0,-32.0,53.0,-940.0,-118.0,2
6635,24.0,-246.0,-44.0,-59.0,-422.0,-27.0,63.0,-948.0,-112.0,2
6636,27.0,-245.0,-46.0,-63.0,-427.0,-26.0,72.0,-951.0,-107.0,2
6637,29.0,-249.0,-46.0,-65.0,-435.0,-23.0,79.0,-955.0,-103.0,2
6638,30.0,-251.0,-41.0,-65.0,-440.0,-20.0,91.0,-961.0,-93.0,2
6639,32.0,-251.0,-37.0,-61.0,-443.0,-18.0,93.0,-978.0,-82.0,2
6640,35.0,-255.0,-36.0,-55.0,-442.0,-17.0,105.0,-986.0,-81.0,2
6641,39.0,-258.0,-41.0,-51.0,-443.0,-18.0,112.0,-1004.0,-74.0,2
6642,41.0,-259.0,-37.0,-48.0,-442.0,-22.0,116.0,-1007.0,-72.0,2
6643,42.0,-259.0,-40.0,-44.0,-438.0,-27.0,128.0,-1008.0,-71.0,2
6644,45.0,-257.0,-38.0,-41.0,-428.0,-31.0,138.0,-1004.0,-67.0,2
6645,49.0,-256.0,-39.0,-34.0,-416.0,-33.0,149.0,-999.0,-79.0,2
6646,48.0,-256.0,-39.0,-27.0,-399.0,-36.0,157.0,-997.0,-75.0,2
6647,51.0,-255.0,-37.0,-24.0,-375.0,-39.0,161.0,-988.0,-81.0,2
6648,50.0,-252.0,-43.0,-27.0,-355.0,-49.0,174.0,-987.0,-94.0,2
6649,52.0,-254.0,-48.0,-38.0,-337.0,-65.0,172.0,-988.0,-109.0,2
6650,51.0,-256.0,-53.0,-67.0,-334.0,-81.0,164.0,-998.0,-140.0,2
6651,48.0,-259.0,-59.0,-96.0,-336.0,-96.0,163.0,-1009.0,-151.0,2
6652,47.0,-265.0,-55.0,-119.0,-336.0,-114.0,156.0,-1019.0,-159.0,2
6653,49.0,-271.0,-57.0,-115.0,-331.0,-131.0,152.0,-1051.0,-156.0,2
6654,49.0,-272.0,-58.0,-94.0,-321.0,-147.0,155.0,-1066.0,-162.0,2
6655,51.0,-275.0,-58.0,-71.0,-310.0,-161.0,161.0,-1070.0,-160.0,2
6656,51.0,-276.0,-59.0,-47.0,-292.0,-178.0,164.0,-1070.0,-169.0,2
6657,51.0,-272.0,-64.0,-24.0,-271.0,-193.0,162.0,-1069.0,-188.0,2
6658,52.0,-269.0,-67.0,-7.0,-249.0,-208.0,159.0,-1061.0,-202.0,2
6659,49.0,-265.0,-71.0,1.0,-223.0,-218.0,153.0,-1050.0,-213.0,2
6660,49.0,-262.0,-75.0,-4.0,-201.0,-225.0,147.0,-1036.0,-226.0,2
6661,43.0,-261.0,-81.0,-20.0,-185.0,-232.0,135.0,-1032.0,-247.0,2
6662,42.0,-262.0,-81.0,-36.0,-171.0,-236.0,122.0,-1028.0,-257.0,2
6663,35.0,-262.0,-88.0,-49.0,-159.0,-238.0,109.0,-1037.0,-272.0,2
6664,30.0,-263.0,-90.0,-57.0,-147.0,-241.0,95.0,-1038.0,-277.0,2
6665,34.0,-267.0,-89.0,-58.0,-138.0,-233.0,86.0,-1046.0,-284.0,2
6666,34.0,-269.0,-93.0,-64.0,-129.0,-232.0,94.0,-1065.0,-301.0,2
6667,36.0,-271.0,-91.0,-83.0,-106.0,-225.0,103.0,-1068.0,-286.0,2
6668,41.0,-272.0,-87.0,-96.0,-75.0,-219.0,114.0,-1066.0,-269.0,2
6669,45.0,-274.0,-81.0,-99.0,-41.0,-208.0,139.0,-1073.0,-259.0,2
6670,52.0,-276.0,-75.0,-104.0,-1.0,-201.0,171.0,-1089.0,-242.0,2
6671,59.0,-279.0,-81.0,-114.0,30.0,-194.0,204.0,-1096.0,-248.0,2
6672,68.0,-281.0,-85.0,-127.0,59.0,-181.0,228.0,-1107.0,-265.0,2
6673,75.0,-289.0,-87.0,-147.0,96.0,-171.0,251.0,-1124.0,-278.0,2
6674,77.0,-293.0,-94.0,-161.0,136.0,-158.0,262.0,-1142.0,-301.0,2
6675,69.0,-299.0,-100.0,-161.0,171.0,-141.0,248.0,-1164.0,-312.0,2
6676,64.0,-309.0,-87.0,-144.0,192.0,-123.0,229.0,-1182.0,-300.0,2
6677,51.0,-311.0,-81.0,-107.0,190.0,-98.0,192.0,-1200.0,-265.0,2
6678,43.0,-312.0,-73.0,-54.0,170.0,-73.0,141.0,-1196.0,-225.0,2
6679,36.0,-307.0,-65.0,11.0,138.0,-38.0,105.0,-1173.0,-189.0,2
6680,23.0,-297.0,-60.0,75.0,107.0,6.0,47.0,-1142.0,-161.0,2
6681,12.0,-283.0,-60.0,143.0,84.0,54.0,10.0,-1106.0,-169.0,2
6682,2.0,-274.0,-63.0,179.0,64.0,98.0,-9.0,-1062.0,-186.0,2
6683,-3.0,-259.0,-74.0,202.0,37.0,140.0,-33.0,-1021.0,-211.0,2
6684,-9.0,-250.0,-79.0,208.0,3.0,166.0,-48.0,-981.0,-243.0,2
6685,-10.0,-242.0,-89.0,200.0,-34.0,185.0,-60.0,-948.0,-272.0,2
6686,-12.0,-240.0,-92.0,188.0,-68.0,195.0,-62.0,-932.0,-290.0,2
6687,-11.0,-240.0,-97.0,173.0,-93.0,202.0,-60.0,-926.0,-312.0,2
6688,-11.0,-234.0,-96.0,157.0,-108.0,203.0,-61.0,-922.0,-325.0,2
6689,-9.0,-238.0,-99.0,138.0,-119.0,207.0,-56.0,-925.0,-328.0,2
6690,-6.0,-237.0,-100.0,124.0,-127.0,209.0,-38.0,-920.0,-328.0,2
6691,1.0,-237.0,-100.0,113.0,-134.0,213.0,-26.0,-914.0,-335.0,2
6692,6.0,-233.0,-104.0,104.0,-130.0,210.0,-9.0,-915.0,-342.0,2
6693,8.0,-237.0,-106.0,88.0,-120.0,205.0,3.0,-914.0,-350.0,2
6694,11.0,-233.0,-102.0,69.0,-107.0,197.0,22.0,-908.0,-338.0,2
6695,17.0,-230.0,-104.0,54.0,-98.0,193.0,48.0,-907.0,-338.0,2
6696,24.0,-230.0,-106.0,46.0,-87.0,186.0,75.0,-900.0,-340.0,2
6697,36.0,-231.0,-105.0,49.0,-71.0,179.0,98.0,-895.0,-344.0,2
6698,35.0,-225.0,-105.0,57.0,-47.0,164.0,105.0,-885.0,-347.0,2
6699,34.0,-220.0,-105.0,70.0,-22.0,154.0,103.0,-868.0,-343.0,2
6700,35.0,-216.0,-101.0,84.0,-3.0,143.0,107.0,-849.0,-346.0,2
6701,35.0,-210.0,-102.0,95.0,15.0,132.0,110.0,-835.0,-340.0,2
6702,32.0,-205.0,-102.0,100.0,29.0,122.0,100.0,-809.0,-337.0,2
6703,27.0,-200.0,-102.0,102.0,40.0,116.0,85.0,-795.0,-342.0,2
6704,27.0,-199.0,-111.0,98.0,50.0,103.0,69.0,-782.0,-361.0,2
6705,17.0,-196.0,-109.0,84.0,54.0,96.0,44.0,-757.0,-371.0,2
6706,10.0,-189.0,-114.0,64.0,61.0,82.0,1.0,-734.0,-381.0,2
6707,-5.0,-188.0,-108.0,43.0,64.0,73.0,-35.0,-732.0,-377.0,2
6708,-12.0,-193.0,-114.0,26.0,58.0,64.0,-72.0,-736.0,-373.0,2
6709,-19.0,-193.0,-111.0,8.0,49.0,60.0,-107.0,-750.0,-374.0,2
6710,-27.0,-196.0,-108.0,-14.0,37.0,55.0,-127.0,-777.0,-376.0,2
6711,-34.0,-202.0,-113.0,-41.0,20.0,58.0,-157.0,-800.0,-366.0,2
6712,-38.0,-212.0,-108.0,-67.0,8.0,58.0,-172.0,-824.0,-360.0,2
6713,-40.0,-222.0,-100.0,-85.0,-9.0,63.0,-183.0,-851.0,-340.0,2
6714,-41.0,-228.0,-101.0,-90.0,-21.0,69.0,-182.0,-875.0,-336.0,2
6715,-39.0,-231.0,-102.0,-87.0,-30.0,80.0,-177.0,-900.0,-353.0,2
6716,-37.0,-240.0,-106.0,-90.0,-32.0,82.0,-173.0,-919.0,-344.0,2
6717,-33.0,-244.0,-101.0,-92.0,-28.0,89.0,-159.0,-934.0,-340.0,2
6718,-28.0,-246.0,-99.0,-97.0,-25.0,95.0,-137.0,-956.0,-330.0,2
6719,-20.0,-252.0,-96.0,-99.0,-19.0,101.0,-109.0,-975.0,-323.0,2
6720,-12.0,-255.0,-94.0,-101.0,-7.0,105.0,-82.0,-1010.0,-310.0,2
6721,-8.0,-261.0,-95.0,-101.0,10.0,115.0,-65.0,-1031.0,-305.0,2
6722,-5.0,-266.0,-90.0,-105.0,29.0,124.0,-42.0,-1039.0,-287.0,2
6723,3.0,-269.0,-92.0,-105.0,42.0,137.0,-17.0,-1052.0,-291.0,2
6724,9.0,-272.0,-87.0,-107.0,57.0,147.0,-1.0,-1067.0,-287.0,2
6725,11.0,-279.0,-89.0,-101.0,77.0,165.0,14.0,-1075.0,-274.0,2
6726,15.0,-276.0,-85.0,-80.0,94.0,178.0,37.0,-1081.0,-263.0,2
6727,21.0,-278.0,-85.0,-38.0,120.0,188.0,52.0,-1082.0,-263.0,2
6728,22.0,-276.0,-79.0,12.0,145.0,197.0,57.0,-1074.0,-256.0,2
6729,21.0,-271.0,-81.0,69.0,163.0,206.0,51.0,-1061.0,-260.0,2
6730,16.0,-265.0,-85.0,121.0,180.0,211.0,39.0,-1040.0,-267.0,2
6731,12.0,-260.0,-83.0,164.0,193.0,226.0,23.0,-1016.0,-258.0,2
6732,10.0,-256.0,-84.0,203.0,210.0,243.0,12.0,-978.0,-262.0,2
6733,8.0,-248.0,-85.0,242.0,232.0,253.0,7.0,-952.0,-272.0,2
6734,5.0,-239.0,-84.0,256.0,247.0,256.0,-9.0,-927.0,-275.0,2
6735,2.0,-234.0,-91.0,256.0,255.0,260.0,-16.0,-913.0,-278.0,2
6736,-3.0,-235.0,-83.0,244.0,253.0,261.0,-29.0,-906.0,-277.0,2
6737,-3.0,-233.0,-86.0,231.0,252.0,265.0,-44.0,-900.0,-276.0,2
6738,-9.0,-229.0,-84.0,221.0,258.0,263.0,-62.0,-890.0,-268.0,2
6739,-10.0,-231.0,-76.0,211.0,267.0,265.0,-66.0,-897.0,-255.0,2
6740,-10.0,-234.0,-78.0,199.0,273.0,261.0,-76.0,-904.0,-240.0,2
6741,-12.0,-232.0,-71.0,191.0,276.0,261.0,-70.0,-900.0,-219.0,2
6742,-12.0,-231.0,-74.0,192.0,280.0,251.0,-69.0,-903.0,-219.0,2
6743,-12.0,-233.0,-67.0,190.0,291.0,244.0,-70.0,-908.0,-216.0,2
6744,-14.0,-234.0,-73.0,189.0,299.0,235.0,-95.0,-906.0,-214.0,2
6745,-12.0,-232.0,-75.0,191.0,304.0,235.0,-82.0,-903.0,-217.0,2
6746,-14.0,-227.0,-71.0,189.0,312.0,232.0,-77.0,-896.0,-227.0,2
6747,-12.0,-230.0,-72.0,182.0,318.0,231.0,-80.0,-888.0,-228.0,2
6748,-15.0,-229.0,-78.0,166.0,319.0,227.0,-79.0,-891.0,-243.0,2
6749,-16.0,-227.0,-73.0,145.0,319.0,227.0,-91.0,-887.0,-240.0,2
6750,-10.0,-229.0,-76.0,121.0,313.0,225.0,-86.0,-899.0,-234.0,2
6751,-12.0,-231.0,-74.0,96.0,308.0,228.0,-74.0,-902.0,-225.0,2
6752,-13.0,-236.0,-71.0,77.0,303.0,226.0,-78.0,-907.0,-215.0,2
6753,-12.0,-235.0,-69.0,63.0,300.0,230.0,-80.0,-917.0,-210.0,2
6754,-12.0,-238.0,-72.0,49.0,303.0,229.0,-73.0,-923.0,-208.0,2
6755,-11.0,-241.0,-68.0,47.0,302.0,228.0,-68.0,-933.0,-199.0,2
6756,-9.0,-243.0,-66.0,52.0,296.0,223.0,-56.0,-932.0,-195.0,2
6757,-4.0,-243.0,-69.0,64.0,289.0,220.0,-40.0,-929.0,-208.0,2
6758,-5.0,-244.0,-74.0,70.0,282.0,208.0,-38.0,-938.0,-212.0,2
6759,-3.0,-241.0,-73.0,66.0,280.0,200.0,-34.0,-938.0,-218.0,2
6760,-3.0,-239.0,-69.0,61.0,282.0,189.0,-41.0,-938.0,-206.0,2
6761,-4.0,-244.0,-65.0,59.0,285.0,182.0,-47.0,-943.0,-205.0,2
6762,-1.0,-244.0,-66.0,59.0,284.0,169.0,-51.0,-931.0,-189.0,2
6763,-8.0,-243.0,-65.0,62.0,282.0,159.0,-52.0,-927.0,-186.0,2
6764,-7.0,-242.0,-68.0,66.0,282.0,147.0,-60.0,-924.0,-184.0,2
6765,-9.0,-237.0,-65.0,71.0,284.0,140.0,-59.0,-919.0,-192.0,2
6766,-11.0,-236.0,-68.0,65.0,286.0,126.0,-63.0,-912.0,-201.0,2
6767,-11.0,-235.0,-72.0,48.0,287.0,125.0,-68.0,-916.0,-210.0,2
6768,-11.0,-237.0,-70.0,26.0,290.0,117.0,-71.0,-915.0,-209.0,2
6769,-11.0,-239.0,-67.0,9.0,287.0,115.0,-63.0,-923.0,-204.0,2
6770,-10.0,-240.0,-66.0,5.0,280.0,106.0,-70.0,-926.0,-199.0,2
6771,-12.0,-243.0,-67.0,11.0,276.0,101.0,-67.0,-933.0,-188.0,2
6772,-9.0,-247.0,-65.0,22.0,273.0,94.0,-59.0,-944.0,-174.0,2
6773,-7.0,-244.0,-59.0,42.0,268.0,89.0,-53.0,-942.0,-170.0,2
6774,-6.0,-244.0,-59.0,68.0,266.0,78.0,-53.0,-939.0,-168.0,2
6775,-5.0,-247.0,-63.0,82.0,265.0,71.0,-50.0,-942.0,-176.0,2
6776,-10.0,-245.0,-67.0,83.0,262.0,61.0,-61.0,-943.0,-196.0,2
6777,-8.0,-242.0,-66.0,75.0,254.0,56.0,-66.0,-939.0,-189.0,2
6778,-9.0,-241.0,-63.0,65.0,247.0,51.0,-61.0,-928.0,-184.0,2
6779,-9.0,-241.0,-59.0,62.0,247.0,53.0,-66.0,-928.0,-169.0,2
6780,-7.0,-244.0,-60.0,60.0,247.0,51.0,-57.0,-938.0,-170.0,2
6781,-1.0,-244.0,-59.0,50.0,244.0,53.0,-45.0,-944.0,-164.0,2
6782,-7.0,-245.0,-55.0,39.0,238.0,46.0,-48.0,-944.0,-145.0,2
6783,-6.0,-242.0,-56.0,30.0,232.0,46.0,-48.0,-943.0,-145.0,2
6784,-6.0,-246.0,-55.0,23.0,231.0,42.0,-45.0,-947.0,-148.0,2
6785,-5.0,-245.0,-55.0,18.0,232.0,43.0,-41.0,-942.0,-151.0,2
6786,-6.0,-246.0,-57.0,7.0,231.0,42.0,-48.0,-949.0,-162.0,2
6787,-9.0,-246.0,-59.0,-9.0,230.0,47.0,-57.0,-952.0,-161.0,2
6788,-11.0,-248.0,-57.0,-22.0,228.0,48.0,-56.0,-960.0,-160.0,2
6789,-9.0,-250.0,-56.0,-28.0,222.0,51.0,-60.0,-959.0,-151.0,2
6790,-12.0,-249.0,-54.0,-26.0,219.0,50.0,-70.0,-967.0,-152.0,2
6791,-11.0,-249.0,-57.0,-19.0,220.0,54.0,-81.0,-961.0,-146.0,2
6792,-14.0,-248.0,-54.0,-14.0,220.0,52.0,-93.0,-958.0,-142.0,2
6793,-14.0,-250.0,-58.0,-12.0,222.0,58.0,-101.0,-952.0,-145.0,2
6794,-16.0,-250.0,-57.0,-16.0,219.0,57.0,-100.0,-949.0,-156.0,2
6795,-13.0,-251.0,-58.0,-26.0,215.0,63.0,-94.0,-950.0,-158.0,2
6796,-14.0,-250.0,-55.0,-39.0,209.0,65.0,-92.0,-955.0,-156.0,2
6797,-12.0,-249.0,-55.0,-46.0,207.0,72.0,-89.0,-957.0,-149.0,2
6798,-12.0,-247.0,-52.0,-48.0,216.0,73.0,-76.0,-963.0,-139.0,2
6799,-12.0,-252.0,-55.0,-48.0,230.0,81.0,-65.0,-962.0,-134.0,2
6800,-7.0,-250.0,-52.0,-47.0,242.0,83.0,-57.0,-968.0,-130.0,2
6801,-9.0,-249.0,-49.0,-41.0,255.0,84.0,-54.0,-971.0,-123.0,2
6802,-6.0,-250.0,-47.0,-26.0,265.0,81.0,-53.0,-973.0,-112.0,2
6803,-4.0,-251.0,-49.0,-11.0,273.0,86.0,-42.0,-968.0,-121.0,2
6804,2.0,-252.0,-49.0,-1.0,282.0,85.0,-18.0,-971.0,-121.0,2
6805,4.0,-254.0,-50.0,-1.0,296.0,78.0,-19.0,-972.0,-126.0,2
6806,3.0,-252.0,-51.0,-9.0,316.0,74.0,-19.0,-972.0,-125.0,2
6807,5.0,-255.0,-50.0,-12.0,331.0,72.0,-20.0,-974.0,-132.0,2
6808,4.0,-254.0,-49.0,-10.0,346.0,68.0,-16.0,-977.0,-129.0,2
6809,4.0,-256.0,-48.0,2.0,362.0,67.0,-19.0,-980.0,-124.0,2
6810,3.0,-254.0,-50.0,17.0,374.0,62.0,-22.0,-979.0,-125.0,2
6811,4.0,-255.0,-51.0,29.0,390.0,62.0,-19.0,-985.0,-126.0,2
6812,1.0,-254.0,-54.0,34.0,406.0,56.0,-19.0,-976.0,-132.0,2
6813,4.0,-253.0,-54.0,35.0,423.0,56.0,-13.0,-977.0,-134.0,2
6814,7.0,-251.0,-54.0,32.0,442.0,52.0,-15.0,-976.0,-133.0,2
6815,1.0,-257.0,-55.0,25.0,454.0,51.0,-22.0,-978.0,-119.0,2
6816,0.0,-255.0,-49.0,26.0,455.0,43.0,-23.0,-982.0,-108.0,2
6817,0.0,-255.0,-46.0,34.0,453.0,40.0,-21.0,-977.0,-108.0,2
6818,-3.0,-258.0,-48.0,39.0,441.0,37.0,-28.0,-983.0,-114.0,2
6819,-5.0,-256.0,-43.0,36.0,444.0,30.0,-41.0,-981.0,-113.0,2
6820,-8.0,-253.0,-46.0,35.0,450.0,20.0,-61.0,-980.0,-102.0,2
6821,-10.0,-258.0,-42.0,40.0,455.0,23.0,-75.0,-979.0,-92.0,2
6822,-12.0,-257.0,-45.0,52.0,457.0,27.0,-76.0,-979.0,-97.0,2
6823,-12.0,-255.0,-37.0,62.0,464.0,37.0,-87.0,-977.0,-91.0,2
6824,-14.0,-254.0,-37.0,74.0,470.0,40.0,-91.0,-977.0,-80.0,2
6825,-13.0,-255.0,-34.0,90.0,473.0,45.0,-89.0,-964.0,-66.0,2
6826,-12.0,-250.0,-34.0,109.0,469.0,37.0,-78.0,-959.0,-61.0,2
6827,-12.0,-246.0,-33.0,128.0,457.0,33.0,-77.0,-947.0,-56.0,2
6828,-13.0,-248.0,-34.0,138.0,443.0,21.0,-84.0,-939.0,-57.0,2
6829,-12.0,-244.0,-30.0,142.0,429.0,16.0,-96.0,-932.0,-48.0,2
6830,-13.0,-239.0,-30.0,140.0,416.0,7.0,-95.0,-925.0,-51.0,2
6831,-14.0,-239.0,-31.0,131.0,407.0,4.0,-96.0,-929.0,-48.0,2
6832,-13.0,-239.0,-32.0,120.0,399.0,-5.0,-94.0,-919.0,-47.0,2
6833,-16.0,-239.0,-35.0,117.0,399.0,-7.0,-89.0,-916.0,-52.0,2
6834,-12.0,-239.0,-35.0,115.0,403.0,-15.0,-89.0,-914.0,-70.0,2
6835,-12.0,-237.0,-40.0,106.0,404.0,-20.0,-90.0,-917.0,-78.0,2
6836,-15.0,-239.0,-35.0,93.0,401.0,-30.0,-90.0,-919.0,-72.0,2
6837,-14.0,-240.0,-36.0,85.0,391.0,-39.0,-94.0,-916.0,-67.0,2
6838,-16.0,-239.0,-36.0,78.0,387.0,-50.0,-100.0,-914.0,-65.0,2
6839,-19.0,-236.0,-33.0,70.0,382.0,-57.0,-106.0,-913.0,-49.0,2
6840,-19.0,-236.0,-32.0,60.0,374.0,-68.0,-108.0,-913.0,-54.0,2
6841,-20.0,-235.0,-29.0,48.0,364.0,-75.0,-109.0,-913.0,-47.0,2
6842,-22.0,-237.0,-29.0,37.0,349.0,-87.0,-110.0,-913.0,-49.0,2
6843,-23.0,-237.0,-27.0,25.0,334.0,-97.0,-119.0,-915.0,-47.0,2
6844,-23.0,-241.0,-30.0,13.0,319.0,-106.0,-125.0,-916.0,-50.0,2
6845,-26.0,-238.0,-33.0,6.0,308.0,-110.0,-126.0,-926.0,-53.0,2
6846,-25.0,-242.0,-32.0,-3.0,301.0,-110.0,-131.0,-939.0,-61.0,2
6847,-23.0,-243.0,-33.0,-15.0,297.0,-106.0,-124.0,-935.0,-60.0,2
6848,-23.0,-247.0,-35.0,-28.0,297.0,-104.0,-119.0,-946.0,-53.0,2
6849,-19.0,-251.0,-32.0,-40.0,295.0,-98.0,-112.0,-952.0,-59.0,2
6850,-15.0,-252.0,-36.0,-47.0,296.0,-96.0,-98.0,-961.0,-55.0,2
6851,-11.0,-251.0,-29.0,-51.0,299.0,-88.0,-87.0,-982.0,-49.0,2
6852,-9.0,-253.0,-29.0,-52.0,300.0,-88.0,-58.0,-977.0,-41.0,2
6853,-4.0,-255.0,-31.0,-52.0,304.0,-86.0,-45.0,-977.0,-42.0,2
6854,-2.0,-257.0,-29.0,-52.0,307.0,-92.0,-33.0,-993.0,-40.0,2
6855,2.0,-257.0,-29.0,-54.0,313.0,-92.0,-20.0,-995.0,-43.0,2
6856,9.0,-258.0,-29.0,-55.0,322.0,-99.0,-1.0,-999.0,-41.0,2
6857,7.0,-256.0,-32.0,-51.0,331.0,-100.0,8.0,-995.0,-47.0,2
6858,11.0,-255.0,-31.0,-46.0,347.0,-107.0,11.0,-989.0,-45.0,2
6859,9.0,-253.0,-33.0,-49.0,361.0,-109.0,12.0,-988.0,-49.0,2
6860,5.0,-252.0,-37.0,-64.0,372.0,-117.0,-7.0,-988.0,-78.0,2
6861,2.0,-252.0,-46.0,-98.0,390.0,-114.0,-24.0,-987.0,-127.0,2
6862,-2.0,-255.0,-58.0,-155.0,414.0,-109.0,-42.0,-1004.0,-155.0,2
6863,-11.0,-260.0,-69.0,-221.0,442.0,-96.0,-69.0,-1024.0,-192.0,2
6864,-13.0,-270.0,-71.0,-285.0,469.0,-86.0,-98.0,-1050.0,-206.0,2
6865,-20.0,-285.0,-63.0,-335.0,488.0,-73.0,-110.0,-1102.0,-183.0,2
6866,-21.0,-300.0,-55.0,-348.0,491.0,-64.0,-120.0,-1144.0,-161.0,2
6867,-19.0,-309.0,-55.0,-327.0,481.0,-45.0,-114.0,-1182.0,-147.0,2
6868,-20.0,-311.0,-55.0,-282.0,462.0,-28.0,-125.0,-1198.0,-136.0,2
6869,-25.0,-315.0,-53.0,-219.0,446.0,-18.0,-137.0,-1207.0,-124.0,2
6870,-30.0,-312.0,-54.0,-174.0,421.0,-14.0,-151.0,-1197.0,-139.0,2
6871,-32.0,-310.0,-57.0,-147.0,388.0,-4.0,-149.0,-1193.0,-160.0,2
6872,-31.0,-301.0,-65.0,-140.0,351.0,1.0,-149.0,-1174.0,-198.0,2
6873,-29.0,-299.0,-78.0,-141.0,319.0,12.0,-152.0,-1158.0,-237.0,2
6874,-33.0,-294.0,-84.0,-145.0,294.0,18.0,-158.0,-1143.0,-254.0,2
6875,-40.0,-292.0,-86.0,-145.0,265.0,32.0,-174.0,-1135.0,-273.0,2
6876,-43.0,-294.0,-83.0,-140.0,228.0,41.0,-194.0,-1133.0,-276.0,2
6877,-50.0,-293.0,-82.0,-130.0,181.0,57.0,-215.0,-1136.0,-256.0,2
6878,-51.0,-292.0,-76.0,-109.0,124.0,79.0,-219.0,-1134.0,-233.0,2
6879,-49.0,-290.0,-77.0,-70.0,58.0,109.0,-215.0,-1122.0,-233.0,2
6880,-40.0,-289.0,-73.0,-45.0,20.0,135.0,-196.0,-1110.0,-227.0,2
6881,-34.0,-285.0,-68.0,-28.0,-9.0,164.0,-169.0,-1097.0,-221.0,2
6882,-31.0,-280.0,-73.0,-18.0,-44.0,176.0,-148.0,-1093.0,-222.0,2
6883,-27.0,-281.0,-69.0,-15.0,-75.0,188.0,-132.0,-1084.0,-219.0,2
6884,-20.0,-276.0,-70.0,-10.0,-101.0,186.0,-117.0,-1072.0,-210.0,2
6885,-17.0,-269.0,-66.0,-5.0,-119.0,191.0,-113.0,-1051.0,-195.0,2
6886,-14.0,-266.0,-62.0,0.0,-126.0,189.0,-105.0,-1039.0,-186.0,2
6887,-18.0,-261.0,-60.0,5.0,-128.0,182.0,-100.0,-1016.0,-170.0,2
6888,-14.0,-257.0,-55.0,10.0,-132.0,166.0,-97.0,-990.0,-160.0,2
6889,-11.0,-254.0,-56.0,13.0,-136.0,152.0,-81.0,-975.0,-149.0,2
6890,-3.0,-250.0,-52.0,18.0,-124.0,136.0,-68.0,-959.0,-134.0,2
6891,-3.0,-248.0,-47.0,29.0,-91.0,121.0,-37.0,-964.0,-115.0,2
6892,1.0,-249.0,-46.0,43.0,-50.0,96.0,-12.0,-951.0,-92.0,2
6893,9.0,-248.0,-43.0,69.0,-15.0,71.0,12.0,-952.0,-95.0,2
6894,12.0,-247.0,-47.0,103.0,7.0,33.0,25.0,-952.0,-107.0,2
6895,15.0,-244.0,-56.0,135.0,19.0,-1.0,29.0,-942.0,-139.0,2
6896,17.0,-242.0,-59.0,158.0,24.0,-37.0,35.0,-933.0,-169.0,2
6897,20.0,-239.0,-65.0,167.0,21.0,-66.0,44.0,-934.0,-192.0,2
6898,18.0,-240.0,-75.0,160.0,17.0,-97.0,42.0,-933.0,-218.0,2
6899,17.0,-238.0,-74.0,143.0,15.0,-125.0,36.0,-925.0,-246.0,2
6900,15.0,-237.0,-81.0,104.0,14.0,-144.0,27.0,-924.0,-255.0,2
6901,14.0,-237.0,-83.0,67.0,21.0,-152.0,24.0,-920.0,-261.0,2
6902,9.0,-236.0,-81.0,32.0,35.0,-159.0,7.0,-914.0,-261.0,2
6903,5.0,-233.0,-86.0,5.0,52.0,-149.0,-7.0,-903.0,-263.0,2
6904,-1.0,-232.0,-83.0,-15.0,68.0,-135.0,-24.0,-902.0,-281.0,2
6905,-4.0,-235.0,-88.0,-38.0,77.0,-113.0,-34.0,-907.0,-282.0,2
6906,-10.0,-229.0,-87.0,-52.0,75.0,-95.0,-55.0,-894.0,-283.0,2
6907,-10.0,-227.0,-90.0,-55.0,68.0,-64.0,-61.0,-883.0,-286.0,2
6908,-12.0,-223.0,-91.0,-51.0,64.0,-38.0,-65.0,-876.0,-299.0,2
6909,-11.0,-224.0,-97.0,-46.0,60.0,-13.0,-72.0,-870.0,-314.0,2
6910,-14.0,-224.0,-95.0,-45.0,50.0,9.0,-80.0,-876.0,-318.0,2
6911,-13.0,-226.0,-101.0,-49.0,31.0,28.0,-81.0,-882.0,-320.0,2
6912,-12.0,-226.0,-104.0,-53.0,4.0,42.0,-78.0,-878.0,-324.0,2
6913,-11.0,-223.0,-102.0,-58.0,-26.0,59.0,-67.0,-885.0,-340.0,2
6914,-4.0,-228.0,-109.0,-63.0,-41.0,71.0,-46.0,-882.0,-369.0,2
6915,0.0,-224.0,-114.0,-62.0,-33.0,82.0,-24.0,-879.0,-381.0,2
6916,6.0,-225.0,-113.0,-55.0,-13.0,85.0,-7.0,-876.0,-383.0,2
6917,6.0,-221.0,-114.0,-40.0,8.0,85.0,5.0,-866.0,-394.0,2
6918,12.0,-219.0,-119.0,-23.0,16.0,76.0,28.0,-856.0,-393.0,2
6919,18.0,-213.0,-119.0,-10.0,15.0,66.0,48.0,-831.0,-408.0,2
6920,23.0,-208.0,-123.0,-10.0,11.0,49.0,62.0,-821.0,-415.0,2
6921,24.0,-204.0,-122.0,-37.0,19.0,41.0,64.0,-817.0,-425.0,2
6922,26.0,-206.0,-123.0,-74.0,35.0,32.0,75.0,-816.0,-421.0,2
6923,26.0,-209.0,-120.0,-110.0,60.0,29.0,75.0,-827.0,-413.0,2
6924,27.0,-212.0,-117.0,-142.0,82.0,23.0,80.0,-840.0,-409.0,2
6925,27.0,-221.0,-118.0,-168.0,101.0,26.0,83.0,-865.0,-400.0,2
6926,33.0,-226.0,-115.0,-187.0,117.0,28.0,102.0,-887.0,-386.0,2
6927,34.0,-233.0,-109.0,-195.0,130.0,27.0,102.0,-908.0,-368.0,2
6928,36.0,-238.0,-110.0,-194.0,139.0,20.0,115.0,-927.0,-362.0,2
6929,37.0,-246.0,-110.0,-181.0,141.0,14.0,110.0,-955.0,-353.0,2
6930,34.0,-253.0,-112.0,-163.0,140.0,3.0,105.0,-972.0,-366.0,2
6931,28.0,-255.0,-108.0,-145.0,145.0,-5.0,87.0,-999.0,-365.0,2
6932,27.0,-259.0,-104.0,-114.0,142.0,-14.0,76.0,-1001.0,-344.0,2
6933,23.0,-264.0,-104.0,-76.0,124.0,-18.0,57.0,-1025.0,-351.0,2
6934,18.0,-261.0,-108.0,-53.0,109.0,-32.0,46.0,-1035.0,-356.0,2
6935,19.0,-268.0,-102.0,-52.0,107.0,-47.0,37.0,-1047.0,-343.0,2
6936,17.0,-270.0,-97.0,-59.0,101.0,-67.0,35.0,-1056.0,-303.0,2
6937,15.0,-273.0,-88.0,-51.0,86.0,-87.0,24.0,-1065.0,-281.0,2
6938,12.0,-277.0,-82.0,-36.0,66.0,-113.0,16.0,-1075.0,-267.0,2
6939,6.0,-277.0,-82.0,-15.0,48.0,-136.0,2.0,-1081.0,-257.0,2
6940,3.0,-275.0,-77.0,6.0,28.0,-162.0,-13.0,-1077.0,-240.0,2
6941,4.0,-275.0,-73.0,31.0,8.0,-188.0,-15.0,-1071.0,-227.0,2
6942,3.0,-271.0,-69.0,71.0,-19.0,-214.0,-16.0,-1056.0,-219.0,2
6943,1.0,-272.0,-75.0,104.0,-39.0,-239.0,-14.0,-1059.0,-233.0,2
6944,-2.0,-271.0,-73.0,115.0,-55.0,-268.0,-25.0,-1048.0,-219.0,2
6945,-5.0,-265.0,-71.0,121.0,-74.0,-287.0,-37.0,-1042.0,-219.0,2
6946,-6.0,-262.0,-77.0,129.0,-98.0,-309.0,-43.0,-1025.0,-216.0,2
6947,-4.0,-260.0,-72.0,138.0,-122.0,-325.0,-32.0,-1015.0,-220.0,2
6948,-2.0,-258.0,-73.0,144.0,-141.0,-346.0,-26.0,-999.0,-220.0,2
6949,-1.0,-255.0,-73.0,146.0,-154.0,-361.0,-25.0,-979.0,-224.0,2
6950,0.0,-252.0,-74.0,143.0,-164.0,-373.0,-14.0,-972.0,-223.0,2
6951,3.0,-250.0,-74.0,142.0,-177.0,-379.0,-18.0,-952.0,-222.0,2
6952,5.0,-244.0,-72.0,147.0,-190.0,-384.0,-10.0,-941.0,-229.0,2
6953,4.0,-241.0,-77.0,149.0,-198.0,-387.0,-1.0,-927.0,-233.0,2
6954,4.0,-236.0,-71.0,138.0,-214.0,-396.0,0.0,-915.0,-234.0,2
6955,8.0,-235.0,-72.0,125.0,-234.0,-396.0,0.0,-910.0,-224.0,2
6956,5.0,-229.0,-72.0,115.0,-249.0,-395.0,-2.0,-899.0,-222.0,2
6957,12.0,-230.0,-73.0,110.0,-256.0,-388.0,17.0,-888.0,-216.0,2
6958,15.0,-228.0,-72.0,106.0,-262.0,-388.0,25.0,-883.0,-218.0,2
6959,13.0,-224.0,-74.0,101.0,-263.0,-383.0,25.0,-870.0,-215.0,2
6960,15.0,-221.0,-74.0,92.0,-265.0,-380.0,24.0,-865.0,-217.0,2
6961,18.0,-217.0,-69.0,77.0,-269.0,-371.0,33.0,-863.0,-220.0,2
6962,21.0,-219.0,-68.0,58.0,-277.0,-360.0,54.0,-863.0,-212.0,2
6963,24.0,-222.0,-75.0,32.0,-285.0,-347.0,74.0,-860.0,-211.0,2
6964,27.0,-220.0,-68.0,9.0,-289.0,-343.0,78.0,-856.0,-203.0,2
6965,31.0,-221.0,-66.0,-7.0,-288.0,-335.0,86.0,-863.0,-203.0,2
6966,32.0,-221.0,-71.0,-20.0,-284.0,-334.0,90.0,-869.0,-212.0,2
6967,33.0,-225.0,-71.0,-34.0,-276.0,-330.0,94.0,-870.0,-214.0,2
6968,34.0,-226.0,-72.0,-51.0,-266.0,-328.0,96.0,-878.0,-221.0,2
6969,29.0,-226.0,-75.0,-67.0,-250.0,-321.0,95.0,-883.0,-221.0,2
6970,26.0,-229.0,-73.0,-82.0,-234.0,-318.0,80.0,-886.0,-219.0,2
6971,30.0,-230.0,-67.0,-93.0,-222.0,-307.0,80.0,-901.0,-197.0,2
6972,27.0,-232.0,-64.0,-105.0,-212.0,-302.0,80.0,-906.0,-186.0,2
6973,30.0,-236.0,-63.0,-112.0,-202.0,-289.0,74.0,-908.0,-174.0,2
6974,29.0,-237.0,-59.0,-114.0,-197.0,-281.0,81.0,-926.0,-171.0,2
6975,29.0,-241.0,-59.0,-114.0,-189.0,-271.0,85.0,-936.0,-172.0,2
6976,30.0,-245.0,-63.0,-112.0,-179.0,-263.0,88.0,-947.0,-184.0,2
6977,32.0,-242.0,-66.0,-108.0,-165.0,-249.0,91.0,-948.0,-193.0,2
6978,29.0,-246.0,-65.0,-95.0,-148.0,-239.0,81.0,-937.0,-193.0,2
6979,27.0,-243.0,-66.0,-86.0,-137.0,-225.0,77.0,-932.0,-194.0,2
6980,27.0,-241.0,-64.0,-79.0,-138.0,-217.0,80.0,-934.0,-189.0,2
6981,34.0,-240.0,-67.0,-71.0,-138.0,-205.0,84.0,-925.0,-195.0,2
6982,33.0,-237.0,-65.0,-68.0,-128.0,-192.0,91.0,-920.0,-188.0,2
6983,31.0,-234.0,-59.0,-70.0,-113.0,-177.0,86.0,-908.0,-179.0,2
6984,29.0,-229.0,-60.0,-71.0,-106.0,-168.0,93.0,-897.0,-170.0,2
6985,29.0,-229.0,-57.0,-71.0,-101.0,-154.0,91.0,-892.0,-172.0,2
6986,31.0,-231.0,-64.0,-73.0,-96.0,-141.0,94.0,-892.0,-182.0,2
6987,35.0,-227.0,-66.0,-76.0,-84.0,-121.0,102.0,-893.0,-194.0,2
6988,34.0,-226.0,-67.0,-89.0,-67.0,-103.0,99.0,-887.0,-211.0,2
6989,35.0,-227.0,-79.0,-109.0,-55.0,-84.0,106.0,-893.0,-220.0,2
6990,36.0,-231.0,-75.0,-130.0,-47.0,-69.0,111.0,-902.0,-220.0,2
6991,37.0,-237.0,-67.0,-148.0,-35.0,-55.0,110.0,-915.0,-214.0,2
6992,36.0,-241.0,-65.0,-158.0,-21.0,-47.0,108.0,-922.0,-199.0,2
6993,35.0,-243.0,-64.0,-157.0,-7.0,-38.0,106.0,-930.0,-185.0,2
6994,31.0,-240.0,-62.0,-146.0,7.0,-31.0,98.0,-939.0,-177.0,2
6995,31.0,-246.0,-60.0,-140.0,15.0,-19.0,85.0,-945.0,-182.0,2
6996,27.0,-243.0,-65.0,-140.0,20.0,-14.0,79.0,-957.0,-194.0,2
6997,29.0,-253.0,-64.0,-148.0,26.0,-9.0,75.0,-967.0,-189.0,2
6998,26.0,-252.0,-69.0,-157.0,34.0,-9.0,74.0,-976.0,-194.0,2
6999,23.0,-252.0,-65.0,-163.0,47.0,-8.0,67.0,-992.0,-196.0,2
7000,20.0,-255.0,-66.0,-166.0,59.0,-9.0,58.0,-1001.0,-186.0,2
7001,21.0,-258.0,-65.0,-163.0,63.0,-4.0,54.0,-1005.0,-179.0,2
7002,25.0,-258.0,-61.0,-156.0,65.0,-4.0,56.0,-1006.0,-178.0,2
7003,26.0,-255.0,-61.0,-148.0,65.0,-5.0,61.0,-992.0,-176.0,2
7004,23.0,-254.0,-60.0,-145.0,66.0,-9.0,59.0,-993.0,-179.0,2
7005,24.0,-256.0,-59.0,-145.0,64.0,-11.0,57.0,-980.0,-164.0,2
7006,21.0,-255.0,-56.0,-150.0,59.0,-14.0,48.0,-985.0,-161.0,2
7007,20.0,-254.0,-56.0,-150.0,55.0,-13.0,55.0,-978.0,-149.0,2
7008,24.0,-255.0,-56.0,-145.0,50.0,-15.0,62.0,-971.0,-153.0,2
7009,24.0,-251.0,-56.0,-142.0,45.0,-14.0,61.0,-972.0,-148.0,2
7010,22.0,-251.0,-55.0,-136.0,39.0,-19.0,69.0,-975.0,-151.0,2
7011,25.0,-253.0,-56.0,-129.0,35.0,-21.0,67.0,-973.0,-149.0,2
7012,25.0,-253.0,-56.0,-120.0,30.0,-26.0,64.0,-975.0,-149.0,2
7013,21.0,-253.0,-55.0,-109.0,24.0,-25.0,56.0,-977.0,-145.0,2
7014,17.0,-250.0,-56.0,-95.0,17.0,-31.0,53.0,-967.0,-144.0,2
7015,19.0,-252.0,-57.0,-81.0,6.0,-34.0,46.0,-973.0,-144.0,2
7016,18.0,-252.0,-54.0,-69.0,-1.0,-39.0,34.0,-969.0,-136.0,2
7017,14.0,-250.0,-51.0,-63.0,-11.0,-41.0,34.0,-966.0,-132.0,2
7018,15.0,-248.0,-55.0,-59.0,-24.0,-48.0,40.0,-965.0,-138.0,2
7019,18.0,-248.0,-51.0,-59.0,-34.0,-50.0,38.0,-962.0,-132.0,2
7020,16.0,-248.0,-51.0,-57.0,-41.0,-52.0,38.0,-962.0,-131.0,2
7021,12.0,-249.0,-48.0,-50.0,-46.0,-52.0,28.0,-961.0,-120.0,2
7022,12.0,-248.0,-51.0,-40.0,-54.0,-53.0,18.0,-960.0,-121.0,2
7023,7.0,-248.0,-45.0,-31.0,-66.0,-52.0,12.0,-968.0,-114.0,2
7024,10.0,-248.0,-48.0,-25.0,-83.0,-54.0,6.0,-959.0,-107.0,2
7025,5.0,-248.0,-44.0,-23.0,-115.0,-56.0,3.0,-967.0,-105.0,2
7026,3.0,-250.0,-45.0,-21.0,-144.0,-63.0,-10.0,-958.0,-98.0,2
7027,-1.0,-248.0,-40.0,-20.0,-170.0,-65.0,-19.0,-956.0,-88.0,2
7028,-2.0,-247.0,-42.0,-16.0,-199.0,-66.0,-25.0,-951.0,-78.0,2
7029,0.0,-247.0,-35.0,-9.0,-227.0,-62.0,-23.0,-947.0,-77.0,2
7030,5.0,-245.0,-41.0,-1.0,-254.0,-57.0,-18.0,-939.0,-83.0,2
7031,2.0,-241.0,-46.0,7.0,-281.0,-48.0,-7.0,-943.0,-90.0,2
7032,4.0,-239.0,-46.0,14.0,-300.0,-39.0,-1.0,-934.0,-101.0,2
7033,9.0,-239.0,-46.0,17.0,-315.0,-29.0,3.0,-928.0,-115.0,2
7034,5.0,-241.0,-46.0,17.0,-323.0,-20.0,9.0,-932.0,-121.0,2
7035,8.0,-240.0,-45.0,15.0,-338.0,-5.0,3.0,-932.0,-113.0,2
7036,4.0,-243.0,-46.0,16.0,-356.0,1.0,0.0,-938.0,-100.0,2
7037,9.0,-243.0,-44.0,20.0,-376.0,10.0,-2.0,-928.0,-86.0,2
7038,7.0,-244.0,-42.0,26.0,-396.0,13.0,-1.0,-939.0,-84.0,2
7039,7.0,-247.0,-40.0,31.0,-416.0,17.0,0.0,-938.0,-84.0,2
7040,9.0,-246.0,-40.0,36.0,-432.0,17.0,4.0,-943.0,-83.0,2
7041,8.0,-241.0,-35.0,37.0,-449.0,22.0,7.0,-936.0,-80.0,2
7042,10.0,-245.0,-39.0,37.0,-463.0,26.0,12.0,-939.0,-73.0,2
7043,14.0,-248.0,-39.0,37.0,-470.0,30.0,23.0,-947.0,-73.0,2
7044,16.0,-248.0,-34.0,36.0,-472.0,31.0,26.0,-948.0,-76.0,2
7045,13.0,-246.0,-37.0,32.0,-468.0,33.0,28.0,-944.0,-68.0,2
7046,17.0,-246.0,-31.0,27.0,-463.0,33.0,41.0,-947.0,-62.0,2
7047,17.0,-248.0,-31.0,22.0,-459.0,33.0,38.0,-953.0,-64.0,2
7048,17.0,-247.0,-28.0,21.0,-458.0,28.0,44.0,-956.0,-53.0,2
7049,24.0,-253.0,-32.0,23.0,-459.0,25.0,51.0,-960.0,-58.0,2
7050,26.0,-249.0,-31.0,25.0,-460.0,21.0,76.0,-974.0,-54.0,2
7051,28.0,-254.0,-32.0,31.0,-463.0,15.0,80.0,-977.0,-46.0,2
7052,33.0,-254.0,-30.0,39.0,-469.0,9.0,95.0,-976.0,-47.0,2
7053,34.0,-256.0,-28.0,46.0,-477.0,2.0,105.0,-981.0,-48.0,2
7054,37.0,-255.0,-35.0,48.0,-482.0,-5.0,113.0,-987.0,-50.0,2
7055,39.0,-256.0,-35.0,45.0,-482.0,-10.0,118.0,-995.0,-48.0,2
7056,42.0,-254.0,-35.0,41.0,-483.0,-14.0,126.0,-993.0,-65.0,2
7057,40.0,-255.0,-36.0,30.0,-483.0,-17.0,130.0,-991.0,-60.0,2
7058,43.0,-254.0,-35.0,25.0,-479.0,-21.0,137.0,-990.0,-67.0,2
7059,45.0,-255.0,-36.0,18.0,-473.0,-24.0,139.0,-991.0,-68.0,2
7060,45.0,-257.0,-35.0,14.0,-466.0,-29.0,135.0,-1000.0,-65.0,2
7061,44.0,-257.0,-32.0,12.0,-460.0,-31.0,136.0,-1001.0,-55.0,2
7062,43.0,-257.0,-32.0,11.0,-456.0,-35.0,128.0,-1000.0,-57.0,2
7063,45.0,-260.0,-32.0,5.0,-454.0,-36.0,137.0,-1007.0,-68.0,2
7064,47.0,-258.0,-42.0,-10.0,-450.0,-40.0,154.0,-1007.0,-75.0,2
7065,50.0,-260.0,-47.0,-30.0,-445.0,-45.0,160.0,-1015.0,-106.0,2
7066,53.0,-262.0,-57.0,-62.0,-440.0,-54.0,176.0,-1028.0,-158.0,2
7067,52.0,-262.0,-58.0,-112.0,-435.0,-61.0,179.0,-1042.0,-174.0,2
7068,57.0,-273.0,-68.0,-136.0,-424.0,-71.0,195.0,-1068.0,-196.0,2
7069,58.0,-282.0,-64.0,-143.0,-408.0,-80.0,197.0,-1087.0,-169.0,2
7070,60.0,-287.0,-58.0,-114.0,-386.0,-95.0,200.0,-1110.0,-159.0,2
7071,61.0,-290.0,-58.0,-76.0,-362.0,-111.0,202.0,-1127.0,-155.0,2
7072,61.0,-296.0,-56.0,-44.0,-336.0,-130.0,201.0,-1131.0,-153.0,2
7073,54.0,-293.0,-61.0,-18.0,-314.0,-144.0,192.0,-1144.0,-162.0,2
7074,52.0,-292.0,-63.0,3.0,-301.0,-156.0,177.0,-1140.0,-183.0,2
7075,50.0,-287.0,-73.0,13.0,-294.0,-165.0,160.0,-1125.0,-214.0,2
7076,47.0,-286.0,-81.0,10.0,-287.0,-176.0,135.0,-1117.0,-253.0,2
7077,39.0,-282.0,-88.0,-8.0,-271.0,-182.0,120.0,-1109.0,-278.0,2
7078,40.0,-285.0,-90.0,-36.0,-246.0,-185.0,118.0,-1102.0,-296.0,2
7079,41.0,-285.0,-98.0,-59.0,-208.0,-180.0,116.0,-1119.0,-312.0,2
7080,45.0,-287.0,-98.0,-80.0,-168.0,-174.0,125.0,-1128.0,-312.0,2
7081,47.0,-291.0,-100.0,-90.0,-121.0,-169.0,145.0,-1140.0,-317.0,2
7082,53.0,-296.0,-97.0,-91.0,-65.0,-167.0,169.0,-1153.0,-315.0,2
7083,60.0,-299.0,-99.0,-90.0,-1.0,-164.0,195.0,-1166.0,-319.0,2
7084,70.0,-306.0,-95.0,-98.0,60.0,-167.0,223.0,-1181.0,-311.0,2
7085,76.0,-307.0,-94.0,-104.0,118.0,-172.0,245.0,-1184.0,-304.0,2
7086,78.0,-304.0,-99.0,-106.0,172.0,-180.0,258.0,-1178.0,-302.0,2
7087,74.0,-300.0,-95.0,-108.0,228.0,-188.0,249.0,-1167.0,-305.0,2
7088,69.0,-297.0,-95.0,-107.0,286.0,-188.0,234.0,-1152.0,-301.0,2
7089,63.0,-291.0,-94.0,-99.0,328.0,-178.0,206.0,-1127.0,-300.0,2
7090,52.0,-285.0,-86.0,-82.0,356.0,-162.0,157.0,-1099.0,-271.0,2
7091,42.0,-276.0,-86.0,-51.0,369.0,-132.0,129.0,-1067.0,-261.0,2
7092,39.0,-264.0,-83.0,-11.0,366.0,-97.0,119.0,-1029.0,-249.0,2
7093,38.0,-253.0,-78.0,29.0,363.0,-59.0,122.0,-971.0,-242.0,2
7094,40.0,-239.0,-72.0,61.0,365.0,-20.0,118.0,-930.0,-240.0,2
7095,34.0,-226.0,-76.0,84.0,367.0,16.0,117.0,-889.0,-227.0,2
7096,35.0,-218.0,-75.0,99.0,361.0,45.0,118.0,-854.0,-237.0,2
7097,33.0,-211.0,-76.0,114.0,350.0,68.0,108.0,-832.0,-232.0,2
7098,26.0,-206.0,-77.0,118.0,338.0,92.0,90.0,-816.0,-250.0,2
7099,20.0,-206.0,-79.0,112.0,333.0,119.0,60.0,-806.0,-257.0,2
7100,15.0,-205.0,-83.0,103.0,330.0,145.0,33.0,-809.0,-273.0,2
7101,5.0,-209.0,-89.0,94.0,319.0,174.0,-1.0,-826.0,-289.0,2
7102,-2.0,-212.0,-94.0,88.0,301.0,203.0,-26.0,-838.0,-306.0,2
7103,-4.0,-216.0,-96.0,92.0,283.0,230.0,-39.0,-852.0,-315.0,2
7104,-7.0,-224.0,-98.0,100.0,272.0,247.0,-59.0,-866.0,-320.0,2
7105,-12.0,-224.0,-96.0,100.0,271.0,261.0,-78.0,-883.0,-330.0,2
7106,-12.0,-230.0,-102.0,90.0,273.0,277.0,-81.0,-890.0,-339.0,2
7107,-12.0,-229.0,-104.0,77.0,273.0,288.0,-82.0,-892.0,-357.0,2
7108,-11.0,-231.0,-108.0,62.0,269.0,295.0,-74.0,-889.0,-365.0,2
7109,-8.0,-230.0,-105.0,54.0,261.0,295.0,-58.0,-888.0,-367.0,2
7110,-6.0,-226.0,-106.0,62.0,244.0,283.0,-45.0,-876.0,-367.0,2
7111,0.0,-221.0,-113.0,77.0,222.0,265.0,-25.0,-867.0,-377.0,2
7112,0.0,-216.0,-107.0,92.0,200.0,237.0,-11.0,-846.0,-372.0,2
7113,2.0,-212.0,-114.0,99.0,182.0,212.0,-9.0,-831.0,-377.0,2
7114,4.0,-204.0,-112.0,94.0,167.0,189.0,-3.0,-803.0,-371.0,2
7115,8.0,-199.0,-109.0,85.0,158.0,160.0,8.0,-785.0,-362.0,2
7116,8.0,-196.0,-110.0,72.0,149.0,127.0,6.0,-777.0,-367.0,2
7117,3.0,-195.0,-107.0,52.0,140.0,91.0,-5.0,-766.0,-362.0,2
7118,1.0,-193.0,-104.0,23.0,131.0,56.0,-19.0,-755.0,-350.0,2
7119,-6.0,-192.0,-105.0,-6.0,128.0,14.0,-45.0,-756.0,-341.0,2
7120,-16.0,-193.0,-106.0,-41.0,129.0,-17.0,-70.0,-758.0,-336.0,2
7121,-15.0,-196.0,-104.0,-77.0,129.0,-41.0,-100.0,-775.0,-345.0,2
7122,-26.0,-201.0,-103.0,-116.0,128.0,-61.0,-132.0,-800.0,-349.0,2
7123,-34.0,-209.0,-103.0,-160.0,123.0,-70.0,-151.0,-824.0,-358.0,2
7124,-36.0,-219.0,-103.0,-194.0,114.0,-72.0,-172.0,-850.0,-346.0,2
7125,-43.0,-225.0,-106.0,-217.0,99.0,-74.0,-186.0,-880.0,-340.0,2
7126,-43.0,-235.0,-98.0,-225.0,76.0,-70.0,-193.0,-906.0,-337.0,2
7127,-44.0,-242.0,-102.0,-222.0,53.0,-66.0,-202.0,-927.0,-325.0,2
7128,-46.0,-250.0,-96.0,-208.0,30.0,-54.0,-206.0,-968.0,-323.0,2
7129,-42.0,-255.0,-96.0,-191.0,4.0,-37.0,-205.0,-981.0,-304.0,2
7130,-42.0,-260.0,-97.0,-163.0,-21.0,-19.0,-194.0,-1007.0,-311.0,2
7131,-37.0,-261.0,-94.0,-143.0,-41.0,7.0,-178.0,-1019.0,-309.0,2
7132,-34.0,-265.0,-98.0,-126.0,-57.0,27.0,-161.0,-1038.0,-316.0,2
7133,-24.0,-271.0,-95.0,-117.0,-67.0,47.0,-134.0,-1053.0,-316.0,2
7134,-16.0,-273.0,-93.0,-107.0,-73.0,70.0,-111.0,-1071.0,-310.0,2
7135,-13.0,-280.0,-95.0,-93.0,-72.0,93.0,-95.0,-1079.0,-308.0,2
7136,-11.0,-278.0,-91.0,-79.0,-68.0,115.0,-74.0,-1094.0,-307.0,2
7137,-6.0,-279.0,-94.0,-59.0,-67.0,138.0,-43.0,-1092.0,-298.0,2
7138,-7.0,-279.0,-108.0,-26.0,-62.0,155.0,-21.0,-1093.0,-301.0,2
7139,9.0,-279.0,-90.0,9.0,-49.0,174.0,7.0,-1091.0,-297.0,2
7140,17.0,-276.0,-87.0,49.0,-23.0,195.0,24.0,-1075.0,-287.0,2
7141,22.0,-268.0,-89.0,95.0,1.0,210.0,51.0,-1049.0,-290.0,2
7142,20.0,-259.0,-88.0,131.0,24.0,216.0,45.0,-1015.0,-289.0,2
7143,19.0,-251.0,-93.0,155.0,42.0,226.0,41.0,-966.0,-288.0,2
7144,19.0,-244.0,-85.0,168.0,60.0,236.0,43.0,-928.0,-288.0,2
7145,20.0,-234.0,-90.0,164.0,75.0,242.0,43.0,-914.0,-279.0,2
7146,20.0,-233.0,-90.0,156.0,95.0,243.0,32.0,-897.0,-282.0,2
7147,7.0,-228.0,-85.0,137.0,113.0,238.0,6.0,-890.0,-274.0,2
7148,4.0,-227.0,-85.0,107.0,128.0,232.0,-9.0,-888.0,-266.0,2
7149,-7.0,-229.0,-83.0,79.0,138.0,228.0,-37.0,-886.0,-254.0,2
7150,-6.0,-234.0,-73.0,61.0,149.0,229.0,-46.0,-904.0,-238.0,2
7151,-6.0,-233.0,-78.0,48.0,160.0,222.0,-49.0,-909.0,-233.0,2
7152,-6.0,-238.0,-76.0,34.0,171.0,217.0,-60.0,-912.0,-225.0,2
7153,-8.0,-241.0,-74.0,23.0,184.0,206.0,-60.0,-921.0,-224.0,2
7154,-12.0,-242.0,-74.0,15.0,184.0,189.0,-72.0,-926.0,-222.0,2
7155,-15.0,-247.0,-73.0,6.0,174.0,179.0,-103.0,-946.0,-216.0,2
7156,-15.0,-247.0,-71.0,3.0,180.0,176.0,-100.0,-951.0,-214.0,2
7157,-12.0,-252.0,-67.0,0.0,185.0,175.0,-98.0,-963.0,-209.0,2
7158,-12.0,-247.0,-66.0,1.0,177.0,177.0,-84.0,-960.0,-207.0,2
7159,-9.0,-247.0,-70.0,1.0,171.0,176.0,-61.0,-954.0,-204.0,2
7160,-7.0,-246.0,-67.0,-3.0,169.0,178.0,-60.0,-947.0,-203.0,2
7161,-8.0,-242.0,-66.0,-12.0,168.0,178.0,-53.0,-946.0,-198.0,2
7162,-9.0,-241.0,-63.0,-22.0,162.0,180.0,-56.0,-938.0,-184.0,2
7163,-6.0,-244.0,-64.0,-24.0,154.0,185.0,-56.0,-939.0,-172.0,2
7164,-7.0,-241.0,-58.0,-16.0,145.0,189.0,-47.0,-941.0,-152.0,2
7165,-5.0,-246.0,-58.0,-6.0,139.0,193.0,-40.0,-939.0,-157.0,2
7166,-3.0,-244.0,-55.0,2.0,134.0,196.0,-36.0,-938.0,-152.0,2
7167,-1.0,-240.0,-54.0,8.0,134.0,197.0,-32.0,-936.0,-149.0,2
7168,2.0,-241.0,-56.0,10.0,134.0,199.0,-26.0,-924.0,-159.0,2
7169,3.0,-238.0,-58.0,12.0,132.0,197.0,-16.0,-925.0,-164.0,2
7170,2.0,-235.0,-57.0,10.0,130.0,196.0,-13.0,-918.0,-165.0,2
7171,3.0,-234.0,-58.0,4.0,129.0,194.0,-11.0,-914.0,-171.0,2
7172,7.0,-241.0,-59.0,-3.0,129.0,191.0,-7.0,-914.0,-165.0,2
7173,6.0,-235.0,-56.0,-17.0,125.0,185.0,-11.0,-917.0,-159.0,2
7174,3.0,-234.0,-55.0,-29.0,125.0,176.0,-17.0,-918.0,-154.0,2
7175,5.0,-237.0,-55.0,-33.0,129.0,169.0,-15.0,-916.0,-148.0,2
7176,1.0,-239.0,-63.0,-33.0,130.0,161.0,-19.0,-926.0,-162.0,2
7177,2.0,-240.0,-58.0,-43.0,133.0,152.0,-17.0,-917.0,-164.0,2
7178,4.0,-239.0,-56.0,-52.0,138.0,139.0,-18.0,-916.0,-158.0,2
7179,1.0,-236.0,-59.0,-54.0,144.0,125.0,-27.0,-918.0,-158.0,2
7180,-4.0,-240.0,-58.0,-53.0,147.0,111.0,-36.0,-919.0,-161.0,2
7181,-6.0,-237.0,-59.0,-53.0,147.0,99.0,-44.0,-919.0,-158.0,2
7182,-7.0,-238.0,-57.0,-60.0,148.0,84.0,-53.0,-915.0,-154.0,2
7183,-4.0,-239.0,-56.0,-64.0,150.0,72.0,-47.0,-927.0,-156.0,2
7184,-5.0,-240.0,-56.0,-79.0,147.0,60.0,-43.0,-932.0,-146.0,2
7185,-4.0,-245.0,-54.0,-91.0,139.0,47.0,-47.0,-932.0,-145.0,2
7186,-8.0,-242.0,-55.0,-92.0,135.0,37.0,-55.0,-935.0,-146.0,2
7187,-7.0,-244.0,-56.0,-86.0,127.0,27.0,-45.0,-939.0,-143.0,2
7188,-6.0,-243.0,-57.0,-79.0,124.0,20.0,-46.0,-937.0,-155.0,2
7189,-1.0,-242.0,-56.0,-76.0,121.0,11.0,-49.0,-926.0,-152.0,2
7190,-8.0,-243.0,-58.0,-76.0,121.0,4.0,-58.0,-931.0,-156.0,2
7191,-7.0,-241.0,-56.0,-77.0,121.0,-4.0,-52.0,-925.0,-154.0,2
7192,-7.0,-240.0,-58.0,-78.0,115.0,-12.0,-61.0,-923.0,-151.0,2
7193,-9.0,-239.0,-57.0,-81.0,112.0,-17.0,-63.0,-923.0,-150.0,2
7194,-8.0,-241.0,-57.0,-86.0,111.0,-16.0,-60.0,-932.0,-150.0,2
7195,-9.0,-238.0,-56.0,-88.0,110.0,-16.0,-62.0,-928.0,-145.0,2
7196,-8.0,-242.0,-54.0,-87.0,108.0,-12.0,-60.0,-928.0,-148.0,2
7197,-7.0,-243.0,-56.0,-88.0,104.0,-10.0,-54.0,-933.0,-152.0,2
7198,-5.0,-244.0,-56.0,-93.0,101.0,-5.0,-48.0,-946.0,-157.0,2
7199,-5.0,-242.0,-57.0,-103.0,101.0,-3.0,-44.0,-946.0,-155.0,2
7200,-3.0,-248.0,-58.0,-115.0,101.0,0.0,-38.0,-953.0,-154.0,2
7201,-2.0,-249.0,-58.0,-124.0,101.0,1.0,-28.0,-956.0,-155.0,2
7202,1.0,-250.0,-51.0,-126.0,106.0,7.0,-26.0,-972.0,-146.0,2
7203,-3.0,-252.0,-53.0,-125.0,112.0,9.0,-26.0,-983.0,-141.0,2
7204,3.0,-253.0,-51.0,-124.0,122.0,12.0,-19.0,-988.0,-140.0,2
7205,1.0,-254.0,-55.0,-122.0,129.0,16.0,-17.0,-999.0,-133.0,2
7206,3.0,-257.0,-53.0,-120.0,140.0,20.0,-18.0,-1000.0,-134.0,2
7207,2.0,-259.0,-51.0,-116.0,153.0,24.0,-24.0,-1003.0,-130.0,2
7208,1.0,-260.0,-51.0,-108.0,166.0,31.0,-28.0,-1001.0,-121.0,2
7209,1.0,-257.0,-46.0,-100.0,182.0,37.0,-24.0,-996.0,-125.0,2
7210,2.0,-255.0,-49.0,-91.0,198.0,45.0,-16.0,-989.0,-127.0,2
7211,4.0,-258.0,-50.0,-84.0,212.0,51.0,-13.0,-989.0,-136.0,2
7212,8.0,-254.0,-51.0,-84.0,227.0,59.0,-9.0,-975.0,-128.0,2
7213,12.0,-252.0,-51.0,-83.0,246.0,63.0,6.0,-993.0,-126.0,2
7214,13.0,-257.0,-50.0,-81.0,273.0,66.0,14.0,-992.0,-121.0,2
7215,15.0,-255.0,-49.0,-77.0,301.0,65.0,18.0,-994.0,-109.0,2
7216,15.0,-255.0,-44.0,-70.0,322.0,64.0,15.0,-988.0,-104.0,2
7217,12.0,-254.0,-42.0,-53.0,339.0,59.0,15.0,-980.0,-92.0,2
7218,11.0,-253.0,-45.0,-30.0,354.0,55.0,11.0,-979.0,-94.0,2
7219,9.0,-253.0,-47.0,-7.0,368.0,50.0,4.0,-973.0,-96.0,2
7220,6.0,-250.0,-43.0,11.0,382.0,50.0,4.0,-965.0,-108.0,2
7221,8.0,-249.0,-43.0,23.0,396.0,43.0,-9.0,-954.0,-109.0,2
7222,2.0,-246.0,-50.0,31.0,411.0,41.0,-14.0,-941.0,-116.0,2
7223,3.0,-243.0,-45.0,38.0,424.0,35.0,-12.0,-929.0,-112.0,2
7224,2.0,-240.0,-47.0,41.0,438.0,33.0,-18.0,-923.0,-111.0,2
7225,1.0,-237.0,-47.0,40.0,454.0,26.0,-19.0,-919.0,-106.0,2
7226,2.0,-239.0,-45.0,36.0,465.0,18.0,-22.0,-922.0,-106.0,2
7227,1.0,-237.0,-43.0,27.0,479.0,10.0,-23.0,-917.0,-105.0,2
7228,4.0,-239.0,-44.0,17.0,490.0,7.0,-16.0,-925.0,-101.0,2
7229,4.0,-245.0,-46.0,6.0,505.0,3.0,-9.0,-938.0,-97.0,2
7230,8.0,-249.0,-39.0,1.0,520.0,2.0,-2.0,-960.0,-84.0,2
7231,6.0,-252.0,-37.0,3.0,533.0,-2.0,0.0,-974.0,-72.0,2
7232,7.0,-258.0,-38.0,17.0,548.0,-4.0,-9.0,-993.0,-63.0,2
7233,4.0,-259.0,-34.0,34.0,562.0,-4.0,-16.0,-1006.0,-53.0,2
7234,1.0,-260.0,-31.0,56.0,577.0,1.0,-17.0,-1015.0,-47.0,2
7235,-2.0,-265.0,-36.0,82.0,600.0,8.0,-41.0,-1024.0,-48.0,2
7236,-2.0,-264.0,-35.0,103.0,624.0,17.0,-30.0,-1030.0,-60.0,2
7237,-9.0,-262.0,-34.0,110.0,644.0,21.0,-59.0,-1027.0,-66.0,2
7238,-10.0,-264.0,-35.0,112.0,663.0,36.0,-62.0,-1028.0,-68.0,2
7239,-8.0,-262.0,-34.0,111.0,678.0,48.0,-61.0,-1022.0,-64.0,2
7240,-10.0,-260.0,-31.0,109.0,685.0,57.0,-70.0,-1011.0,-47.0,2
7241,-12.0,-260.0,-27.0,114.0,690.0,64.0,-85.0,-1000.0,-43.0,2
7242,-16.0,-255.0,-30.0,123.0,693.0,74.0,-90.0,-981.0,-34.0,2
7243,-16.0,-252.0,-33.0,134.0,691.0,79.0,-94.0,-968.0,-46.0,2
7244,-16.0,-247.0,-33.0,129.0,689.0,85.0,-96.0,-948.0,-48.0,2
7245,-22.0,-244.0,-34.0,123.0,679.0,91.0,-112.0,-931.0,-63.0,2
7246,-23.0,-239.0,-53.0,106.0,661.0,98.0,-120.0,-929.0,-125.0,2
7247,-26.0,-239.0,-65.0,65.0,658.0,105.0,-127.0,-933.0,-192.0,2
7248,-28.0,-242.0,-66.0,3.0,666.0,115.0,-138.0,-947.0,-205.0,2
7249,-29.0,-251.0,-67.0,-51.0,669.0,122.0,-150.0,-967.0,-198.0,2
7250,-36.0,-260.0,-62.0,-80.0,660.0,129.0,-175.0,-1014.0,-187.0,2
7251,-45.0,-267.0,-63.0,-89.0,643.0,135.0,-194.0,-1038.0,-167.0,2
7252,-49.0,-275.0,-56.0,-81.0,623.0,148.0,-215.0,-1054.0,-157.0,2
7253,-51.0,-278.0,-56.0,-63.0,593.0,153.0,-226.0,-1079.0,-151.0,2
7254,-53.0,-279.0,-56.0,-42.0,556.0,159.0,-238.0,-1082.0,-153.0,2
7255,-54.0,-279.0,-63.0,-19.0,516.0,160.0,-241.0,-1080.0,-173.0,2
7256,-55.0,-276.0,-70.0,-4.0,466.0,168.0,-228.0,-1076.0,-201.0,2
7257,-45.0,-272.0,-77.0,-3.0,427.0,173.0,-210.0,-1066.0,-240.0,2
7258,-41.0,-274.0,-84.0,-23.0,392.0,177.0,-187.0,-1066.0,-271.0,2
7259,-34.0,-277.0,-89.0,-67.0,362.0,177.0,-170.0,-1078.0,-297.0,2
7260,-33.0,-283.0,-90.0,-121.0,333.0,173.0,-161.0,-1093.0,-289.0,2
7261,-34.0,-292.0,-91.0,-150.0,297.0,166.0,-166.0,-1125.0,-279.0,2
7262,-38.0,-301.0,-90.0,-153.0,263.0,168.0,-178.0,-1151.0,-283.0,2
7263,-38.0,-307.0,-87.0,-141.0,239.0,169.0,-181.0,-1186.0,-285.0,2
7264,-38.0,-315.0,-86.0,-122.0,216.0,176.0,-176.0,-1212.0,-271.0,2
7265,-38.0,-319.0,-79.0,-90.0,184.0,176.0,-170.0,-1233.0,-258.0,2
7266,-34.0,-325.0,-83.0,-49.0,145.0,182.0,-156.0,-1251.0,-265.0,2
7267,-29.0,-323.0,-75.0,6.0,97.0,182.0,-142.0,-1247.0,-245.0,2
7268,-18.0,-321.0,-72.0,59.0,63.0,184.0,-108.0,-1242.0,-226.0,2
7269,-11.0,-315.0,-73.0,110.0,44.0,179.0,-84.0,-1209.0,-213.0,2
7270,-7.0,-303.0,-68.0,156.0,34.0,174.0,-54.0,-1174.0,-200.0,2
7271,-1.0,-298.0,-71.0,194.0,29.0,158.0,-31.0,-1150.0,-207.0,2
7272,1.0,-285.0,-76.0,211.0,29.0,136.0,-27.0,-1114.0,-228.0,2
7273,0.0,-271.0,-84.0,208.0,39.0,114.0,-31.0,-1073.0,-257.0,2
7274,-3.0,-260.0,-82.0,195.0,50.0,96.0,-25.0,-1013.0,-261.0,2
7275,-3.0,-253.0,-84.0,188.0,68.0,73.0,-48.0,-972.0,-265.0,2
7276,-7.0,-248.0,-84.0,188.0,89.0,59.0,-59.0,-948.0,-263.0,2
7277,-7.0,-237.0,-76.0,182.0,119.0,52.0,-56.0,-940.0,-245.0,2
7278,-3.0,-238.0,-71.0,173.0,135.0,48.0,-48.0,-924.0,-223.0,2
7279,-5.0,-237.0,-71.0,169.0,139.0,39.0,-36.0,-917.0,-210.0,2
7280,2.0,-237.0,-71.0,167.0,134.0,30.0,-26.0,-920.0,-209.0,2
7281,-1.0,-238.0,-72.0,164.0,131.0,14.0,-22.0,-918.0,-222.0,2
7282,4.0,-241.0,-77.0,154.0,133.0,2.0,-13.0,-921.0,-231.0,2
7283,6.0,-239.0,-76.0,142.0,141.0,-11.0,-10.0,-933.0,-239.0,2
7284,10.0,-243.0,-80.0,139.0,145.0,-20.0,1.0,-934.0,-249.0,2
7285,7.0,-244.0,-81.0,142.0,146.0,-36.0,6.0,-949.0,-255.0,2
7286,6.0,-248.0,-83.0,149.0,143.0,-46.0,4.0,-950.0,-260.0,2
7287,11.0,-245.0,-81.0,156.0,137.0,-57.0,0.0,-949.0,-281.0,2
7288,5.0,-241.0,-90.0,157.0,130.0,-67.0,-1.0,-932.0,-287.0,2
7289,3.0,-239.0,-90.0,155.0,124.0,-73.0,-6.0,-928.0,-305.0,2
7290,5.0,-235.0,-94.0,147.0,123.0,-74.0,-11.0,-904.0,-316.0,2
7291,3.0,-228.0,-96.0,132.0,122.0,-74.0,-14.0,-896.0,-320.0,2
7292,1.0,-226.0,-99.0,119.0,119.0,-70.0,-23.0,-882.0,-325.0,2
7293,1.0,-222.0,-100.0,111.0,115.0,-65.0,-27.0,-868.0,-336.0,2
7294,2.0,-221.0,-103.0,101.0,109.0,-54.0,-26.0,-856.0,-345.0,2
7295,-2.0,-213.0,-102.0,89.0,102.0,-45.0,-25.0,-849.0,-341.0,2
7296,0.0,-215.0,-103.0,78.0,94.0,-33.0,-25.0,-845.0,-340.0,2
7297,-3.0,-210.0,-101.0,65.0,82.0,-27.0,-26.0,-831.0,-338.0,2
7298,-2.0,-212.0,-102.0,57.0,66.0,-13.0,-21.0,-836.0,-331.0,2
7299,1.0,-213.0,-100.0,50.0,48.0,-11.0,-24.0,-825.0,-330.0,2
7300,-1.0,-204.0,-103.0,49.0,32.0,-4.0,-18.0,-824.0,-338.0,2
7301,11.0,-209.0,-106.0,45.0,26.0,3.0,4.0,-808.0,-358.0,2
7302,15.0,-202.0,-110.0,40.0,34.0,11.0,16.0,-803.0,-363.0,2
7303,15.0,-206.0,-111.0,36.0,56.0,15.0,39.0,-803.0,-377.0,2
7304,20.0,-202.0,-111.0,33.0,89.0,18.0,53.0,-799.0,-380.0,2
7305,26.0,-203.0,-114.0,32.0,120.0,13.0,72.0,-796.0,-385.0,2
7306,33.0,-203.0,-112.0,26.0,143.0,10.0,98.0,-800.0,-387.0,2
7307,38.0,-203.0,-112.0,18.0,157.0,4.0,113.0,-799.0,-383.0,2
7308,44.0,-204.0,-116.0,-2.0,173.0,2.0,136.0,-807.0,-389.0,2
7309,51.0,-208.0,-115.0,-36.0,192.0,-5.0,149.0,-817.0,-387.0,2
7310,48.0,-213.0,-112.0,-67.0,210.0,-9.0,155.0,-838.0,-377.0,2
7311,46.0,-220.0,-115.0,-91.0,222.0,-13.0,149.0,-856.0,-365.0,2
7312,45.0,-227.0,-108.0,-107.0,234.0,-11.0,152.0,-887.0,-359.0,2
7313,46.0,-236.0,-103.0,-117.0,243.0,-14.0,149.0,-918.0,-351.0,2
7314,44.0,-245.0,-99.0,-118.0,255.0,-11.0,135.0,-939.0,-325.0,2
7315,40.0,-249.0,-94.0,-98.0,259.0,-11.0,123.0,-964.0,-309.0,2
7316,36.0,-259.0,-103.0,-61.0,260.0,-8.0,110.0,-1006.0,-340.0,2
7317,34.0,-261.0,-104.0,-49.0,276.0,-20.0,98.0,-1025.0,-351.0,2
7318,28.0,-267.0,-103.0,-57.0,294.0,-24.0,82.0,-1045.0,-335.0,2
7319,22.0,-270.0,-97.0,-66.0,290.0,-48.0,54.0,-1057.0,-317.0,2
7320,16.0,-272.0,-95.0,-60.0,267.0,-67.0,31.0,-1071.0,-306.0,2
7321,10.0,-277.0,-86.0,-47.0,231.0,-83.0,20.0,-1070.0,-281.0,2
7322,7.0,-274.0,-84.0,-17.0,188.0,-98.0,7.0,-1064.0,-268.0,2
7323,6.0,-269.0,-79.0,24.0,151.0,-117.0,1.0,-1054.0,-262.0,2
7324,9.0,-269.0,-83.0,63.0,131.0,-132.0,4.0,-1045.0,-267.0,2
7325,8.0,-265.0,-79.0,83.0,122.0,-150.0,1.0,-1028.0,-254.0,2
7326,7.0,-261.0,-81.0,98.0,106.0,-166.0,7.0,-1026.0,-251.0,2
7327,5.0,-260.0,-79.0,102.0,86.0,-194.0,-7.0,-1015.0,-258.0,2
7328,-1.0,-259.0,-83.0,98.0,61.0,-211.0,-23.0,-1009.0,-247.0,2
7329,0.0,-261.0,-74.0,97.0,31.0,-230.0,-22.0,-1011.0,-239.0,2
7330,3.0,-260.0,-81.0,105.0,0.0,-246.0,-24.0,-1007.0,-248.0,2
7331,-1.0,-259.0,-78.0,114.0,-7.0,-267.0,-18.0,-1006.0,-254.0,2
7332,1.0,-261.0,-79.0,116.0,-9.0,-285.0,-24.0,-1011.0,-251.0,2
7333,-3.0,-255.0,-78.0,121.0,-14.0,-303.0,-16.0,-1000.0,-247.0,2
7334,2.0,-258.0,-76.0,132.0,-27.0,-316.0,-17.0,-995.0,-236.0,2
7335,5.0,-254.0,-68.0,145.0,-48.0,-327.0,-14.0,-982.0,-235.0,2
7336,9.0,-251.0,-72.0,155.0,-72.0,-334.0,5.0,-966.0,-228.0,2
7337,13.0,-246.0,-79.0,164.0,-87.0,-349.0,18.0,-955.0,-233.0,2
7338,14.0,-241.0,-77.0,168.0,-95.0,-360.0,22.0,-936.0,-236.0,2
7339,13.0,-236.0,-73.0,165.0,-105.0,-373.0,24.0,-917.0,-237.0,2
7340,9.0,-229.0,-79.0,156.0,-115.0,-371.0,19.0,-899.0,-243.0,2
7341,14.0,-228.0,-78.0,141.0,-127.0,-366.0,24.0,-885.0,-241.0,2
7342,14.0,-225.0,-76.0,126.0,-141.0,-362.0,37.0,-881.0,-246.0,2
7343,17.0,-223.0,-76.0,104.0,-154.0,-365.0,39.0,-879.0,-240.0,2
7344,17.0,-226.0,-70.0,78.0,-170.0,-358.0,40.0,-875.0,-218.0,2
7345,16.0,-222.0,-69.0,63.0,-189.0,-353.0,37.0,-866.0,-211.0,2
7346,18.0,-224.0,-70.0,53.0,-206.0,-340.0,35.0,-864.0,-207.0,2
7347,16.0,-218.0,-67.0,43.0,-219.0,-331.0,41.0,-861.0,-200.0,2
7348,19.0,-223.0,-68.0,31.0,-227.0,-320.0,45.0,-866.0,-207.0,2
7349,17.0,-222.0,-73.0,11.0,-231.0,-320.0,41.0,-870.0,-214.0,2
7350,17.0,-223.0,-68.0,-21.0,-235.0,-311.0,41.0,-877.0,-213.0,2
7351,17.0,-227.0,-67.0,-45.0,-240.0,-305.0,49.0,-880.0,-206.0,2
7352,19.0,-225.0,-67.0,-55.0,-242.0,-296.0,53.0,-879.0,-203.0,2
7353,19.0,-228.0,-71.0,-55.0,-245.0,-291.0,45.0,-880.0,-198.0,2
7354,17.0,-227.0,-71.0,-55.0,-245.0,-282.0,40.0,-890.0,-202.0,2
7355,15.0,-230.0,-64.0,-65.0,-244.0,-278.0,44.0,-896.0,-185.0,2
7356,16.0,-232.0,-63.0,-77.0,-253.0,-270.0,46.0,-902.0,-185.0,2
7357,16.0,-232.0,-57.0,-92.0,-261.0,-273.0,45.0,-909.0,-173.0,2
7358,21.0,-239.0,-56.0,-99.0,-276.0,-266.0,49.0,-917.0,-152.0,2
7359,24.0,-240.0,-58.0,-90.0,-283.0,-266.0,58.0,-926.0,-155.0,2
7360,19.0,-240.0,-58.0,-78.0,-277.0,-262.0,60.0,-933.0,-167.0,2
7361,20.0,-242.0,-62.0,-74.0,-269.0,-255.0,55.0,-932.0,-179.0,2
7362,26.0,-243.0,-68.0,-80.0,-259.0,-241.0,63.0,-937.0,-184.0,2
7363,28.0,-237.0,-62.0,-91.0,-258.0,-234.0,74.0,-934.0,-190.0,2
7364,27.0,-238.0,-64.0,-101.0,-260.0,-223.0,74.0,-927.0,-187.0,2
7365,29.0,-236.0,-61.0,-109.0,-261.0,-216.0,81.0,-926.0,-182.0,2
7366,31.0,-238.0,-63.0,-111.0,-261.0,-204.0,88.0,-928.0,-164.0,2
7367,29.0,-237.0,-58.0,-107.0,-262.0,-193.0,92.0,-923.0,-159.0,2
7368,32.0,-235.0,-59.0,-99.0,-258.0,-178.0,94.0,-913.0,-158.0,2
7369,32.0,-234.0,-54.0,-89.0,-247.0,-165.0,100.0,-908.0,-156.0,2
7370,34.0,-232.0,-56.0,-84.0,-236.0,-149.0,100.0,-902.0,-158.0,2
7371,35.0,-230.0,-54.0,-83.0,-225.0,-138.0,99.0,-899.0,-155.0,2
7372,36.0,-230.0,-55.0,-81.0,-218.0,-118.0,104.0,-883.0,-153.0,2
7373,35.0,-226.0,-58.0,-83.0,-209.0,-107.0,103.0,-880.0,-157.0,2
7374,36.0,-227.0,-58.0,-85.0,-203.0,-94.0,110.0,-881.0,-161.0,2
7375,35.0,-226.0,-59.0,-93.0,-196.0,-88.0,105.0,-880.0,-169.0,2
7376,35.0,-228.0,-63.0,-108.0,-184.0,-78.0,102.0,-886.0,-177.0,2
7377,31.0,-230.0,-62.0,-130.0,-177.0,-72.0,94.0,-896.0,-182.0,2
7378,26.0,-231.0,-60.0,-148.0,-172.0,-59.0,82.0,-902.0,-174.0,2
7379,27.0,-239.0,-58.0,-159.0,-170.0,-49.0,76.0,-918.0,-156.0,2
7380,29.0,-242.0,-57.0,-159.0,-171.0,-36.0,71.0,-930.0,-147.0,2
7381,27.0,-245.0,-56.0,-154.0,-165.0,-29.0,70.0,-943.0,-150.0,2
7382,24.0,-247.0,-55.0,-147.0,-157.0,-19.0,73.0,-957.0,-153.0,2
7383,22.0,-249.0,-56.0,-149.0,-145.0,-15.0,59.0,-962.0,-161.0,2
7384,20.0,-251.0,-58.0,-154.0,-136.0,-7.0,55.0,-968.0,-158.0,2
7385,20.0,-253.0,-57.0,-160.0,-129.0,-6.0,51.0,-971.0,-163.0,2
7386,22.0,-252.0,-59.0,-161.0,-124.0,-1.0,46.0,-976.0,-163.0,2
7387,22.0,-254.0,-57.0,-159.0,-117.0,-1.0,62.0,-976.0,-164.0,2
7388,28.0,-255.0,-57.0,-156.0,-109.0,2.0,73.0,-979.0,-160.0,2
7389,29.0,-252.0,-60.0,-152.0,-99.0,0.0,80.0,-977.0,-157.0,2
7390,32.0,-252.0,-60.0,-151.0,-88.0,1.0,94.0,-981.0,-166.0,2
7391,33.0,-252.0,-63.0,-153.0,-80.0,-2.0,102.0,-973.0,-170.0,2
7392,41.0,-252.0,-62.0,-156.0,-69.0,1.0,119.0,-971.0,-172.0,2
7393,45.0,-253.0,-64.0,-160.0,-50.0,-2.0,130.0,-975.0,-190.0,2
7394,44.0,-251.0,-72.0,-162.0,-29.0,-5.0,142.0,-985.0,-198.0,2
7395,45.0,-256.0,-66.0,-162.0,-9.0,-18.0,144.0,-1001.0,-199.0,2
7396,42.0,-260.0,-63.0,-164.0,3.0,-27.0,136.0,-1004.0,-191.0,2
7397,37.0,-259.0,-60.0,-160.0,4.0,-42.0,119.0,-1011.0,-171.0,2
7398,35.0,-259.0,-56.0,-151.0,-3.0,-51.0,101.0,-1001.0,-151.0,2
7399,29.0,-257.0,-50.0,-142.0,-17.0,-65.0,90.0,-992.0,-130.0,2
7400,25.0,-253.0,-48.0,-128.0,-38.0,-70.0,73.0,-975.0,-110.0,2
7401,21.0,-248.0,-46.0,-113.0,-63.0,-76.0,57.0,-966.0,-107.0,2
7402,17.0,-246.0,-46.0,-102.0,-90.0,-72.0,51.0,-961.0,-106.0,2
7403,19.0,-248.0,-50.0,-95.0,-113.0,-70.0,49.0,-959.0,-115.0,2
7404,19.0,-248.0,-50.0,-85.0,-140.0,-63.0,46.0,-957.0,-121.0,2
7405,16.0,-249.0,-49.0,-82.0,-154.0,-59.0,44.0,-967.0,-128.0,2
7406,17.0,-253.0,-51.0,-77.0,-165.0,-50.0,32.0,-980.0,-125.0,2
7407,10.0,-257.0,-50.0,-72.0,-178.0,-50.0,21.0,-998.0,-122.0,2
7408,10.0,-261.0,-48.0,-63.0,-192.0,-47.0,14.0,-1007.0,-123.0,2
7409,6.0,-260.0,-46.0,-53.0,-209.0,-50.0,0.0,-1016.0,-113.0,2
7410,8.0,-266.0,-50.0,-44.0,-231.0,-47.0,2.0,-1027.0,-110.0,2
7411,10.0,-263.0,-41.0,-33.0,-254.0,-51.0,1.0,-1016.0,-102.0,2
7412,9.0,-264.0,-48.0,-7.0,-278.0,-50.0,10.0,-1012.0,-104.0,2
7413,12.0,-259.0,-42.0,19.0,-295.0,-51.0,19.0,-1004.0,-113.0,2
7414,11.0,-258.0,-43.0,45.0,-316.0,-44.0,23.0,-996.0,-111.0,2
7415,13.0,-252.0,-48.0,71.0,-331.0,-41.0,34.0,-972.0,-120.0,2
7416,17.0,-248.0,-51.0,82.0,-344.0,-34.0,38.0,-967.0,-121.0,2
7417,16.0,-246.0,-49.0,86.0,-352.0,-30.0,33.0,-946.0,-105.0,2
7418,14.0,-245.0,-45.0,91.0,-359.0,-22.0,27.0,-941.0,-100.0,2
7419,14.0,-244.0,-41.0,88.0,-371.0,-14.0,34.0,-939.0,-99.0,2
7420,17.0,-241.0,-37.0,75.0,-381.0,0.0,37.0,-934.0,-84.0,2
7421,18.0,-241.0,-33.0,67.0,-387.0,6.0,34.0,-936.0,-72.0,2
7422,18.0,-242.0,-37.0,67.0,-389.0,18.0,45.0,-935.0,-58.0,2
7423,22.0,-245.0,-34.0,76.0,-389.0,22.0,56.0,-946.0,-64.0,2
7424,21.0,-246.0,-36.0,87.0,-386.0,31.0,65.0,-950.0,-65.0,2
7425,24.0,-249.0,-35.0,90.0,-384.0,30.0,71.0,-960.0,-74.0,2
7426,27.0,-251.0,-37.0,83.0,-389.0,29.0,80.0,-969.0,-68.0,2
7427,28.0,-254.0,-33.0,76.0,-398.0,17.0,86.0,-971.0,-56.0,2
7428,28.0,-257.0,-28.0,74.0,-411.0,7.0,85.0,-985.0,-47.0,2
7429,30.0,-258.0,-31.0,75.0,-424.0,-6.0,87.0,-1000.0,-44.0,2
7430,33.0,-259.0,-29.0,76.0,-437.0,-12.0,91.0,-999.0,-41.0,2
7431,30.0,-257.0,-27.0,79.0,-446.0,-23.0,93.0,-1002.0,-34.0,2
7432,32.0,-256.0,-27.0,83.0,-456.0,-27.0,92.0,-993.0,-45.0,2
7433,29.0,-254.0,-29.0,85.0,-462.0,-38.0,87.0,-977.0,-48.0,2
7434,26.0,-250.0,-36.0,82.0,-471.0,-40.0,85.0,-973.0,-51.0,2
7435,26.0,-249.0,-31.0,86.0,-481.0,-43.0,77.0,-960.0,-48.0,2
7436,26.0,-246.0,-32.0,95.0,-488.0,-42.0,77.0,-952.0,-56.0,2
7437,31.0,-245.0,-28.0,98.0,-497.0,-40.0,83.0,-943.0,-51.0,2
7438,34.0,-243.0,-36.0,93.0,-503.0,-33.0,100.0,-934.0,-66.0,2
7439,38.0,-240.0,-41.0,77.0,-503.0,-33.0,126.0,-939.0,-98.0,2
7440,44.0,-240.0,-45.0,33.0,-508.0,-27.0,138.0,-936.0,-113.0,2
7441,47.0,-242.0,-55.0,-6.0,-511.0,-28.0,155.0,-940.0,-147.0,2
7442,52.0,-246.0,-64.0,-46.0,-509.0,-25.0,164.0,-960.0,-180.0,2
7443,54.0,-255.0,-62.0,-84.0,-501.0,-21.0,183.0,-998.0,-185.0,2
7444,58.0,-261.0,-62.0,-106.0,-482.0,-8.0,201.0,-1024.0,-174.0,2
7445,66.0,-271.0,-57.0,-111.0,-454.0,5.0,220.0,-1062.0,-164.0,2
7446,69.0,-278.0,-55.0,-106.0,-412.0,18.0,244.0,-1098.0,-159.0,2
7447,81.0,-290.0,-61.0,-98.0,-371.0,19.0,275.0,-1140.0,-157.0,2
7448,82.0,-298.0,-58.0,-84.0,-338.0,17.0,279.0,-1158.0,-165.0,2
7449,77.0,-300.0,-63.0,-71.0,-314.0,2.0,265.0,-1170.0,-175.0,2
7450,69.0,-308.0,-65.0,-66.0,-296.0,-9.0,240.0,-1189.0,-202.0,2
7451,64.0,-309.0,-76.0,-70.0,-280.0,-20.0,215.0,-1195.0,-221.0,2
7452,56.0,-307.0,-79.0,-72.0,-259.0,-25.0,193.0,-1204.0,-250.0,2
7453,52.0,-315.0,-79.0,-69.0,-232.0,-34.0,163.0,-1208.0,-256.0,2
7454,50.0,-311.0,-84.0,-61.0,-205.0,-38.0,150.0,-1204.0,-268.0,2
7455,46.0,-315.0,-82.0,-51.0,-178.0,-50.0,137.0,-1209.0,-276.0,2
7456,44.0,-312.0,-85.0,-40.0,-146.0,-61.0,130.0,-1211.0,-271.0,2
7457,43.0,-312.0,-88.0,-30.0,-124.0,-75.0,133.0,-1211.0,-272.0,2
7458,46.0,-315.0,-87.0,-25.0,-92.0,-89.0,140.0,-1207.0,-272.0,2
7459,51.0,-310.0,-89.0,-7.0,-45.0,-109.0,160.0,-1208.0,-283.0,2
7460,57.0,-307.0,-93.0,9.0,14.0,-122.0,187.0,-1199.0,-300.0,2
7461,59.0,-306.0,-101.0,23.0,78.0,-144.0,190.0,-1183.0,-325.0,2
7462,56.0,-301.0,-107.0,37.0,141.0,-163.0,188.0,-1171.0,-348.0,2
7463,50.0,-299.0,-102.0,50.0,194.0,-187.0,154.0,-1149.0,-338.0,2
7464,39.0,-292.0,-98.0,68.0,230.0,-201.0,114.0,-1129.0,-317.0,2
7465,34.0,-283.0,-83.0,88.0,250.0,-207.0,99.0,-1097.0,-277.0,2
7466,24.0,-271.0,-72.0,113.0,259.0,-195.0,64.0,-1066.0,-242.0,2
7467,22.0,-257.0,-70.0,140.0,275.0,-177.0,59.0,-1017.0,-216.0,2
7468,20.0,-246.0,-65.0,161.0,289.0,-146.0,55.0,-962.0,-197.0,2
7469,26.0,-239.0,-64.0,186.0,297.0,-119.0,59.0,-918.0,-192.0,2
7470,24.0,-227.0,-67.0,206.0,300.0,-87.0,66.0,-879.0,-201.0,2
7471,24.0,-213.0,-70.0,213.0,297.0,-63.0,64.0,-842.0,-216.0,2
7472,22.0,-205.0,-69.0,206.0,285.0,-39.0,67.0,-805.0,-217.0,2
7473,20.0,-200.0,-73.0,198.0,264.0,-21.0,49.0,-784.0,-223.0,2
7474,16.0,-197.0,-74.0,194.0,239.0,3.0,38.0,-777.0,-224.0,2
7475,9.0,-198.0,-72.0,182.0,215.0,27.0,13.0,-778.0,-220.0,2
7476,2.0,-198.0,-73.0,167.0,186.0,59.0,-1.0,-789.0,-223.0,2
7477,4.0,-203.0,-77.0,150.0,148.0,95.0,-20.0,-797.0,-233.0,2
7478,-3.0,-205.0,-78.0,129.0,116.0,128.0,-34.0,-810.0,-253.0,2
7479,-8.0,-211.0,-84.0,108.0,92.0,157.0,-47.0,-827.0,-260.0,2
7480,-6.0,-217.0,-84.0,90.0,71.0,190.0,-52.0,-849.0,-272.0,2
7481,-9.0,-222.0,-92.0,72.0,59.0,213.0,-54.0,-870.0,-288.0,2
7482,-8.0,-224.0,-91.0,56.0,48.0,235.0,-61.0,-875.0,-281.0,2
7483,-7.0,-230.0,-83.0,50.0,36.0,244.0,-54.0,-893.0,-277.0,2
7484,-6.0,-232.0,-88.0,53.0,18.0,248.0,-40.0,-895.0,-264.0,2
7485,-3.0,-235.0,-87.0,61.0,-3.0,245.0,-34.0,-902.0,-274.0,2
7486,3.0,-234.0,-88.0,67.0,-13.0,241.0,-17.0,-905.0,-286.0,2
7487,6.0,-235.0,-89.0,74.0,-16.0,223.0,-5.0,-905.0,-283.0,2
7488,8.0,-232.0,-93.0,84.0,-17.0,204.0,-4.0,-902.0,-288.0,2
7489,7.0,-232.0,-96.0,94.0,-16.0,174.0,1.0,-900.0,-305.0,2
7490,7.0,-226.0,-101.0,94.0,-18.0,141.0,3.0,-891.0,-319.0,2
7491,6.0,-227.0,-100.0,85.0,-24.0,102.0,3.0,-885.0,-331.0,2
7492,10.0,-224.0,-102.0,70.0,-30.0,67.0,0.0,-878.0,-341.0,2
7493,7.0,-221.0,-105.0,49.0,-31.0,24.0,-4.0,-867.0,-349.0,2
7494,4.0,-217.0,-105.0,25.0,-28.0,-14.0,-12.0,-852.0,-361.0,2
7495,-1.0,-215.0,-111.0,1.0,-23.0,-52.0,-32.0,-844.0,-367.0,2
7496,-6.0,-198.0,-113.0,-17.0,-29.0,-82.0,-49.0,-828.0,-380.0,2
7497,-11.0,-207.0,-112.0,-34.0,-44.0,-112.0,-67.0,-813.0,-384.0,2
7498,-14.0,-207.0,-115.0,-51.0,-67.0,-134.0,-88.0,-810.0,-388.0,2
7499,-23.0,-207.0,-114.0,-72.0,-77.0,-147.0,-113.0,-818.0,-385.0,2
7500,-32.0,-213.0,-109.0,-102.0,-80.0,-144.0,-141.0,-832.0,-380.0,2
7501,-32.0,-216.0,-108.0,-136.0,-85.0,-139.0,-155.0,-853.0,-368.0,2
7502,-35.0,-225.0,-107.0,-161.0,-95.0,-122.0,-168.0,-879.0,-350.0,2
7503,-38.0,-231.0,-103.0,-172.0,-105.0,-106.0,-178.0,-904.0,-331.0,2
7504,-37.0,-241.0,-97.0,-167.0,-122.0,-82.0,-177.0,-924.0,-318.0,2
7505,-35.0,-246.0,-96.0,-157.0,-139.0,-59.0,-166.0,-948.0,-312.0,2
7506,-34.0,-251.0,-95.0,-143.0,-154.0,-34.0,-150.0,-979.0,-316.0,2
7507,-29.0,-260.0,-94.0,-126.0,-165.0,-15.0,-143.0,-1006.0,-301.0,2
7508,-21.0,-262.0,-93.0,-103.0,-170.0,17.0,-121.0,-1023.0,-295.0,2
7509,-17.0,-267.0,-93.0,-74.0,-162.0,38.0,-105.0,-1050.0,-299.0,2
7510,-13.0,-275.0,-95.0,-52.0,-147.0,68.0,-78.0,-1068.0,-303.0,2
7511,-6.0,-279.0,-93.0,-40.0,-137.0,95.0,-55.0,-1082.0,-299.0,2
7512,1.0,-283.0,-89.0,-23.0,-124.0,124.0,-35.0,-1106.0,-283.0,2
7513,7.0,-288.0,-88.0,1.0,-109.0,149.0,-12.0,-1116.0,-277.0,2
7514,9.0,-289.0,-85.0,31.0,-88.0,176.0,4.0,-1122.0,-267.0,2
7515,17.0,-286.0,-78.0,69.0,-60.0,197.0,18.0,-1113.0,-251.0,2
7516,22.0,-283.0,-80.0,112.0,-28.0,217.0,45.0,-1105.0,-244.0,2
7517,26.0,-280.0,-78.0,150.0,5.0,229.0,62.0,-1090.0,-245.0,2
7518,25.0,-276.0,-76.0,172.0,44.0,247.0,66.0,-1076.0,-237.0,2
7519,25.0,-272.0,-74.0,190.0,96.0,256.0,65.0,-1056.0,-232.0,2
7520,27.0,-266.0,-77.0,202.0,134.0,267.0,69.0,-1045.0,-233.0,2
7521,27.0,-258.0,-77.0,209.0,169.0,270.0,67.0,-1022.0,-238.0,2
7522,28.0,-254.0,-77.0,214.0,201.0,281.0,62.0,-996.0,-237.0,2
7523,24.0,-245.0,-75.0,223.0,232.0,287.0,69.0,-960.0,-234.0,2
7524,26.0,-243.0,-74.0,234.0,261.0,292.0,55.0,-940.0,-234.0,2
7525,21.0,-236.0,-74.0,242.0,295.0,293.0,56.0,-915.0,-235.0,2
7526,20.0,-230.0,-82.0,244.0,327.0,294.0,43.0,-896.0,-251.0,2
7527,15.0,-227.0,-81.0,236.0,352.0,289.0,28.0,-891.0,-255.0,2
7528,10.0,-226.0,-82.0,220.0,370.0,293.0,9.0,-871.0,-249.0,2
7529,8.0,-219.0,-73.0,200.0,379.0,291.0,0.0,-857.0,-230.0,2
7530,1.0,-218.0,-73.0,175.0,385.0,293.0,-19.0,-851.0,-227.0,2
7531,-2.0,-216.0,-72.0,148.0,389.0,292.0,-38.0,-842.0,-214.0,2
7532,-6.0,-217.0,-67.0,124.0,393.0,293.0,-51.0,-849.0,-200.0,2
7533,-9.0,-216.0,-65.0,103.0,389.0,284.0,-65.0,-843.0,-201.0,2
7534,-12.0,-217.0,-65.0,80.0,383.0,282.0,-72.0,-847.0,-188.0,2
7535,-11.0,-221.0,-65.0,52.0,379.0,278.0,-76.0,-850.0,-193.0,2
7536,-14.0,-219.0,-68.0,23.0,381.0,276.0,-79.0,-857.0,-192.0,2
7537,-12.0,-220.0,-62.0,-6.0,385.0,271.0,-83.0,-869.0,-178.0,2
7538,-13.0,-226.0,-60.0,-23.0,387.0,268.0,-83.0,-877.0,-163.0,2
7539,-20.0,-230.0,-56.0,-36.0,386.0,261.0,-99.0,-893.0,-158.0,2
7540,-13.0,-232.0,-56.0,-50.0,378.0,256.0,-101.0,-904.0,-158.0,2
7541,-17.0,-236.0,-56.0,-61.0,367.0,244.0,-97.0,-913.0,-150.0,2
7542,-18.0,-240.0,-55.0,-68.0,358.0,240.0,-104.0,-925.0,-134.0,2
7543,-16.0,-246.0,-52.0,-74.0,349.0,232.0,-97.0,-943.0,-135.0,2
7544,-17.0,-247.0,-53.0,-78.0,342.0,229.0,-100.0,-957.0,-131.0,2
7545,-18.0,-253.0,-52.0,-78.0,337.0,223.0,-97.0,-970.0,-124.0,2
7546,-16.0,-258.0,-47.0,-70.0,327.0,222.0,-98.0,-980.0,-117.0,2
7547,-12.0,-256.0,-51.0,-53.0,315.0,216.0,-72.0,-979.0,-125.0,2
7548,-17.0,-256.0,-54.0,-37.0,297.0,205.0,-82.0,-995.0,-139.0,2
7549,-11.0,-259.0,-53.0,-25.0,281.0,202.0,-81.0,-999.0,-135.0,2
7550,-9.0,-256.0,-55.0,-8.0,275.0,200.0,-62.0,-993.0,-141.0,2
7551,-8.0,-251.0,-55.0,12.0,264.0,190.0,-57.0,-972.0,-143.0,2
7552,-8.0,-251.0,-57.0,26.0,252.0,183.0,-56.0,-955.0,-148.0,2
7553,-8.0,-243.0,-58.0,33.0,246.0,169.0,-52.0,-948.0,-158.0,2
7554,-6.0,-241.0,-57.0,29.0,240.0,158.0,-44.0,-928.0,-163.0,2
7555,-4.0,-239.0,-60.0,21.0,242.0,142.0,-41.0,-921.0,-159.0,2
7556,-7.0,-238.0,-54.0,11.0,241.0,130.0,-42.0,-915.0,-157.0,2
7557,-7.0,-234.0,-56.0,3.0,242.0,115.0,-52.0,-908.0,-159.0,2
7558,-7.0,-235.0,-57.0,-1.0,239.0,103.0,-48.0,-903.0,-152.0,2
7559,-6.0,-232.0,-57.0,-2.0,233.0,88.0,-46.0,-897.0,-153.0,2
7560,-8.0,-230.0,-59.0,-8.0,231.0,76.0,-52.0,-896.0,-156.0,2
7561,-5.0,-231.0,-61.0,-21.0,233.0,63.0,-45.0,-893.0,-160.0,2
7562,-2.0,-228.0,-57.0,-32.0,239.0,52.0,-37.0,-893.0,-160.0,2
7563,-4.0,-229.0,-56.0,-43.0,247.0,38.0,-35.0,-896.0,-165.0,2
7564,-6.0,-231.0,-56.0,-54.0,255.0,25.0,-42.0,-898.0,-159.0,2
7565,-4.0,-235.0,-59.0,-61.0,263.0,11.0,-37.0,-902.0,-165.0,2
7566,-2.0,-236.0,-57.0,-72.0,270.0,4.0,-32.0,-908.0,-161.0,2
7567,-2.0,-237.0,-54.0,-84.0,277.0,-7.0,-27.0,-914.0,-154.0,2
7568,0.0,-240.0,-55.0,-98.0,283.0,-14.0,-28.0,-925.0,-157.0,2
7569,0.0,-240.0,-55.0,-117.0,283.0,-25.0,-22.0,-931.0,-148.0,2
7570,-1.0,-246.0,-54.0,-130.0,279.0,-34.0,-37.0,-940.0,-143.0,2
7571,-3.0,-249.0,-54.0,-137.0,277.0,-39.0,-38.0,-954.0,-150.0,2
7572,-2.0,-252.0,-54.0,-134.0,277.0,-37.0,-29.0,-958.0,-146.0,2
7573,3.0,-250.0,-54.0,-120.0,278.0,-40.0,-25.0,-966.0,-139.0,2
7574,2.0,-249.0,-56.0,-103.0,278.0,-40.0,-25.0,-965.0,-148.0,2
7575,-2.0,-250.0,-53.0,-93.0,270.0,-46.0,-26.0,-960.0,-153.0,2
7576,-3.0,-249.0,-58.0,-93.0,264.0,-48.0,-37.0,-961.0,-153.0,2
7577,-6.0,-250.0,-55.0,-100.0,254.0,-52.0,-53.0,-956.0,-158.0,2
7578,-10.0,-246.0,-57.0,-114.0,246.0,-50.0,-60.0,-965.0,-156.0,2
7579,-11.0,-253.0,-57.0,-132.0,241.0,-47.0,-63.0,-970.0,-163.0,2
7580,-11.0,-253.0,-58.0,-147.0,238.0,-39.0,-67.0,-987.0,-158.0,2
7581,-11.0,-257.0,-57.0,-159.0,238.0,-32.0,-77.0,-996.0,-151.0,2
7582,-11.0,-259.0,-55.0,-162.0,241.0,-24.0,-81.0,-1004.0,-150.0,2
7583,-11.0,-261.0,-56.0,-156.0,240.0,-17.0,-84.0,-1012.0,-150.0,2
7584,-12.0,-262.0,-57.0,-146.0,238.0,-8.0,-86.0,-1011.0,-148.0,2
7585,-14.0,-260.0,-56.0,-131.0,239.0,3.0,-77.0,-1011.0,-151.0,2
7586,-12.0,-259.0,-56.0,-120.0,243.0,15.0,-79.0,-1010.0,-157.0,2
7587,-8.0,-260.0,-58.0,-111.0,249.0,24.0,-70.0,-1003.0,-153.0,2
7588,-5.0,-258.0,-58.0,-106.0,261.0,35.0,-58.0,-1006.0,-150.0,2
7589,-5.0,-257.0,-52.0,-101.0,275.0,42.0,-39.0,-1006.0,-152.0,2
7590,1.0,-259.0,-55.0,-100.0,289.0,49.0,-24.0,-1003.0,-145.0,2
7591,4.0,-260.0,-52.0,-100.0,307.0,51.0,-16.0,-1003.0,-133.0,2
7592,6.0,-258.0,-52.0,-97.0,322.0,55.0,0.0,-1004.0,-124.0,2
7593,10.0,-261.0,-47.0,-88.0,339.0,56.0,2.0,-1005.0,-133.0,2
7594,9.0,-259.0,-54.0,-81.0,353.0,59.0,3.0,-1007.0,-129.0,2
7595,9.0,-260.0,-45.0,-70.0,369.0,57.0,0.0,-1005.0,-120.0,2
7596,8.0,-259.0,-46.0,-53.0,383.0,59.0,-6.0,-1007.0,-117.0,2
7597,6.0,-259.0,-50.0,-32.0,399.0,57.0,-8.0,-993.0,-119.0,2
7598,1.0,-257.0,-44.0,-10.0,416.0,59.0,-18.0,-996.0,-127.0,2
7599,1.0,-255.0,-55.0,0.0,430.0,58.0,-21.0,-979.0,-133.0,2
7600,-1.0,-251.0,-53.0,3.0,440.0,57.0,-21.0,-973.0,-129.0,2
7601,-1.0,-249.0,-48.0,8.0,448.0,49.0,-30.0,-954.0,-122.0,2
7602,-7.0,-245.0,-51.0,20.0,451.0,44.0,-47.0,-946.0,-124.0,2
7603,-8.0,-240.0,-54.0,29.0,453.0,40.0,-45.0,-935.0,-132.0,2
7604,-6.0,-239.0,-54.0,21.0,458.0,37.0,-47.0,-930.0,-141.0,2
7605,-9.0,-241.0,-52.0,10.0,461.0,35.0,-60.0,-927.0,-136.0,2
7606,-8.0,-238.0,-52.0,-2.0,462.0,33.0,-60.0,-924.0,-130.0,2
7607,-11.0,-242.0,-51.0,-17.0,460.0,29.0,-56.0,-923.0,-116.0,2
7608,-11.0,-240.0,-45.0,-25.0,457.0,30.0,-65.0,-929.0,-102.0,2
7609,-8.0,-241.0,-43.0,-23.0,455.0,29.0,-65.0,-934.0,-94.0,2
7610,-12.0,-243.0,-44.0,-22.0,455.0,27.0,-73.0,-940.0,-85.0,2
7611,-12.0,-244.0,-39.0,-19.0,455.0,28.0,-79.0,-943.0,-84.0,2
7612,-13.0,-246.0,-41.0,-14.0,451.0,31.0,-75.0,-953.0,-90.0,2
7613,-12.0,-253.0,-43.0,-13.0,449.0,34.0,-71.0,-957.0,-98.0,2
7614,-11.0,-249.0,-46.0,-19.0,451.0,42.0,-70.0,-968.0,-93.0,2
7615,-10.0,-250.0,-42.0,-25.0,453.0,48.0,-65.0,-970.0,-91.0,2
7616,-11.0,-253.0,-41.0,-32.0,458.0,58.0,-67.0,-971.0,-74.0,2
7617,-12.0,-253.0,-31.0,-36.0,460.0,63.0,-68.0,-970.0,-57.0,2
7618,-10.0,-255.0,-27.0,-32.0,455.0,69.0,-75.0,-970.0,-38.0,2
7619,-11.0,-255.0,-28.0,-21.0,446.0,75.0,-78.0,-972.0,-40.0,2
7620,-15.0,-253.0,-30.0,-8.0,437.0,82.0,-86.0,-966.0,-49.0,2
7621,-12.0,-249.0,-32.0,1.0,432.0,87.0,-83.0,-965.0,-52.0,2
7622,-11.0,-250.0,-34.0,9.0,431.0,88.0,-73.0,-963.0,-63.0,2
7623,-10.0,-249.0,-34.0,12.0,437.0,85.0,-69.0,-961.0,-53.0,2
7624,-9.0,-251.0,-30.0,21.0,448.0,78.0,-69.0,-959.0,-47.0,2
7625,-7.0,-246.0,-27.0,37.0,454.0,68.0,-58.0,-951.0,-33.0,2
7626,-6.0,-246.0,-27.0,55.0,464.0,57.0,-55.0,-948.0,-43.0,2
7627,-5.0,-246.0,-28.0,67.0,474.0,41.0,-50.0,-942.0,-43.0,2
7628,-3.0,-244.0,-31.0,68.0,485.0,27.0,-50.0,-943.0,-42.0,2
7629,-9.0,-246.0,-30.0,62.0,491.0,9.0,-46.0,-949.0,-45.0,2
7630,-4.0,-248.0,-30.0,51.0,500.0,-7.0,-49.0,-948.0,-43.0,2
7631,-5.0,-245.0,-29.0,35.0,508.0,-21.0,-43.0,-954.0,-41.0,2
7632,-7.0,-249.0,-27.0,21.0,519.0,-33.0,-58.0,-963.0,-41.0,2
7633,-6.0,-252.0,-29.0,11.0,532.0,-43.0,-52.0,-966.0,-32.0,2
7634,-8.0,-251.0,-28.0,12.0,544.0,-50.0,-54.0,-977.0,-40.0,2
7635,-6.0,-252.0,-30.0,16.0,561.0,-58.0,-59.0,-976.0,-40.0,2
7636,-7.0,-255.0,-29.0,23.0,574.0,-62.0,-58.0,-976.0,-40.0,2
7637,-9.0,-252.0,-27.0,25.0,580.0,-68.0,-67.0,-964.0,-49.0,2
7638,-12.0,-248.0,-38.0,22.0,580.0,-71.0,-75.0,-958.0,-75.0,2
7639,-12.0,-247.0,-54.0,5.0,575.0,-72.0,-91.0,-957.0,-119.0,2
7640,-16.0,-246.0,-59.0,-39.0,570.0,-68.0,-102.0,-957.0,-163.0,2
7641,-22.0,-249.0,-74.0,-99.0,567.0,-64.0,-111.0,-968.0,-219.0,2
7642,-25.0,-256.0,-77.0,-163.0,562.0,-55.0,-127.0,-1000.0,-244.0,2
7643,-29.0,-261.0,-83.0,-217.0,553.0,-44.0,-142.0,-1024.0,-254.0,2
7644,-31.0,-276.0,-77.0,-248.0,538.0,-33.0,-149.0,-1070.0,-242.0,2
7645,-36.0,-286.0,-71.0,-250.0,511.0,-21.0,-169.0,-1112.0,-216.0,2
7646,-36.0,-300.0,-68.0,-225.0,482.0,-10.0,-172.0,-1148.0,-199.0,2
7647,-40.0,-308.0,-62.0,-195.0,445.0,-5.0,-180.0,-1173.0,-185.0,2
7648,-37.0,-308.0,-63.0,-168.0,401.0,3.0,-178.0,-1189.0,-185.0,2
7649,-36.0,-307.0,-69.0,-149.0,356.0,9.0,-170.0,-1188.0,-207.0,2
7650,-30.0,-306.0,-75.0,-140.0,318.0,21.0,-153.0,-1191.0,-236.0,2
7651,-29.0,-306.0,-81.0,-139.0,282.0,29.0,-147.0,-1180.0,-262.0,2
7652,-31.0,-305.0,-91.0,-134.0,250.0,37.0,-155.0,-1177.0,-289.0,2
7653,-38.0,-307.0,-91.0,-126.0,222.0,49.0,-169.0,-1171.0,-291.0,2
7654,-39.0,-308.0,-88.0,-107.0,191.0,63.0,-187.0,-1182.0,-283.0,2
7655,-42.0,-313.0,-91.0,-77.0,151.0,81.0,-190.0,-1197.0,-288.0,2
7656,-43.0,-312.0,-80.0,-49.0,95.0,97.0,-195.0,-1196.0,-272.0,2
7657,-41.0,-310.0,-79.0,-12.0,44.0,111.0,-188.0,-1195.0,-255.0,2
7658,-35.0,-306.0,-83.0,27.0,-1.0,123.0,-177.0,-1174.0,-247.0,2
7659,-29.0,-301.0,-75.0,55.0,-33.0,135.0,-140.0,-1159.0,-227.0,2
7660,-22.0,-295.0,-71.0,73.0,-58.0,142.0,-121.0,-1142.0,-212.0,2
7661,-19.0,-289.0,-71.0,92.0,-80.0,137.0,-101.0,-1126.0,-197.0,2
7662,-14.0,-279.0,-59.0,116.0,-97.0,126.0,-96.0,-1092.0,-186.0,2
7663,-12.0,-274.0,-57.0,147.0,-111.0,109.0,-78.0,-1054.0,-166.0,2
7664,-12.0,-260.0,-56.0,182.0,-118.0,85.0,-79.0,-1014.0,-155.0,2
7665,-11.0,-250.0,-59.0,212.0,-119.0,65.0,-86.0,-966.0,-154.0,2
7666,-9.0,-240.0,-59.0,225.0,-106.0,42.0,-73.0,-937.0,-171.0,2
7667,-12.0,-230.0,-56.0,212.0,-92.0,19.0,-81.0,-906.0,-158.0,2
7668,-14.0,-226.0,-59.0,194.0,-87.0,1.0,-74.0,-880.0,-160.0,2
7669,-11.0,-226.0,-62.0,175.0,-82.0,-17.0,-75.0,-870.0,-173.0,2
7670,-10.0,-224.0,-68.0,152.0,-71.0,-31.0,-63.0,-868.0,-202.0,2
7671,-2.0,-228.0,-71.0,132.0,-50.0,-46.0,-40.0,-880.0,-210.0,2
7672,7.0,-233.0,-67.0,116.0,-24.0,-63.0,-3.0,-895.0,-214.0,2
7673,12.0,-235.0,-65.0,113.0,1.0,-80.0,16.0,-909.0,-193.0,2
7674,18.0,-240.0,-64.0,120.0,24.0,-101.0,44.0,-922.0,-193.0,2
7675,26.0,-244.0,-67.0,132.0,40.0,-125.0,57.0,-936.0,-188.0,2
7676,24.0,-247.0,-72.0,139.0,54.0,-150.0,65.0,-942.0,-204.0,2
7677,22.0,-244.0,-73.0,141.0,63.0,-166.0,58.0,-951.0,-217.0,2
7678,24.0,-244.0,-76.0,137.0,68.0,-174.0,55.0,-951.0,-231.0,2
7679,22.0,-241.0,-79.0,127.0,75.0,-175.0,50.0,-945.0,-242.0,2
7680,16.0,-239.0,-84.0,114.0,83.0,-170.0,33.0,-931.0,-248.0,2
7681,16.0,-240.0,-82.0,103.0,94.0,-155.0,40.0,-925.0,-258.0,2
7682,15.0,-235.0,-83.0,89.0,102.0,-136.0,34.0,-914.0,-267.0,2
7683,13.0,-234.0,-86.0,72.0,114.0,-111.0,28.0,-908.0,-273.0,2
7684,12.0,-229.0,-86.0,51.0,124.0,-86.0,17.0,-899.0,-277.0,2
7685,10.0,-227.0,-90.0,33.0,130.0,-61.0,10.0,-886.0,-281.0,2
7686,7.0,-225.0,-88.0,26.0,126.0,-39.0,5.0,-884.0,-290.0,2
7687,4.0,-224.0,-91.0,25.0,109.0,-13.0,-1.0,-876.0,-297.0,2
7688,3.0,-224.0,-92.0,21.0,80.0,6.0,-5.0,-869.0,-304.0,2
7689,5.0,-221.0,-101.0,17.0,57.0,22.0,-8.0,-865.0,-320.0,2
7690,3.0,-217.0,-103.0,7.0,39.0,41.0,-1.0,-852.0,-355.0,2
7691,3.0,-213.0,-114.0,-2.0,40.0,55.0,-6.0,-838.0,-387.0,2
7692,7.0,-213.0,-118.0,-8.0,60.0,72.0,-3.0,-834.0,-404.0,2
7693,10.0,-213.0,-118.0,-13.0,92.0,87.0,1.0,-823.0,-401.0,2
7694,9.0,-208.0,-116.0,-6.0,122.0,98.0,12.0,-823.0,-392.0,2
7695,17.0,-205.0,-113.0,1.0,140.0,106.0,27.0,-807.0,-391.0,2
7696,20.0,-199.0,-114.0,-9.0,147.0,109.0,53.0,-802.0,-388.0,2
7697,29.0,-200.0,-115.0,-35.0,153.0,112.0,71.0,-790.0,-384.0,2
7698,33.0,-199.0,-111.0,-69.0,167.0,111.0,98.0,-788.0,-376.0,2
7699,35.0,-201.0,-111.0,-113.0,184.0,108.0,113.0,-804.0,-365.0,2
7700,39.0,-205.0,-107.0,-139.0,208.0,100.0,128.0,-825.0,-361.0,2
7701,44.0,-216.0,-107.0,-162.0,222.0,88.0,133.0,-844.0,-352.0,2
7702,45.0,-221.0,-107.0,-176.0,231.0,75.0,145.0,-868.0,-345.0,2
7703,46.0,-226.0,-97.0,-183.0,237.0,60.0,152.0,-887.0,-339.0,2
7704,45.0,-238.0,-105.0,-171.0,240.0,44.0,155.0,-921.0,-335.0,2
7705,47.0,-249.0,-103.0,-154.0,241.0,31.0,157.0,-964.0,-342.0,2
7706,49.0,-256.0,-107.0,-141.0,241.0,16.0,150.0,-996.0,-357.0,2
7707,45.0,-263.0,-99.0,-140.0,240.0,2.0,139.0,-1025.0,-334.0,2
7708,37.0,-271.0,-98.0,-133.0,223.0,-25.0,119.0,-1052.0,-320.0,2
7709,33.0,-278.0,-98.0,-121.0,177.0,-51.0,93.0,-1082.0,-325.0,2
7710,26.0,-280.0,-93.0,-119.0,141.0,-74.0,77.0,-1104.0,-310.0,2
7711,21.0,-286.0,-86.0,-108.0,110.0,-93.0,60.0,-1105.0,-278.0,2
7712,15.0,-285.0,-85.0,-75.0,87.0,-108.0,26.0,-1098.0,-273.0,2
7713,8.0,-281.0,-82.0,-37.0,74.0,-120.0,7.0,-1091.0,-259.0,2
7714,7.0,-284.0,-78.0,-3.0,54.0,-134.0,-13.0,-1084.0,-241.0,2
7715,-3.0,-280.0,-73.0,29.0,21.0,-152.0,-33.0,-1077.0,-228.0,2
7716,-10.0,-272.0,-68.0,57.0,-21.0,-174.0,-58.0,-1063.0,-218.0,2
7717,-10.0,-273.0,-72.0,84.0,-66.0,-191.0,-55.0,-1058.0,-217.0,2
7718,-3.0,-268.0,-77.0,97.0,-100.0,-213.0,-52.0,-1051.0,-246.0,2
7719,-2.0,-268.0,-78.0,86.0,-116.0,-236.0,-38.0,-1045.0,-247.0,2
7720,-4.0,-265.0,-75.0,69.0,-118.0,-256.0,-39.0,-1042.0,-229.0,2
7721,-7.0,-262.0,-67.0,68.0,-127.0,-275.0,-47.0,-1031.0,-212.0,2
7722,-2.0,-260.0,-67.0,77.0,-144.0,-293.0,-36.0,-1014.0,-208.0,2
7723,-1.0,-259.0,-65.0,88.0,-168.0,-309.0,-25.0,-1007.0,-198.0,2
7724,3.0,-254.0,-66.0,98.0,-187.0,-328.0,-13.0,-975.0,-193.0,2
7725,4.0,-250.0,-65.0,111.0,-199.0,-343.0,0.0,-963.0,-203.0,2
7726,7.0,-246.0,-75.0,120.0,-205.0,-356.0,2.0,-948.0,-210.0,2
7727,9.0,-236.0,-70.0,122.0,-216.0,-359.0,9.0,-924.0,-215.0,2
7728,13.0,-239.0,-70.0,121.0,-228.0,-358.0,21.0,-909.0,-217.0,2
7729,17.0,-232.0,-76.0,121.0,-236.0,-359.0,43.0,-901.0,-223.0,2
7730,18.0,-228.0,-74.0,112.0,-241.0,-358.0,47.0,-894.0,-222.0,2
7731,19.0,-224.0,-73.0,99.0,-246.0,-354.0,45.0,-876.0,-213.0,2
7732,19.0,-222.0,-72.0,85.0,-245.0,-349.0,44.0,-868.0,-214.0,2
7733,19.0,-220.0,-68.0,68.0,-242.0,-340.0,55.0,-867.0,-207.0,2
7734,26.0,-220.0,-67.0,49.0,-243.0,-335.0,65.0,-864.0,-205.0,2
7735,29.0,-221.0,-61.0,24.0,-243.0,-329.0,84.0,-865.0,-197.0,2
7736,37.0,-222.0,-65.0,-1.0,-243.0,-327.0,110.0,-864.0,-196.0,2
7737,39.0,-219.0,-61.0,-24.0,-234.0,-327.0,117.0,-868.0,-181.0,2
7738,39.0,-221.0,-61.0,-36.0,-218.0,-327.0,120.0,-866.0,-178.0,2
7739,40.0,-220.0,-64.0,-47.0,-200.0,-323.0,119.0,-865.0,-186.0,2
7740,35.0,-222.0,-63.0,-57.0,-182.0,-319.0,108.0,-864.0,-182.0,2
7741,39.0,-227.0,-66.0,-74.0,-178.0,-313.0,115.0,-871.0,-175.0,2
7742,40.0,-225.0,-63.0,-90.0,-177.0,-306.0,114.0,-875.0,-173.0,2
7743,34.0,-226.0,-66.0,-104.0,-178.0,-296.0,110.0,-881.0,-179.0,2
7744,31.0,-228.0,-63.0,-116.0,-176.0,-284.0,99.0,-889.0,-184.0,2
7745,31.0,-229.0,-64.0,-127.0,-166.0,-273.0,98.0,-899.0,-182.0,2
7746,32.0,-234.0,-64.0,-141.0,-153.0,-261.0,97.0,-908.0,-181.0,2
7747,33.0,-238.0,-60.0,-149.0,-145.0,-247.0,99.0,-923.0,-168.0,2
7748,31.0,-244.0,-57.0,-150.0,-143.0,-242.0,94.0,-940.0,-162.0,2
7749,25.0,-244.0,-56.0,-153.0,-142.0,-234.0,81.0,-948.0,-163.0,2
7750,28.0,-245.0,-57.0,-150.0,-136.0,-224.0,75.0,-951.0,-164.0,2
7751,25.0,-247.0,-58.0,-148.0,-125.0,-206.0,67.0,-959.0,-164.0,2
7752,23.0,-246.0,-59.0,-139.0,-119.0,-193.0,72.0,-953.0,-166.0,2
7753,23.0,-247.0,-65.0,-129.0,-118.0,-182.0,63.0,-952.0,-176.0,2
7754,24.0,-244.0,-65.0,-122.0,-119.0,-170.0,60.0,-945.0,-185.0,2
7755,25.0,-243.0,-62.0,-119.0,-118.0,-153.0,62.0,-937.0,-180.0,2
7756,23.0,-243.0,-58.0,-113.0,-112.0,-136.0,62.0,-933.0,-176.0,2
7757,23.0,-239.0,-58.0,-104.0,-104.0,-119.0,63.0,-923.0,-168.0,2
7758,24.0,-233.0,-60.0,-94.0,-95.0,-105.0,63.0,-911.0,-172.0,2
7759,26.0,-234.0,-63.0,-87.0,-86.0,-89.0,74.0,-905.0,-180.0,2
7760,28.0,-228.0,-64.0,-86.0,-78.0,-80.0,78.0,-895.0,-182.0,2
7761,31.0,-228.0,-68.0,-92.0,-71.0,-67.0,82.0,-887.0,-194.0,2
7762,28.0,-224.0,-65.0,-104.0,-62.0,-59.0,89.0,-881.0,-195.0,2
7763,29.0,-227.0,-68.0,-119.0,-59.0,-53.0,89.0,-880.0,-191.0,2
7764,28.0,-228.0,-61.0,-134.0,-59.0,-48.0,83.0,-898.0,-184.0,2
7765,28.0,-231.0,-63.0,-146.0,-58.0,-43.0,78.0,-906.0,-177.0,2
7766,27.0,-237.0,-60.0,-153.0,-54.0,-35.0,70.0,-917.0,-169.0,2
7767,22.0,-239.0,-58.0,-157.0,-52.0,-23.0,67.0,-926.0,-164.0,2
7768,24.0,-244.0,-56.0,-154.0,-50.0,-14.0,65.0,-939.0,-160.0,2
7769,24.0,-245.0,-55.0,-149.0,-52.0,-1.0,65.0,-947.0,-156.0,2
7770,24.0,-249.0,-59.0,-144.0,-53.0,4.0,68.0,-957.0,-156.0,2
7771,22.0,-248.0,-57.0,-138.0,-56.0,10.0,65.0,-972.0,-149.0,2
7772,23.0,-254.0,-54.0,-131.0,-59.0,15.0,61.0,-983.0,-153.0,2
7773,20.0,-254.0,-59.0,-127.0,-61.0,17.0,54.0,-988.0,-151.0,2
7774,17.0,-258.0,-55.0,-130.0,-65.0,18.0,43.0,-1001.0,-152.0,2
7775,20.0,-258.0,-60.0,-130.0,-75.0,22.0,39.0,-1008.0,-151.0,2
7776,17.0,-259.0,-54.0,-131.0,-85.0,22.0,43.0,-1006.0,-154.0,2
7777,23.0,-262.0,-57.0,-129.0,-94.0,24.0,44.0,-1016.0,-155.0,2
7778,20.0,-261.0,-57.0,-127.0,-96.0,21.0,48.0,-1018.0,-147.0,2
7779,22.0,-261.0,-51.0,-121.0,-99.0,19.0,53.0,-1013.0,-143.0,2
7780,22.0,-259.0,-58.0,-107.0,-100.0,16.0,61.0,-1015.0,-148.0,2
7781,26.0,-260.0,-58.0,-90.0,-94.0,17.0,68.0,-1006.0,-163.0,2
7782,30.0,-256.0,-64.0,-75.0,-82.0,13.0,81.0,-996.0,-166.0,2
7783,26.0,-253.0,-62.0,-66.0,-62.0,10.0,77.0,-987.0,-177.0,2
7784,27.0,-248.0,-61.0,-64.0,-50.0,3.0,76.0,-976.0,-181.0,2
7785,29.0,-251.0,-60.0,-67.0,-47.0,-5.0,77.0,-968.0,-175.0,2
7786,26.0,-249.0,-58.0,-74.0,-53.0,-15.0,73.0,-970.0,-166.0,2
7787,25.0,-253.0,-54.0,-78.0,-65.0,-29.0,70.0,-967.0,-149.0,2
7788,24.0,-251.0,-49.0,-82.0,-80.0,-43.0,68.0,-971.0,-141.0,2
7789,25.0,-251.0,-51.0,-79.0,-93.0,-50.0,67.0,-972.0,-133.0,2
7790,22.0,-252.0,-46.0,-73.0,-99.0,-58.0,59.0,-966.0,-122.0,2
7791,23.0,-253.0,-53.0,-59.0,-105.0,-61.0,55.0,-966.0,-127.0,2
7792,21.0,-251.0,-51.0,-51.0,-109.0,-68.0,44.0,-955.0,-139.0,2
7793,19.0,-248.0,-53.0,-47.0,-115.0,-70.0,46.0,-961.0,-137.0,2
7794,15.0,-246.0,-54.0,-46.0,-127.0,-71.0,43.0,-956.0,-133.0,2
7795,17.0,-249.0,-54.0,-46.0,-141.0,-71.0,42.0,-965.0,-134.0,2
7796,16.0,-251.0,-49.0,-44.0,-156.0,-74.0,34.0,-970.0,-131.0,2
7797,13.0,-257.0,-50.0,-43.0,-170.0,-73.0,28.0,-972.0,-126.0,2
7798,13.0,-253.0,-50.0,-42.0,-189.0,-73.0,23.0,-975.0,-126.0,2
7799,11.0,-254.0,-49.0,-39.0,-208.0,-71.0,22.0,-975.0,-121.0,2
7800,10.0,-256.0,-48.0,-34.0,-229.0,-73.0,15.0,-980.0,-117.0,2
7801,11.0,-255.0,-46.0,-29.0,-254.0,-68.0,16.0,-976.0,-118.0,2
7802,14.0,-252.0,-49.0,-20.0,-271.0,-67.0,25.0,-971.0,-123.0,2
7803,14.0,-250.0,-48.0,-10.0,-282.0,-61.0,30.0,-967.0,-119.0,2
7804,12.0,-248.0,-50.0,-3.0,-293.0,-59.0,32.0,-954.0,-117.0,2
7805,14.0,-246.0,-48.0,3.0,-302.0,-54.0,28.0,-956.0,-118.0,2
7806,14.0,-241.0,-51.0,10.0,-315.0,-53.0,40.0,-941.0,-116.0,2
7807,16.0,-242.0,-44.0,12.0,-331.0,-46.0,36.0,-931.0,-111.0,2
7808,19.0,-241.0,-47.0,13.0,-346.0,-44.0,40.0,-923.0,-114.0,2
7809,21.0,-240.0,-45.0,8.0,-359.0,-38.0,53.0,-920.0,-115.0,2
7810,21.0,-239.0,-44.0,1.0,-364.0,-33.0,64.0,-924.0,-102.0,2
7811,24.0,-243.0,-42.0,-1.0,-364.0,-26.0,60.0,-923.0,-98.0,2
7812,21.0,-236.0,-43.0,6.0,-359.0,-22.0,64.0,-931.0,-89.0,2
7813,22.0,-244.0,-43.0,14.0,-352.0,-14.0,63.0,-942.0,-84.0,2
7814,25.0,-247.0,-42.0,24.0,-344.0,-13.0,66.0,-949.0,-86.0,2
7815,21.0,-250.0,-40.0,32.0,-346.0,-11.0,59.0,-961.0,-83.0,2
7816,26.0,-252.0,-42.0,32.0,-352.0,-10.0,60.0,-970.0,-82.0,2
7817,25.0,-251.0,-40.0,27.0,-366.0,-10.0,70.0,-969.0,-73.0,2
7818,26.0,-255.0,-37.0,30.0,-379.0,-14.0,74.0,-975.0,-57.0,2
7819,29.0,-254.0,-34.0,41.0,-387.0,-15.0,79.0,-976.0,-65.0,2
7820,26.0,-250.0,-36.0,55.0,-390.0,-23.0,83.0,-975.0,-67.0,2
7821,26.0,-252.0,-37.0,60.0,-391.0,-25.0,76.0,-971.0,-67.0,2
7822,32.0,-249.0,-41.0,59.0,-393.0,-26.0,89.0,-972.0,-66.0,2
7823,29.0,-251.0,-36.0,55.0,-396.0,-23.0,94.0,-968.0,-70.0,2
7824,32.0,-252.0,-32.0,44.0,-396.0,-22.0,97.0,-970.0,-51.0,2
7825,33.0,-253.0,-29.0,35.0,-396.0,-18.0,106.0,-973.0,-47.0,2
7826,37.0,-255.0,-31.0,37.0,-404.0,-20.0,114.0,-974.0,-33.0,2
7827,37.0,-253.0,-24.0,46.0,-412.0,-17.0,119.0,-973.0,-33.0,2
7828,43.0,-256.0,-30.0,60.0,-417.0,-19.0,131.0,-972.0,-45.0,2
7829,44.0,-253.0,-30.0,68.0,-418.0,-14.0,140.0,-975.0,-50.0,2
7830,44.0,-248.0,-38.0,67.0,-417.0,-12.0,137.0,-970.0,-63.0,2
7831,41.0,-246.0,-39.0,64.0,-411.0,-4.0,139.0,-953.0,-68.0,2
7832,46.0,-246.0,-38.0,67.0,-406.0,-3.0,142.0,-950.0,-73.0,2
7833,43.0,-247.0,-40.0,59.0,-402.0,2.0,153.0,-953.0,-83.0,2
7834,45.0,-246.0,-38.0,35.0,-394.0,6.0,144.0,-968.0,-100.0,2
7835,47.0,-252.0,-45.0,-2.0,-387.0,12.0,147.0,-973.0,-102.0,2
7836,45.0,-256.0,-52.0,-39.0,-387.0,11.0,151.0,-1003.0,-138.0,2
7837,46.0,-261.0,-58.0,-65.0,-389.0,11.0,156.0,-1020.0,-167.0,2
7838,50.0,-269.0,-67.0,-85.0,-391.0,8.0,163.0,-1049.0,-187.0,2
7839,51.0,-283.0,-62.0,-91.0,-382.0,8.0,173.0,-1083.0,-188.0,2
7840,60.0,-287.0,-63.0,-83.0,-372.0,3.0,186.0,-1105.0,-177.0,2
7841,64.0,-291.0,-61.0,-66.0,-358.0,-6.0,215.0,-1125.0,-169.0,2
7842,70.0,-291.0,-60.0,-48.0,-337.0,-21.0,235.0,-1136.0,-161.0,2
7843,70.0,-292.0,-59.0,-30.0,-306.0,-32.0,246.0,-1143.0,-168.0,2
7844,74.0,-294.0,-66.0,-16.0,-268.0,-48.0,247.0,-1148.0,-191.0,2
7845,74.0,-298.0,-73.0,-9.0,-231.0,-61.0,239.0,-1153.0,-207.0,2
7846,66.0,-296.0,-73.0,-11.0,-184.0,-87.0,217.0,-1150.0,-224.0,2
7847,56.0,-298.0,-78.0,-17.0,-150.0,-102.0,188.0,-1157.0,-249.0,2
7848,46.0,-302.0,-86.0,-21.0,-122.0,-116.0,153.0,-1164.0,-256.0,2
7849,44.0,-306.0,-86.0,-18.0,-100.0,-123.0,132.0,-1173.0,-261.0,2
7850,43.0,-306.0,-83.0,-8.0,-86.0,-131.0,129.0,-1178.0,-255.0,2
7851,43.0,-307.0,-85.0,7.0,-70.0,-133.0,138.0,-1182.0,-261.0,2
7852,48.0,-306.0,-83.0,22.0,-47.0,-136.0,152.0,-1187.0,-263.0,2
7853,60.0,-308.0,-57.0,40.0,-13.0,-138.0,165.0,-1184.0,-268.0,2
7854,61.0,-307.0,-86.0,68.0,36.0,-149.0,189.0,-1180.0,-269.0,2
7855,61.0,-305.0,-85.0,97.0,92.0,-156.0,197.0,-1179.0,-276.0,2
7856,65.0,-298.0,-89.0,123.0,149.0,-168.0,206.0,-1167.0,-276.0,2
7857,60.0,-293.0,-91.0,141.0,208.0,-177.0,204.0,-1138.0,-289.0,2
7858,53.0,-286.0,-90.0,143.0,251.0,-185.0,173.0,-1119.0,-280.0,2
7859,41.0,-280.0,-86.0,143.0,281.0,-186.0,132.0,-1097.0,-272.0,2
7860,28.0,-275.0,-81.0,143.0,295.0,-182.0,87.0,-1073.0,-258.0,2
7861,22.0,-268.0,-76.0,149.0,295.0,-157.0,57.0,-1046.0,-236.0,2
7862,21.0,-259.0,-68.0,161.0,290.0,-126.0,49.0,-1021.0,-212.0,2
7863,18.0,-250.0,-67.0,179.0,290.0,-87.0,54.0,-972.0,-197.0,2
7864,23.0,-238.0,-64.0,202.0,287.0,-54.0,50.0,-926.0,-185.0,2
7865,20.0,-228.0,-67.0,223.0,281.0,-18.0,48.0,-888.0,-185.0,2
7866,13.0,-218.0,-64.0,230.0,265.0,6.0,42.0,-850.0,-195.0,2
7867,10.0,-209.0,-71.0,222.0,233.0,33.0,22.0,-829.0,-207.0,2
7868,6.0,-209.0,-71.0,202.0,201.0,52.0,1.0,-813.0,-220.0,2
7869,1.0,-208.0,-79.0,181.0,168.0,77.0,-15.0,-812.0,-247.0,2
7870,-6.0,-210.0,-82.0,153.0,141.0,96.0,-38.0,-826.0,-265.0,2
7871,-8.0,-213.0,-87.0,128.0,111.0,122.0,-61.0,-838.0,-276.0,2
7872,-11.0,-214.0,-91.0,111.0,83.0,145.0,-65.0,-851.0,-289.0,2
7873,-10.0,-225.0,-92.0,96.0,63.0,168.0,-68.0,-872.0,-303.0,2
7874,-9.0,-228.0,-92.0,83.0,53.0,185.0,-66.0,-891.0,-297.0,2
7875,-12.0,-232.0,-93.0,76.0,50.0,200.0,-69.0,-899.0,-308.0,2
7876,-12.0,-231.0,-91.0,73.0,50.0,208.0,-65.0,-906.0,-314.0,2
7877,-9.0,-234.0,-96.0,69.0,49.0,217.0,-58.0,-910.0,-315.0,2
7878,-6.0,-236.0,-96.0,64.0,35.0,212.0,-53.0,-911.0,-307.0,2
7879,-5.0,-237.0,-93.0,58.0,9.0,207.0,-43.0,-909.0,-302.0,2
7880,-1.0,-235.0,-93.0,56.0,-23.0,196.0,-34.0,-909.0,-307.0,2
7881,0.0,-231.0,-97.0,55.0,-58.0,185.0,-24.0,-899.0,-323.0,2
7882,3.0,-228.0,-102.0,61.0,-79.0,169.0,-11.0,-883.0,-327.0,2
7883,7.0,-223.0,-101.0,71.0,-90.0,152.0,-2.0,-870.0,-347.0,2
7884,5.0,-221.0,-111.0,84.0,-91.0,129.0,-8.0,-848.0,-366.0,2
7885,2.0,-214.0,-109.0,92.0,-81.0,113.0,-13.0,-841.0,-374.0,2
7886,2.0,-206.0,-116.0,88.0,-76.0,86.0,-17.0,-819.0,-387.0,2
7887,0.0,-202.0,-118.0,76.0,-74.0,65.0,-20.0,-802.0,-396.0,2
7888,0.0,-201.0,-114.0,55.0,-76.0,27.0,-28.0,-781.0,-384.0,2
7889,-4.0,-199.0,-110.0,24.0,-80.0,0.0,-39.0,-782.0,-378.0,2
7890,-8.0,-198.0,-110.0,-5.0,-82.0,-30.0,-61.0,-781.0,-369.0,2
7891,-12.0,-198.0,-109.0,-36.0,-79.0,-50.0,-90.0,-784.0,-356.0,2
7892,-19.0,-204.0,-106.0,-65.0,-73.0,-66.0,-107.0,-810.0,-351.0,2
7893,-24.0,-215.0,-103.0,-95.0,-68.0,-66.0,-119.0,-829.0,-342.0,2
7894,-32.0,-219.0,-100.0,-121.0,-66.0,-63.0,-137.0,-855.0,-339.0,2
7895,-30.0,-230.0,-101.0,-142.0,-69.0,-52.0,-156.0,-886.0,-329.0,2
7896,-35.0,-233.0,-95.0,-151.0,-80.0,-41.0,-159.0,-901.0,-319.0,2
7897,-34.0,-241.0,-97.0,-145.0,-95.0,-22.0,-163.0,-931.0,-325.0,2
7898,-28.0,-250.0,-95.0,-138.0,-110.0,-2.0,-142.0,-953.0,-312.0,2
7899,-24.0,-255.0,-94.0,-122.0,-121.0,24.0,-132.0,-979.0,-311.0,2
7900,-19.0,-258.0,-89.0,-109.0,-119.0,41.0,-113.0,-1006.0,-293.0,2
7901,-19.0,-260.0,-88.0,-103.0,-114.0,62.0,-102.0,-1018.0,-286.0,2
7902,-12.0,-265.0,-85.0,-104.0,-111.0,83.0,-80.0,-1042.0,-269.0,2
7903,-6.0,-274.0,-80.0,-106.0,-107.0,108.0,-54.0,-1069.0,-264.0,2
7904,-2.0,-278.0,-82.0,-106.0,-99.0,122.0,-30.0,-1094.0,-256.0,2
7905,6.0,-286.0,-77.0,-96.0,-75.0,139.0,-13.0,-1110.0,-248.0,2
7906,11.0,-290.0,-76.0,-73.0,-42.0,156.0,2.0,-1119.0,-233.0,2
7907,11.0,-290.0,-72.0,-43.0,-4.0,179.0,18.0,-1128.0,-222.0,2
7908,15.0,-292.0,-70.0,-6.0,36.0,198.0,21.0,-1129.0,-208.0,2
7909,22.0,-293.0,-66.0,36.0,72.0,227.0,42.0,-1120.0,-205.0,2
7910,24.0,-285.0,-72.0,89.0,111.0,238.0,51.0,-1115.0,-205.0,2
7911,25.0,-281.0,-73.0,125.0,144.0,249.0,59.0,-1094.0,-228.0,2
7912,23.0,-276.0,-74.0,148.0,172.0,257.0,58.0,-1072.0,-222.0,2
7913,24.0,-270.0,-73.0,172.0,193.0,272.0,59.0,-1044.0,-216.0,2
7914,27.0,-261.0,-74.0,201.0,212.0,278.0,62.0,-1010.0,-233.0,2
7915,22.0,-252.0,-76.0,226.0,227.0,283.0,45.0,-967.0,-239.0,2
7916,17.0,-243.0,-76.0,242.0,249.0,286.0,42.0,-940.0,-246.0,2
7917,14.0,-234.0,-80.0,243.0,274.0,293.0,30.0,-915.0,-247.0,2
7918,9.0,-228.0,-78.0,234.0,291.0,289.0,12.0,-891.0,-239.0,2
7919,1.0,-223.0,-78.0,219.0,299.0,290.0,-17.0,-881.0,-242.0,2
7920,-4.0,-224.0,-71.0,203.0,304.0,291.0,-38.0,-864.0,-220.0,2
7921,-6.0,-215.0,-67.0,192.0,305.0,293.0,-49.0,-850.0,-213.0,2
7922,-11.0,-217.0,-73.0,180.0,303.0,287.0,-64.0,-849.0,-218.0,2
7923,-13.0,-215.0,-70.0,163.0,303.0,283.0,-80.0,-840.0,-222.0,2
7924,-16.0,-215.0,-67.0,136.0,304.0,278.0,-92.0,-841.0,-205.0,2
7925,-16.0,-216.0,-67.0,115.0,302.0,279.0,-98.0,-842.0,-200.0,2
7926,-18.0,-216.0,-67.0,98.0,297.0,271.0,-100.0,-842.0,-188.0,2
7927,-18.0,-215.0,-64.0,81.0,296.0,267.0,-101.0,-852.0,-185.0,2
7928,-17.0,-222.0,-63.0,58.0,297.0,257.0,-99.0,-853.0,-180.0,2
7929,-17.0,-220.0,-62.0,32.0,295.0,254.0,-99.0,-854.0,-167.0,2
7930,-13.0,-223.0,-56.0,5.0,288.0,245.0,-90.0,-869.0,-159.0,2
7931,-12.0,-225.0,-53.0,-26.0,279.0,240.0,-80.0,-878.0,-157.0,2
7932,-12.0,-229.0,-55.0,-46.0,271.0,228.0,-71.0,-891.0,-150.0,2
7933,-12.0,-235.0,-53.0,-64.0,267.0,222.0,-70.0,-903.0,-143.0,2
7934,-11.0,-238.0,-52.0,-75.0,255.0,210.0,-61.0,-910.0,-134.0,2
7935,-11.0,-241.0,-50.0,-87.0,238.0,200.0,-69.0,-926.0,-123.0,2
7936,-13.0,-245.0,-43.0,-96.0,219.0,198.0,-87.0,-941.0,-103.0,2
7937,-11.0,-253.0,-43.0,-91.0,218.0,203.0,-67.0,-968.0,-102.0,2
7938,-8.0,-255.0,-45.0,-77.0,215.0,196.0,-53.0,-982.0,-102.0,2
7939,-4.0,-257.0,-41.0,-66.0,207.0,190.0,-47.0,-996.0,-115.0,2
7940,-3.0,-254.0,-49.0,-52.0,201.0,180.0,-43.0,-995.0,-118.0,2
7941,2.0,-257.0,-52.0,-40.0,201.0,174.0,-32.0,-991.0,-133.0,2
7942,2.0,-257.0,-54.0,-35.0,197.0,162.0,-29.0,-982.0,-137.0,2
7943,-3.0,-254.0,-51.0,-34.0,187.0,154.0,-35.0,-973.0,-141.0,2
7944,-3.0,-250.0,-56.0,-33.0,180.0,143.0,-20.0,-968.0,-146.0,2
7945,4.0,-249.0,-54.0,-29.0,177.0,132.0,-16.0,-956.0,-140.0,2
7946,2.0,-245.0,-52.0,-22.0,175.0,113.0,-18.0,-947.0,-136.0,2
7947,2.0,-243.0,-55.0,-17.0,177.0,104.0,-18.0,-933.0,-138.0,2
7948,2.0,-239.0,-54.0,-18.0,179.0,91.0,-22.0,-921.0,-145.0,2
7949,2.0,-233.0,-56.0,-25.0,185.0,82.0,-21.0,-914.0,-147.0,2
7950,3.0,-236.0,-52.0,-35.0,189.0,68.0,-24.0,-907.0,-135.0,2
7951,2.0,-236.0,-52.0,-43.0,192.0,57.0,-21.0,-906.0,-137.0,2
7952,-3.0,-232.0,-55.0,-50.0,197.0,43.0,-34.0,-900.0,-139.0,2
7953,-1.0,-234.0,-54.0,-57.0,201.0,38.0,-29.0,-899.0,-129.0,2
7954,-5.0,-234.0,-50.0,-59.0,204.0,27.0,-43.0,-903.0,-132.0,2
7955,-2.0,-237.0,-50.0,-64.0,209.0,24.0,-38.0,-909.0,-126.0,2
7956,-5.0,-235.0,-52.0,-70.0,212.0,12.0,-31.0,-914.0,-122.0,2
7957,-4.0,-238.0,-49.0,-83.0,208.0,7.0,-35.0,-914.0,-123.0,2
7958,-3.0,-239.0,-44.0,-96.0,205.0,0.0,-37.0,-921.0,-118.0,2
7959,2.0,-243.0,-45.0,-105.0,208.0,-3.0,-25.0,-930.0,-116.0,2
7960,0.0,-242.0,-45.0,-106.0,214.0,-13.0,-24.0,-935.0,-99.0,2
7961,-2.0,-241.0,-44.0,-98.0,217.0,-18.0,-23.0,-943.0,-98.0,2
7962,-4.0,-245.0,-46.0,-90.0,217.0,-32.0,-37.0,-942.0,-102.0,2
7963,-5.0,-246.0,-49.0,-81.0,216.0,-38.0,-38.0,-946.0,-107.0,2
7964,-4.0,-244.0,-49.0,-80.0,218.0,-42.0,-38.0,-948.0,-115.0,2
7965,-3.0,-247.0,-47.0,-88.0,216.0,-41.0,-40.0,-947.0,-118.0,2
7966,-2.0,-245.0,-47.0,-95.0,218.0,-42.0,-40.0,-943.0,-112.0,2
7967,-4.0,-246.0,-47.0,-100.0,220.0,-35.0,-38.0,-951.0,-105.0,2
7968,-3.0,-246.0,-43.0,-103.0,221.0,-36.0,-42.0,-951.0,-95.0,2
7969,-5.0,-248.0,-41.0,-104.0,223.0,-34.0,-51.0,-952.0,-94.0,2
7970,-7.0,-250.0,-43.0,-104.0,220.0,-33.0,-62.0,-959.0,-100.0,2
7971,-10.0,-249.0,-46.0,-110.0,218.0,-29.0,-62.0,-962.0,-104.0,2
7972,-11.0,-254.0,-44.0,-117.0,212.0,-29.0,-66.0,-967.0,-116.0,2
7973,-12.0,-254.0,-48.0,-120.0,206.0,-28.0,-73.0,-971.0,-125.0,2
7974,-14.0,-254.0,-52.0,-120.0,205.0,-28.0,-82.0,-977.0,-133.0,2
7975,-15.0,-255.0,-51.0,-118.0,206.0,-22.0,-98.0,-976.0,-137.0,2
7976,-17.0,-255.0,-53.0,-116.0,210.0,-17.0,-98.0,-978.0,-143.0,2
7977,-13.0,-254.0,-54.0,-118.0,211.0,-7.0,-85.0,-986.0,-150.0,2
7978,-9.0,-257.0,-54.0,-128.0,218.0,2.0,-68.0,-987.0,-145.0,2
7979,-7.0,-257.0,-54.0,-129.0,227.0,18.0,-54.0,-996.0,-135.0,2
7980,-2.0,-257.0,-50.0,-130.0,240.0,27.0,-38.0,-1000.0,-123.0,2
7981,1.0,-255.0,-47.0,-127.0,258.0,39.0,-19.0,-1001.0,-111.0,2
7982,7.0,-258.0,-44.0,-120.0,276.0,46.0,-5.0,-1001.0,-102.0,2
7983,11.0,-253.0,-41.0,-114.0,303.0,58.0,9.0,-997.0,-99.0,2
7984,14.0,-258.0,-45.0,-103.0,322.0,58.0,17.0,-998.0,-102.0,2
7985,16.0,-258.0,-45.0,-99.0,336.0,61.0,30.0,-999.0,-106.0,2
7986,15.0,-258.0,-47.0,-93.0,346.0,57.0,31.0,-997.0,-102.0,2
7987,15.0,-255.0,-42.0,-84.0,354.0,56.0,21.0,-979.0,-107.0,2
7988,9.0,-256.0,-45.0,-70.0,359.0,51.0,14.0,-987.0,-112.0,2
7989,7.0,-258.0,-49.0,-53.0,364.0,51.0,2.0,-989.0,-114.0,2
7990,4.0,-258.0,-46.0,-30.0,365.0,46.0,-15.0,-999.0,-116.0,2
7991,2.0,-257.0,-46.0,-1.0,367.0,45.0,-24.0,-990.0,-120.0,2
7992,-4.0,-255.0,-49.0,30.0,372.0,39.0,-30.0,-978.0,-121.0,2
7993,-3.0,-252.0,-49.0,54.0,377.0,40.0,-35.0,-975.0,-123.0,2
7994,-3.0,-253.0,-51.0,76.0,388.0,31.0,-39.0,-963.0,-121.0,2
7995,-5.0,-248.0,-45.0,94.0,398.0,27.0,-40.0,-965.0,-114.0,2
7996,-4.0,-249.0,-52.0,102.0,415.0,19.0,-33.0,-955.0,-118.0,2
7997,1.0,-248.0,-46.0,109.0,438.0,16.0,-22.0,-958.0,-116.0,2
7998,2.0,-249.0,-49.0,113.0,469.0,6.0,-21.0,-961.0,-109.0,2
7999,6.0,-249.0,-44.0,111.0,500.0,4.0,-7.0,-965.0,-95.0,2
8000,3.0,-250.0,-43.0,106.0,521.0,-6.0,-17.0,-978.0,-95.0,2
8001,1.0,-256.0,-42.0,93.0,539.0,-5.0,-23.0,-991.0,-90.0,2
8002,1.0,-259.0,-35.0,72.0,554.0,3.0,-27.0,-1005.0,-80.0,2
8003,1.0,-260.0,-32.0,57.0,570.0,20.0,-25.0,-1022.0,-65.0,2
8004,3.0,-266.0,-34.0,42.0,583.0,45.0,-29.0,-1032.0,-60.0,2
8005,-2.0,-267.0,-34.0,41.0,600.0,72.0,-30.0,-1049.0,-52.0,2
8006,-3.0,-272.0,-32.0,54.0,611.0,94.0,-36.0,-1047.0,-49.0,2
8007,-4.0,-269.0,-32.0,80.0,620.0,120.0,-47.0,-1043.0,-48.0,2
8008,-7.0,-266.0,-31.0,116.0,627.0,136.0,-63.0,-1026.0,-52.0,2
8009,-12.0,-259.0,-29.0,150.0,636.0,151.0,-67.0,-1006.0,-52.0,2
8010,-11.0,-252.0,-34.0,171.0,643.0,158.0,-74.0,-974.0,-47.0,2
8011,-11.0,-246.0,-31.0,185.0,648.0,166.0,-75.0,-947.0,-43.0,2
8012,-11.0,-239.0,-29.0,192.0,656.0,165.0,-73.0,-929.0,-42.0,2
8013,-10.0,-237.0,-26.0,184.0,670.0,166.0,-75.0,-914.0,-31.0,2
8014,-12.0,-235.0,-27.0,168.0,683.0,159.0,-77.0,-908.0,-25.0,2
8015,-11.0,-239.0,-26.0,148.0,686.0,151.0,-76.0,-917.0,-17.0,2
8016,-10.0,-242.0,-25.0,127.0,685.0,138.0,-66.0,-926.0,-17.0,2
8017,-12.0,-244.0,-25.0,114.0,687.0,130.0,-67.0,-951.0,-20.0,2
8018,-11.0,-251.0,-17.0,104.0,699.0,117.0,-62.0,-962.0,-9.0,2
8019,-10.0,-252.0,-16.0,106.0,710.0,106.0,-61.0,-973.0,8.0,2
8020,-10.0,-258.0,-20.0,114.0,714.0,89.0,-63.0,-980.0,3.0,2
8021,-10.0,-255.0,-23.0,128.0,705.0,76.0,-72.0,-995.0,-10.0,2
8022,-13.0,-254.0,-29.0,137.0,692.0,60.0,-85.0,-980.0,-47.0,2
8023,-16.0,-251.0,-41.0,126.0,686.0,53.0,-98.0,-971.0,-86.0,2
8024,-21.0,-247.0,-55.0,94.0,686.0,48.0,-114.0,-966.0,-126.0,2
8025,-28.0,-248.0,-54.0,49.0,690.0,47.0,-130.0,-970.0,-141.0,2
8026,-30.0,-251.0,-53.0,2.0,680.0,43.0,-152.0,-976.0,-145.0,2
8027,-37.0,-256.0,-52.0,-52.0,658.0,46.0,-167.0,-1006.0,-142.0,2
8028,-39.0,-270.0,-51.0,-96.0,627.0,42.0,-178.0,-1026.0,-132.0,2
8029,-48.0,-275.0,-49.0,-127.0,596.0,41.0,-211.0,-1059.0,-115.0,2
8030,-54.0,-281.0,-55.0,-147.0,569.0,34.0,-231.0,-1095.0,-132.0,2
8031,-53.0,-287.0,-55.0,-166.0,541.0,29.0,-246.0,-1125.0,-159.0,2
8032,-57.0,-294.0,-61.0,-189.0,507.0,27.0,-253.0,-1138.0,-176.0,2
8033,-54.0,-297.0,-65.0,-202.0,465.0,36.0,-247.0,-1152.0,-201.0,2
8034,-57.0,-298.0,-74.0,-212.0,425.0,42.0,-244.0,-1165.0,-243.0,2
8035,-51.0,-306.0,-79.0,-225.0,388.0,57.0,-223.0,-1182.0,-255.0,2
8036,-45.0,-312.0,-81.0,-236.0,348.0,70.0,-209.0,-1200.0,-271.0,2
8037,-43.0,-320.0,-84.0,-233.0,294.0,84.0,-195.0,-1217.0,-265.0,2
8038,-45.0,-321.0,-81.0,-215.0,253.0,92.0,-195.0,-1237.0,-263.0,2
8039,-43.0,-328.0,-77.0,-182.0,209.0,107.0,-192.0,-1258.0,-246.0,2
8040,-47.0,-326.0,-71.0,-132.0,153.0,115.0,-200.0,-1252.0,-227.0,2
8041,-43.0,-326.0,-72.0,-69.0,86.0,129.0,-201.0,-1253.0,-227.0,2
8042,-40.0,-321.0,-70.0,-13.0,19.0,136.0,-187.0,-1240.0,-215.0,2
8043,-39.0,-312.0,-71.0,35.0,-40.0,149.0,-168.0,-1208.0,-216.0,2
8044,-29.0,-306.0,-67.0,77.0,-92.0,152.0,-137.0,-1178.0,-207.0,2
8045,-23.0,-292.0,-67.0,114.0,-135.0,151.0,-119.0,-1148.0,-193.0,2
8046,-13.0,-285.0,-60.0,145.0,-161.0,146.0,-100.0,-1108.0,-191.0,2
8047,-13.0,-278.0,-63.0,168.0,-167.0,116.0,-87.0,-1058.0,-181.0,2
8048,-14.0,-260.0,-62.0,194.0,-166.0,72.0,-79.0,-1011.0,-186.0,2
8049,-13.0,-246.0,-70.0,211.0,-166.0,40.0,-83.0,-943.0,-206.0,2
8050,-12.0,-232.0,-76.0,210.0,-159.0,15.0,-82.0,-902.0,-214.0,2
8051,-11.0,-219.0,-77.0,183.0,-146.0,-2.0,-72.0,-867.0,-222.0,2
8052,-7.0,-216.0,-73.0,143.0,-132.0,-16.0,-59.0,-847.0,-219.0,2
8053,-5.0,-212.0,-72.0,100.0,-121.0,-26.0,-45.0,-835.0,-209.0,2
8054,-1.0,-212.0,-73.0,64.0,-106.0,-36.0,-26.0,-836.0,-211.0,2
8055,5.0,-216.0,-72.0,35.0,-82.0,-43.0,-15.0,-838.0,-220.0,2
8056,7.0,-220.0,-70.0,12.0,-54.0,-51.0,9.0,-860.0,-221.0,2
8057,6.0,-221.0,-80.0,-6.0,-29.0,-64.0,10.0,-876.0,-239.0,2
8058,12.0,-226.0,-80.0,-25.0,-9.0,-77.0,19.0,-887.0,-255.0,2
8059,13.0,-231.0,-85.0,-40.0,3.0,-84.0,18.0,-909.0,-274.0,2
8060,12.0,-236.0,-86.0,-58.0,13.0,-97.0,16.0,-918.0,-288.0,2
8061,11.0,-239.0,-93.0,-67.0,18.0,-105.0,13.0,-926.0,-291.0,2
8062,8.0,-243.0,-94.0,-61.0,14.0,-112.0,9.0,-938.0,-313.0,2
8063,8.0,-242.0,-97.0,-53.0,7.0,-117.0,5.0,-940.0,-322.0,2
8064,8.0,-241.0,-101.0,-39.0,4.0,-120.0,0.0,-931.0,-329.0,2
8065,7.0,-236.0,-99.0,-29.0,1.0,-113.0,0.0,-914.0,-330.0,2
8066,8.0,-230.0,-99.0,-12.0,3.0,-102.0,-1.0,-897.0,-326.0,2
8067,5.0,-223.0,-104.0,2.0,6.0,-84.0,2.0,-876.0,-332.0,2
8068,10.0,-215.0,-102.0,3.0,7.0,-67.0,10.0,-852.0,-347.0,2
8069,12.0,-207.0,-101.0,-11.0,3.0,-48.0,17.0,-824.0,-346.0,2
8070,13.0,-201.0,-102.0,-27.0,-3.0,-32.0,21.0,-797.0,-334.0,2
8071,15.0,-198.0,-102.0,-43.0,-4.0,-9.0,32.0,-788.0,-344.0,2
8072,19.0,-195.0,-108.0,-63.0,-7.0,12.0,52.0,-772.0,-363.0,2
8073,27.0,-193.0,-113.0,-86.0,-5.0,37.0,68.0,-758.0,-389.0,2
8074,38.0,-191.0,-114.0,-116.0,15.0,61.0,105.0,-751.0,-392.0,2
8075,44.0,-191.0,-114.0,-148.0,46.0,81.0,137.0,-761.0,-385.0,2
8076,49.0,-196.0,-113.0,-170.0,75.0,88.0,162.0,-778.0,-375.0,2
8077,52.0,-202.0,-101.0,-180.0,94.0,91.0,175.0,-789.0,-343.0,2
8078,55.0,-210.0,-99.0,-179.0,102.0,88.0,189.0,-807.0,-335.0,2
8079,57.0,-211.0,-105.0,-167.0,110.0,79.0,197.0,-830.0,-344.0,2
8080,54.0,-216.0,-110.0,-168.0,136.0,69.0,176.0,-861.0,-364.0,2
8081,52.0,-233.0,-106.0,-184.0,171.0,61.0,177.0,-902.0,-356.0,2
8082,48.0,-243.0,-100.0,-204.0,198.0,38.0,159.0,-953.0,-344.0,2
8083,44.0,-259.0,-107.0,-220.0,213.0,12.0,137.0,-1011.0,-354.0,2
8084,38.0,-266.0,-97.0,-244.0,225.0,-17.0,120.0,-1046.0,-333.0,2
8085,30.0,-274.0,-94.0,-254.0,230.0,-38.0,102.0,-1072.0,-307.0,2
8086,28.0,-280.0,-91.0,-241.0,234.0,-63.0,76.0,-1090.0,-285.0,2
8087,23.0,-284.0,-85.0,-205.0,236.0,-82.0,59.0,-1107.0,-265.0,2
8088,16.0,-289.0,-84.0,-151.0,233.0,-99.0,36.0,-1106.0,-259.0,2
8089,8.0,-288.0,-79.0,-88.0,227.0,-122.0,3.0,-1110.0,-260.0,2
8090,-1.0,-287.0,-80.0,-20.0,208.0,-140.0,-29.0,-1112.0,-256.0,2
8091,-9.0,-284.0,-81.0,24.0,177.0,-150.0,-61.0,-1099.0,-257.0,2
8092,-9.0,-279.0,-78.0,50.0,132.0,-158.0,-64.0,-1085.0,-248.0,2
8093,-10.0,-274.0,-81.0,68.0,88.0,-170.0,-67.0,-1071.0,-256.0,2
8094,-11.0,-267.0,-81.0,76.0,56.0,-182.0,-67.0,-1046.0,-244.0,2
8095,-9.0,-264.0,-75.0,85.0,32.0,-190.0,-58.0,-1031.0,-239.0,2
8096,-7.0,-261.0,-76.0,92.0,8.0,-204.0,-56.0,-1020.0,-234.0,2
8097,-10.0,-258.0,-78.0,95.0,-11.0,-216.0,-55.0,-1009.0,-243.0,2
8098,-3.0,-256.0,-75.0,98.0,-34.0,-230.0,-46.0,-987.0,-245.0,2
8099,-3.0,-249.0,-76.0,104.0,-54.0,-243.0,-37.0,-961.0,-233.0,2
8100,1.0,-245.0,-76.0,115.0,-73.0,-256.0,-23.0,-952.0,-244.0,2
8101,8.0,-243.0,-75.0,120.0,-84.0,-263.0,-3.0,-940.0,-241.0,2
8102,12.0,-236.0,-73.0,123.0,-89.0,-273.0,7.0,-922.0,-238.0,2
8103,13.0,-234.0,-77.0,124.0,-90.0,-278.0,19.0,-909.0,-232.0,2
8104,14.0,-231.0,-73.0,122.0,-93.0,-287.0,37.0,-901.0,-238.0,2
8105,20.0,-229.0,-75.0,107.0,-92.0,-291.0,49.0,-889.0,-240.0,2
8106,25.0,-227.0,-80.0,83.0,-88.0,-292.0,67.0,-884.0,-243.0,2
8107,29.0,-225.0,-75.0,59.0,-80.0,-293.0,80.0,-881.0,-232.0,2
8108,31.0,-224.0,-70.0,41.0,-73.0,-298.0,79.0,-876.0,-221.0,2
8109,28.0,-224.0,-67.0,29.0,-69.0,-299.0,81.0,-872.0,-216.0,2
8110,30.0,-223.0,-71.0,16.0,-73.0,-303.0,83.0,-870.0,-220.0,2
8111,30.0,-223.0,-72.0,-7.0,-76.0,-308.0,93.0,-877.0,-216.0,2
8112,28.0,-224.0,-66.0,-24.0,-74.0,-311.0,92.0,-876.0,-208.0,2
8113,30.0,-228.0,-72.0,-36.0,-77.0,-308.0,94.0,-873.0,-206.0,2
8114,29.0,-222.0,-66.0,-45.0,-77.0,-309.0,88.0,-878.0,-205.0,2
8115,29.0,-226.0,-69.0,-61.0,-79.0,-305.0,81.0,-885.0,-207.0,2
8116,26.0,-230.0,-66.0,-80.0,-80.0,-303.0,80.0,-883.0,-199.0,2
8117,25.0,-229.0,-64.0,-96.0,-83.0,-298.0,69.0,-894.0,-187.0,2
8118,23.0,-231.0,-69.0,-106.0,-84.0,-292.0,55.0,-893.0,-187.0,2
8119,20.0,-234.0,-64.0,-111.0,-77.0,-284.0,46.0,-905.0,-185.0,2
8120,17.0,-235.0,-64.0,-118.0,-73.0,-279.0,39.0,-916.0,-190.0,2
8121,14.0,-241.0,-65.0,-134.0,-80.0,-270.0,27.0,-925.0,-180.0,2
8122,12.0,-244.0,-57.0,-150.0,-92.0,-269.0,29.0,-943.0,-169.0,2
8123,12.0,-245.0,-58.0,-149.0,-104.0,-269.0,20.0,-947.0,-167.0,2
8124,11.0,-246.0,-59.0,-143.0,-107.0,-267.0,12.0,-940.0,-164.0,2
8125,9.0,-244.0,-61.0,-133.0,-105.0,-252.0,12.0,-932.0,-168.0,2
8126,13.0,-242.0,-62.0,-126.0,-101.0,-239.0,18.0,-929.0,-178.0,2
8127,12.0,-236.0,-62.0,-123.0,-102.0,-228.0,22.0,-920.0,-174.0,2
8128,10.0,-237.0,-60.0,-125.0,-105.0,-218.0,21.0,-907.0,-179.0,2
8129,13.0,-234.0,-59.0,-129.0,-114.0,-205.0,24.0,-904.0,-180.0,2
8130,14.0,-230.0,-61.0,-137.0,-116.0,-193.0,28.0,-893.0,-174.0,2
8131,16.0,-229.0,-58.0,-138.0,-117.0,-180.0,43.0,-894.0,-167.0,2
8132,20.0,-230.0,-59.0,-136.0,-122.0,-165.0,58.0,-887.0,-160.0,2
8133,23.0,-228.0,-58.0,-134.0,-124.0,-152.0,64.0,-891.0,-166.0,2
8134,25.0,-227.0,-58.0,-133.0,-114.0,-144.0,78.0,-890.0,-157.0,2
8135,30.0,-225.0,-57.0,-133.0,-102.0,-134.0,95.0,-888.0,-153.0,2
8136,30.0,-228.0,-57.0,-132.0,-91.0,-125.0,100.0,-888.0,-156.0,2
8137,30.0,-227.0,-60.0,-135.0,-86.0,-117.0,99.0,-890.0,-160.0,2
8138,30.0,-230.0,-58.0,-146.0,-90.0,-111.0,98.0,-892.0,-165.0,2
8139,32.0,-234.0,-56.0,-159.0,-96.0,-107.0,98.0,-902.0,-160.0,2
8140,33.0,-235.0,-58.0,-172.0,-105.0,-101.0,90.0,-909.0,-150.0,2
8141,28.0,-242.0,-57.0,-181.0,-110.0,-93.0,88.0,-921.0,-151.0,2
8142,32.0,-242.0,-55.0,-182.0,-108.0,-84.0,86.0,-937.0,-149.0,2
8143,29.0,-244.0,-55.0,-174.0,-101.0,-71.0,79.0,-943.0,-148.0,2
8144,28.0,-244.0,-55.0,-160.0,-85.0,-63.0,78.0,-949.0,-146.0,2
8145,27.0,-249.0,-54.0,-144.0,-72.0,-53.0,70.0,-948.0,-145.0,2
8146,23.0,-246.0,-57.0,-130.0,-61.0,-43.0,67.0,-958.0,-151.0,2
8147,25.0,-246.0,-57.0,-124.0,-56.0,-34.0,71.0,-954.0,-152.0,2
8148,23.0,-248.0,-52.0,-125.0,-58.0,-29.0,62.0,-962.0,-149.0,2
8149,23.0,-251.0,-54.0,-133.0,-62.0,-25.0,60.0,-971.0,-144.0,2
8150,19.0,-252.0,-53.0,-137.0,-67.0,-24.0,49.0,-968.0,-142.0,2
8151,17.0,-250.0,-51.0,-138.0,-70.0,-24.0,42.0,-971.0,-132.0,2
8152,18.0,-250.0,-49.0,-129.0,-77.0,-23.0,48.0,-965.0,-128.0,2
8153,15.0,-250.0,-52.0,-121.0,-79.0,-21.0,35.0,-964.0,-135.0,2
8154,16.0,-248.0,-54.0,-115.0,-77.0,-21.0,35.0,-954.0,-135.0,2
8155,18.0,-245.0,-54.0,-112.0,-74.0,-20.0,29.0,-952.0,-137.0,2
8156,17.0,-245.0,-54.0,-112.0,-73.0,-21.0,32.0,-948.0,-132.0,2
8157,16.0,-245.0,-47.0,-115.0,-75.0,-18.0,29.0,-949.0,-128.0,2
8158,13.0,-246.0,-51.0,-117.0,-77.0,-17.0,24.0,-949.0,-124.0,2
8159,13.0,-246.0,-47.0,-113.0,-80.0,-17.0,31.0,-948.0,-116.0,2
8160,13.0,-243.0,-50.0,-110.0,-87.0,-19.0,27.0,-955.0,-115.0,2
8161,14.0,-246.0,-49.0,-105.0,-97.0,-22.0,33.0,-950.0,-122.0,2
8162,17.0,-248.0,-49.0,-104.0,-112.0,-25.0,37.0,-955.0,-120.0,2
8163,17.0,-249.0,-46.0,-107.0,-134.0,-31.0,34.0,-958.0,-113.0,2
8164,16.0,-250.0,-45.0,-110.0,-159.0,-38.0,38.0,-966.0,-114.0,2
8165,18.0,-253.0,-44.0,-112.0,-180.0,-43.0,34.0,-972.0,-107.0,2
8166,15.0,-254.0,-43.0,-111.0,-197.0,-45.0,33.0,-972.0,-103.0,2
8167,17.0,-255.0,-44.0,-99.0,-208.0,-45.0,28.0,-978.0,-98.0,2
8168,19.0,-256.0,-44.0,-80.0,-216.0,-44.0,38.0,-975.0,-108.0,2
8169,18.0,-257.0,-45.0,-64.0,-221.0,-43.0,37.0,-998.0,-114.0,2
8170,17.0,-257.0,-47.0,-54.0,-228.0,-43.0,23.0,-996.0,-113.0,2
8171,13.0,-255.0,-48.0,-44.0,-240.0,-44.0,20.0,-997.0,-109.0,2
8172,15.0,-257.0,-46.0,-31.0,-252.0,-44.0,24.0,-1000.0,-114.0,2
8173,13.0,-254.0,-48.0,-17.0,-268.0,-45.0,22.0,-989.0,-119.0,2
8174,14.0,-254.0,-46.0,-2.0,-283.0,-44.0,26.0,-965.0,-120.0,2
8175,15.0,-249.0,-53.0,13.0,-301.0,-42.0,37.0,-966.0,-134.0,2
8176,17.0,-245.0,-54.0,13.0,-314.0,-41.0,29.0,-946.0,-142.0,2
8177,19.0,-240.0,-57.0,14.0,-324.0,-37.0,50.0,-933.0,-150.0,2
8178,25.0,-241.0,-54.0,14.0,-333.0,-36.0,55.0,-921.0,-157.0,2
8179,25.0,-239.0,-56.0,9.0,-336.0,-34.0,66.0,-917.0,-166.0,2
8180,26.0,-237.0,-55.0,7.0,-336.0,-31.0,79.0,-918.0,-154.0,2
8181,30.0,-237.0,-55.0,0.0,-334.0,-27.0,81.0,-914.0,-154.0,2
8182,33.0,-237.0,-54.0,-10.0,-331.0,-22.0,91.0,-916.0,-138.0,2
8183,30.0,-239.0,-52.0,-26.0,-331.0,-18.0,94.0,-930.0,-122.0,2
8184,33.0,-241.0,-42.0,-36.0,-329.0,-15.0,100.0,-932.0,-99.0,2
8185,36.0,-246.0,-39.0,-32.0,-327.0,-18.0,103.0,-953.0,-71.0,2
8186,30.0,-255.0,-33.0,-22.0,-331.0,-22.0,105.0,-972.0,-67.0,2
8187,32.0,-258.0,-36.0,-15.0,-341.0,-22.0,94.0,-1003.0,-59.0,2
8188,30.0,-259.0,-32.0,-8.0,-351.0,-26.0,82.0,-1021.0,-53.0,2
8189,28.0,-266.0,-33.0,-3.0,-366.0,-35.0,76.0,-1042.0,-50.0,2
8190,23.0,-269.0,-28.0,-1.0,-384.0,-43.0,62.0,-1058.0,-38.0,2
8191,24.0,-278.0,-31.0,9.0,-403.0,-53.0,57.0,-1076.0,-49.0,2
8192,24.0,-278.0,-30.0,12.0,-421.0,-59.0,57.0,-1087.0,-45.0,2
8193,22.0,-284.0,-34.0,17.0,-432.0,-70.0,62.0,-1098.0,-66.0,2
8194,23.0,-282.0,-44.0,10.0,-445.0,-85.0,64.0,-1107.0,-91.0,2
8195,25.0,-285.0,-38.0,-7.0,-457.0,-109.0,63.0,-1108.0,-92.0,2
8196,27.0,-289.0,-44.0,-7.0,-465.0,-131.0,64.0,-1115.0,-101.0,2
8197,27.0,-285.0,-45.0,7.0,-475.0,-153.0,72.0,-1115.0,-108.0,2
8198,32.0,-286.0,-48.0,24.0,-486.0,-171.0,89.0,-1110.0,-121.0,2
8199,39.0,-282.0,-54.0,39.0,-496.0,-191.0,111.0,-1097.0,-134.0,2
8200,47.0,-276.0,-51.0,51.0,-501.0,-212.0,140.0,-1072.0,-144.0,2
8201,52.0,-267.0,-55.0,66.0,-496.0,-231.0,164.0,-1053.0,-158.0,2
8202,53.0,-266.0,-61.0,79.0,-480.0,-246.0,179.0,-1046.0,-167.0,2
8203,57.0,-263.0,-62.0,82.0,-454.0,-257.0,195.0,-1045.0,-169.0,2
8204,56.0,-269.0,-59.0,67.0,-425.0,-262.0,191.0,-1051.0,-171.0,2
8205,57.0,-268.0,-62.0,32.0,-401.0,-260.0,196.0,-1067.0,-165.0,2
8206,58.0,-274.0,-55.0,-10.0,-368.0,-252.0,191.0,-1075.0,-152.0,2
8207,58.0,-278.0,-60.0,-42.0,-332.0,-241.0,195.0,-1099.0,-160.0,2
8208,60.0,-288.0,-65.0,-59.0,-287.0,-223.0,200.0,-1127.0,-180.0,2
8209,67.0,-300.0,-71.0,-74.0,-247.0,-193.0,211.0,-1153.0,-215.0,2
8210,70.0,-305.0,-81.0,-79.0,-212.0,-163.0,232.0,-1177.0,-243.0,2
8211,81.0,-309.0,-87.0,-70.0,-178.0,-144.0,243.0,-1195.0,-264.0,2
8212,80.0,-315.0,-87.0,-47.0,-138.0,-129.0,258.0,-1218.0,-280.0,2
8213,86.0,-317.0,-97.0,-23.0,-92.0,-115.0,278.0,-1226.0,-299.0,2
8214,92.0,-318.0,-96.0,-1.0,-37.0,-103.0,301.0,-1227.0,-321.0,2
8215,93.0,-319.0,-99.0,19.0,25.0,-99.0,315.0,-1234.0,-341.0,2
8216,89.0,-317.0,-104.0,39.0,87.0,-97.0,303.0,-1238.0,-332.0,2
8217,81.0,-318.0,-95.0,86.0,148.0,-95.0,277.0,-1227.0,-305.0,2
8218,68.0,-316.0,-83.0,136.0,172.0,-96.0,231.0,-1215.0,-262.0,2
8219,52.0,-307.0,-66.0,192.0,182.0,-90.0,186.0,-1191.0,-216.0,2
8220,45.0,-300.0,-61.0,249.0,186.0,-71.0,144.0,-1161.0,-174.0,2
8221,37.0,-289.0,-56.0,297.0,194.0,-47.0,109.0,-1126.0,-159.0,2
8222,29.0,-276.0,-58.0,329.0,208.0,-21.0,83.0,-1083.0,-153.0,2
8223,20.0,-262.0,-55.0,349.0,216.0,0.0,57.0,-1037.0,-154.0,2
8224,13.0,-251.0,-63.0,357.0,203.0,21.0,20.0,-975.0,-179.0,2
8225,0.0,-238.0,-70.0,358.0,174.0,38.0,-8.0,-932.0,-198.0,2
8226,-2.0,-228.0,-74.0,359.0,138.0,56.0,-26.0,-897.0,-223.0,2
8227,-8.0,-218.0,-77.0,361.0,101.0,72.0,-43.0,-852.0,-248.0,2
8228,-12.0,-211.0,-85.0,353.0,76.0,83.0,-66.0,-836.0,-258.0,2
8229,-12.0,-207.0,-89.0,338.0,61.0,96.0,-77.0,-830.0,-273.0,2
8230,-13.0,-208.0,-88.0,310.0,51.0,109.0,-82.0,-822.0,-284.0,2
8231,-11.0,-210.0,-90.0,279.0,40.0,120.0,-80.0,-821.0,-290.0,2
8232,-11.0,-209.0,-95.0,245.0,33.0,128.0,-68.0,-826.0,-312.0,2
8233,-8.0,-214.0,-94.0,213.0,18.0,136.0,-62.0,-835.0,-322.0,2
8234,-2.0,-216.0,-103.0,189.0,3.0,139.0,-45.0,-843.0,-339.0,2
8235,-1.0,-215.0,-110.0,169.0,-8.0,136.0,-27.0,-846.0,-365.0,2
8236,4.0,-213.0,-114.0,151.0,-20.0,133.0,-10.0,-841.0,-389.0,2
8237,9.0,-214.0,-112.0,137.0,-28.0,125.0,13.0,-835.0,-380.0,2
8238,14.0,-211.0,-114.0,132.0,-31.0,112.0,18.0,-827.0,-382.0,2
8239,13.0,-211.0,-113.0,127.0,-29.0,94.0,21.0,-821.0,-385.0,2
8240,14.0,-207.0,-110.0,111.0,-29.0,78.0,26.0,-811.0,-373.0,2
8241,12.0,-202.0,-109.0,98.0,-31.0,61.0,23.0,-789.0,-370.0,2
8242,11.0,-198.0,-115.0,89.0,-32.0,48.0,18.0,-781.0,-367.0,2
8243,12.0,-197.0,-112.0,79.0,-34.0,31.0,21.0,-776.0,-372.0,2
8244,4.0,-193.0,-108.0,65.0,-38.0,13.0,4.0,-762.0,-371.0,2
8245,0.0,-195.0,-110.0,47.0,-38.0,-6.0,-18.0,-759.0,-376.0,2
8246,-6.0,-193.0,-111.0,22.0,-44.0,-22.0,-36.0,-755.0,-380.0,2
8247,-9.0,-196.0,-115.0,-6.0,-56.0,-42.0,-63.0,-769.0,-375.0,2
8248,-14.0,-200.0,-111.0,-34.0,-77.0,-56.0,-91.0,-788.0,-371.0,2
8249,-23.0,-204.0,-104.0,-68.0,-92.0,-62.0,-119.0,-804.0,-359.0,2
8250,-31.0,-211.0,-101.0,-87.0,-102.0,-62.0,-142.0,-827.0,-344.0,2
8251,-41.0,-216.0,-95.0,-96.0,-105.0,-60.0,-170.0,-838.0,-326.0,2
8252,-43.0,-223.0,-96.0,-99.0,-109.0,-55.0,-201.0,-850.0,-308.0,2
8253,-46.0,-222.0,-94.0,-98.0,-117.0,-45.0,-210.0,-883.0,-314.0,2
8254,-47.0,-233.0,-95.0,-100.0,-126.0,-30.0,-215.0,-899.0,-315.0,2
8255,-48.0,-238.0,-98.0,-108.0,-139.0,-16.0,-211.0,-919.0,-318.0,2
8256,-44.0,-244.0,-95.0,-117.0,-158.0,2.0,-204.0,-947.0,-318.0,2
8257,-42.0,-253.0,-95.0,-121.0,-176.0,19.0,-192.0,-972.0,-319.0,2
8258,-32.0,-260.0,-97.0,-123.0,-189.0,45.0,-163.0,-1007.0,-325.0,2
8259,-24.0,-265.0,-99.0,-130.0,-197.0,65.0,-133.0,-1031.0,-324.0,2
8260,-17.0,-270.0,-99.0,-131.0,-192.0,87.0,-103.0,-1052.0,-327.0,2
8261,-11.0,-273.0,-95.0,-134.0,-177.0,110.0,-73.0,-1071.0,-308.0,2
8262,2.0,-280.0,-93.0,-124.0,-154.0,133.0,-22.0,-1093.0,-297.0,2
8263,12.0,-286.0,-88.0,-110.0,-130.0,141.0,9.0,-1106.0,-277.0,2
8264,19.0,-287.0,-81.0,-86.0,-107.0,158.0,41.0,-1121.0,-258.0,2
8265,24.0,-289.0,-79.0,-52.0,-79.0,172.0,57.0,-1123.0,-243.0,2
8266,29.0,-290.0,-73.0,-8.0,-48.0,183.0,74.0,-1123.0,-226.0,2
8267,31.0,-289.0,-75.0,40.0,-13.0,192.0,80.0,-1122.0,-224.0,2
8268,32.0,-284.0,-73.0,81.0,23.0,205.0,85.0,-1109.0,-221.0,2
8269,33.0,-282.0,-74.0,121.0,64.0,219.0,99.0,-1096.0,-220.0,2
8270,36.0,-280.0,-71.0,168.0,88.0,229.0,101.0,-1078.0,-230.0,2
8271,25.0,-271.0,-77.0,207.0,99.0,239.0,72.0,-1051.0,-233.0,2
8272,24.0,-263.0,-76.0,244.0,111.0,256.0,62.0,-1024.0,-234.0,2
8273,19.0,-257.0,-75.0,277.0,128.0,268.0,45.0,-1001.0,-228.0,2
8274,14.0,-249.0,-76.0,303.0,145.0,277.0,29.0,-973.0,-234.0,2
8275,8.0,-246.0,-75.0,310.0,154.0,276.0,5.0,-955.0,-234.0,2
8276,2.0,-243.0,-71.0,304.0,163.0,285.0,-22.0,-940.0,-221.0,2
8277,-1.0,-240.0,-69.0,294.0,170.0,289.0,-32.0,-926.0,-211.0,2
8278,-4.0,-235.0,-71.0,285.0,180.0,289.0,-37.0,-911.0,-199.0,2
8279,-8.0,-228.0,-66.0,281.0,186.0,279.0,-59.0,-896.0,-187.0,2
8280,-12.0,-226.0,-72.0,277.0,191.0,276.0,-86.0,-879.0,-211.0,2
8281,-16.0,-223.0,-71.0,260.0,196.0,276.0,-97.0,-873.0,-212.0,2
8282,-18.0,-218.0,-72.0,235.0,197.0,274.0,-104.0,-862.0,-217.0,2
8283,-18.0,-219.0,-74.0,204.0,193.0,266.0,-108.0,-852.0,-217.0,2
8284,-22.0,-214.0,-72.0,176.0,189.0,266.0,-117.0,-850.0,-212.0,2
8285,-21.0,-218.0,-68.0,153.0,188.0,266.0,-116.0,-838.0,-204.0,2
8286,-21.0,-216.0,-68.0,139.0,185.0,273.0,-110.0,-833.0,-202.0,2
8287,-17.0,-215.0,-63.0,129.0,180.0,272.0,-105.0,-832.0,-186.0,2
8288,-13.0,-214.0,-66.0,118.0,175.0,274.0,-95.0,-832.0,-184.0,2
8289,-12.0,-215.0,-65.0,99.0,178.0,271.0,-80.0,-836.0,-186.0,2
8290,-10.0,-215.0,-65.0,70.0,188.0,273.0,-60.0,-838.0,-190.0,2
8291,-11.0,-214.0,-64.0,29.0,192.0,265.0,-60.0,-845.0,-187.0,2
8292,-7.0,-220.0,-61.0,0.0,198.0,265.0,-58.0,-860.0,-181.0,2
8293,-3.0,-226.0,-66.0,-23.0,207.0,265.0,-36.0,-883.0,-174.0,2
8294,1.0,-228.0,-64.0,-40.0,214.0,265.0,-23.0,-889.0,-172.0,2
8295,-1.0,-232.0,-62.0,-54.0,214.0,253.0,-19.0,-899.0,-171.0,2
8296,3.0,-236.0,-59.0,-60.0,213.0,246.0,-20.0,-909.0,-173.0,2
8297,0.0,-237.0,-58.0,-66.0,210.0,235.0,-23.0,-914.0,-160.0,2
8298,0.0,-238.0,-56.0,-68.0,211.0,231.0,-15.0,-925.0,-154.0,2
8299,4.0,-240.0,-56.0,-69.0,216.0,217.0,-11.0,-930.0,-147.0,2
8300,4.0,-242.0,-51.0,-69.0,221.0,205.0,-12.0,-927.0,-137.0,2
8301,4.0,-240.0,-56.0,-64.0,230.0,191.0,-14.0,-930.0,-144.0,2
8302,0.0,-241.0,-56.0,-62.0,236.0,174.0,-18.0,-922.0,-143.0,2
8303,-2.0,-238.0,-56.0,-61.0,235.0,158.0,-25.0,-919.0,-149.0,2
8304,-8.0,-235.0,-56.0,-63.0,232.0,144.0,-40.0,-915.0,-158.0,2
8305,-9.0,-235.0,-58.0,-70.0,233.0,128.0,-50.0,-911.0,-160.0,2
8306,-9.0,-238.0,-58.0,-79.0,232.0,114.0,-60.0,-916.0,-163.0,2
8307,-12.0,-235.0,-62.0,-88.0,231.0,98.0,-65.0,-905.0,-162.0,2
8308,-14.0,-234.0,-58.0,-95.0,230.0,83.0,-74.0,-905.0,-154.0,2
8309,-12.0,-234.0,-56.0,-94.0,229.0,67.0,-92.0,-904.0,-145.0,2
8310,-16.0,-232.0,-53.0,-95.0,230.0,55.0,-97.0,-900.0,-137.0,2
8311,-17.0,-231.0,-53.0,-98.0,234.0,40.0,-97.0,-898.0,-131.0,2
8312,-13.0,-235.0,-47.0,-100.0,239.0,34.0,-84.0,-905.0,-118.0,2
8313,-12.0,-238.0,-46.0,-103.0,245.0,22.0,-71.0,-911.0,-120.0,2
8314,-12.0,-236.0,-47.0,-109.0,248.0,14.0,-75.0,-914.0,-115.0,2
8315,-12.0,-239.0,-50.0,-114.0,245.0,4.0,-74.0,-922.0,-118.0,2
8316,-8.0,-242.0,-51.0,-114.0,238.0,-2.0,-65.0,-929.0,-113.0,2
8317,-8.0,-241.0,-46.0,-107.0,233.0,-10.0,-52.0,-939.0,-117.0,2
8318,-5.0,-245.0,-50.0,-101.0,229.0,-15.0,-43.0,-940.0,-118.0,2
8319,-4.0,-247.0,-52.0,-98.0,223.0,-25.0,-38.0,-945.0,-119.0,2
8320,-4.0,-248.0,-49.0,-98.0,217.0,-29.0,-33.0,-957.0,-123.0,2
8321,-2.0,-250.0,-47.0,-107.0,209.0,-35.0,-26.0,-967.0,-126.0,2
8322,-4.0,-251.0,-50.0,-115.0,197.0,-40.0,-26.0,-964.0,-124.0,2
8323,-5.0,-251.0,-55.0,-118.0,189.0,-47.0,-40.0,-966.0,-117.0,2
8324,-6.0,-254.0,-49.0,-116.0,181.0,-49.0,-56.0,-971.0,-126.0,2
8325,-8.0,-253.0,-52.0,-112.0,170.0,-53.0,-66.0,-973.0,-131.0,2
8326,-12.0,-253.0,-50.0,-111.0,157.0,-54.0,-77.0,-970.0,-137.0,2
8327,-19.0,-252.0,-55.0,-110.0,141.0,-58.0,-105.0,-975.0,-153.0,2
8328,-26.0,-251.0,-57.0,-112.0,124.0,-55.0,-126.0,-973.0,-165.0,2
8329,-27.0,-252.0,-60.0,-116.0,108.0,-55.0,-137.0,-971.0,-169.0,2
8330,-30.0,-253.0,-63.0,-119.0,89.0,-46.0,-138.0,-975.0,-172.0,2
8331,-28.0,-252.0,-64.0,-124.0,76.0,-38.0,-141.0,-972.0,-181.0,2
8332,-28.0,-252.0,-62.0,-134.0,65.0,-20.0,-136.0,-974.0,-175.0,2
8333,-22.0,-254.0,-59.0,-147.0,65.0,-7.0,-121.0,-976.0,-167.0,2
8334,-15.0,-254.0,-57.0,-158.0,75.0,10.0,-94.0,-978.0,-151.0,2
8335,-9.0,-254.0,-57.0,-166.0,89.0,18.0,-67.0,-979.0,-136.0,2
8336,-4.0,-254.0,-50.0,-171.0,106.0,25.0,-46.0,-979.0,-131.0,2
8337,2.0,-254.0,-46.0,-171.0,122.0,26.0,-18.0,-978.0,-122.0,2
8338,6.0,-253.0,-48.0,-160.0,133.0,28.0,-5.0,-975.0,-122.0,2
8339,7.0,-254.0,-53.0,-150.0,140.0,26.0,-1.0,-980.0,-128.0,2
8340,9.0,-254.0,-53.0,-149.0,152.0,26.0,1.0,-987.0,-130.0,2
8341,7.0,-258.0,-48.0,-151.0,164.0,22.0,1.0,-1001.0,-128.0,2
8342,6.0,-262.0,-46.0,-146.0,173.0,22.0,2.0,-1007.0,-114.0,2
8343,3.0,-260.0,-49.0,-126.0,182.0,16.0,0.0,-1014.0,-115.0,2
8344,6.0,-262.0,-43.0,-105.0,196.0,16.0,-13.0,-1024.0,-111.0,2
8345,4.0,-262.0,-41.0,-78.0,213.0,10.0,-10.0,-1022.0,-95.0,2
8346,-1.0,-263.0,-43.0,-47.0,231.0,3.0,-24.0,-1017.0,-92.0,2
8347,-1.0,-265.0,-41.0,-10.0,249.0,-6.0,-32.0,-1027.0,-83.0,2
8348,-3.0,-262.0,-37.0,27.0,264.0,-7.0,-37.0,-1023.0,-71.0,2
8349,-1.0,-261.0,-35.0,64.0,276.0,-10.0,-35.0,-1018.0,-63.0,2
8350,-3.0,-258.0,-31.0,97.0,292.0,-9.0,-36.0,-1007.0,-56.0,2
8351,4.0,-260.0,-31.0,124.0,312.0,-8.0,-19.0,-1004.0,-56.0,2
8352,7.0,-256.0,-31.0,138.0,335.0,-4.0,-16.0,-986.0,-65.0,2
8353,5.0,-256.0,-35.0,140.0,364.0,1.0,-10.0,-985.0,-66.0,2
8354,6.0,-252.0,-32.0,126.0,390.0,7.0,11.0,-974.0,-61.0,2
8355,11.0,-256.0,-28.0,116.0,415.0,9.0,7.0,-975.0,-45.0,2
8356,11.0,-255.0,-29.0,116.0,437.0,12.0,18.0,-987.0,-37.0,2
8357,13.0,-258.0,-31.0,121.0,456.0,7.0,14.0,-1002.0,-34.0,2
8358,10.0,-258.0,-26.0,124.0,471.0,11.0,7.0,-1008.0,-40.0,2
8359,5.0,-259.0,-25.0,122.0,480.0,13.0,-4.0,-1002.0,-23.0,2
8360,2.0,-260.0,-28.0,123.0,486.0,23.0,-23.0,-1013.0,-25.0,2
8361,-2.0,-261.0,-20.0,122.0,494.0,33.0,-36.0,-1010.0,-20.0,2
8362,-5.0,-259.0,-23.0,122.0,507.0,49.0,-41.0,-1010.0,-14.0,2
8363,-7.0,-258.0,-17.0,125.0,523.0,59.0,-50.0,-1004.0,-6.0,2
8364,-9.0,-255.0,-17.0,139.0,538.0,68.0,-65.0,-976.0,1.0,2
8365,-12.0,-250.0,-18.0,154.0,550.0,72.0,-76.0,-955.0,10.0,2
8366,-14.0,-242.0,-16.0,170.0,562.0,77.0,-85.0,-946.0,10.0,2
8367,-12.0,-242.0,-21.0,169.0,569.0,75.0,-93.0,-927.0,-8.0,2
8368,-17.0,-236.0,-15.0,151.0,574.0,72.0,-86.0,-910.0,4.0,2
8369,-13.0,-232.0,-13.0,131.0,573.0,62.0,-92.0,-906.0,7.0,2
8370,-12.0,-234.0,-14.0,112.0,569.0,54.0,-82.0,-906.0,23.0,2
8371,-11.0,-236.0,-9.0,96.0,569.0,39.0,-72.0,-910.0,34.0,2
8372,-12.0,-239.0,-8.0,82.0,570.0,24.0,-70.0,-918.0,51.0,2
8373,-10.0,-241.0,-10.0,75.0,564.0,5.0,-73.0,-929.0,39.0,2
8374,-12.0,-245.0,-22.0,60.0,557.0,-16.0,-92.0,-939.0,-12.0,2
8375,-19.0,-248.0,-33.0,8.0,554.0,-33.0,-107.0,-962.0,-54.0,2
8376,-22.0,-252.0,-42.0,-60.0,546.0,-46.0,-127.0,-984.0,-101.0,2
8377,-32.0,-262.0,-51.0,-130.0,537.0,-62.0,-147.0,-1020.0,-139.0,2
8378,-37.0,-271.0,-57.0,-188.0,531.0,-68.0,-170.0,-1062.0,-151.0,2
8379,-43.0,-289.0,-53.0,-216.0,526.0,-73.0,-194.0,-1107.0,-143.0,2
8380,-46.0,-299.0,-53.0,-208.0,517.0,-70.0,-216.0,-1148.0,-133.0,2
8381,-51.0,-309.0,-52.0,-176.0,496.0,-65.0,-229.0,-1180.0,-123.0,2
8382,-52.0,-314.0,-45.0,-137.0,466.0,-53.0,-235.0,-1196.0,-113.0,2
8383,-49.0,-313.0,-43.0,-99.0,433.0,-46.0,-235.0,-1201.0,-115.0,2
8384,-50.0,-312.0,-47.0,-74.0,399.0,-35.0,-226.0,-1194.0,-120.0,2
8385,-49.0,-308.0,-54.0,-60.0,352.0,-27.0,-222.0,-1197.0,-153.0,2
8386,-45.0,-310.0,-59.0,-59.0,316.0,-12.0,-203.0,-1193.0,-172.0,2
8387,-39.0,-308.0,-65.0,-59.0,283.0,-1.0,-183.0,-1195.0,-205.0,2
8388,-40.0,-309.0,-68.0,-57.0,245.0,18.0,-179.0,-1193.0,-208.0,2
8389,-39.0,-313.0,-70.0,-43.0,202.0,31.0,-172.0,-1198.0,-215.0,2
8390,-36.0,-316.0,-71.0,-7.0,150.0,51.0,-170.0,-1210.0,-214.0,2
8391,-34.0,-316.0,-74.0,35.0,96.0,65.0,-166.0,-1213.0,-220.0,2
8392,-36.0,-317.0,-70.0,79.0,41.0,83.0,-175.0,-1213.0,-215.0,2
8393,-40.0,-317.0,-67.0,123.0,-18.0,102.0,-185.0,-1207.0,-216.0,2
8394,-40.0,-310.0,-73.0,159.0,-79.0,121.0,-182.0,-1198.0,-225.0,2
8395,-34.0,-307.0,-76.0,191.0,-140.0,143.0,-173.0,-1177.0,-230.0,2
8396,-28.0,-300.0,-72.0,216.0,-197.0,159.0,-138.0,-1159.0,-228.0,2
8397,-19.0,-294.0,-71.0,231.0,-224.0,160.0,-118.0,-1133.0,-219.0,2
8398,-19.0,-284.0,-67.0,248.0,-230.0,157.0,-102.0,-1102.0,-204.0,2
8399,-14.0,-275.0,-67.0,264.0,-225.0,147.0,-88.0,-1061.0,-192.0,2
8400,-14.0,-261.0,-68.0,279.0,-214.0,134.0,-77.0,-1016.0,-194.0,2
8401,-12.0,-251.0,-65.0,292.0,-200.0,105.0,-87.0,-964.0,-186.0,2
8402,-12.0,-238.0,-63.0,299.0,-183.0,79.0,-86.0,-924.0,-183.0,2
8403,-11.0,-229.0,-61.0,292.0,-163.0,55.0,-76.0,-889.0,-184.0,2
8404,-5.0,-223.0,-62.0,272.0,-143.0,44.0,-55.0,-864.0,-178.0,2
8405,-1.0,-219.0,-56.0,240.0,-116.0,27.0,-38.0,-852.0,-159.0,2
8406,4.0,-215.0,-56.0,208.0,-79.0,11.0,-11.0,-842.0,-147.0,2
8407,10.0,-214.0,-56.0,179.0,-49.0,-11.0,3.0,-846.0,-154.0,2
8408,14.0,-216.0,-62.0,158.0,-16.0,-34.0,27.0,-852.0,-175.0,2
8409,26.0,-222.0,-71.0,131.0,18.0,-61.0,58.0,-861.0,-202.0,2
8410,32.0,-225.0,-77.0,102.0,51.0,-81.0,79.0,-875.0,-225.0,2
8411,32.0,-228.0,-82.0,75.0,84.0,-105.0,95.0,-891.0,-255.0,2
8412,35.0,-232.0,-86.0,49.0,110.0,-114.0,103.0,-905.0,-279.0,2
8413,37.0,-234.0,-89.0,14.0,136.0,-125.0,119.0,-920.0,-280.0,2
8414,39.0,-237.0,-87.0,-14.0,157.0,-129.0,114.0,-926.0,-283.0,2
8415,39.0,-246.0,-92.0,-34.0,174.0,-131.0,114.0,-946.0,-304.0,2
8416,33.0,-244.0,-94.0,-55.0,189.0,-126.0,102.0,-950.0,-296.0,2
8417,32.0,-243.0,-97.0,-73.0,204.0,-116.0,98.0,-948.0,-306.0,2
8418,33.0,-242.0,-101.0,-79.0,217.0,-95.0,93.0,-948.0,-329.0,2
8419,28.0,-240.0,-106.0,-81.0,227.0,-74.0,80.0,-929.0,-351.0,2
8420,21.0,-235.0,-111.0,-78.0,239.0,-44.0,65.0,-915.0,-372.0,2
8421,18.0,-234.0,-112.0,-69.0,242.0,-20.0,51.0,-896.0,-374.0,2
8422,14.0,-223.0,-113.0,-55.0,232.0,6.0,39.0,-882.0,-378.0,2
8423,16.0,-218.0,-116.0,-39.0,216.0,27.0,26.0,-856.0,-381.0,2
8424,17.0,-214.0,-115.0,-32.0,198.0,52.0,43.0,-844.0,-380.0,2
8425,21.0,-216.0,-112.0,-39.0,186.0,69.0,48.0,-833.0,-382.0,2
8426,24.0,-212.0,-110.0,-54.0,182.0,84.0,55.0,-835.0,-372.0,2
8427,21.0,-214.0,-107.0,-66.0,181.0,87.0,57.0,-836.0,-364.0,2
8428,22.0,-215.0,-106.0,-79.0,188.0,85.0,60.0,-843.0,-351.0,2
8429,24.0,-214.0,-105.0,-93.0,200.0,71.0,64.0,-850.0,-346.0,2
8430,28.0,-218.0,-99.0,-102.0,213.0,59.0,77.0,-846.0,-323.0,2
8431,30.0,-217.0,-100.0,-89.0,218.0,40.0,89.0,-842.0,-330.0,2
8432,37.0,-223.0,-111.0,-79.0,235.0,23.0,102.0,-869.0,-373.0,2
8433,42.0,-225.0,-110.0,-103.0,269.0,-4.0,124.0,-885.0,-370.0,2
8434,36.0,-232.0,-104.0,-135.0,301.0,-31.0,122.0,-905.0,-349.0,2
8435,33.0,-242.0,-99.0,-151.0,318.0,-62.0,102.0,-932.0,-335.0,2
8436,28.0,-249.0,-101.0,-159.0,327.0,-88.0,79.0,-966.0,-327.0,2
8437,20.0,-255.0,-95.0,-165.0,332.0,-117.0,57.0,-1001.0,-311.0,2
8438,18.0,-261.0,-90.0,-171.0,328.0,-128.0,50.0,-1015.0,-283.0,2
8439,13.0,-269.0,-80.0,-163.0,311.0,-147.0,24.0,-1030.0,-246.0,2
8440,9.0,-268.0,-76.0,-137.0,287.0,-155.0,13.0,-1044.0,-233.0,2
8441,10.0,-272.0,-72.0,-101.0,263.0,-165.0,8.0,-1049.0,-221.0,2
8442,5.0,-272.0,-68.0,-60.0,237.0,-168.0,0.0,-1053.0,-215.0,2
8443,3.0,-269.0,-66.0,-17.0,207.0,-179.0,-11.0,-1050.0,-209.0,2
8444,-1.0,-266.0,-68.0,22.0,167.0,-190.0,-23.0,-1042.0,-210.0,2
8445,-5.0,-265.0,-70.0,50.0,120.0,-207.0,-39.0,-1029.0,-211.0,2
8446,-8.0,-263.0,-71.0,67.0,68.0,-212.0,-58.0,-1022.0,-208.0,2
8447,-10.0,-260.0,-68.0,72.0,17.0,-222.0,-73.0,-1005.0,-201.0,2
8448,-13.0,-255.0,-71.0,75.0,-31.0,-228.0,-77.0,-1001.0,-206.0,2
8449,-12.0,-256.0,-72.0,71.0,-61.0,-237.0,-75.0,-987.0,-214.0,2
8450,-8.0,-254.0,-70.0,63.0,-80.0,-248.0,-73.0,-981.0,-209.0,2
8451,-12.0,-248.0,-66.0,62.0,-92.0,-267.0,-72.0,-963.0,-200.0,2
8452,-11.0,-246.0,-66.0,68.0,-111.0,-275.0,-68.0,-952.0,-187.0,2
8453,-6.0,-243.0,-63.0,76.0,-130.0,-284.0,-47.0,-949.0,-187.0,2
8454,-2.0,-243.0,-63.0,81.0,-150.0,-288.0,-25.0,-932.0,-184.0,2
8455,4.0,-238.0,-62.0,87.0,-168.0,-297.0,-3.0,-918.0,-187.0,2
8456,8.0,-235.0,-64.0,89.0,-173.0,-305.0,0.0,-912.0,-197.0,2
8457,6.0,-232.0,-61.0,82.0,-174.0,-316.0,3.0,-902.0,-186.0,2
8458,11.0,-231.0,-60.0,74.0,-175.0,-320.0,22.0,-898.0,-188.0,2
8459,19.0,-232.0,-61.0,64.0,-187.0,-324.0,30.0,-892.0,-186.0,2
8460,15.0,-227.0,-67.0,50.0,-200.0,-323.0,37.0,-892.0,-195.0,2
8461,21.0,-228.0,-63.0,30.0,-214.0,-325.0,43.0,-892.0,-196.0,2
8462,23.0,-227.0,-64.0,9.0,-219.0,-316.0,59.0,-887.0,-193.0,2
8463,26.0,-226.0,-61.0,-4.0,-219.0,-310.0,69.0,-883.0,-187.0,2
8464,27.0,-226.0,-66.0,-7.0,-217.0,-300.0,88.0,-887.0,-185.0,2
8465,34.0,-228.0,-65.0,-9.0,-211.0,-298.0,94.0,-880.0,-191.0,2
8466,31.0,-230.0,-64.0,-13.0,-202.0,-292.0,99.0,-893.0,-196.0,2
8467,32.0,-230.0,-65.0,-21.0,-191.0,-289.0,104.0,-894.0,-188.0,2
8468,29.0,-229.0,-67.0,-30.0,-185.0,-282.0,96.0,-894.0,-183.0,2
8469,26.0,-229.0,-60.0,-46.0,-181.0,-278.0,90.0,-895.0,-177.0,2
8470,27.0,-229.0,-58.0,-69.0,-178.0,-271.0,82.0,-901.0,-171.0,2
8471,28.0,-231.0,-57.0,-87.0,-175.0,-268.0,79.0,-903.0,-162.0,2
8472,25.0,-232.0,-57.0,-98.0,-171.0,-261.0,74.0,-906.0,-158.0,2
8473,22.0,-238.0,-57.0,-106.0,-166.0,-259.0,63.0,-921.0,-160.0,2
8474,21.0,-242.0,-60.0,-112.0,-166.0,-253.0,58.0,-929.0,-161.0,2
8475,22.0,-245.0,-56.0,-120.0,-169.0,-250.0,60.0,-934.0,-153.0,2
8476,24.0,-242.0,-56.0,-119.0,-172.0,-242.0,71.0,-942.0,-143.0,2
8477,25.0,-245.0,-56.0,-103.0,-167.0,-243.0,65.0,-946.0,-144.0,2
8478,23.0,-241.0,-59.0,-90.0,-156.0,-240.0,59.0,-938.0,-162.0,2
8479,19.0,-243.0,-60.0,-89.0,-147.0,-237.0,56.0,-925.0,-159.0,2
8480,16.0,-236.0,-62.0,-98.0,-143.0,-224.0,43.0,-918.0,-171.0,2
8481,22.0,-237.0,-60.0,-109.0,-148.0,-213.0,49.0,-913.0,-176.0,2
8482,23.0,-234.0,-62.0,-112.0,-150.0,-198.0,58.0,-915.0,-169.0,2
8483,22.0,-234.0,-63.0,-110.0,-151.0,-192.0,63.0,-905.0,-172.0,2
8484,26.0,-232.0,-59.0,-105.0,-145.0,-175.0,71.0,-903.0,-166.0,2
8485,25.0,-231.0,-60.0,-97.0,-136.0,-163.0,76.0,-893.0,-162.0,2
8486,31.0,-226.0,-58.0,-94.0,-124.0,-142.0,81.0,-885.0,-161.0,2
8487,33.0,-225.0,-55.0,-102.0,-114.0,-128.0,92.0,-880.0,-152.0,2
8488,34.0,-225.0,-56.0,-112.0,-112.0,-113.0,94.0,-882.0,-148.0,2
8489,33.0,-227.0,-57.0,-119.0,-116.0,-106.0,104.0,-878.0,-149.0,2
8490,35.0,-227.0,-56.0,-127.0,-119.0,-91.0,105.0,-884.0,-150.0,2
8491,35.0,-228.0,-57.0,-136.0,-116.0,-82.0,104.0,-881.0,-163.0,2
8492,33.0,-229.0,-58.0,-147.0,-110.0,-68.0,99.0,-889.0,-168.0,2
8493,36.0,-230.0,-64.0,-162.0,-107.0,-60.0,96.0,-894.0,-173.0,2
8494,31.0,-232.0,-59.0,-178.0,-104.0,-46.0,94.0,-907.0,-178.0,2
8495,31.0,-235.0,-58.0,-193.0,-101.0,-39.0,93.0,-910.0,-164.0,2
8496,28.0,-239.0,-57.0,-202.0,-101.0,-25.0,87.0,-927.0,-159.0,2
8497,30.0,-243.0,-49.0,-203.0,-95.0,-23.0,88.0,-941.0,-140.0,2
8498,28.0,-249.0,-50.0,-196.0,-83.0,-18.0,91.0,-950.0,-130.0,2
8499,29.0,-249.0,-50.0,-182.0,-73.0,-17.0,88.0,-959.0,-130.0,2
8500,31.0,-253.0,-52.0,-172.0,-64.0,-16.0,79.0,-968.0,-135.0,2
8501,23.0,-252.0,-52.0,-170.0,-60.0,-22.0,67.0,-972.0,-128.0,2
8502,17.0,-254.0,-52.0,-179.0,-64.0,-22.0,59.0,-977.0,-129.0,2
8503,19.0,-253.0,-50.0,-183.0,-69.0,-25.0,49.0,-977.0,-134.0,2
8504,18.0,-258.0,-52.0,-186.0,-71.0,-26.0,42.0,-981.0,-135.0,2
8505,17.0,-256.0,-54.0,-191.0,-70.0,-31.0,34.0,-980.0,-132.0,2
8506,16.0,-256.0,-50.0,-192.0,-68.0,-30.0,34.0,-980.0,-128.0,2
8507,18.0,-256.0,-45.0,-191.0,-69.0,-34.0,38.0,-977.0,-120.0,2
8508,18.0,-253.0,-51.0,-184.0,-71.0,-34.0,45.0,-981.0,-122.0,2
8509,18.0,-250.0,-51.0,-176.0,-71.0,-37.0,49.0,-975.0,-130.0,2
8510,22.0,-252.0,-55.0,-177.0,-69.0,-34.0,52.0,-968.0,-140.0,2
8511,24.0,-248.0,-59.0,-181.0,-66.0,-32.0,64.0,-965.0,-162.0,2
8512,28.0,-249.0,-60.0,-193.0,-66.0,-29.0,80.0,-966.0,-176.0,2
8513,28.0,-253.0,-59.0,-200.0,-64.0,-36.0,77.0,-977.0,-171.0,2
8514,26.0,-259.0,-51.0,-193.0,-65.0,-46.0,73.0,-993.0,-146.0,2
8515,24.0,-259.0,-44.0,-172.0,-77.0,-59.0,69.0,-1003.0,-116.0,2
8516,26.0,-259.0,-41.0,-142.0,-98.0,-66.0,67.0,-1000.0,-87.0,2
8517,25.0,-258.0,-41.0,-116.0,-118.0,-78.0,62.0,-1001.0,-76.0,2
8518,23.0,-257.0,-40.0,-100.0,-133.0,-85.0,62.0,-1002.0,-89.0,2
8519,21.0,-255.0,-38.0,-95.0,-147.0,-90.0,52.0,-975.0,-95.0,2
8520,19.0,-254.0,-44.0,-89.0,-157.0,-91.0,44.0,-976.0,-98.0,2
8521,12.0,-255.0,-44.0,-81.0,-170.0,-97.0,26.0,-975.0,-100.0,2
8522,9.0,-253.0,-43.0,-68.0,-188.0,-95.0,9.0,-977.0,-91.0,2
8523,7.0,-254.0,-40.0,-49.0,-208.0,-95.0,3.0,-972.0,-88.0,2
8524,5.0,-252.0,-39.0,-37.0,-231.0,-88.0,3.0,-975.0,-85.0,2
8525,11.0,-251.0,-44.0,-33.0,-250.0,-87.0,8.0,-972.0,-89.0,2
8526,16.0,-253.0,-43.0,-32.0,-266.0,-81.0,25.0,-965.0,-96.0,2
8527,20.0,-252.0,-45.0,-32.0,-276.0,-78.0,42.0,-963.0,-103.0,2
8528,21.0,-249.0,-51.0,-30.0,-282.0,-73.0,50.0,-966.0,-111.0,2
8529,22.0,-247.0,-48.0,-25.0,-286.0,-72.0,56.0,-962.0,-124.0,2
8530,23.0,-247.0,-53.0,-20.0,-291.0,-64.0,60.0,-952.0,-134.0,2
8531,25.0,-246.0,-53.0,-20.0,-293.0,-59.0,59.0,-960.0,-132.0,2
8532,25.0,-244.0,-49.0,-18.0,-291.0,-50.0,73.0,-948.0,-122.0,2
8533,26.0,-244.0,-49.0,-9.0,-290.0,-46.0,74.0,-947.0,-119.0,2
8534,28.0,-245.0,-47.0,-5.0,-293.0,-40.0,73.0,-947.0,-110.0,2
8535,25.0,-247.0,-42.0,-5.0,-301.0,-36.0,75.0,-951.0,-96.0,2
8536,31.0,-246.0,-40.0,-8.0,-309.0,-30.0,91.0,-948.0,-90.0,2
8537,31.0,-245.0,-41.0,-17.0,-318.0,-26.0,98.0,-955.0,-83.0,2
8538,33.0,-247.0,-41.0,-22.0,-322.0,-19.0,96.0,-954.0,-81.0,2
8539,31.0,-248.0,-40.0,-22.0,-322.0,-13.0,95.0,-964.0,-89.0,2
8540,32.0,-252.0,-41.0,-25.0,-320.0,-8.0,91.0,-975.0,-83.0,2
8541,32.0,-256.0,-36.0,-30.0,-318.0,-6.0,87.0,-980.0,-72.0,2
8542,28.0,-259.0,-34.0,-34.0,-314.0,-6.0,77.0,-1005.0,-60.0,2
8543,25.0,-261.0,-26.0,-33.0,-322.0,-15.0,67.0,-1008.0,-32.0,2
8544,25.0,-263.0,-25.0,-16.0,-334.0,-20.0,62.0,-1023.0,-24.0,2
8545,25.0,-262.0,-23.0,-7.0,-344.0,-27.0,61.0,-1028.0,-20.0,2
8546,28.0,-268.0,-25.0,8.0,-352.0,-30.0,76.0,-1044.0,-26.0,2
8547,32.0,-268.0,-23.0,20.0,-359.0,-39.0,95.0,-1047.0,-24.0,2
8548,34.0,-269.0,-26.0,36.0,-370.0,-49.0,99.0,-1039.0,-33.0,2
8549,36.0,-263.0,-28.0,54.0,-381.0,-64.0,104.0,-1035.0,-38.0,2
8550,37.0,-261.0,-29.0,72.0,-388.0,-69.0,112.0,-1021.0,-43.0,2
8551,38.0,-255.0,-35.0,87.0,-387.0,-75.0,117.0,-1007.0,-49.0,2
8552,40.0,-255.0,-27.0,99.0,-376.0,-77.0,118.0,-989.0,-44.0,2
8553,37.0,-253.0,-33.0,102.0,-364.0,-80.0,121.0,-969.0,-48.0,2
8554,38.0,-249.0,-26.0,93.0,-356.0,-77.0,120.0,-970.0,-39.0,2
8555,40.0,-248.0,-25.0,81.0,-357.0,-78.0,121.0,-965.0,-29.0,2
8556,38.0,-249.0,-27.0,68.0,-367.0,-72.0,123.0,-968.0,-35.0,2
8557,44.0,-250.0,-30.0,48.0,-374.0,-67.0,137.0,-971.0,-42.0,2
8558,51.0,-249.0,-39.0,29.0,-373.0,-62.0,167.0,-981.0,-67.0,2
8559,53.0,-256.0,-45.0,-3.0,-368.0,-61.0,180.0,-1000.0,-90.0,2
8560,56.0,-258.0,-45.0,-38.0,-358.0,-55.0,188.0,-1016.0,-116.0,2
8561,59.0,-265.0,-51.0,-69.0,-346.0,-51.0,196.0,-1044.0,-124.0,2
8562,56.0,-273.0,-46.0,-90.0,-332.0,-45.0,191.0,-1070.0,-124.0,2
8563,59.0,-279.0,-49.0,-100.0,-315.0,-37.0,203.0,-1103.0,-115.0,2
8564,63.0,-288.0,-45.0,-102.0,-298.0,-26.0,213.0,-1121.0,-108.0,2
8565,70.0,-293.0,-42.0,-91.0,-280.0,-24.0,230.0,-1134.0,-92.0,2
8566,70.0,-298.0,-45.0,-71.0,-259.0,-22.0,242.0,-1154.0,-104.0,2
8567,73.0,-301.0,-49.0,-50.0,-235.0,-29.0,239.0,-1164.0,-116.0,2
8568,65.0,-310.0,-58.0,-25.0,-210.0,-33.0,233.0,-1160.0,-125.0,2
8569,63.0,-297.0,-56.0,-7.0,-184.0,-42.0,214.0,-1162.0,-151.0,2
8570,56.0,-297.0,-68.0,9.0,-162.0,-46.0,197.0,-1155.0,-173.0,2
8571,54.0,-295.0,-67.0,21.0,-141.0,-53.0,174.0,-1150.0,-195.0,2
8572,51.0,-292.0,-68.0,30.0,-119.0,-57.0,159.0,-1142.0,-199.0,2
8573,48.0,-292.0,-66.0,35.0,-94.0,-62.0,149.0,-1141.0,-200.0,2
8574,47.0,-292.0,-64.0,38.0,-69.0,-68.0,143.0,-1137.0,-189.0,2
8575,46.0,-292.0,-64.0,46.0,-35.0,-80.0,140.0,-1133.0,-181.0,2
8576,50.0,-292.0,-60.0,52.0,-5.0,-87.0,151.0,-1132.0,-186.0,2
8577,53.0,-291.0,-69.0,63.0,29.0,-101.0,171.0,-1136.0,-193.0,2
8578,57.0,-285.0,-71.0,68.0,68.0,-117.0,194.0,-1119.0,-215.0,2
8579,65.0,-286.0,-77.0,67.0,110.0,-132.0,216.0,-1113.0,-241.0,2
8580,68.0,-285.0,-87.0,62.0,151.0,-139.0,225.0,-1104.0,-267.0,2
8581,68.0,-284.0,-86.0,60.0,189.0,-149.0,239.0,-1100.0,-278.0,2
8582,68.0,-281.0,-84.0,79.0,227.0,-159.0,235.0,-1097.0,-265.0,2
8583,63.0,-284.0,-74.0,115.0,260.0,-162.0,218.0,-1103.0,-236.0,2
8584,49.0,-281.0,-62.0,162.0,286.0,-161.0,165.0,-1087.0,-179.0,2
8585,33.0,-272.0,-56.0,201.0,298.0,-154.0,98.0,-1061.0,-141.0,2
8586,21.0,-263.0,-51.0,234.0,293.0,-130.0,66.0,-1033.0,-133.0,2
8587,17.0,-256.0,-51.0,242.0,274.0,-102.0,30.0,-985.0,-145.0,2
8588,7.0,-237.0,-58.0,241.0,252.0,-62.0,5.0,-925.0,-169.0,2
8589,8.0,-229.0,-71.0,247.0,224.0,-6.0,-1.0,-891.0,-213.0,2
8590,10.0,-220.0,-82.0,245.0,192.0,43.0,7.0,-856.0,-257.0,2
8591,5.0,-208.0,-89.0,231.0,162.0,68.0,-1.0,-827.0,-287.0,2
8592,1.0,-206.0,-96.0,209.0,134.0,87.0,-19.0,-814.0,-316.0,2
8593,-11.0,-205.0,-105.0,178.0,110.0,95.0,-54.0,-812.0,-335.0,2
8594,-14.0,-209.0,-111.0,144.0,88.0,105.0,-79.0,-823.0,-367.0,2
8595,-12.0,-215.0,-114.0,103.0,62.0,113.0,-84.0,-842.0,-393.0,2
8596,-16.0,-224.0,-118.0,59.0,26.0,126.0,-84.0,-879.0,-409.0,2
8597,-12.0,-235.0,-122.0,13.0,-5.0,132.0,-78.0,-908.0,-422.0,2
8598,-11.0,-237.0,-121.0,-10.0,-32.0,135.0,-69.0,-926.0,-415.0,2
8599,-9.0,-244.0,-117.0,-9.0,-55.0,124.0,-57.0,-932.0,-400.0,2
8600,-11.0,-248.0,-117.0,7.0,-80.0,106.0,-54.0,-957.0,-398.0,2
8601,-10.0,-255.0,-117.0,14.0,-108.0,88.0,-65.0,-975.0,-388.0,2
8602,-10.0,-257.0,-111.0,13.0,-139.0,76.0,-62.0,-990.0,-367.0,2
8603,-9.0,-254.0,-105.0,23.0,-162.0,63.0,-51.0,-970.0,-349.0,2
8604,-2.0,-245.0,-110.0,47.0,-177.0,48.0,-40.0,-945.0,-352.0,2
8605,-2.0,-233.0,-108.0,77.0,-180.0,27.0,-41.0,-904.0,-366.0,2
8606,-6.0,-222.0,-118.0,105.0,-179.0,6.0,-53.0,-864.0,-389.0,2
8607,-10.0,-208.0,-120.0,118.0,-170.0,-10.0,-61.0,-826.0,-411.0,2
8608,-11.0,-200.0,-122.0,106.0,-159.0,-16.0,-69.0,-802.0,-426.0,2
8609,-12.0,-199.0,-123.0,75.0,-150.0,-18.0,-65.0,-794.0,-429.0,2
8610,-8.0,-199.0,-120.0,32.0,-140.0,-20.0,-62.0,-784.0,-412.0,2
8611,-8.0,-200.0,-119.0,-10.0,-129.0,-23.0,-60.0,-798.0,-400.0,2
8612,-11.0,-204.0,-117.0,-54.0,-122.0,-23.0,-73.0,-809.0,-395.0,2
8613,-14.0,-210.0,-108.0,-83.0,-117.0,-22.0,-89.0,-826.0,-377.0,2
8614,-20.0,-216.0,-105.0,-100.0,-118.0,-15.0,-94.0,-847.0,-355.0,2
8615,-17.0,-228.0,-100.0,-99.0,-128.0,-5.0,-104.0,-863.0,-340.0,2
8616,-16.0,-232.0,-92.0,-91.0,-134.0,9.0,-98.0,-895.0,-323.0,2
8617,-18.0,-241.0,-94.0,-82.0,-143.0,33.0,-100.0,-924.0,-310.0,2
8618,-15.0,-246.0,-92.0,-72.0,-144.0,59.0,-85.0,-951.0,-293.0,2
8619,-12.0,-251.0,-89.0,-61.0,-140.0,83.0,-68.0,-968.0,-291.0,2
8620,-5.0,-259.0,-91.0,-41.0,-133.0,110.0,-48.0,-1000.0,-297.0,2
8621,-1.0,-262.0,-89.0,-18.0,-119.0,131.0,-37.0,-1020.0,-288.0,2
8622,7.0,-264.0,-91.0,6.0,-100.0,152.0,-6.0,-1042.0,-290.0,2
8623,15.0,-273.0,-93.0,24.0,-74.0,168.0,16.0,-1063.0,-286.0,2
8624,22.0,-274.0,-88.0,34.0,-42.0,183.0,50.0,-1079.0,-275.0,2
8625,26.0,-275.0,-84.0,35.0,-2.0,198.0,62.0,-1089.0,-270.0,2
8626,30.0,-281.0,-79.0,29.0,40.0,213.0,77.0,-1093.0,-249.0,2
8627,33.0,-281.0,-79.0,27.0,87.0,226.0,82.0,-1090.0,-241.0,2
8628,37.0,-281.0,-73.0,39.0,146.0,240.0,100.0,-1091.0,-221.0,2
8629,34.0,-278.0,-67.0,63.0,184.0,247.0,99.0,-1080.0,-211.0,2
8630,35.0,-276.0,-72.0,104.0,215.0,255.0,104.0,-1069.0,-215.0,2
8631,31.0,-268.0,-78.0,147.0,238.0,253.0,85.0,-1051.0,-237.0,2
8632,25.0,-261.0,-77.0,177.0,253.0,263.0,62.0,-1025.0,-233.0,2
8633,21.0,-255.0,-72.0,203.0,269.0,275.0,63.0,-992.0,-233.0,2
8634,19.0,-250.0,-78.0,235.0,286.0,285.0,35.0,-960.0,-231.0,2
8635,13.0,-243.0,-72.0,255.0,295.0,298.0,19.0,-926.0,-222.0,2
8636,12.0,-233.0,-75.0,275.0,300.0,303.0,11.0,-904.0,-222.0,2
8637,5.0,-224.0,-76.0,289.0,307.0,304.0,2.0,-872.0,-230.0,2
8638,6.0,-219.0,-71.0,283.0,319.0,303.0,-8.0,-853.0,-217.0,2
8639,-5.0,-212.0,-77.0,262.0,328.0,303.0,-38.0,-836.0,-219.0,2
8640,-9.0,-210.0,-73.0,233.0,331.0,303.0,-58.0,-827.0,-215.0,2
8641,-12.0,-209.0,-65.0,198.0,332.0,304.0,-73.0,-825.0,-206.0,2
8642,-12.0,-209.0,-69.0,161.0,333.0,309.0,-86.0,-822.0,-201.0,2
8643,-12.0,-214.0,-68.0,129.0,333.0,314.0,-92.0,-837.0,-186.0,2
8644,-13.0,-215.0,-61.0,101.0,332.0,317.0,-89.0,-844.0,-178.0,2
8645,-14.0,-220.0,-56.0,81.0,330.0,315.0,-87.0,-852.0,-166.0,2
8646,-10.0,-223.0,-57.0,68.0,330.0,311.0,-76.0,-869.0,-157.0,2
8647,-11.0,-225.0,-58.0,62.0,333.0,301.0,-71.0,-875.0,-158.0,2
8648,-13.0,-227.0,-57.0,58.0,330.0,289.0,-74.0,-882.0,-168.0,2
8649,-13.0,-227.0,-59.0,49.0,323.0,280.0,-81.0,-891.0,-177.0,2
8650,-14.0,-233.0,-60.0,34.0,320.0,280.0,-81.0,-903.0,-168.0,2
8651,-9.0,-236.0,-61.0,20.0,319.0,278.0,-74.0,-911.0,-167.0,2
8652,-9.0,-239.0,-59.0,7.0,317.0,276.0,-63.0,-916.0,-158.0,2
8653,-9.0,-236.0,-58.0,-5.0,311.0,269.0,-59.0,-918.0,-159.0,2
8654,-9.0,-237.0,-60.0,-11.0,307.0,259.0,-53.0,-918.0,-164.0,2
8655,-6.0,-239.0,-58.0,-22.0,300.0,252.0,-53.0,-919.0,-163.0,2
8656,-3.0,-240.0,-57.0,-34.0,296.0,247.0,-34.0,-916.0,-162.0,2
8657,-3.0,-239.0,-56.0,-38.0,297.0,238.0,-35.0,-918.0,-156.0,2
8658,-2.0,-238.0,-53.0,-38.0,293.0,228.0,-32.0,-913.0,-150.0,2
8659,-2.0,-237.0,-55.0,-32.0,290.0,217.0,-30.0,-911.0,-143.0,2
8660,6.0,-235.0,-54.0,-28.0,286.0,212.0,-20.0,-907.0,-158.0,2
8661,4.0,-232.0,-60.0,-32.0,285.0,203.0,-14.0,-903.0,-156.0,2
8662,4.0,-232.0,-56.0,-42.0,291.0,194.0,-1.0,-896.0,-161.0,2
8663,4.0,-231.0,-57.0,-59.0,302.0,186.0,-7.0,-891.0,-151.0,2
8664,3.0,-228.0,-55.0,-73.0,311.0,178.0,-7.0,-891.0,-149.0,2
8665,2.0,-227.0,-53.0,-90.0,323.0,167.0,-15.0,-890.0,-144.0,2
8666,2.0,-229.0,-55.0,-105.0,332.0,156.0,-21.0,-891.0,-140.0,2
8667,3.0,-226.0,-46.0,-117.0,338.0,147.0,-21.0,-891.0,-126.0,2
8668,5.0,-230.0,-49.0,-126.0,343.0,136.0,-15.0,-891.0,-121.0,2
8669,0.0,-233.0,-45.0,-142.0,343.0,126.0,-20.0,-898.0,-112.0,2
8670,-3.0,-228.0,-43.0,-163.0,338.0,116.0,-30.0,-899.0,-104.0,2
8671,-3.0,-231.0,-39.0,-185.0,338.0,108.0,-27.0,-897.0,-92.0,2
8672,-3.0,-233.0,-39.0,-195.0,344.0,99.0,-40.0,-906.0,-81.0,2
8673,-3.0,-238.0,-44.0,-199.0,355.0,88.0,-47.0,-914.0,-82.0,2
8674,-4.0,-241.0,-39.0,-201.0,366.0,77.0,-44.0,-921.0,-84.0,2
8675,-6.0,-240.0,-40.0,-204.0,374.0,65.0,-41.0,-926.0,-84.0,2
8676,-4.0,-241.0,-37.0,-205.0,383.0,54.0,-50.0,-927.0,-82.0,2
8677,-6.0,-243.0,-40.0,-204.0,390.0,45.0,-43.0,-931.0,-84.0,2
8678,-2.0,-245.0,-41.0,-202.0,395.0,33.0,-39.0,-940.0,-92.0,2
8679,-4.0,-244.0,-44.0,-200.0,397.0,21.0,-38.0,-944.0,-93.0,2
8680,-5.0,-247.0,-42.0,-200.0,399.0,9.0,-43.0,-948.0,-99.0,2
8681,-8.0,-247.0,-41.0,-203.0,395.0,-3.0,-49.0,-950.0,-100.0,2
8682,-3.0,-245.0,-42.0,-203.0,389.0,-10.0,-50.0,-953.0,-94.0,2
8683,-3.0,-248.0,-41.0,-198.0,378.0,-16.0,-45.0,-952.0,-92.0,2
8684,-3.0,-245.0,-40.0,-187.0,372.0,-18.0,-38.0,-954.0,-87.0,2
8685,-4.0,-244.0,-39.0,-176.0,368.0,-21.0,-35.0,-947.0,-81.0,2
8686,-4.0,-244.0,-39.0,-167.0,367.0,-27.0,-41.0,-943.0,-85.0,2
8687,-2.0,-246.0,-43.0,-159.0,365.0,-31.0,-41.0,-944.0,-89.0,2
8688,-8.0,-243.0,-41.0,-159.0,363.0,-36.0,-46.0,-945.0,-89.0,2
8689,-4.0,-247.0,-41.0,-159.0,359.0,-41.0,-54.0,-937.0,-90.0,2
8690,-11.0,-242.0,-46.0,-158.0,355.0,-47.0,-75.0,-942.0,-92.0,2
8691,-16.0,-243.0,-45.0,-158.0,352.0,-48.0,-90.0,-944.0,-106.0,2
8692,-18.0,-244.0,-50.0,-160.0,347.0,-47.0,-100.0,-950.0,-115.0,2
8693,-18.0,-247.0,-51.0,-170.0,342.0,-41.0,-99.0,-951.0,-132.0,2
8694,-14.0,-250.0,-54.0,-190.0,337.0,-33.0,-98.0,-967.0,-136.0,2
8695,-15.0,-253.0,-50.0,-215.0,335.0,-26.0,-92.0,-987.0,-133.0,2
8696,-12.0,-260.0,-50.0,-230.0,334.0,-18.0,-83.0,-1003.0,-123.0,2
8697,-8.0,-259.0,-48.0,-230.0,340.0,-7.0,-68.0,-1009.0,-112.0,2
8698,-5.0,-266.0,-40.0,-217.0,347.0,-4.0,-48.0,-1017.0,-107.0,2
8699,-3.0,-262.0,-50.0,-199.0,356.0,-6.0,-40.0,-1011.0,-109.0,2
8700,2.0,-258.0,-50.0,-175.0,358.0,-12.0,-28.0,-1005.0,-125.0,2
8701,0.0,-259.0,-57.0,-158.0,353.0,-22.0,-25.0,-1000.0,-147.0,2
8702,-7.0,-256.0,-59.0,-146.0,340.0,-30.0,-29.0,-995.0,-156.0,2
8703,-6.0,-257.0,-60.0,-147.0,323.0,-37.0,-53.0,-971.0,-170.0,2
8704,-12.0,-252.0,-68.0,-148.0,301.0,-41.0,-70.0,-974.0,-184.0,2
8705,-15.0,-255.0,-58.0,-150.0,277.0,-38.0,-88.0,-989.0,-179.0,2
8706,-18.0,-260.0,-60.0,-150.0,260.0,-43.0,-109.0,-1007.0,-169.0,2
8707,-19.0,-263.0,-54.0,-143.0,256.0,-51.0,-124.0,-1021.0,-147.0,2
8708,-24.0,-268.0,-49.0,-130.0,260.0,-52.0,-129.0,-1039.0,-127.0,2
8709,-24.0,-271.0,-39.0,-107.0,271.0,-43.0,-128.0,-1053.0,-80.0,2
8710,-25.0,-276.0,-31.0,-65.0,287.0,-34.0,-133.0,-1059.0,-50.0,2
8711,-22.0,-278.0,-24.0,-8.0,304.0,-21.0,-117.0,-1073.0,-32.0,2
8712,-14.0,-279.0,-26.0,48.0,318.0,-7.0,-106.0,-1071.0,-28.0,2
8713,-14.0,-274.0,-24.0,95.0,330.0,9.0,-89.0,-1074.0,-29.0,2
8714,-11.0,-277.0,-27.0,119.0,344.0,26.0,-63.0,-1060.0,-23.0,2
8715,-3.0,-275.0,-27.0,131.0,350.0,37.0,-42.0,-1070.0,-27.0,2
8716,3.0,-275.0,-20.0,143.0,354.0,46.0,-20.0,-1060.0,-20.0,2
8717,9.0,-275.0,-22.0,167.0,362.0,61.0,12.0,-1071.0,-21.0,2
8718,15.0,-274.0,-26.0,194.0,379.0,74.0,34.0,-1073.0,-26.0,2
8719,24.0,-274.0,-27.0,213.0,401.0,92.0,51.0,-1071.0,-26.0,2
8720,26.0,-274.0,-23.0,221.0,430.0,110.0,71.0,-1062.0,-18.0,2
8721,27.0,-269.0,-20.0,233.0,456.0,129.0,69.0,-1049.0,-3.0,2
8722,25.0,-266.0,-19.0,255.0,481.0,144.0,68.0,-1034.0,-1.0,2
8723,22.0,-260.0,-24.0,272.0,507.0,155.0,61.0,-1015.0,-6.0,2
8724,21.0,-255.0,-19.0,272.0,526.0,159.0,54.0,-988.0,-9.0,2
8725,17.0,-248.0,-16.0,267.0,549.0,163.0,38.0,-958.0,8.0,2
8726,14.0,-239.0,-16.0,266.0,571.0,162.0,22.0,-935.0,5.0,2
8727,12.0,-236.0,-18.0,256.0,599.0,158.0,12.0,-917.0,6.0,2
8728,4.0,-231.0,-19.0,228.0,624.0,142.0,-1.0,-904.0,3.0,2
8729,0.0,-228.0,-15.0,187.0,633.0,128.0,-22.0,-889.0,-1.0,2
8730,-4.0,-225.0,-28.0,151.0,630.0,112.0,-42.0,-874.0,-35.0,2
8731,-3.0,-225.0,-42.0,114.0,638.0,102.0,-59.0,-877.0,-93.0,2
8732,-9.0,-226.0,-53.0,54.0,656.0,86.0,-66.0,-894.0,-138.0,2
8733,-14.0,-235.0,-55.0,-16.0,679.0,61.0,-95.0,-917.0,-146.0,2
8734,-22.0,-249.0,-52.0,-81.0,685.0,39.0,-118.0,-951.0,-145.0,2
8735,-30.0,-259.0,-50.0,-109.0,676.0,18.0,-143.0,-989.0,-129.0,2
8736,-36.0,-271.0,-49.0,-115.0,653.0,-4.0,-168.0,-1032.0,-126.0,2
8737,-41.0,-277.0,-49.0,-113.0,623.0,-23.0,-184.0,-1065.0,-114.0,2
8738,-49.0,-281.0,-45.0,-102.0,585.0,-43.0,-214.0,-1094.0,-109.0,2
8739,-50.0,-288.0,-49.0,-91.0,542.0,-56.0,-232.0,-1111.0,-129.0,2
8740,-52.0,-288.0,-55.0,-90.0,500.0,-63.0,-226.0,-1127.0,-146.0,2
8741,-50.0,-290.0,-60.0,-96.0,457.0,-61.0,-219.0,-1131.0,-174.0,2
8742,-48.0,-293.0,-72.0,-107.0,416.0,-56.0,-225.0,-1136.0,-217.0,2
8743,-45.0,-296.0,-75.0,-126.0,374.0,-44.0,-215.0,-1149.0,-248.0,2
8744,-48.0,-300.0,-82.0,-159.0,311.0,-28.0,-214.0,-1162.0,-256.0,2
8745,-49.0,-308.0,-83.0,-176.0,246.0,-9.0,-219.0,-1178.0,-269.0,2
8746,-50.0,-311.0,-91.0,-184.0,181.0,18.0,-228.0,-1200.0,-278.0,2
8747,-54.0,-316.0,-85.0,-187.0,123.0,54.0,-237.0,-1227.0,-274.0,2
8748,-60.0,-325.0,-77.0,-184.0,68.0,91.0,-245.0,-1255.0,-248.0,2
8749,-57.0,-331.0,-68.0,-160.0,5.0,132.0,-243.0,-1272.0,-220.0,2
8750,-52.0,-334.0,-63.0,-111.0,-70.0,167.0,-234.0,-1288.0,-187.0,2
8751,-49.0,-332.0,-58.0,-46.0,-143.0,199.0,-223.0,-1276.0,-168.0,2
8752,-43.0,-328.0,-58.0,28.0,-209.0,226.0,-202.0,-1261.0,-168.0,2
8753,-38.0,-319.0,-63.0,96.0,-268.0,247.0,-180.0,-1226.0,-169.0,2
8754,-29.0,-310.0,-66.0,153.0,-328.0,253.0,-159.0,-1190.0,-200.0,2
8755,-27.0,-294.0,-75.0,197.0,-364.0,240.0,-126.0,-1139.0,-232.0,2
8756,-17.0,-274.0,-82.0,214.0,-381.0,213.0,-100.0,-1064.0,-255.0,2
8757,-6.0,-263.0,-86.0,223.0,-381.0,180.0,-63.0,-1016.0,-273.0,2
8758,-4.0,-247.0,-87.0,215.0,-365.0,142.0,-47.0,-965.0,-278.0,2
8759,0.0,-239.0,-89.0,193.0,-339.0,108.0,-35.0,-928.0,-283.0,2
8760,1.0,-231.0,-92.0,155.0,-314.0,72.0,-23.0,-904.0,-287.0,2
8761,5.0,-229.0,-90.0,107.0,-287.0,42.0,-12.0,-894.0,-291.0,2
8762,12.0,-227.0,-92.0,55.0,-261.0,12.0,16.0,-889.0,-292.0,2
8763,18.0,-229.0,-91.0,11.0,-227.0,-14.0,39.0,-889.0,-297.0,2
8764,26.0,-232.0,-94.0,-22.0,-188.0,-43.0,60.0,-901.0,-318.0,2
8765,29.0,-238.0,-95.0,-47.0,-131.0,-63.0,77.0,-906.0,-316.0,2
8766,31.0,-237.0,-98.0,-47.0,-85.0,-83.0,87.0,-911.0,-310.0,2
8767,33.0,-236.0,-97.0,-29.0,-48.0,-95.0,95.0,-913.0,-315.0,2
8768,34.0,-240.0,-98.0,-5.0,-18.0,-106.0,104.0,-916.0,-331.0,2
8769,35.0,-235.0,-104.0,14.0,4.0,-115.0,105.0,-911.0,-347.0,2
8770,33.0,-227.0,-111.0,20.0,17.0,-120.0,102.0,-895.0,-371.0,2
8771,34.0,-222.0,-115.0,12.0,33.0,-117.0,99.0,-884.0,-383.0,2
8772,33.0,-219.0,-110.0,-3.0,47.0,-114.0,95.0,-852.0,-383.0,2
8773,31.0,-210.0,-114.0,-14.0,53.0,-102.0,94.0,-838.0,-382.0,2
8774,27.0,-206.0,-114.0,-26.0,54.0,-90.0,84.0,-818.0,-375.0,2
8775,29.0,-202.0,-112.0,-38.0,57.0,-59.0,80.0,-801.0,-380.0,2
8776,24.0,-198.0,-109.0,-56.0,61.0,-31.0,76.0,-789.0,-383.0,2
8777,26.0,-197.0,-112.0,-80.0,64.0,0.0,76.0,-786.0,-381.0,2
8778,23.0,-198.0,-112.0,-109.0,67.0,23.0,71.0,-786.0,-387.0,2
8779,25.0,-194.0,-110.0,-133.0,66.0,46.0,71.0,-777.0,-372.0,2
8780,30.0,-197.0,-110.0,-146.0,64.0,71.0,70.0,-780.0,-363.0,2
8781,33.0,-207.0,-105.0,-160.0,72.0,92.0,99.0,-816.0,-362.0,2
8782,34.0,-209.0,-102.0,-179.0,85.0,92.0,111.0,-832.0,-332.0,2
8783,41.0,-212.0,-92.0,-187.0,95.0,91.0,130.0,-838.0,-302.0,2
8784,44.0,-216.0,-93.0,-169.0,96.0,81.0,143.0,-849.0,-302.0,2
8785,43.0,-221.0,-99.0,-137.0,101.0,65.0,139.0,-860.0,-322.0,2
8786,45.0,-226.0,-105.0,-111.0,127.0,49.0,149.0,-889.0,-345.0,2
8787,45.0,-234.0,-111.0,-118.0,155.0,28.0,141.0,-917.0,-368.0,2
8788,39.0,-243.0,-109.0,-151.0,186.0,-3.0,121.0,-947.0,-376.0,2
8789,32.0,-255.0,-103.0,-183.0,208.0,-32.0,104.0,-979.0,-357.0,2
8790,24.0,-260.0,-97.0,-197.0,211.0,-66.0,75.0,-1013.0,-334.0,2
8791,15.0,-265.0,-95.0,-185.0,197.0,-90.0,42.0,-1029.0,-310.0,2
8792,15.0,-267.0,-92.0,-149.0,184.0,-108.0,27.0,-1044.0,-299.0,2
8793,8.0,-270.0,-90.0,-106.0,177.0,-123.0,7.0,-1052.0,-290.0,2
8794,3.0,-270.0,-86.0,-66.0,168.0,-136.0,-5.0,-1054.0,-274.0,2
8795,2.0,-273.0,-82.0,-25.0,146.0,-143.0,-28.0,-1050.0,-269.0,2
8796,-8.0,-269.0,-85.0,7.0,116.0,-155.0,-49.0,-1051.0,-264.0,2
8797,-7.0,-270.0,-83.0,31.0,84.0,-160.0,-46.0,-1051.0,-267.0,2
8798,-5.0,-269.0,-84.0,44.0,53.0,-173.0,-50.0,-1050.0,-276.0,2
8799,-9.0,-266.0,-85.0,49.0,38.0,-188.0,-49.0,-1041.0,-270.0,2
8800,-6.0,-267.0,-83.0,56.0,25.0,-209.0,-59.0,-1036.0,-264.0,2
8801,-11.0,-264.0,-81.0,66.0,4.0,-226.0,-69.0,-1026.0,-262.0,2
8802,-8.0,-264.0,-76.0,81.0,-20.0,-244.0,-63.0,-1017.0,-252.0,2
8803,-7.0,-261.0,-79.0,99.0,-45.0,-257.0,-45.0,-1014.0,-250.0,2
8804,-2.0,-258.0,-71.0,118.0,-69.0,-275.0,-32.0,-994.0,-233.0,2
8805,1.0,-253.0,-72.0,146.0,-95.0,-288.0,-22.0,-965.0,-219.0,2
8806,2.0,-243.0,-69.0,180.0,-116.0,-310.0,-15.0,-945.0,-225.0,2
8807,4.0,-238.0,-74.0,203.0,-139.0,-321.0,-9.0,-921.0,-236.0,2
8808,13.0,-235.0,-79.0,202.0,-160.0,-330.0,4.0,-899.0,-239.0,2
8809,12.0,-224.0,-74.0,191.0,-179.0,-332.0,14.0,-877.0,-248.0,2
8810,16.0,-220.0,-81.0,176.0,-197.0,-338.0,36.0,-863.0,-253.0,2
8811,19.0,-217.0,-81.0,152.0,-210.0,-341.0,45.0,-849.0,-250.0,2
8812,21.0,-212.0,-78.0,128.0,-208.0,-344.0,51.0,-840.0,-253.0,2
8813,19.0,-210.0,-77.0,96.0,-207.0,-340.0,54.0,-837.0,-251.0,2
8814,26.0,-212.0,-77.0,68.0,-209.0,-340.0,66.0,-837.0,-242.0,2
8815,29.0,-217.0,-72.0,40.0,-210.0,-338.0,79.0,-841.0,-236.0,2
8816,28.0,-217.0,-70.0,16.0,-208.0,-343.0,81.0,-848.0,-220.0,2
8817,33.0,-222.0,-66.0,-4.0,-201.0,-340.0,99.0,-862.0,-205.0,2
8818,30.0,-224.0,-67.0,-11.0,-197.0,-342.0,85.0,-872.0,-195.0,2
8819,27.0,-220.0,-67.0,-4.0,-190.0,-340.0,85.0,-868.0,-201.0,2
8820,27.0,-220.0,-66.0,-3.0,-189.0,-345.0,81.0,-867.0,-199.0,2
8821,24.0,-224.0,-72.0,-10.0,-194.0,-339.0,75.0,-864.0,-215.0,2
8822,29.0,-219.0,-69.0,-28.0,-201.0,-331.0,76.0,-871.0,-209.0,2
8823,32.0,-221.0,-68.0,-51.0,-206.0,-320.0,86.0,-862.0,-206.0,2
8824,31.0,-222.0,-67.0,-73.0,-209.0,-316.0,83.0,-873.0,-204.0,2
8825,24.0,-225.0,-65.0,-99.0,-208.0,-308.0,73.0,-889.0,-188.0,2
8826,23.0,-231.0,-61.0,-125.0,-207.0,-303.0,63.0,-902.0,-179.0,2
8827,22.0,-235.0,-60.0,-146.0,-211.0,-292.0,59.0,-914.0,-168.0,2
8828,21.0,-239.0,-59.0,-164.0,-219.0,-282.0,58.0,-922.0,-168.0,2
8829,20.0,-242.0,-59.0,-171.0,-223.0,-267.0,47.0,-940.0,-166.0,2
8830,18.0,-248.0,-61.0,-171.0,-222.0,-253.0,42.0,-951.0,-165.0,2
8831,19.0,-252.0,-57.0,-169.0,-221.0,-237.0,46.0,-965.0,-172.0,2
8832,19.0,-253.0,-62.0,-164.0,-226.0,-228.0,46.0,-969.0,-171.0,2
8833,19.0,-252.0,-63.0,-157.0,-239.0,-223.0,47.0,-975.0,-178.0,2
8834,16.0,-253.0,-58.0,-145.0,-252.0,-223.0,46.0,-970.0,-161.0,2
8835,18.0,-251.0,-56.0,-123.0,-263.0,-215.0,46.0,-971.0,-159.0,2
8836,17.0,-246.0,-58.0,-93.0,-264.0,-208.0,24.0,-944.0,-165.0,2
8837,16.0,-239.0,-61.0,-74.0,-243.0,-187.0,39.0,-931.0,-171.0,2
8838,18.0,-236.0,-62.0,-67.0,-217.0,-171.0,36.0,-912.0,-171.0,2
8839,18.0,-231.0,-57.0,-70.0,-205.0,-154.0,39.0,-897.0,-168.0,2
8840,18.0,-230.0,-56.0,-71.0,-198.0,-144.0,56.0,-887.0,-160.0,2
8841,24.0,-227.0,-59.0,-70.0,-196.0,-131.0,62.0,-881.0,-151.0,2
8842,27.0,-224.0,-58.0,-68.0,-192.0,-123.0,70.0,-877.0,-153.0,2
8843,26.0,-226.0,-54.0,-72.0,-188.0,-110.0,79.0,-880.0,-147.0,2
8844,30.0,-227.0,-57.0,-79.0,-188.0,-104.0,89.0,-887.0,-155.0,2
8845,30.0,-227.0,-58.0,-87.0,-191.0,-94.0,95.0,-887.0,-156.0,2
8846,33.0,-233.0,-62.0,-93.0,-197.0,-88.0,99.0,-897.0,-157.0,2
8847,33.0,-231.0,-57.0,-93.0,-199.0,-79.0,95.0,-901.0,-160.0,2
8848,36.0,-236.0,-59.0,-91.0,-198.0,-73.0,101.0,-908.0,-161.0,2
8849,34.0,-237.0,-59.0,-84.0,-190.0,-62.0,104.0,-919.0,-156.0,2
8850,34.0,-239.0,-58.0,-77.0,-180.0,-55.0,103.0,-925.0,-154.0,2
8851,36.0,-239.0,-59.0,-73.0,-175.0,-45.0,104.0,-934.0,-155.0,2
8852,34.0,-240.0,-59.0,-76.0,-169.0,-39.0,100.0,-947.0,-161.0,2
8853,34.0,-246.0,-57.0,-88.0,-162.0,-30.0,107.0,-949.0,-159.0,2
8854,37.0,-248.0,-56.0,-96.0,-151.0,-26.0,104.0,-958.0,-151.0,2
8855,33.0,-252.0,-57.0,-98.0,-134.0,-22.0,100.0,-968.0,-146.0,2
8856,30.0,-249.0,-55.0,-101.0,-115.0,-22.0,93.0,-972.0,-158.0,2
8857,30.0,-250.0,-56.0,-102.0,-102.0,-19.0,91.0,-969.0,-159.0,2
8858,28.0,-251.0,-57.0,-105.0,-91.0,-20.0,81.0,-963.0,-159.0,2
8859,32.0,-250.0,-60.0,-105.0,-82.0,-16.0,85.0,-963.0,-165.0,2
8860,29.0,-250.0,-61.0,-106.0,-69.0,-14.0,79.0,-963.0,-171.0,2
8861,29.0,-249.0,-63.0,-111.0,-51.0,-9.0,81.0,-962.0,-174.0,2
8862,31.0,-248.0,-63.0,-119.0,-33.0,-10.0,83.0,-968.0,-180.0,2
8863,30.0,-249.0,-59.0,-128.0,-13.0,-8.0,81.0,-969.0,-170.0,2
8864,28.0,-250.0,-60.0,-140.0,-2.0,-14.0,95.0,-975.0,-168.0,2
8865,30.0,-255.0,-56.0,-151.0,-1.0,-23.0,103.0,-982.0,-163.0,2
8866,37.0,-253.0,-56.0,-159.0,-7.0,-36.0,101.0,-985.0,-147.0,2
8867,33.0,-254.0,-51.0,-156.0,-14.0,-44.0,105.0,-972.0,-134.0,2
8868,34.0,-254.0,-48.0,-139.0,-16.0,-54.0,107.0,-979.0,-127.0,2
8869,35.0,-253.0,-50.0,-121.0,-17.0,-58.0,96.0,-976.0,-124.0,2
8870,29.0,-251.0,-49.0,-104.0,-23.0,-72.0,87.0,-970.0,-119.0,2
8871,27.0,-251.0,-50.0,-76.0,-30.0,-75.0,79.0,-970.0,-118.0,2
8872,26.0,-250.0,-52.0,-55.0,-41.0,-81.0,78.0,-967.0,-127.0,2
8873,25.0,-250.0,-49.0,-40.0,-51.0,-81.0,72.0,-968.0,-127.0,2
8874,18.0,-249.0,-50.0,-37.0,-64.0,-87.0,62.0,-967.0,-127.0,2
8875,20.0,-247.0,-53.0,-32.0,-78.0,-86.0,53.0,-970.0,-131.0,2
8876,18.0,-249.0,-52.0,-28.0,-91.0,-87.0,46.0,-975.0,-132.0,2
8877,20.0,-254.0,-52.0,-26.0,-100.0,-81.0,47.0,-974.0,-126.0,2
8878,17.0,-257.0,-49.0,-23.0,-108.0,-80.0,40.0,-978.0,-124.0,2
8879,17.0,-255.0,-48.0,-14.0,-117.0,-76.0,41.0,-981.0,-118.0,2
8880,15.0,-257.0,-45.0,1.0,-126.0,-75.0,44.0,-995.0,-115.0,2
8881,16.0,-254.0,-47.0,20.0,-146.0,-71.0,37.0,-989.0,-111.0,2
8882,17.0,-251.0,-44.0,33.0,-166.0,-72.0,38.0,-975.0,-108.0,2
8883,19.0,-249.0,-47.0,46.0,-185.0,-63.0,40.0,-962.0,-107.0,2
8884,19.0,-246.0,-50.0,56.0,-205.0,-58.0,51.0,-952.0,-111.0,2
8885,19.0,-244.0,-48.0,68.0,-220.0,-47.0,58.0,-945.0,-116.0,2
8886,21.0,-241.0,-48.0,79.0,-234.0,-44.0,52.0,-939.0,-124.0,2
8887,21.0,-238.0,-53.0,83.0,-246.0,-35.0,62.0,-928.0,-128.0,2
8888,21.0,-239.0,-49.0,80.0,-258.0,-32.0,58.0,-919.0,-123.0,2
8889,23.0,-239.0,-47.0,73.0,-274.0,-24.0,58.0,-916.0,-116.0,2
8890,23.0,-238.0,-49.0,62.0,-289.0,-24.0,57.0,-920.0,-111.0,2
8891,20.0,-237.0,-43.0,49.0,-302.0,-15.0,59.0,-917.0,-94.0,2
8892,24.0,-237.0,-42.0,28.0,-312.0,-15.0,58.0,-924.0,-85.0,2
8893,21.0,-243.0,-36.0,17.0,-318.0,-12.0,50.0,-925.0,-75.0,2
8894,20.0,-244.0,-37.0,14.0,-326.0,-11.0,48.0,-935.0,-68.0,2
8895,20.0,-244.0,-37.0,10.0,-331.0,-6.0,55.0,-948.0,-62.0,2
8896,21.0,-247.0,-33.0,3.0,-332.0,-5.0,50.0,-956.0,-59.0,2
8897,19.0,-248.0,-29.0,-1.0,-339.0,-1.0,49.0,-969.0,-47.0,2
8898,21.0,-252.0,-29.0,0.0,-350.0,-2.0,57.0,-977.0,-43.0,2
8899,16.0,-254.0,-31.0,5.0,-361.0,-2.0,50.0,-985.0,-47.0,2
8900,20.0,-257.0,-31.0,9.0,-374.0,1.0,49.0,-1002.0,-54.0,2
8901,25.0,-257.0,-30.0,6.0,-390.0,4.0,70.0,-973.0,-46.0,2
8902,30.0,-258.0,-34.0,16.0,-400.0,-4.0,84.0,-978.0,-49.0,2
8903,29.0,-250.0,-32.0,22.0,-402.0,-6.0,87.0,-970.0,-55.0,2
8904,29.0,-249.0,-32.0,23.0,-405.0,-11.0,97.0,-965.0,-50.0,2
8905,34.0,-249.0,-30.0,17.0,-416.0,-8.0,103.0,-957.0,-44.0,2
8906,38.0,-243.0,-34.0,10.0,-427.0,-12.0,120.0,-947.0,-43.0,2
8907,41.0,-242.0,-27.0,3.0,-436.0,-12.0,126.0,-944.0,-37.0,2
8908,44.0,-241.0,-25.0,1.0,-437.0,-13.0,131.0,-943.0,-34.0,2
8909,46.0,-246.0,-22.0,-6.0,-436.0,-6.0,139.0,-948.0,-26.0,2
8910,49.0,-247.0,-26.0,-16.0,-436.0,-1.0,157.0,-959.0,-36.0,2
8911,55.0,-251.0,-27.0,-35.0,-433.0,11.0,182.0,-970.0,-40.0,2
8912,57.0,-254.0,-33.0,-61.0,-424.0,17.0,196.0,-996.0,-66.0,2
8913,57.0,-261.0,-42.0,-102.0,-421.0,27.0,199.0,-1016.0,-86.0,2
8914,55.0,-271.0,-49.0,-133.0,-427.0,30.0,193.0,-1052.0,-117.0,2
8915,55.0,-282.0,-53.0,-152.0,-434.0,37.0,183.0,-1106.0,-135.0,2
8916,55.0,-292.0,-52.0,-162.0,-439.0,41.0,198.0,-1149.0,-140.0,2
8917,63.0,-303.0,-50.0,-163.0,-436.0,48.0,215.0,-1180.0,-139.0,2
8918,72.0,-311.0,-54.0,-154.0,-421.0,44.0,235.0,-1196.0,-136.0,2
8919,75.0,-315.0,-56.0,-132.0,-396.0,37.0,254.0,-1214.0,-147.0,2
8920,78.0,-313.0,-57.0,-107.0,-367.0,21.0,266.0,-1225.0,-165.0,2
8921,79.0,-316.0,-63.0,-83.0,-337.0,7.0,260.0,-1222.0,-189.0,2
8922,76.0,-312.0,-76.0,-65.0,-308.0,-19.0,256.0,-1217.0,-213.0,2
8923,70.0,-312.0,-79.0,-56.0,-265.0,-37.0,241.0,-1211.0,-244.0,2
8924,66.0,-309.0,-85.0,-53.0,-231.0,-61.0,222.0,-1197.0,-263.0,2
8925,60.0,-310.0,-86.0,-47.0,-193.0,-81.0,204.0,-1191.0,-268.0,2
8926,54.0,-308.0,-85.0,-34.0,-155.0,-103.0,187.0,-1185.0,-269.0,2
8927,54.0,-305.0,-83.0,-17.0,-115.0,-121.0,172.0,-1183.0,-244.0,2
8928,53.0,-306.0,-77.0,10.0,-82.0,-139.0,172.0,-1174.0,-222.0,2
8929,56.0,-302.0,-72.0,39.0,-49.0,-150.0,179.0,-1163.0,-213.0,2
8930,57.0,-297.0,-67.0,71.0,-13.0,-166.0,190.0,-1159.0,-205.0,2
8931,65.0,-296.0,-70.0,94.0,28.0,-172.0,212.0,-1145.0,-205.0,2
8932,66.0,-290.0,-73.0,117.0,75.0,-182.0,224.0,-1133.0,-210.0,2
8933,68.0,-288.0,-77.0,139.0,138.0,-189.0,228.0,-1115.0,-230.0,2
8934,61.0,-279.0,-76.0,161.0,190.0,-201.0,209.0,-1096.0,-244.0,2
8935,53.0,-274.0,-78.0,180.0,236.0,-197.0,178.0,-1080.0,-255.0,2
8936,45.0,-273.0,-78.0,199.0,270.0,-186.0,135.0,-1066.0,-248.0,2
8937,31.0,-268.0,-71.0,212.0,288.0,-167.0,87.0,-1046.0,-216.0,2
8938,18.0,-261.0,-67.0,229.0,287.0,-147.0,51.0,-1030.0,-190.0,2
8939,7.0,-259.0,-60.0,238.0,278.0,-114.0,19.0,-1011.0,-171.0,2
8940,3.0,-250.0,-55.0,242.0,263.0,-80.0,-2.0,-967.0,-161.0,2
8941,-2.0,-239.0,-57.0,241.0,244.0,-36.0,-16.0,-926.0,-169.0,2
8942,-1.0,-228.0,-63.0,231.0,220.0,5.0,-16.0,-894.0,-185.0,2
8943,2.0,-223.0,-68.0,214.0,182.0,50.0,-10.0,-865.0,-224.0,2
8944,1.0,-219.0,-79.0,192.0,145.0,68.0,-16.0,-844.0,-241.0,2
8945,0.0,-211.0,-84.0,172.0,110.0,85.0,-22.0,-834.0,-269.0,2
8946,-3.0,-211.0,-93.0,152.0,82.0,92.0,-24.0,-843.0,-292.0,2
8947,0.0,-216.0,-98.0,122.0,57.0,105.0,-23.0,-848.0,-317.0,2
8948,3.0,-223.0,-102.0,90.0,34.0,110.0,-13.0,-865.0,-330.0,2
8949,6.0,-228.0,-105.0,58.0,14.0,115.0,-2.0,-884.0,-354.0,2
8950,12.0,-235.0,-108.0,29.0,-5.0,111.0,7.0,-908.0,-360.0,2
8951,14.0,-239.0,-111.0,12.0,-20.0,109.0,18.0,-930.0,-367.0,2
8952,14.0,-245.0,-108.0,15.0,-30.0,100.0,21.0,-951.0,-369.0,2
8953,16.0,-252.0,-112.0,27.0,-35.0,85.0,23.0,-965.0,-371.0,2
8954,14.0,-249.0,-117.0,51.0,-32.0,64.0,22.0,-964.0,-374.0,2
8955,14.0,-249.0,-113.0,69.0,-27.0,45.0,13.0,-953.0,-378.0,2
8956,5.0,-239.0,-107.0,88.0,-29.0,22.0,-11.0,-931.0,-380.0,2
8957,-3.0,-237.0,-117.0,110.0,-35.0,-1.0,-29.0,-903.0,-381.0,2
8958,-11.0,-224.0,-112.0,124.0,-45.0,-20.0,-57.0,-882.0,-384.0,2
8959,-12.0,-219.0,-110.0,127.0,-50.0,-25.0,-80.0,-851.0,-392.0,2
8960,-19.0,-209.0,-115.0,121.0,-52.0,-32.0,-103.0,-818.0,-397.0,2
8961,-26.0,-197.0,-120.0,104.0,-58.0,-36.0,-119.0,-786.0,-400.0,2
8962,-27.0,-191.0,-119.0,84.0,-62.0,-40.0,-132.0,-754.0,-405.0,2
8963,-30.0,-188.0,-119.0,65.0,-70.0,-44.0,-138.0,-736.0,-401.0,2
8964,-30.0,-190.0,-120.0,37.0,-85.0,-53.0,-146.0,-726.0,-410.0,2
8965,-29.0,-187.0,-117.0,-9.0,-97.0,-55.0,-145.0,-729.0,-398.0,2
8966,-32.0,-191.0,-114.0,-52.0,-105.0,-59.0,-151.0,-744.0,-390.0,2
8967,-35.0,-196.0,-109.0,-93.0,-113.0,-57.0,-156.0,-767.0,-363.0,2
8968,-38.0,-202.0,-107.0,-122.0,-121.0,-54.0,-171.0,-804.0,-354.0,2
8969,-36.0,-215.0,-101.0,-145.0,-131.0,-42.0,-170.0,-846.0,-333.0,2
8970,-36.0,-225.0,-98.0,-152.0,-147.0,-29.0,-167.0,-878.0,-321.0,2
8971,-40.0,-238.0,-93.0,-145.0,-166.0,-11.0,-176.0,-909.0,-313.0,2
8972,-37.0,-246.0,-95.0,-129.0,-189.0,11.0,-174.0,-936.0,-313.0,2
8973,-33.0,-252.0,-94.0,-110.0,-212.0,39.0,-147.0,-966.0,-318.0,2
8974,-25.0,-258.0,-94.0,-99.0,-226.0,69.0,-136.0,-984.0,-318.0,2
8975,-18.0,-260.0,-93.0,-90.0,-226.0,101.0,-108.0,-1013.0,-321.0,2
8976,-9.0,-266.0,-89.0,-88.0,-214.0,133.0,-68.0,-1032.0,-293.0,2
8977,2.0,-273.0,-89.0,-76.0,-188.0,161.0,-27.0,-1061.0,-288.0,2
8978,11.0,-278.0,-91.0,-69.0,-155.0,177.0,10.0,-1076.0,-289.0,2
8979,20.0,-284.0,-88.0,-67.0,-123.0,195.0,26.0,-1104.0,-284.0,2
8980,20.0,-285.0,-90.0,-60.0,-91.0,208.0,44.0,-1111.0,-284.0,2
8981,23.0,-287.0,-82.0,-48.0,-58.0,225.0,61.0,-1114.0,-251.0,2
8982,31.0,-287.0,-77.0,-18.0,-19.0,235.0,85.0,-1107.0,-233.0,2
8983,34.0,-288.0,-73.0,29.0,26.0,247.0,103.0,-1119.0,-232.0,2
8984,41.0,-285.0,-73.0,63.0,75.0,253.0,121.0,-1113.0,-216.0,2
8985,41.0,-285.0,-70.0,85.0,129.0,268.0,126.0,-1098.0,-204.0,2
8986,36.0,-278.0,-63.0,107.0,167.0,284.0,114.0,-1086.0,-194.0,2
8987,41.0,-272.0,-63.0,137.0,195.0,296.0,121.0,-1057.0,-178.0,2
8988,34.0,-268.0,-65.0,176.0,212.0,294.0,108.0,-1044.0,-193.0,2
8989,29.0,-260.0,-67.0,208.0,227.0,296.0,80.0,-1014.0,-205.0,2
8990,21.0,-255.0,-69.0,237.0,251.0,298.0,62.0,-1004.0,-213.0,2
8991,14.0,-253.0,-71.0,263.0,275.0,310.0,29.0,-969.0,-214.0,2
8992,8.0,-247.0,-74.0,286.0,290.0,325.0,5.0,-952.0,-214.0,2
8993,5.0,-237.0,-71.0,295.0,300.0,345.0,-8.0,-917.0,-218.0,2
8994,-1.0,-228.0,-71.0,295.0,310.0,358.0,-25.0,-890.0,-219.0,2
8995,-5.0,-223.0,-71.0,284.0,319.0,365.0,-42.0,-869.0,-215.0,2
8996,-10.0,-219.0,-74.0,258.0,329.0,359.0,-63.0,-858.0,-212.0,2
8997,-15.0,-213.0,-68.0,232.0,338.0,362.0,-90.0,-839.0,-209.0,2
8998,-15.0,-212.0,-65.0,210.0,342.0,362.0,-94.0,-834.0,-198.0,2
8999,-14.0,-208.0,-65.0,191.0,344.0,369.0,-94.0,-826.0,-186.0,2
9000,-14.0,-209.0,-66.0,177.0,342.0,367.0,-91.0,-829.0,-191.0,2
9001,-14.0,-211.0,-65.0,156.0,344.0,362.0,-82.0,-825.0,-185.0,2
9002,-12.0,-210.0,-63.0,132.0,347.0,351.0,-77.0,-826.0,-188.0,2
9003,-12.0,-210.0,-66.0,103.0,349.0,342.0,-76.0,-824.0,-178.0,2
9004,-14.0,-212.0,-57.0,75.0,347.0,331.0,-77.0,-825.0,-174.0,2
9005,-12.0,-215.0,-64.0,56.0,343.0,323.0,-72.0,-841.0,-174.0,2
9006,-11.0,-219.0,-65.0,33.0,336.0,311.0,-75.0,-845.0,-188.0,2
9007,-10.0,-222.0,-61.0,-1.0,329.0,309.0,-69.0,-860.0,-187.0,2
9008,-12.0,-228.0,-62.0,-20.0,328.0,301.0,-77.0,-877.0,-177.0,2
9009,-10.0,-229.0,-60.0,-32.0,322.0,298.0,-73.0,-881.0,-169.0,2
9010,-9.0,-232.0,-58.0,-37.0,322.0,290.0,-55.0,-891.0,-170.0,2
9011,-4.0,-233.0,-58.0,-45.0,324.0,284.0,-41.0,-904.0,-165.0,2
9012,0.0,-235.0,-58.0,-55.0,326.0,273.0,-29.0,-908.0,-164.0,2
9013,5.0,-235.0,-60.0,-61.0,333.0,264.0,-10.0,-914.0,-164.0,2
9014,12.0,-237.0,-58.0,-62.0,339.0,246.0,7.0,-916.0,-165.0,2
9015,13.0,-235.0,-58.0,-62.0,348.0,232.0,14.0,-905.0,-165.0,2
9016,10.0,-235.0,-62.0,-58.0,357.0,216.0,12.0,-913.0,-169.0,2
9017,9.0,-235.0,-63.0,-66.0,359.0,204.0,11.0,-910.0,-179.0,2
9018,12.0,-236.0,-62.0,-81.0,367.0,190.0,10.0,-912.0,-164.0,2
9019,9.0,-235.0,-54.0,-86.0,381.0,175.0,8.0,-911.0,-156.0,2
9020,4.0,-233.0,-57.0,-83.0,391.0,154.0,-7.0,-909.0,-157.0,2
9021,-2.0,-235.0,-57.0,-78.0,393.0,141.0,-28.0,-907.0,-152.0,2
9022,-5.0,-236.0,-55.0,-76.0,395.0,125.0,-43.0,-907.0,-149.0,2
9023,-10.0,-233.0,-59.0,-73.0,395.0,111.0,-59.0,-902.0,-145.0,2
9024,-11.0,-235.0,-56.0,-72.0,390.0,94.0,-62.0,-903.0,-142.0,2
9025,-12.0,-232.0,-55.0,-69.0,382.0,79.0,-80.0,-898.0,-143.0,2
9026,-19.0,-234.0,-57.0,-69.0,371.0,62.0,-107.0,-898.0,-149.0,2
9027,-23.0,-232.0,-53.0,-76.0,362.0,52.0,-114.0,-898.0,-147.0,2
9028,-28.0,-229.0,-57.0,-85.0,359.0,40.0,-127.0,-903.0,-142.0,2
9029,-25.0,-235.0,-51.0,-90.0,358.0,31.0,-129.0,-900.0,-138.0,2
9030,-28.0,-234.0,-51.0,-90.0,353.0,20.0,-137.0,-902.0,-134.0,2
9031,-26.0,-234.0,-52.0,-81.0,346.0,14.0,-129.0,-909.0,-130.0,2
9032,-23.0,-236.0,-53.0,-74.0,336.0,6.0,-118.0,-912.0,-134.0,2
9033,-19.0,-239.0,-49.0,-73.0,327.0,5.0,-110.0,-916.0,-136.0,2
9034,-16.0,-237.0,-49.0,-77.0,323.0,2.0,-95.0,-920.0,-130.0,2
9035,-12.0,-236.0,-51.0,-84.0,318.0,0.0,-77.0,-924.0,-129.0,2
9036,-11.0,-243.0,-51.0,-90.0,308.0,-7.0,-66.0,-926.0,-126.0,2
9037,-8.0,-241.0,-47.0,-94.0,295.0,-13.0,-56.0,-937.0,-120.0,2
9038,-3.0,-246.0,-50.0,-97.0,278.0,-23.0,-49.0,-946.0,-118.0,2
9039,-5.0,-248.0,-51.0,-96.0,264.0,-32.0,-42.0,-951.0,-117.0,2
9040,-7.0,-245.0,-50.0,-94.0,259.0,-41.0,-47.0,-955.0,-120.0,2
9041,-4.0,-252.0,-50.0,-96.0,259.0,-43.0,-38.0,-966.0,-123.0,2
9042,-4.0,-251.0,-47.0,-104.0,250.0,-55.0,-35.0,-969.0,-121.0,2
9043,-6.0,-257.0,-49.0,-107.0,236.0,-62.0,-50.0,-983.0,-124.0,2
9044,-9.0,-256.0,-50.0,-107.0,232.0,-67.0,-54.0,-986.0,-125.0,2
9045,-12.0,-257.0,-53.0,-106.0,227.0,-67.0,-74.0,-993.0,-126.0,2
9046,-12.0,-258.0,-52.0,-103.0,227.0,-67.0,-97.0,-999.0,-135.0,2
9047,-17.0,-258.0,-56.0,-96.0,221.0,-60.0,-106.0,-997.0,-149.0,2
9048,-21.0,-255.0,-60.0,-92.0,209.0,-47.0,-112.0,-981.0,-166.0,2
9049,-23.0,-250.0,-62.0,-90.0,198.0,-30.0,-115.0,-982.0,-172.0,2
9050,-18.0,-250.0,-61.0,-94.0,201.0,-10.0,-107.0,-976.0,-170.0,2
9051,-11.0,-253.0,-56.0,-96.0,216.0,14.0,-91.0,-978.0,-156.0,2
9052,-11.0,-251.0,-52.0,-97.0,240.0,32.0,-62.0,-975.0,-134.0,2
9053,-5.0,-254.0,-46.0,-90.0,262.0,48.0,-42.0,-968.0,-117.0,2
9054,2.0,-252.0,-45.0,-83.0,278.0,55.0,-18.0,-964.0,-101.0,2
9055,6.0,-250.0,-48.0,-76.0,292.0,60.0,-6.0,-953.0,-103.0,2
9056,5.0,-247.0,-50.0,-70.0,300.0,59.0,4.0,-951.0,-115.0,2
9057,7.0,-244.0,-54.0,-65.0,303.0,58.0,0.0,-952.0,-130.0,2
9058,6.0,-248.0,-54.0,-64.0,306.0,56.0,-5.0,-951.0,-143.0,2
9059,0.0,-247.0,-56.0,-66.0,316.0,60.0,-22.0,-955.0,-148.0,2
9060,-3.0,-250.0,-57.0,-66.0,326.0,63.0,-36.0,-974.0,-157.0,2
9061,-6.0,-258.0,-54.0,-65.0,338.0,65.0,-55.0,-993.0,-147.0,2
9062,-8.0,-259.0,-55.0,-51.0,345.0,55.0,-64.0,-998.0,-140.0,2
9063,-8.0,-261.0,-54.0,-24.0,352.0,52.0,-63.0,-1018.0,-134.0,2
9064,-10.0,-265.0,-49.0,6.0,364.0,45.0,-65.0,-1029.0,-129.0,2
9065,-8.0,-267.0,-45.0,23.0,379.0,42.0,-59.0,-1037.0,-91.0,2
9066,-5.0,-269.0,-29.0,41.0,403.0,38.0,-56.0,-1039.0,-51.0,2
9067,-6.0,-269.0,-25.0,67.0,432.0,39.0,-51.0,-1048.0,-29.0,2
9068,-1.0,-270.0,-21.0,96.0,465.0,40.0,-37.0,-1050.0,-19.0,2
9069,5.0,-269.0,-24.0,122.0,502.0,43.0,-19.0,-1047.0,-24.0,2
9070,10.0,-270.0,-29.0,144.0,529.0,52.0,10.0,-1056.0,-36.0,2
9071,19.0,-272.0,-30.0,158.0,555.0,70.0,29.0,-1053.0,-48.0,2
9072,22.0,-270.0,-32.0,169.0,578.0,78.0,53.0,-1053.0,-48.0,2
9073,25.0,-267.0,-27.0,187.0,596.0,85.0,55.0,-1049.0,-41.0,2
9074,28.0,-268.0,-28.0,201.0,609.0,87.0,70.0,-1044.0,-35.0,2
9075,22.0,-265.0,-28.0,208.0,624.0,88.0,58.0,-1039.0,-33.0,2
9076,19.0,-267.0,-24.0,198.0,644.0,91.0,43.0,-1042.0,-21.0,2
9077,13.0,-269.0,-24.0,172.0,657.0,97.0,13.0,-1047.0,-15.0,2
9078,7.0,-267.0,-19.0,136.0,670.0,104.0,-3.0,-1041.0,5.0,2
9079,1.0,-266.0,-10.0,120.0,686.0,112.0,-23.0,-1035.0,31.0,2
9080,-5.0,-263.0,-11.0,133.0,706.0,113.0,-39.0,-1023.0,32.0,2
9081,-11.0,-259.0,-8.0,154.0,723.0,115.0,-63.0,-1006.0,34.0,2
9082,-14.0,-251.0,-10.0,171.0,735.0,112.0,-85.0,-977.0,29.0,2
9083,-14.0,-250.0,-11.0,175.0,736.0,105.0,-92.0,-954.0,40.0,2
9084,-22.0,-242.0,-5.0,184.0,718.0,89.0,-105.0,-933.0,42.0,2
9085,-20.0,-238.0,-8.0,189.0,703.0,77.0,-122.0,-916.0,32.0,2
9086,-21.0,-235.0,-7.0,172.0,699.0,63.0,-116.0,-908.0,43.0,2
9087,-22.0,-236.0,-5.0,146.0,691.0,42.0,-108.0,-912.0,48.0,2
9088,-20.0,-241.0,-1.0,120.0,681.0,14.0,-113.0,-925.0,63.0,2
9089,-15.0,-246.0,0.0,94.0,676.0,-14.0,-106.0,-941.0,73.0,2
9090,-16.0,-255.0,1.0,76.0,672.0,-51.0,-100.0,-966.0,74.0,2
9091,-19.0,-256.0,6.0,57.0,672.0,-82.0,-101.0,-988.0,85.0,2
9092,-18.0,-261.0,5.0,49.0,664.0,-111.0,-111.0,-1004.0,86.0,2
9093,-29.0,-260.0,-11.0,44.0,647.0,-134.0,-139.0,-1011.0,58.0,2
9094,-36.0,-261.0,-16.0,26.0,627.0,-145.0,-166.0,-1015.0,9.0,2
9095,-41.0,-262.0,-33.0,-11.0,607.0,-150.0,-184.0,-1018.0,-51.0,2
9096,-48.0,-261.0,-49.0,-56.0,588.0,-150.0,-209.0,-1025.0,-108.0,2
9097,-53.0,-264.0,-54.0,-108.0,571.0,-140.0,-226.0,-1043.0,-140.0,2
9098,-58.0,-273.0,-55.0,-150.0,547.0,-129.0,-250.0,-1064.0,-141.0,2
9099,-64.0,-283.0,-51.0,-172.0,515.0,-112.0,-261.0,-1086.0,-132.0,2
9100,-64.0,-294.0,-47.0,-172.0,481.0,-91.0,-270.0,-1123.0,-119.0,2
9101,-60.0,-294.0,-46.0,-159.0,436.0,-62.0,-263.0,-1143.0,-115.0,2
9102,-58.0,-300.0,-45.0,-137.0,400.0,-39.0,-251.0,-1158.0,-115.0,2
9103,-51.0,-303.0,-46.0,-127.0,366.0,-16.0,-224.0,-1169.0,-111.0,2
9104,-44.0,-304.0,-49.0,-125.0,328.0,10.0,-197.0,-1171.0,-124.0,2
9105,-38.0,-308.0,-55.0,-122.0,288.0,35.0,-177.0,-1174.0,-142.0,2
9106,-28.0,-307.0,-59.0,-116.0,249.0,60.0,-139.0,-1175.0,-173.0,2
9107,-22.0,-311.0,-70.0,-102.0,208.0,84.0,-120.0,-1197.0,-209.0,2
9108,-21.0,-313.0,-79.0,-89.0,165.0,101.0,-109.0,-1213.0,-237.0,2
9109,-23.0,-320.0,-82.0,-69.0,120.0,117.0,-125.0,-1222.0,-259.0,2
9110,-33.0,-324.0,-87.0,-45.0,63.0,137.0,-145.0,-1246.0,-276.0,2
9111,-35.0,-325.0,-86.0,-11.0,-11.0,170.0,-167.0,-1254.0,-281.0,2
9112,-41.0,-325.0,-90.0,39.0,-123.0,211.0,-182.0,-1265.0,-286.0,2
9113,-45.0,-325.0,-93.0,85.0,-207.0,242.0,-205.0,-1241.0,-302.0,2
9114,-44.0,-313.0,-93.0,126.0,-272.0,246.0,-207.0,-1202.0,-323.0,2
9115,-37.0,-301.0,-100.0,150.0,-329.0,241.0,-179.0,-1168.0,-327.0,2
9116,-31.0,-293.0,-100.0,162.0,-368.0,235.0,-147.0,-1132.0,-335.0,2
9117,-21.0,-281.0,-103.0,174.0,-382.0,218.0,-119.0,-1087.0,-328.0,2
9118,-19.0,-266.0,-101.0,189.0,-378.0,190.0,-103.0,-1037.0,-324.0,2
9119,-12.0,-253.0,-95.0,199.0,-361.0,160.0,-91.0,-973.0,-316.0,2
9120,-12.0,-239.0,-94.0,201.0,-339.0,131.0,-77.0,-922.0,-318.0,2
9121,-10.0,-226.0,-94.0,185.0,-309.0,103.0,-73.0,-884.0,-318.0,2
9122,-10.0,-215.0,-99.0,153.0,-265.0,75.0,-66.0,-852.0,-326.0,2
9123,-7.0,-209.0,-101.0,112.0,-225.0,58.0,-48.0,-836.0,-318.0,2
9124,5.0,-211.0,-97.0,81.0,-183.0,42.0,-24.0,-827.0,-318.0,2
9125,16.0,-211.0,-101.0,58.0,-137.0,29.0,16.0,-827.0,-327.0,2
9126,24.0,-209.0,-106.0,43.0,-89.0,12.0,58.0,-837.0,-347.0,2
9127,32.0,-216.0,-110.0,35.0,-41.0,-6.0,100.0,-846.0,-377.0,2
9128,38.0,-212.0,-116.0,22.0,6.0,-25.0,120.0,-829.0,-388.0,2
9129,47.0,-212.0,-119.0,23.0,45.0,-36.0,153.0,-832.0,-394.0,2
9130,54.0,-209.0,-120.0,26.0,78.0,-41.0,180.0,-830.0,-410.0,2
9131,58.0,-208.0,-119.0,16.0,100.0,-51.0,202.0,-828.0,-412.0,2
9132,62.0,-205.0,-122.0,-7.0,119.0,-51.0,214.0,-823.0,-416.0,2
9133,66.0,-206.0,-123.0,-36.0,139.0,-43.0,231.0,-827.0,-420.0,2
9134,69.0,-207.0,-122.0,-66.0,159.0,-32.0,229.0,-823.0,-423.0,2
9135,61.0,-206.0,-115.0,-102.0,185.0,-15.0,217.0,-829.0,-399.0,2
9136,53.0,-210.0,-113.0,-126.0,201.0,3.0,195.0,-829.0,-386.0,2
9137,50.0,-216.0,-110.0,-140.0,205.0,22.0,161.0,-830.0,-359.0,2
9138,38.0,-216.0,-103.0,-132.0,189.0,40.0,129.0,-842.0,-353.0,2
9139,29.0,-214.0,-110.0,-125.0,166.0,56.0,97.0,-851.0,-379.0,2
9140,27.0,-221.0,-112.0,-133.0,155.0,69.0,72.0,-859.0,-372.0,2
9141,24.0,-223.0,-110.0,-152.0,153.0,77.0,67.0,-872.0,-373.0,2
9142,22.0,-229.0,-110.0,-172.0,153.0,73.0,60.0,-901.0,-371.0,2
9143,15.0,-237.0,-104.0,-192.0,147.0,43.0,42.0,-929.0,-357.0,2
9144,12.0,-245.0,-106.0,-206.0,133.0,8.0,21.0,-954.0,-345.0,2
9145,10.0,-250.0,-96.0,-214.0,121.0,-27.0,13.0,-964.0,-325.0,2
9146,10.0,-253.0,-96.0,-206.0,115.0,-69.0,14.0,-974.0,-300.0,2
9147,6.0,-251.0,-90.0,-186.0,114.0,-109.0,1.0,-965.0,-291.0,2
9148,2.0,-249.0,-92.0,-158.0,121.0,-148.0,-12.0,-955.0,-279.0,2
9149,-8.0,-246.0,-88.0,-123.0,125.0,-181.0,-39.0,-947.0,-286.0,2
9150,-9.0,-244.0,-91.0,-96.0,116.0,-210.0,-57.0,-949.0,-281.0,2
9151,-12.0,-244.0,-90.0,-87.0,93.0,-234.0,-77.0,-947.0,-289.0,2
9152,-14.0,-247.0,-84.0,-100.0,63.0,-250.0,-81.0,-953.0,-279.0,2
9153,-12.0,-252.0,-84.0,-120.0,32.0,-270.0,-90.0,-977.0,-269.0,2
9154,-12.0,-258.0,-87.0,-147.0,2.0,-287.0,-84.0,-1003.0,-265.0,2
9155,-12.0,-263.0,-84.0,-170.0,-14.0,-309.0,-89.0,-1017.0,-254.0,2
9156,-18.0,-267.0,-76.0,-173.0,-32.0,-327.0,-102.0,-1032.0,-232.0,2
9157,-16.0,-271.0,-70.0,-152.0,-62.0,-339.0,-103.0,-1047.0,-218.0,2
9158,-19.0,-273.0,-72.0,-105.0,-101.0,-351.0,-107.0,-1059.0,-212.0,2
9159,-20.0,-269.0,-71.0,-51.0,-141.0,-359.0,-107.0,-1050.0,-214.0,2
9160,-16.0,-267.0,-70.0,-4.0,-182.0,-359.0,-102.0,-1037.0,-211.0,2
9161,-13.0,-262.0,-71.0,35.0,-221.0,-358.0,-90.0,-1022.0,-226.0,2
9162,-12.0,-256.0,-72.0,60.0,-254.0,-351.0,-74.0,-996.0,-226.0,2
9163,-5.0,-250.0,-77.0,78.0,-281.0,-346.0,-39.0,-966.0,-221.0,2
9164,-1.0,-241.0,-74.0,89.0,-311.0,-341.0,-27.0,-944.0,-231.0,2
9165,4.0,-237.0,-69.0,93.0,-323.0,-341.0,-11.0,-915.0,-219.0,2
9166,6.0,-228.0,-74.0,94.0,-340.0,-347.0,2.0,-895.0,-222.0,2
9167,7.0,-225.0,-76.0,83.0,-360.0,-352.0,12.0,-876.0,-231.0,2
9168,14.0,-221.0,-76.0,59.0,-375.0,-356.0,33.0,-863.0,-227.0,2
9169,19.0,-220.0,-74.0,31.0,-377.0,-360.0,52.0,-856.0,-218.0,2
9170,23.0,-219.0,-67.0,8.0,-370.0,-360.0,65.0,-852.0,-206.0,2
9171,28.0,-218.0,-66.0,-1.0,-357.0,-363.0,77.0,-857.0,-195.0,2
9172,36.0,-220.0,-67.0,-9.0,-345.0,-362.0,97.0,-862.0,-196.0,2
9173,40.0,-223.0,-61.0,-18.0,-330.0,-364.0,110.0,-866.0,-188.0,2
9174,37.0,-226.0,-63.0,-27.0,-315.0,-364.0,115.0,-877.0,-184.0,2
9175,40.0,-229.0,-62.0,-37.0,-305.0,-360.0,125.0,-886.0,-180.0,2
9176,42.0,-231.0,-64.0,-44.0,-295.0,-359.0,130.0,-896.0,-173.0,2
9177,37.0,-231.0,-59.0,-47.0,-288.0,-355.0,110.0,-899.0,-177.0,2
9178,29.0,-233.0,-60.0,-52.0,-284.0,-350.0,100.0,-908.0,-172.0,2
9179,29.0,-238.0,-60.0,-59.0,-284.0,-344.0,81.0,-914.0,-172.0,2
9180,23.0,-238.0,-61.0,-68.0,-289.0,-337.0,72.0,-919.0,-168.0,2
9181,20.0,-240.0,-57.0,-76.0,-295.0,-333.0,49.0,-929.0,-166.0,2
9182,15.0,-242.0,-60.0,-87.0,-301.0,-321.0,27.0,-941.0,-161.0,2
9183,15.0,-242.0,-58.0,-97.0,-308.0,-307.0,25.0,-945.0,-161.0,2
9184,13.0,-245.0,-55.0,-105.0,-313.0,-293.0,16.0,-944.0,-159.0,2
9185,11.0,-244.0,-60.0,-105.0,-314.0,-277.0,10.0,-936.0,-161.0,2
9186,10.0,-243.0,-57.0,-96.0,-308.0,-257.0,9.0,-933.0,-163.0,2
9187,12.0,-243.0,-60.0,-84.0,-304.0,-241.0,26.0,-929.0,-166.0,2
9188,15.0,-238.0,-61.0,-76.0,-300.0,-229.0,32.0,-919.0,-178.0,2
9189,16.0,-239.0,-64.0,-71.0,-301.0,-218.0,37.0,-917.0,-179.0,2
9190,13.0,-231.0,-59.0,-74.0,-301.0,-209.0,33.0,-905.0,-186.0,2
9191,16.0,-234.0,-65.0,-84.0,-303.0,-200.0,36.0,-902.0,-181.0,2
9192,18.0,-227.0,-62.0,-95.0,-309.0,-189.0,41.0,-898.0,-171.0,2
9193,19.0,-227.0,-57.0,-103.0,-315.0,-182.0,51.0,-886.0,-162.0,2
9194,19.0,-226.0,-56.0,-105.0,-311.0,-170.0,54.0,-881.0,-159.0,2
9195,21.0,-226.0,-56.0,-101.0,-302.0,-153.0,64.0,-884.0,-152.0,2
9196,28.0,-227.0,-54.0,-86.0,-294.0,-141.0,73.0,-875.0,-142.0,2
9197,30.0,-225.0,-56.0,-68.0,-288.0,-135.0,81.0,-874.0,-144.0,2
9198,28.0,-224.0,-53.0,-48.0,-285.0,-127.0,92.0,-869.0,-145.0,2
9199,30.0,-221.0,-55.0,-34.0,-287.0,-113.0,101.0,-860.0,-147.0,2
9200,35.0,-218.0,-57.0,-32.0,-286.0,-97.0,113.0,-852.0,-164.0,2
9201,38.0,-218.0,-61.0,-42.0,-281.0,-86.0,118.0,-849.0,-170.0,2
9202,37.0,-219.0,-67.0,-67.0,-272.0,-75.0,116.0,-858.0,-188.0,2
9203,34.0,-223.0,-66.0,-102.0,-268.0,-66.0,105.0,-866.0,-196.0,2
9204,27.0,-224.0,-66.0,-135.0,-264.0,-53.0,94.0,-880.0,-186.0,2
9205,30.0,-230.0,-59.0,-153.0,-263.0,-36.0,79.0,-899.0,-166.0,2
9206,27.0,-237.0,-55.0,-152.0,-261.0,-19.0,72.0,-921.0,-157.0,2
9207,25.0,-240.0,-55.0,-147.0,-255.0,-5.0,78.0,-935.0,-152.0,2
9208,28.0,-242.0,-56.0,-142.0,-243.0,10.0,84.0,-943.0,-145.0,2
9209,27.0,-247.0,-56.0,-136.0,-223.0,21.0,77.0,-952.0,-138.0,2
9210,26.0,-248.0,-52.0,-136.0,-207.0,31.0,67.0,-956.0,-131.0,2
9211,26.0,-249.0,-54.0,-137.0,-196.0,41.0,63.0,-960.0,-138.0,2
9212,24.0,-251.0,-49.0,-142.0,-188.0,50.0,70.0,-965.0,-127.0,2
9213,28.0,-251.0,-48.0,-143.0,-182.0,56.0,71.0,-962.0,-125.0,2
9214,26.0,-252.0,-50.0,-137.0,-177.0,62.0,80.0,-961.0,-131.0,2
9215,31.0,-246.0,-51.0,-134.0,-173.0,62.0,91.0,-958.0,-136.0,2
9216,35.0,-245.0,-57.0,-139.0,-167.0,64.0,100.0,-957.0,-145.0,2
9217,43.0,-247.0,-58.0,-151.0,-159.0,61.0,117.0,-960.0,-158.0,2
9218,45.0,-247.0,-65.0,-163.0,-147.0,59.0,135.0,-960.0,-182.0,2
9219,50.0,-249.0,-65.0,-179.0,-125.0,51.0,161.0,-965.0,-199.0,2
9220,52.0,-248.0,-70.0,-189.0,-96.0,45.0,165.0,-967.0,-215.0,2
9221,51.0,-251.0,-72.0,-193.0,-59.0,37.0,175.0,-971.0,-215.0,2
9222,53.0,-252.0,-75.0,-187.0,-23.0,30.0,177.0,-976.0,-219.0,2
9223,53.0,-251.0,-69.0,-179.0,6.0,19.0,175.0,-987.0,-216.0,2
9224,46.0,-253.0,-65.0,-174.0,30.0,9.0,154.0,-979.0,-202.0,2
9225,44.0,-258.0,-64.0,-170.0,43.0,-9.0,125.0,-999.0,-183.0,2
9226,33.0,-257.0,-56.0,-168.0,44.0,-20.0,99.0,-995.0,-156.0,2
9227,21.0,-260.0,-55.0,-169.0,26.0,-36.0,68.0,-1003.0,-144.0,2
9228,14.0,-260.0,-54.0,-168.0,2.0,-45.0,31.0,-1009.0,-136.0,2
9229,9.0,-259.0,-52.0,-160.0,-29.0,-48.0,4.0,-1011.0,-132.0,2
9230,1.0,-260.0,-53.0,-150.0,-60.0,-46.0,-7.0,-1013.0,-135.0,2
9231,3.0,-263.0,-52.0,-133.0,-84.0,-47.0,-9.0,-1017.0,-137.0,2
9232,7.0,-260.0,-50.0,-116.0,-106.0,-43.0,-1.0,-1021.0,-136.0,2
9233,7.0,-259.0,-55.0,-94.0,-119.0,-43.0,8.0,-1012.0,-146.0,2
9234,13.0,-258.0,-54.0,-77.0,-127.0,-39.0,18.0,-1004.0,-147.0,2
9235,12.0,-254.0,-55.0,-61.0,-133.0,-39.0,20.0,-989.0,-152.0,2
9236,11.0,-251.0,-56.0,-52.0,-138.0,-33.0,27.0,-970.0,-153.0,2
9237,16.0,-245.0,-56.0,-45.0,-150.0,-29.0,34.0,-964.0,-147.0,2
9238,20.0,-248.0,-55.0,-42.0,-168.0,-18.0,41.0,-956.0,-150.0,2
9239,18.0,-247.0,-54.0,-48.0,-190.0,-11.0,45.0,-946.0,-142.0,2
9240,20.0,-248.0,-53.0,-54.0,-213.0,-4.0,47.0,-953.0,-127.0,2
9241,20.0,-251.0,-47.0,-58.0,-238.0,1.0,50.0,-968.0,-120.0,2
9242,18.0,-253.0,-46.0,-59.0,-261.0,8.0,47.0,-969.0,-104.0,2
9243,15.0,-252.0,-45.0,-52.0,-281.0,8.0,43.0,-978.0,-91.0,2
9244,18.0,-256.0,-44.0,-40.0,-297.0,9.0,34.0,-995.0,-87.0,2
9245,11.0,-255.0,-40.0,-32.0,-309.0,7.0,20.0,-991.0,-76.0,2
9246,13.0,-257.0,-38.0,-26.0,-322.0,11.0,9.0,-992.0,-62.0,2
9247,8.0,-259.0,-33.0,-5.0,-334.0,6.0,4.0,-1001.0,-56.0,2
9248,7.0,-256.0,-36.0,12.0,-349.0,3.0,2.0,-1006.0,-64.0,2
9249,7.0,-260.0,-37.0,11.0,-357.0,-3.0,2.0,-1011.0,-54.0,2
9250,9.0,-261.0,-31.0,5.0,-370.0,-4.0,7.0,-1023.0,-40.0,2
9251,9.0,-265.0,-21.0,6.0,-388.0,-11.0,10.0,-1031.0,-26.0,2
9252,10.0,-267.0,-28.0,10.0,-413.0,-17.0,18.0,-1047.0,-30.0,2
9253,12.0,-269.0,-21.0,9.0,-440.0,-27.0,20.0,-1043.0,5.0,2
9254,14.0,-268.0,-17.0,35.0,-462.0,-37.0,27.0,-1048.0,5.0,2
9255,17.0,-271.0,-23.0,64.0,-477.0,-49.0,36.0,-1044.0,-9.0,2
9256,18.0,-266.0,-25.0,83.0,-494.0,-56.0,44.0,-1038.0,-20.0,2
9257,24.0,-264.0,-26.0,97.0,-513.0,-62.0,60.0,-1027.0,-34.0,2
9258,28.0,-260.0,-23.0,108.0,-533.0,-66.0,79.0,-1010.0,-26.0,2
9259,35.0,-257.0,-29.0,130.0,-544.0,-68.0,101.0,-997.0,-28.0,2
9260,37.0,-255.0,-27.0,140.0,-546.0,-67.0,113.0,-978.0,-32.0,2
9261,41.0,-250.0,-26.0,141.0,-539.0,-61.0,124.0,-967.0,-35.0,2
9262,46.0,-247.0,-30.0,133.0,-530.0,-51.0,148.0,-955.0,-35.0,2
9263,50.0,-247.0,-36.0,117.0,-520.0,-43.0,160.0,-962.0,-71.0,2
9264,53.0,-248.0,-48.0,77.0,-514.0,-38.0,174.0,-968.0,-116.0,2
9265,57.0,-254.0,-58.0,21.0,-513.0,-38.0,189.0,-1000.0,-142.0,2
9266,58.0,-261.0,-63.0,-39.0,-512.0,-33.0,198.0,-1026.0,-177.0,2
9267,58.0,-272.0,-60.0,-87.0,-505.0,-34.0,203.0,-1059.0,-175.0,2
9268,64.0,-281.0,-58.0,-98.0,-493.0,-24.0,213.0,-1100.0,-158.0,2
9269,68.0,-291.0,-56.0,-72.0,-470.0,-24.0,227.0,-1131.0,-148.0,2
9270,71.0,-298.0,-54.0,-30.0,-438.0,-27.0,241.0,-1151.0,-145.0,2
9271,73.0,-302.0,-56.0,12.0,-401.0,-38.0,237.0,-1159.0,-152.0,2
9272,65.0,-305.0,-59.0,43.0,-363.0,-44.0,214.0,-1182.0,-180.0,2
9273,56.0,-306.0,-74.0,47.0,-335.0,-55.0,185.0,-1198.0,-216.0,2
9274,46.0,-309.0,-84.0,29.0,-312.0,-60.0,141.0,-1201.0,-250.0,2
9275,35.0,-308.0,-94.0,10.0,-291.0,-66.0,110.0,-1200.0,-284.0,2
9276,34.0,-307.0,-98.0,-4.0,-265.0,-66.0,92.0,-1201.0,-312.0,2
9277,30.0,-311.0,-102.0,-8.0,-224.0,-69.0,79.0,-1206.0,-342.0,2
9278,29.0,-312.0,-107.0,-2.0,-171.0,-69.0,78.0,-1204.0,-353.0,2
9279,36.0,-316.0,-106.0,13.0,-101.0,-75.0,94.0,-1215.0,-356.0,2
9280,45.0,-318.0,-102.0,39.0,-51.0,-80.0,126.0,-1213.0,-327.0,2
9281,52.0,-314.0,-94.0,71.0,-6.0,-97.0,162.0,-1216.0,-306.0,2
9282,59.0,-312.0,-91.0,102.0,41.0,-111.0,183.0,-1203.0,-286.0,2
9283,61.0,-308.0,-87.0,129.0,90.0,-133.0,199.0,-1181.0,-283.0,2
9284,56.0,-295.0,-93.0,149.0,140.0,-153.0,198.0,-1156.0,-287.0,2
9285,52.0,-289.0,-96.0,160.0,182.0,-168.0,173.0,-1123.0,-309.0,2
9286,46.0,-279.0,-96.0,173.0,217.0,-165.0,134.0,-1089.0,-307.0,2
9287,36.0,-272.0,-93.0,189.0,240.0,-157.0,103.0,-1053.0,-299.0,2
9288,23.0,-258.0,-96.0,213.0,253.0,-134.0,64.0,-1014.0,-303.0,2
9289,17.0,-246.0,-94.0,237.0,260.0,-100.0,43.0,-956.0,-293.0,2
9290,13.0,-230.0,-94.0,266.0,251.0,-63.0,22.0,-907.0,-313.0,2
9291,7.0,-219.0,-101.0,275.0,229.0,-33.0,6.0,-863.0,-324.0,2
9292,2.0,-213.0,-102.0,268.0,196.0,1.0,-3.0,-836.0,-334.0,2
9293,4.0,-221.0,-99.0,248.0,154.0,24.0,-26.0,-811.0,-340.0,2
9294,-6.0,-202.0,-105.0,223.0,117.0,46.0,-29.0,-792.0,-352.0,2
9295,-7.0,-197.0,-109.0,200.0,91.0,65.0,-56.0,-782.0,-366.0,2
9296,-12.0,-197.0,-116.0,180.0,78.0,87.0,-68.0,-781.0,-384.0,2
9297,-14.0,-198.0,-118.0,166.0,64.0,97.0,-92.0,-778.0,-397.0,2
9298,-24.0,-199.0,-113.0,155.0,34.0,103.0,-108.0,-783.0,-394.0,2
9299,-27.0,-201.0,-114.0,152.0,-18.0,97.0,-127.0,-789.0,-387.0,2
9300,-29.0,-207.0,-113.0,155.0,-97.0,82.0,-138.0,-801.0,-379.0,2
9301,-38.0,-203.0,-111.0,157.0,-154.0,64.0,-170.0,-800.0,-376.0,2
9302,-43.0,-204.0,-109.0,156.0,-192.0,56.0,-194.0,-795.0,-367.0,2
9303,-48.0,-205.0,-111.0,149.0,-211.0,46.0,-216.0,-799.0,-370.0,2
9304,-50.0,-200.0,-110.0,127.0,-210.0,36.0,-226.0,-797.0,-373.0,2
9305,-55.0,-203.0,-104.0,90.0,-200.0,25.0,-237.0,-799.0,-358.0,2
9306,-55.0,-201.0,-101.0,51.0,-192.0,20.0,-233.0,-804.0,-337.0,2
9307,-51.0,-204.0,-94.0,16.0,-187.0,9.0,-228.0,-799.0,-323.0,2
9308,-46.0,-208.0,-97.0,-11.0,-179.0,9.0,-207.0,-818.0,-314.0,2
9309,-43.0,-216.0,-99.0,-43.0,-172.0,8.0,-183.0,-842.0,-330.0,2
9310,-31.0,-222.0,-100.0,-82.0,-171.0,15.0,-163.0,-862.0,-329.0,2
9311,-21.0,-231.0,-95.0,-123.0,-163.0,16.0,-128.0,-885.0,-321.0,2
9312,-13.0,-237.0,-95.0,-142.0,-155.0,20.0,-98.0,-919.0,-310.0,2
9313,-8.0,-241.0,-91.0,-149.0,-151.0,24.0,-55.0,-924.0,-281.0,2
9314,6.0,-246.0,-91.0,-132.0,-141.0,24.0,-17.0,-939.0,-282.0,2
9315,9.0,-245.0,-88.0,-115.0,-122.0,19.0,-1.0,-946.0,-285.0,2
9316,12.0,-248.0,-90.0,-104.0,-95.0,23.0,17.0,-954.0,-291.0,2
9317,14.0,-247.0,-88.0,-110.0,-68.0,28.0,22.0,-963.0,-293.0,2
9318,16.0,-254.0,-89.0,-125.0,-45.0,45.0,30.0,-974.0,-283.0,2
9319,18.0,-257.0,-84.0,-129.0,-26.0,55.0,41.0,-1001.0,-272.0,2
9320,21.0,-259.0,-83.0,-123.0,-8.0,77.0,45.0,-1011.0,-267.0,2
9321,22.0,-261.0,-82.0,-110.0,27.0,99.0,58.0,-1022.0,-249.0,2
9322,29.0,-265.0,-81.0,-78.0,71.0,124.0,61.0,-1031.0,-249.0,2
9323,27.0,-265.0,-81.0,-38.0,118.0,145.0,63.0,-1041.0,-243.0,2
9324,22.0,-270.0,-85.0,11.0,159.0,167.0,54.0,-1050.0,-271.0,2
9325,16.0,-269.0,-89.0,50.0,188.0,185.0,27.0,-1050.0,-288.0,2
9326,15.0,-269.0,-94.0,78.0,213.0,213.0,27.0,-1055.0,-307.0,2
9327,10.0,-265.0,-96.0,99.0,233.0,236.0,12.0,-1053.0,-309.0,2
9328,13.0,-264.0,-96.0,112.0,252.0,263.0,16.0,-1040.0,-302.0,2
9329,10.0,-263.0,-90.0,124.0,265.0,281.0,8.0,-1026.0,-285.0,2
9330,5.0,-260.0,-81.0,138.0,276.0,295.0,-4.0,-1013.0,-255.0,2
9331,8.0,-257.0,-75.0,167.0,289.0,301.0,2.0,-996.0,-220.0,2
9332,9.0,-250.0,-68.0,198.0,308.0,301.0,9.0,-965.0,-212.0,2
9333,7.0,-244.0,-69.0,221.0,319.0,290.0,-2.0,-940.0,-207.0,2
9334,0.0,-237.0,-69.0,225.0,332.0,284.0,-30.0,-920.0,-206.0,2
9335,-3.0,-232.0,-63.0,216.0,350.0,278.0,-39.0,-907.0,-199.0,2
9336,-5.0,-226.0,-63.0,207.0,370.0,274.0,-43.0,-888.0,-199.0,2
9337,-5.0,-223.0,-70.0,198.0,391.0,262.0,-48.0,-878.0,-196.0,2
9338,-9.0,-220.0,-68.0,186.0,411.0,257.0,-54.0,-849.0,-190.0,2
9339,-11.0,-216.0,-68.0,175.0,428.0,248.0,-71.0,-845.0,-198.0,2
9340,-17.0,-214.0,-68.0,157.0,436.0,249.0,-101.0,-839.0,-198.0,2
9341,-20.0,-216.0,-63.0,133.0,438.0,248.0,-103.0,-838.0,-195.0,2
9342,-22.0,-216.0,-67.0,111.0,439.0,253.0,-117.0,-840.0,-184.0,2
9343,-24.0,-218.0,-62.0,90.0,438.0,260.0,-120.0,-848.0,-171.0,2
9344,-28.0,-216.0,-59.0,78.0,434.0,264.0,-125.0,-847.0,-172.0,2
9345,-25.0,-220.0,-65.0,63.0,427.0,264.0,-131.0,-851.0,-184.0,2
9346,-29.0,-222.0,-68.0,40.0,411.0,270.0,-126.0,-859.0,-200.0,2
9347,-21.0,-226.0,-66.0,10.0,394.0,271.0,-116.0,-877.0,-213.0,2
9348,-20.0,-227.0,-70.0,-22.0,375.0,277.0,-107.0,-894.0,-211.0,2
9349,-17.0,-232.0,-66.0,-46.0,362.0,276.0,-99.0,-901.0,-197.0,2
9350,-14.0,-239.0,-61.0,-58.0,356.0,278.0,-91.0,-918.0,-189.0,2
9351,-11.0,-244.0,-60.0,-57.0,345.0,272.0,-75.0,-936.0,-167.0,2
9352,-11.0,-247.0,-59.0,-49.0,337.0,270.0,-67.0,-948.0,-170.0,2
9353,-10.0,-246.0,-55.0,-36.0,327.0,258.0,-68.0,-949.0,-157.0,2
9354,-11.0,-248.0,-58.0,-26.0,320.0,252.0,-59.0,-946.0,-151.0,2
9355,-7.0,-244.0,-56.0,-14.0,317.0,239.0,-58.0,-939.0,-159.0,2
9356,-7.0,-238.0,-56.0,-6.0,318.0,232.0,-44.0,-925.0,-164.0,2
9357,-4.0,-235.0,-62.0,-2.0,319.0,218.0,-33.0,-915.0,-185.0,2
9358,-1.0,-233.0,-68.0,-7.0,329.0,209.0,-26.0,-907.0,-187.0,2
9359,0.0,-236.0,-65.0,-21.0,343.0,194.0,-25.0,-903.0,-190.0,2
9360,3.0,-234.0,-65.0,-41.0,354.0,180.0,-16.0,-902.0,-188.0,2
9361,-1.0,-233.0,-56.0,-63.0,359.0,163.0,-28.0,-905.0,-169.0,2
9362,0.0,-234.0,-55.0,-76.0,363.0,156.0,-28.0,-908.0,-147.0,2
9363,-2.0,-237.0,-52.0,-79.0,370.0,142.0,-27.0,-904.0,-138.0,2
9364,-1.0,-232.0,-52.0,-69.0,379.0,134.0,-33.0,-901.0,-131.0,2
9365,-3.0,-235.0,-52.0,-60.0,383.0,119.0,-30.0,-900.0,-137.0,2
9366,-3.0,-229.0,-56.0,-55.0,380.0,106.0,-33.0,-894.0,-147.0,2
9367,-5.0,-231.0,-55.0,-57.0,371.0,91.0,-49.0,-896.0,-151.0,2
9368,-6.0,-231.0,-56.0,-63.0,369.0,85.0,-59.0,-886.0,-149.0,2
9369,-7.0,-229.0,-56.0,-70.0,371.0,75.0,-59.0,-896.0,-149.0,2
9370,-11.0,-231.0,-50.0,-77.0,373.0,69.0,-63.0,-899.0,-133.0,2
9371,-9.0,-234.0,-53.0,-82.0,372.0,58.0,-59.0,-909.0,-125.0,2
9372,-10.0,-236.0,-46.0,-87.0,366.0,53.0,-61.0,-911.0,-112.0,2
9373,-10.0,-238.0,-48.0,-95.0,363.0,43.0,-60.0,-916.0,-112.0,2
9374,-12.0,-241.0,-46.0,-99.0,363.0,37.0,-75.0,-921.0,-108.0,2
9375,-10.0,-245.0,-48.0,-97.0,364.0,28.0,-74.0,-931.0,-114.0,2
9376,-12.0,-246.0,-50.0,-90.0,361.0,26.0,-74.0,-937.0,-109.0,2
9377,-10.0,-246.0,-47.0,-83.0,357.0,17.0,-73.0,-948.0,-112.0,2
9378,-11.0,-247.0,-45.0,-77.0,351.0,15.0,-73.0,-948.0,-98.0,2
9379,-10.0,-249.0,-41.0,-75.0,345.0,8.0,-70.0,-951.0,-92.0,2
9380,-11.0,-247.0,-45.0,-71.0,339.0,4.0,-67.0,-951.0,-88.0,2
9381,-10.0,-246.0,-44.0,-74.0,334.0,-3.0,-66.0,-952.0,-92.0,2
9382,-9.0,-246.0,-41.0,-76.0,328.0,-4.0,-67.0,-951.0,-94.0,2
9383,-12.0,-246.0,-46.0,-82.0,322.0,-14.0,-73.0,-948.0,-99.0,2
9384,-14.0,-245.0,-44.0,-87.0,313.0,-17.0,-84.0,-954.0,-113.0,2
9385,-12.0,-247.0,-46.0,-95.0,302.0,-20.0,-91.0,-949.0,-111.0,2
9386,-14.0,-247.0,-48.0,-97.0,288.0,-19.0,-103.0,-945.0,-117.0,2
9387,-20.0,-245.0,-54.0,-98.0,278.0,-21.0,-103.0,-948.0,-126.0,2
9388,-19.0,-244.0,-50.0,-98.0,269.0,-17.0,-111.0,-944.0,-133.0,2
9389,-18.0,-243.0,-56.0,-101.0,261.0,-17.0,-104.0,-947.0,-145.0,2
9390,-18.0,-247.0,-53.0,-110.0,254.0,-13.0,-104.0,-939.0,-139.0,2
9391,-14.0,-245.0,-54.0,-118.0,249.0,-11.0,-96.0,-946.0,-145.0,2
9392,-12.0,-246.0,-55.0,-128.0,250.0,-1.0,-77.0,-954.0,-148.0,2
9393,-6.0,-246.0,-50.0,-141.0,258.0,3.0,-52.0,-955.0,-137.0,2
9394,1.0,-249.0,-47.0,-149.0,277.0,13.0,-32.0,-960.0,-124.0,2
9395,4.0,-250.0,-47.0,-145.0,298.0,14.0,-10.0,-967.0,-112.0,2
9396,9.0,-252.0,-48.0,-128.0,321.0,17.0,3.0,-970.0,-102.0,2
9397,12.0,-253.0,-49.0,-114.0,335.0,10.0,16.0,-972.0,-99.0,2
9398,13.0,-254.0,-51.0,-98.0,343.0,5.0,23.0,-985.0,-106.0,2
9399,14.0,-255.0,-47.0,-85.0,350.0,-5.0,23.0,-990.0,-106.0,2
9400,11.0,-257.0,-48.0,-77.0,361.0,-10.0,19.0,-993.0,-118.0,2
9401,8.0,-255.0,-49.0,-71.0,373.0,-22.0,15.0,-1000.0,-119.0,2
9402,6.0,-260.0,-52.0,-63.0,384.0,-25.0,-4.0,-1008.0,-120.0,2
9403,-1.0,-260.0,-47.0,-50.0,397.0,-37.0,-24.0,-1008.0,-114.0,2
9404,-6.0,-261.0,-48.0,-31.0,408.0,-45.0,-56.0,-1014.0,-128.0,2
9405,-5.0,-263.0,-49.0,-18.0,415.0,-49.0,-62.0,-1016.0,-120.0,2
9406,-9.0,-270.0,-51.0,0.0,429.0,-53.0,-63.0,-1024.0,-117.0,2
9407,-12.0,-262.0,-42.0,18.0,444.0,-58.0,-79.0,-1028.0,-105.0,2
9408,-12.0,-263.0,-40.0,37.0,458.0,-54.0,-79.0,-1031.0,-97.0,2
9409,-12.0,-265.0,-38.0,52.0,476.0,-52.0,-77.0,-1026.0,-83.0,2
9410,-6.0,-264.0,-40.0,71.0,494.0,-42.0,-57.0,-1030.0,-80.0,2
9411,-6.0,-264.0,-31.0,88.0,513.0,-35.0,-48.0,-1038.0,-64.0,2
9412,-1.0,-263.0,-36.0,100.0,529.0,-25.0,-24.0,-1038.0,-67.0,2
9413,4.0,-268.0,-36.0,100.0,551.0,-23.0,-19.0,-1040.0,-61.0,2
9414,5.0,-271.0,-35.0,98.0,567.0,-9.0,-20.0,-1049.0,-49.0,2
9415,5.0,-270.0,-31.0,93.0,579.0,4.0,-16.0,-1057.0,-50.0,2
9416,8.0,-272.0,-23.0,85.0,591.0,27.0,-12.0,-1062.0,-35.0,2
9417,4.0,-271.0,-24.0,92.0,594.0,46.0,-16.0,-1058.0,-10.0,2
9418,1.0,-275.0,-18.0,107.0,597.0,70.0,-25.0,-1067.0,-15.0,2
9419,-3.0,-270.0,-21.0,121.0,603.0,93.0,-26.0,-1056.0,4.0,2
9420,-4.0,-271.0,-18.0,147.0,614.0,115.0,-32.0,-1050.0,8.0,2
9421,0.0,-268.0,-15.0,172.0,618.0,129.0,-36.0,-1036.0,14.0,2
9422,-1.0,-263.0,-18.0,192.0,626.0,138.0,-37.0,-1026.0,13.0,2
9423,-3.0,-259.0,-15.0,204.0,639.0,137.0,-50.0,-1012.0,18.0,2
9424,-6.0,-253.0,-12.0,210.0,656.0,139.0,-51.0,-974.0,29.0,2
9425,-9.0,-250.0,-11.0,214.0,669.0,131.0,-56.0,-950.0,27.0,2
9426,-11.0,-245.0,-11.0,212.0,680.0,123.0,-64.0,-933.0,20.0,2
9427,-12.0,-243.0,-16.0,192.0,686.0,97.0,-69.0,-935.0,3.0,2
9428,-12.0,-243.0,-22.0,143.0,678.0,78.0,-86.0,-940.0,-12.0,2
9429,-17.0,-244.0,-28.0,97.0,668.0,55.0,-105.0,-946.0,-21.0,2
9430,-23.0,-249.0,-33.0,49.0,664.0,45.0,-116.0,-960.0,-49.0,2
9431,-20.0,-257.0,-36.0,6.0,673.0,35.0,-113.0,-1003.0,-62.0,2
9432,-29.0,-265.0,-33.0,-24.0,682.0,25.0,-140.0,-1024.0,-64.0,2
9433,-32.0,-272.0,-37.0,-45.0,687.0,16.0,-167.0,-1060.0,-68.0,2
9434,-37.0,-280.0,-38.0,-56.0,690.0,18.0,-178.0,-1091.0,-69.0,2
9435,-38.0,-288.0,-36.0,-54.0,685.0,16.0,-183.0,-1114.0,-67.0,2
9436,-46.0,-290.0,-34.0,-40.0,666.0,14.0,-194.0,-1129.0,-73.0,2
9437,-43.0,-291.0,-33.0,-19.0,636.0,7.0,-198.0,-1126.0,-73.0,2
9438,-45.0,-289.0,-44.0,13.0,590.0,10.0,-198.0,-1123.0,-101.0,2
9439,-41.0,-287.0,-56.0,24.0,555.0,8.0,-182.0,-1115.0,-140.0,2
9440,-37.0,-284.0,-59.0,8.0,521.0,10.0,-177.0,-1101.0,-164.0,2
9441,-35.0,-280.0,-62.0,-17.0,483.0,11.0,-170.0,-1098.0,-185.0,2
9442,-33.0,-285.0,-64.0,-48.0,437.0,20.0,-153.0,-1103.0,-201.0,2
9443,-30.0,-286.0,-73.0,-78.0,393.0,25.0,-147.0,-1121.0,-222.0,2
9444,-35.0,-293.0,-69.0,-106.0,355.0,35.0,-148.0,-1145.0,-215.0,2
9445,-33.0,-306.0,-72.0,-121.0,314.0,47.0,-170.0,-1175.0,-223.0,2
9446,-43.0,-317.0,-79.0,-124.0,261.0,63.0,-192.0,-1209.0,-234.0,2
9447,-46.0,-324.0,-78.0,-110.0,199.0,85.0,-220.0,-1242.0,-245.0,2
9448,-53.0,-333.0,-74.0,-81.0,114.0,122.0,-233.0,-1265.0,-246.0,2
9449,-58.0,-331.0,-74.0,-22.0,40.0,148.0,-238.0,-1271.0,-233.0,2
9450,-58.0,-328.0,-70.0,38.0,-40.0,176.0,-244.0,-1264.0,-227.0,2
9451,-55.0,-324.0,-80.0,102.0,-117.0,192.0,-240.0,-1248.0,-253.0,2
9452,-52.0,-317.0,-89.0,156.0,-184.0,202.0,-239.0,-1210.0,-275.0,2
9453,-48.0,-304.0,-93.0,192.0,-232.0,200.0,-222.0,-1172.0,-301.0,2
9454,-44.0,-287.0,-95.0,214.0,-265.0,185.0,-208.0,-1124.0,-313.0,2
9455,-36.0,-275.0,-96.0,238.0,-283.0,156.0,-190.0,-1067.0,-325.0,2
9456,-35.0,-259.0,-100.0,251.0,-286.0,138.0,-172.0,-1019.0,-336.0,2
9457,-31.0,-246.0,-103.0,250.0,-279.0,122.0,-153.0,-968.0,-350.0,2
9458,-24.0,-237.0,-106.0,230.0,-261.0,110.0,-127.0,-920.0,-354.0,2
9459,-17.0,-230.0,-109.0,187.0,-241.0,95.0,-99.0,-896.0,-356.0,2
9460,-11.0,-225.0,-103.0,151.0,-230.0,84.0,-74.0,-880.0,-337.0,2
9461,-5.0,-221.0,-100.0,132.0,-227.0,64.0,-37.0,-872.0,-326.0,2
9462,5.0,-219.0,-98.0,124.0,-222.0,49.0,-6.0,-870.0,-325.0,2
9463,16.0,-221.0,-105.0,118.0,-205.0,27.0,18.0,-878.0,-338.0,2
9464,22.0,-226.0,-107.0,111.0,-174.0,13.0,49.0,-872.0,-355.0,2
9465,27.0,-216.0,-111.0,107.0,-133.0,-3.0,70.0,-846.0,-364.0,2
9466,34.0,-213.0,-115.0,112.0,-92.0,-9.0,104.0,-842.0,-373.0,2
9467,42.0,-209.0,-112.0,120.0,-54.0,-25.0,132.0,-824.0,-373.0,2
9468,46.0,-204.0,-118.0,128.0,-31.0,-40.0,153.0,-808.0,-393.0,2
9469,51.0,-198.0,-119.0,120.0,-13.0,-58.0,161.0,-782.0,-411.0,2
9470,52.0,-191.0,-123.0,87.0,4.0,-58.0,181.0,-769.0,-423.0,2
9471,53.0,-190.0,-119.0,42.0,27.0,-57.0,189.0,-752.0,-415.0,2
9472,50.0,-190.0,-116.0,-6.0,44.0,-46.0,170.0,-749.0,-404.0,2
9473,50.0,-194.0,-115.0,-53.0,46.0,-30.0,157.0,-767.0,-393.0,2
9474,47.0,-197.0,-111.0,-106.0,39.0,-7.0,153.0,-782.0,-387.0,2
9475,44.0,-200.0,-112.0,-156.0,30.0,12.0,146.0,-804.0,-375.0,2
9476,40.0,-208.0,-103.0,-193.0,25.0,32.0,132.0,-821.0,-343.0,2
9477,38.0,-216.0,-101.0,-200.0,17.0,48.0,120.0,-847.0,-334.0,2
9478,35.0,-223.0,-99.0,-184.0,10.0,56.0,107.0,-866.0,-328.0,2
9479,32.0,-231.0,-105.0,-163.0,17.0,56.0,96.0,-899.0,-340.0,2
9480,33.0,-238.0,-105.0,-148.0,28.0,43.0,95.0,-916.0,-335.0,2
9481,31.0,-242.0,-106.0,-134.0,27.0,15.0,94.0,-936.0,-347.0,2
9482,28.0,-243.0,-107.0,-137.0,26.0,-13.0,76.0,-937.0,-353.0,2
9483,30.0,-246.0,-106.0,-147.0,38.0,-42.0,76.0,-954.0,-344.0,2
9484,31.0,-250.0,-100.0,-159.0,60.0,-70.0,81.0,-966.0,-319.0,2
9485,28.0,-248.0,-95.0,-160.0,85.0,-109.0,72.0,-961.0,-315.0,2
9486,17.0,-244.0,-93.0,-156.0,104.0,-141.0,44.0,-951.0,-294.0,2
9487,14.0,-247.0,-91.0,-140.0,104.0,-168.0,19.0,-946.0,-285.0,2
9488,3.0,-246.0,-92.0,-116.0,93.0,-184.0,-5.0,-944.0,-291.0,2
9489,-2.0,-250.0,-93.0,-98.0,82.0,-195.0,-29.0,-952.0,-295.0,2
9490,-1.0,-249.0,-90.0,-87.0,74.0,-207.0,-32.0,-961.0,-290.0,2
9491,-6.0,-252.0,-93.0,-85.0,68.0,-222.0,-46.0,-969.0,-306.0,2
9492,-10.0,-253.0,-89.0,-92.0,64.0,-224.0,-59.0,-977.0,-289.0,2
9493,-12.0,-257.0,-86.0,-87.0,54.0,-230.0,-77.0,-984.0,-274.0,2
9494,-12.0,-260.0,-81.0,-67.0,43.0,-234.0,-76.0,-999.0,-255.0,2
9495,-11.0,-260.0,-74.0,-31.0,24.0,-243.0,-77.0,-1006.0,-250.0,2
9496,-10.0,-260.0,-71.0,4.0,4.0,-244.0,-72.0,-1008.0,-239.0,2
9497,-8.0,-256.0,-74.0,32.0,-12.0,-254.0,-58.0,-1004.0,-232.0,2
9498,-9.0,-255.0,-71.0,52.0,-36.0,-263.0,-45.0,-988.0,-221.0,2
9499,-4.0,-255.0,-69.0,64.0,-65.0,-268.0,-35.0,-976.0,-213.0,2
9500,0.0,-249.0,-68.0,70.0,-91.0,-269.0,-19.0,-964.0,-202.0,2
9501,5.0,-243.0,-66.0,78.0,-110.0,-272.0,1.0,-947.0,-196.0,2
9502,12.0,-242.0,-68.0,83.0,-120.0,-268.0,19.0,-930.0,-199.0,2
9503,13.0,-239.0,-67.0,80.0,-126.0,-269.0,25.0,-927.0,-194.0,2
9504,17.0,-236.0,-68.0,70.0,-131.0,-269.0,42.0,-920.0,-190.0,2
9505,20.0,-237.0,-67.0,59.0,-138.0,-275.0,61.0,-915.0,-185.0,2
9506,24.0,-237.0,-67.0,53.0,-145.0,-277.0,59.0,-913.0,-187.0,2
9507,25.0,-238.0,-65.0,46.0,-147.0,-279.0,75.0,-915.0,-205.0,2
9508,30.0,-236.0,-69.0,38.0,-144.0,-278.0,76.0,-917.0,-216.0,2
9509,24.0,-233.0,-73.0,26.0,-134.0,-280.0,64.0,-913.0,-216.0,2
9510,22.0,-234.0,-70.0,11.0,-126.0,-275.0,62.0,-907.0,-208.0,2
9511,20.0,-236.0,-69.0,-5.0,-125.0,-276.0,48.0,-905.0,-204.0,2
9512,20.0,-231.0,-66.0,-24.0,-132.0,-276.0,53.0,-905.0,-194.0,2
9513,15.0,-232.0,-65.0,-38.0,-133.0,-280.0,44.0,-902.0,-193.0,2
9514,18.0,-231.0,-66.0,-50.0,-127.0,-276.0,37.0,-904.0,-188.0,2
9515,15.0,-235.0,-65.0,-59.0,-121.0,-277.0,23.0,-900.0,-182.0,2
9516,14.0,-233.0,-62.0,-63.0,-117.0,-273.0,24.0,-900.0,-173.0,2
9517,15.0,-232.0,-60.0,-59.0,-116.0,-270.0,23.0,-901.0,-168.0,2
9518,13.0,-231.0,-60.0,-53.0,-112.0,-265.0,13.0,-899.0,-166.0,2
9519,11.0,-231.0,-59.0,-53.0,-105.0,-264.0,9.0,-893.0,-164.0,2
9520,8.0,-233.0,-57.0,-60.0,-99.0,-263.0,0.0,-892.0,-157.0,2
9521,4.0,-230.0,-55.0,-74.0,-97.0,-263.0,-24.0,-898.0,-157.0,2
9522,8.0,-232.0,-58.0,-92.0,-95.0,-259.0,6.0,-902.0,-152.0,2
9523,8.0,-239.0,-52.0,-115.0,-100.0,-264.0,10.0,-916.0,-141.0,2
9524,7.0,-239.0,-49.0,-126.0,-113.0,-265.0,2.0,-922.0,-127.0,2
9525,6.0,-240.0,-50.0,-124.0,-127.0,-263.0,-2.0,-926.0,-121.0,2
9526,8.0,-238.0,-51.0,-120.0,-141.0,-247.0,8.0,-921.0,-123.0,2
9527,17.0,-236.0,-52.0,-114.0,-151.0,-236.0,23.0,-911.0,-131.0,2
9528,16.0,-236.0,-54.0,-119.0,-158.0,-232.0,39.0,-906.0,-149.0,2
9529,13.0,-230.0,-53.0,-134.0,-158.0,-228.0,30.0,-900.0,-150.0,2
9530,15.0,-233.0,-54.0,-154.0,-161.0,-218.0,35.0,-898.0,-155.0,2
9531,19.0,-232.0,-52.0,-174.0,-170.0,-208.0,36.0,-898.0,-136.0,2
9532,17.0,-227.0,-54.0,-179.0,-186.0,-199.0,42.0,-893.0,-120.0,2
9533,20.0,-228.0,-50.0,-170.0,-201.0,-191.0,48.0,-884.0,-118.0,2
9534,20.0,-225.0,-45.0,-158.0,-201.0,-181.0,54.0,-882.0,-111.0,2
9535,23.0,-224.0,-52.0,-155.0,-195.0,-171.0,65.0,-874.0,-117.0,2
9536,29.0,-225.0,-46.0,-159.0,-190.0,-159.0,74.0,-880.0,-111.0,2
9537,30.0,-225.0,-46.0,-165.0,-186.0,-153.0,88.0,-877.0,-124.0,2
9538,29.0,-226.0,-49.0,-175.0,-186.0,-145.0,91.0,-890.0,-127.0,2
9539,28.0,-233.0,-53.0,-186.0,-190.0,-138.0,83.0,-901.0,-132.0,2
9540,28.0,-235.0,-50.0,-199.0,-191.0,-125.0,81.0,-913.0,-131.0,2
9541,27.0,-241.0,-48.0,-204.0,-194.0,-114.0,68.0,-930.0,-122.0,2
9542,23.0,-247.0,-48.0,-193.0,-198.0,-102.0,63.0,-955.0,-123.0,2
9543,22.0,-252.0,-48.0,-178.0,-199.0,-89.0,59.0,-970.0,-117.0,2
9544,22.0,-257.0,-48.0,-152.0,-203.0,-71.0,55.0,-986.0,-116.0,2
9545,23.0,-257.0,-47.0,-126.0,-201.0,-56.0,45.0,-993.0,-118.0,2
9546,23.0,-258.0,-51.0,-103.0,-196.0,-39.0,46.0,-999.0,-117.0,2
9547,20.0,-257.0,-51.0,-82.0,-190.0,-27.0,49.0,-991.0,-119.0,2
9548,19.0,-254.0,-52.0,-72.0,-181.0,-12.0,52.0,-983.0,-112.0,2
9549,18.0,-254.0,-42.0,-69.0,-168.0,-1.0,49.0,-976.0,-101.0,2
9550,22.0,-248.0,-40.0,-64.0,-158.0,10.0,49.0,-968.0,-94.0,2
9551,23.0,-246.0,-45.0,-64.0,-152.0,21.0,59.0,-954.0,-90.0,2
9552,24.0,-242.0,-39.0,-66.0,-150.0,29.0,64.0,-940.0,-85.0,2
9553,24.0,-243.0,-39.0,-72.0,-149.0,34.0,65.0,-932.0,-83.0,2
9554,25.0,-239.0,-39.0,-75.0,-149.0,38.0,65.0,-925.0,-85.0,2
9555,27.0,-238.0,-42.0,-80.0,-148.0,35.0,69.0,-918.0,-89.0,2
9556,28.0,-238.0,-40.0,-85.0,-146.0,36.0,74.0,-924.0,-90.0,2
9557,31.0,-239.0,-41.0,-91.0,-138.0,34.0,84.0,-922.0,-92.0,2
9558,34.0,-243.0,-46.0,-95.0,-127.0,33.0,94.0,-942.0,-103.0,2
9559,37.0,-246.0,-46.0,-99.0,-111.0,26.0,103.0,-957.0,-96.0,2
9560,35.0,-254.0,-42.0,-100.0,-95.0,19.0,107.0,-976.0,-95.0,2
9561,36.0,-261.0,-41.0,-94.0,-79.0,10.0,117.0,-1012.0,-85.0,2
9562,41.0,-261.0,-39.0,-80.0,-67.0,1.0,120.0,-1020.0,-79.0,2
9563,42.0,-265.0,-39.0,-59.0,-53.0,-14.0,121.0,-1034.0,-73.0,2
9564,39.0,-267.0,-36.0,-36.0,-49.0,-32.0,115.0,-1047.0,-69.0,2
9565,32.0,-271.0,-36.0,-17.0,-57.0,-53.0,99.0,-1047.0,-68.0,2
9566,24.0,-265.0,-32.0,0.0,-75.0,-69.0,79.0,-1036.0,-59.0,2
9567,23.0,-263.0,-36.0,20.0,-102.0,-80.0,55.0,-1023.0,-66.0,2
9568,19.0,-259.0,-39.0,36.0,-130.0,-84.0,49.0,-1012.0,-72.0,2
9569,19.0,-257.0,-36.0,50.0,-154.0,-88.0,43.0,-998.0,-83.0,2
9570,17.0,-252.0,-45.0,60.0,-173.0,-89.0,31.0,-968.0,-99.0,2
9571,12.0,-246.0,-47.0,68.0,-183.0,-89.0,19.0,-953.0,-114.0,2
9572,12.0,-244.0,-48.0,72.0,-185.0,-88.0,18.0,-942.0,-121.0,2
9573,9.0,-239.0,-59.0,71.0,-187.0,-90.0,14.0,-940.0,-157.0,2
9574,13.0,-234.0,-55.0,53.0,-191.0,-90.0,23.0,-915.0,-137.0,2
9575,12.0,-235.0,-57.0,50.0,-200.0,-94.0,25.0,-909.0,-147.0,2
9576,14.0,-230.0,-56.0,37.0,-212.0,-93.0,34.0,-901.0,-157.0,2
9577,18.0,-234.0,-57.0,18.0,-221.0,-92.0,39.0,-903.0,-158.0,2
9578,24.0,-235.0,-57.0,-1.0,-225.0,-84.0,61.0,-910.0,-159.0,2
9579,25.0,-238.0,-52.0,-25.0,-226.0,-77.0,76.0,-920.0,-126.0,2
9580,28.0,-242.0,-43.0,-32.0,-229.0,-66.0,89.0,-935.0,-110.0,2
9581,31.0,-248.0,-45.0,-29.0,-240.0,-59.0,86.0,-955.0,-93.0,2
9582,29.0,-250.0,-39.0,-24.0,-252.0,-51.0,92.0,-974.0,-76.0,2
9583,33.0,-259.0,-37.0,-13.0,-264.0,-44.0,89.0,-999.0,-55.0,2
9584,32.0,-261.0,-29.0,4.0,-279.0,-36.0,90.0,-1015.0,-48.0,2
9585,34.0,-265.0,-26.0,22.0,-296.0,-28.0,95.0,-1034.0,-40.0,2
9586,33.0,-267.0,-27.0,37.0,-316.0,-26.0,97.0,-1046.0,-40.0,2
9587,36.0,-272.0,-33.0,40.0,-332.0,-30.0,105.0,-1055.0,-52.0,2
9588,37.0,-272.0,-38.0,34.0,-343.0,-39.0,111.0,-1061.0,-72.0,2
9589,39.0,-269.0,-50.0,20.0,-355.0,-56.0,115.0,-1062.0,-105.0,2
9590,38.0,-273.0,-55.0,-6.0,-360.0,-75.0,113.0,-1071.0,-146.0,2
9591,31.0,-279.0,-57.0,-36.0,-366.0,-94.0,104.0,-1094.0,-150.0,2
9592,30.0,-286.0,-51.0,-59.0,-379.0,-108.0,96.0,-1113.0,-135.0,2
9593,33.0,-291.0,-47.0,-65.0,-393.0,-117.0,98.0,-1128.0,-119.0,2
9594,39.0,-294.0,-47.0,-55.0,-392.0,-127.0,108.0,-1146.0,-111.0,2
9595,43.0,-298.0,-41.0,-51.0,-377.0,-140.0,125.0,-1157.0,-93.0,2
9596,50.0,-305.0,-40.0,-47.0,-360.0,-154.0,153.0,-1175.0,-91.0,2
9597,59.0,-309.0,-48.0,-43.0,-335.0,-162.0,185.0,-1197.0,-115.0,2
9598,69.0,-312.0,-53.0,-48.0,-307.0,-163.0,223.0,-1207.0,-128.0,2
9599,81.0,-315.0,-55.0,-52.0,-272.0,-165.0,262.0,-1219.0,-142.0,2
9600,84.0,-313.0,-57.0,-43.0,-233.0,-171.0,280.0,-1216.0,-159.0,2
9601,87.0,-310.0,-64.0,-29.0,-194.0,-174.0,285.0,-1205.0,-185.0,2
9602,85.0,-308.0,-69.0,-12.0,-147.0,-170.0,285.0,-1200.0,-196.0,2
9603,82.0,-308.0,-71.0,6.0,-99.0,-157.0,287.0,-1193.0,-212.0,2
9604,88.0,-308.0,-73.0,17.0,-53.0,-140.0,289.0,-1191.0,-218.0,2
9605,83.0,-306.0,-68.0,20.0,-6.0,-123.0,286.0,-1187.0,-210.0,2
9606,83.0,-304.0,-70.0,34.0,43.0,-108.0,269.0,-1178.0,-199.0,2
9607,75.0,-305.0,-61.0,60.0,102.0,-94.0,258.0,-1173.0,-186.0,2
9608,75.0,-303.0,-60.0,111.0,149.0,-79.0,246.0,-1178.0,-169.0,2
9609,76.0,-307.0,-61.0,148.0,196.0,-67.0,239.0,-1167.0,-174.0,2
9610,72.0,-298.0,-59.0,171.0,245.0,-55.0,242.0,-1157.0,-169.0,2
9611,66.0,-290.0,-59.0,191.0,290.0,-46.0,235.0,-1134.0,-165.0,2
9612,61.0,-281.0,-67.0,202.0,327.0,-35.0,223.0,-1106.0,-186.0,2
9613,59.0,-275.0,-69.0,203.0,354.0,-31.0,204.0,-1089.0,-211.0,2
9614,49.0,-272.0,-77.0,200.0,376.0,-36.0,162.0,-1066.0,-233.0,2
9615,38.0,-272.0,-79.0,206.0,386.0,-24.0,124.0,-1060.0,-239.0,2
9616,29.0,-270.0,-73.0,214.0,386.0,-11.0,90.0,-1055.0,-238.0,2
9617,18.0,-265.0,-76.0,223.0,381.0,0.0,55.0,-1038.0,-232.0,2
9618,12.0,-260.0,-73.0,231.0,366.0,14.0,12.0,-1018.0,-220.0,2
9619,6.0,-258.0,-72.0,231.0,345.0,32.0,0.0,-1002.0,-219.0,2
9620,3.0,-250.0,-74.0,227.0,320.0,48.0,-3.0,-966.0,-225.0,2
9621,4.0,-244.0,-79.0,225.0,291.0,61.0,-1.0,-951.0,-248.0,2
9622,4.0,-241.0,-88.0,225.0,266.0,72.0,-14.0,-925.0,-273.0,2
9623,0.0,-231.0,-93.0,219.0,250.0,80.0,-15.0,-906.0,-295.0,2
9624,-1.0,-227.0,-104.0,211.0,238.0,88.0,-23.0,-894.0,-327.0,2
9625,-2.0,-222.0,-104.0,198.0,228.0,98.0,-30.0,-876.0,-351.0,2
9626,-5.0,-218.0,-106.0,185.0,216.0,102.0,-31.0,-861.0,-369.0,2
9627,-3.0,-219.0,-117.0,175.0,203.0,103.0,-42.0,-855.0,-390.0,2
9628,-6.0,-215.0,-114.0,163.0,183.0,103.0,-42.0,-841.0,-382.0,2
9629,-3.0,-213.0,-118.0,148.0,160.0,103.0,-35.0,-833.0,-395.0,2
9630,-8.0,-203.0,-113.0,134.0,141.0,96.0,-32.0,-820.0,-394.0,2
9631,-7.0,-206.0,-117.0,119.0,129.0,91.0,-38.0,-800.0,-393.0,2
9632,-6.0,-200.0,-119.0,102.0,124.0,91.0,-51.0,-785.0,-398.0,2
9633,-10.0,-198.0,-126.0,80.0,117.0,89.0,-65.0,-777.0,-410.0,2
9634,-10.0,-198.0,-122.0,52.0,112.0,86.0,-71.0,-765.0,-412.0,2
9635,-12.0,-194.0,-122.0,27.0,108.0,86.0,-77.0,-774.0,-409.0,2
9636,-12.0,-193.0,-118.0,2.0,111.0,84.0,-76.0,-774.0,-401.0,2
9637,-12.0,-198.0,-114.0,-24.0,123.0,79.0,-79.0,-779.0,-385.0,2
9638,-12.0,-203.0,-115.0,-51.0,137.0,77.0,-78.0,-795.0,-388.0,2
9639,-14.0,-207.0,-104.0,-89.0,151.0,72.0,-77.0,-813.0,-362.0,2
9640,-16.0,-214.0,-101.0,-108.0,151.0,68.0,-79.0,-831.0,-344.0,2
9641,-12.0,-221.0,-97.0,-113.0,144.0,66.0,-93.0,-846.0,-319.0,2
9642,-17.0,-222.0,-89.0,-103.0,133.0,62.0,-95.0,-868.0,-308.0,2
9643,-17.0,-227.0,-89.0,-90.0,122.0,58.0,-97.0,-888.0,-280.0,2
9644,-19.0,-231.0,-86.0,-82.0,111.0,59.0,-110.0,-899.0,-276.0,2
9645,-19.0,-234.0,-80.0,-77.0,107.0,66.0,-111.0,-911.0,-270.0,2
9646,-20.0,-241.0,-79.0,-74.0,104.0,74.0,-112.0,-930.0,-255.0,2
9647,-22.0,-245.0,-81.0,-64.0,104.0,84.0,-119.0,-938.0,-256.0,2
9648,-24.0,-247.0,-78.0,-54.0,100.0,95.0,-130.0,-951.0,-243.0,2
9649,-28.0,-249.0,-72.0,-38.0,92.0,111.0,-135.0,-968.0,-234.0,2
9650,-19.0,-231.0,-78.0,-12.0,82.0,132.0,-141.0,-979.0,-245.0,2
9651,-29.0,-259.0,-84.0,-2.0,75.0,154.0,-132.0,-1002.0,-256.0,2
9652,-19.0,-258.0,-83.0,-2.0,69.0,182.0,-113.0,-1014.0,-253.0,2
9653,-11.0,-260.0,-87.0,-6.0,73.0,207.0,-77.0,-1027.0,-268.0,2
9654,-4.0,-266.0,-84.0,-22.0,83.0,226.0,-58.0,-1037.0,-264.0,2
9655,1.0,-268.0,-86.0,-35.0,96.0,248.0,-32.0,-1050.0,-255.0,2
9656,10.0,-274.0,-81.0,-36.0,116.0,263.0,3.0,-1067.0,-246.0,2
9657,17.0,-272.0,-73.0,-21.0,143.0,271.0,36.0,-1068.0,-242.0,2
9658,20.0,-271.0,-74.0,12.0,181.0,270.0,45.0,-1062.0,-225.0,2
9659,24.0,-273.0,-75.0,47.0,219.0,278.0,48.0,-1055.0,-215.0,2
9660,22.0,-268.0,-67.0,75.0,254.0,289.0,54.0,-1050.0,-198.0,2
9661,22.0,-261.0,-69.0,110.0,267.0,296.0,61.0,-1033.0,-212.0,2
9662,27.0,-259.0,-73.0,131.0,271.0,301.0,76.0,-1015.0,-213.0,2
9663,28.0,-255.0,-70.0,149.0,280.0,297.0,67.0,-982.0,-206.0,2
9664,25.0,-250.0,-72.0,171.0,295.0,296.0,62.0,-954.0,-206.0,2
9665,17.0,-240.0,-71.0,186.0,307.0,294.0,49.0,-923.0,-204.0,2
9666,15.0,-233.0,-65.0,193.0,308.0,290.0,29.0,-900.0,-206.0,2
9667,10.0,-227.0,-67.0,190.0,301.0,289.0,6.0,-881.0,-203.0,2
9668,4.0,-221.0,-69.0,170.0,298.0,292.0,-11.0,-869.0,-207.0,2
9669,-1.0,-217.0,-70.0,140.0,305.0,300.0,-31.0,-854.0,-191.0,2
9670,-7.0,-214.0,-64.0,111.0,317.0,301.0,-46.0,-849.0,-171.0,2
9671,-11.0,-216.0,-60.0,94.0,332.0,297.0,-66.0,-842.0,-169.0,2
9672,-14.0,-214.0,-60.0,80.0,348.0,299.0,-77.0,-837.0,-167.0,2
9673,-13.0,-216.0,-61.0,65.0,363.0,302.0,-87.0,-837.0,-172.0,2
9674,-12.0,-215.0,-63.0,47.0,372.0,300.0,-88.0,-845.0,-181.0,2
9675,-14.0,-217.0,-66.0,25.0,377.0,293.0,-82.0,-848.0,-184.0,2
9676,-12.0,-223.0,-62.0,4.0,380.0,285.0,-81.0,-860.0,-185.0,2
9677,-11.0,-226.0,-62.0,-9.0,379.0,277.0,-80.0,-873.0,-180.0,2
9678,-10.0,-229.0,-63.0,-19.0,373.0,267.0,-67.0,-882.0,-172.0,2
9679,-9.0,-232.0,-60.0,-27.0,367.0,261.0,-64.0,-892.0,-177.0,2
9680,-11.0,-235.0,-59.0,-33.0,361.0,256.0,-72.0,-894.0,-165.0,2
9681,-15.0,-233.0,-57.0,-36.0,354.0,253.0,-76.0,-903.0,-162.0,2
9682,-16.0,-233.0,-56.0,-38.0,346.0,254.0,-79.0,-904.0,-152.0,2
9683,-12.0,-237.0,-58.0,-36.0,340.0,252.0,-74.0,-907.0,-159.0,2
9684,-11.0,-237.0,-55.0,-29.0,340.0,249.0,-75.0,-910.0,-163.0,2
9685,-10.0,-234.0,-58.0,-25.0,338.0,245.0,-72.0,-908.0,-169.0,2
9686,-10.0,-235.0,-63.0,-18.0,333.0,240.0,-68.0,-906.0,-175.0,2
9687,-10.0,-236.0,-63.0,-17.0,322.0,234.0,-65.0,-908.0,-185.0,2
9688,-10.0,-235.0,-63.0,-25.0,310.0,226.0,-64.0,-911.0,-186.0,2
9689,-7.0,-237.0,-62.0,-37.0,297.0,216.0,-61.0,-908.0,-178.0,2
9690,-12.0,-236.0,-61.0,-51.0,291.0,202.0,-61.0,-909.0,-172.0,2
9691,-12.0,-235.0,-55.0,-60.0,299.0,188.0,-66.0,-909.0,-146.0,2
9692,-12.0,-234.0,-54.0,-53.0,313.0,175.0,-73.0,-908.0,-142.0,2
9693,-12.0,-233.0,-53.0,-43.0,319.0,161.0,-74.0,-904.0,-147.0,2
9694,-12.0,-231.0,-53.0,-41.0,320.0,153.0,-76.0,-903.0,-146.0,2
9695,-11.0,-229.0,-60.0,-46.0,324.0,147.0,-72.0,-893.0,-146.0,2
9696,-10.0,-225.0,-58.0,-55.0,326.0,139.0,-66.0,-882.0,-161.0,2
9697,-9.0,-225.0,-58.0,-72.0,330.0,131.0,-64.0,-876.0,-165.0,2
9698,-8.0,-226.0,-55.0,-90.0,330.0,117.0,-65.0,-877.0,-156.0,2
9699,-9.0,-228.0,-57.0,-108.0,328.0,110.0,-62.0,-885.0,-151.0,2
9700,-6.0,-228.0,-53.0,-122.0,322.0,97.0,-59.0,-891.0,-141.0,2
9701,-7.0,-233.0,-54.0,-136.0,316.0,86.0,-52.0,-898.0,-138.0,2
9702,-8.0,-239.0,-49.0,-149.0,304.0,73.0,-60.0,-908.0,-131.0,2
9703,-11.0,-239.0,-49.0,-157.0,300.0,62.0,-61.0,-923.0,-118.0,2
9704,-12.0,-243.0,-47.0,-150.0,295.0,50.0,-64.0,-930.0,-106.0,2
9705,-10.0,-246.0,-46.0,-137.0,293.0,43.0,-71.0,-940.0,-101.0,2
9706,-11.0,-248.0,-46.0,-119.0,292.0,32.0,-69.0,-944.0,-102.0,2
9707,-12.0,-248.0,-43.0,-99.0,290.0,26.0,-74.0,-946.0,-99.0,2
9708,-11.0,-245.0,-45.0,-85.0,289.0,17.0,-67.0,-948.0,-114.0,2
9709,-12.0,-246.0,-53.0,-81.0,287.0,13.0,-68.0,-946.0,-118.0,2
9710,-12.0,-245.0,-48.0,-87.0,287.0,3.0,-74.0,-951.0,-124.0,2
9711,-12.0,-246.0,-48.0,-96.0,284.0,0.0,-73.0,-945.0,-128.0,2
9712,-12.0,-246.0,-49.0,-103.0,274.0,-9.0,-83.0,-947.0,-135.0,2
9713,-14.0,-247.0,-53.0,-105.0,258.0,-15.0,-86.0,-949.0,-143.0,2
9714,-15.0,-246.0,-56.0,-108.0,242.0,-19.0,-96.0,-951.0,-143.0,2
9715,-19.0,-246.0,-51.0,-117.0,230.0,-19.0,-106.0,-956.0,-137.0,2
9716,-22.0,-251.0,-50.0,-124.0,224.0,-17.0,-119.0,-955.0,-127.0,2
9717,-21.0,-246.0,-48.0,-128.0,219.0,-12.0,-122.0,-952.0,-124.0,2
9718,-24.0,-248.0,-45.0,-126.0,213.0,-8.0,-128.0,-951.0,-117.0,2
9719,-23.0,-248.0,-46.0,-122.0,203.0,-2.0,-133.0,-947.0,-117.0,2
9720,-23.0,-243.0,-49.0,-121.0,197.0,4.0,-118.0,-943.0,-120.0,2
9721,-15.0,-243.0,-51.0,-125.0,195.0,16.0,-104.0,-940.0,-117.0,2
9722,-13.0,-240.0,-49.0,-131.0,199.0,23.0,-81.0,-937.0,-114.0,2
9723,-8.0,-243.0,-45.0,-132.0,212.0,35.0,-69.0,-941.0,-110.0,2
9724,-6.0,-242.0,-47.0,-131.0,224.0,41.0,-50.0,-934.0,-113.0,2
9725,-1.0,-241.0,-48.0,-134.0,237.0,45.0,-34.0,-932.0,-111.0,2
9726,4.0,-241.0,-44.0,-136.0,249.0,46.0,-17.0,-934.0,-104.0,2
9727,3.0,-244.0,-52.0,-139.0,255.0,45.0,-8.0,-945.0,-107.0,2
9728,5.0,-245.0,-49.0,-144.0,260.0,38.0,-1.0,-952.0,-112.0,2
9729,10.0,-250.0,-53.0,-149.0,262.0,37.0,1.0,-965.0,-120.0,2
9730,5.0,-253.0,-48.0,-153.0,268.0,25.0,-2.0,-974.0,-116.0,2
9731,9.0,-260.0,-46.0,-149.0,277.0,17.0,-7.0,-998.0,-110.0,2
9732,1.0,-260.0,-50.0,-136.0,289.0,15.0,-19.0,-1009.0,-121.0,2
9733,-4.0,-261.0,-46.0,-127.0,303.0,13.0,-30.0,-1012.0,-118.0,2
9734,-2.0,-261.0,-50.0,-104.0,326.0,5.0,-45.0,-1017.0,-106.0,2
9735,-3.0,-263.0,-48.0,-84.0,342.0,0.0,-52.0,-1018.0,-103.0,2
9736,-5.0,-261.0,-46.0,-64.0,359.0,-2.0,-57.0,-1017.0,-107.0,2
9737,-11.0,-262.0,-48.0,-47.0,374.0,1.0,-61.0,-1013.0,-94.0,2
9738,-8.0,-260.0,-43.0,-25.0,390.0,1.0,-68.0,-1013.0,-90.0,2
9739,-10.0,-260.0,-38.0,0.0,401.0,2.0,-67.0,-1011.0,-90.0,2
9740,-7.0,-260.0,-44.0,18.0,407.0,0.0,-58.0,-1018.0,-102.0,2
9741,-8.0,-262.0,-45.0,18.0,414.0,-1.0,-47.0,-1020.0,-92.0,2
9742,-3.0,-264.0,-40.0,22.0,419.0,-9.0,-38.0,-1025.0,-74.0,2
9743,-1.0,-262.0,-38.0,28.0,423.0,-11.0,-36.0,-1034.0,-67.0,2
9744,-2.0,-267.0,-32.0,41.0,437.0,-11.0,-36.0,-1035.0,-47.0,2
9745,0.0,-269.0,-28.0,57.0,459.0,2.0,-26.0,-1049.0,-42.0,2
9746,4.0,-270.0,-21.0,61.0,485.0,10.0,-6.0,-1057.0,-27.0,2
9747,8.0,-276.0,-23.0,61.0,516.0,19.0,-8.0,-1073.0,-16.0,2
9748,4.0,-274.0,-19.0,57.0,550.0,31.0,-20.0,-1078.0,-14.0,2
9749,0.0,-280.0,-26.0,51.0,583.0,46.0,-26.0,-1087.0,-18.0,2
9750,-5.0,-286.0,-22.0,43.0,610.0,54.0,-40.0,-1093.0,-14.0,2
9751,-6.0,-282.0,-20.0,47.0,630.0,62.0,-46.0,-1098.0,-8.0,2
9752,-8.0,-282.0,-19.0,63.0,641.0,63.0,-58.0,-1089.0,5.0,2
9753,-7.0,-278.0,-19.0,93.0,641.0,65.0,-64.0,-1072.0,7.0,2
9754,-10.0,-272.0,-17.0,123.0,632.0,54.0,-68.0,-1055.0,-14.0,2
9755,-12.0,-263.0,-16.0,142.0,626.0,43.0,-82.0,-1030.0,7.0,2
9756,-12.0,-261.0,-16.0,152.0,612.0,25.0,-81.0,-1014.0,14.0,2
9757,-21.0,-256.0,-15.0,153.0,597.0,11.0,-104.0,-995.0,13.0,2
9758,-16.0,-254.0,-13.0,137.0,598.0,2.0,-108.0,-977.0,17.0,2
9759,-19.0,-255.0,-7.0,108.0,606.0,-4.0,-107.0,-974.0,41.0,2
9760,-24.0,-253.0,-7.0,80.0,607.0,-16.0,-118.0,-975.0,40.0,2
9761,-28.0,-254.0,-11.0,55.0,596.0,-23.0,-131.0,-987.0,21.0,2
9762,-33.0,-257.0,-26.0,18.0,580.0,-33.0,-147.0,-999.0,-26.0,2
9763,-34.0,-260.0,-40.0,-29.0,562.0,-34.0,-167.0,-1016.0,-74.0,2
9764,-37.0,-263.0,-43.0,-85.0,548.0,-36.0,-182.0,-1036.0,-101.0,2
9765,-40.0,-273.0,-44.0,-124.0,532.0,-28.0,-187.0,-1061.0,-111.0,2
9766,-47.0,-283.0,-43.0,-143.0,517.0,-21.0,-199.0,-1092.0,-97.0,2
9767,-47.0,-288.0,-36.0,-137.0,497.0,-13.0,-218.0,-1118.0,-67.0,2
9768,-52.0,-296.0,-30.0,-108.0,463.0,-6.0,-230.0,-1140.0,-47.0,2
9769,-57.0,-298.0,-22.0,-69.0,417.0,-2.0,-242.0,-1145.0,-30.0,2
9770,-56.0,-297.0,-28.0,-24.0,365.0,0.0,-247.0,-1143.0,-48.0,2
9771,-51.0,-293.0,-43.0,4.0,316.0,3.0,-236.0,-1127.0,-82.0,2
9772,-49.0,-289.0,-46.0,12.0,271.0,4.0,-228.0,-1117.0,-115.0,2
9773,-46.0,-279.0,-58.0,14.0,223.0,7.0,-211.0,-1098.0,-154.0,2
9774,-42.0,-274.0,-62.0,12.0,178.0,6.0,-195.0,-1077.0,-183.0,2
9775,-39.0,-273.0,-67.0,11.0,143.0,12.0,-177.0,-1071.0,-211.0,2
9776,-36.0,-274.0,-67.0,10.0,110.0,14.0,-165.0,-1072.0,-215.0,2
9777,-31.0,-279.0,-66.0,8.0,88.0,23.0,-154.0,-1080.0,-214.0,2
9778,-30.0,-281.0,-71.0,2.0,59.0,31.0,-149.0,-1101.0,-218.0,2
9779,-34.0,-290.0,-71.0,0.0,24.0,40.0,-152.0,-1127.0,-218.0,2
9780,-28.0,-295.0,-69.0,-4.0,-15.0,49.0,-140.0,-1155.0,-216.0,2
9781,-32.0,-304.0,-71.0,-6.0,-52.0,64.0,-136.0,-1166.0,-213.0,2
9782,-27.0,-307.0,-69.0,8.0,-90.0,76.0,-133.0,-1178.0,-204.0,2
9783,-22.0,-310.0,-73.0,45.0,-131.0,90.0,-119.0,-1189.0,-219.0,2
9784,-18.0,-308.0,-72.0,86.0,-170.0,96.0,-105.0,-1184.0,-222.0,2
9785,-13.0,-303.0,-79.0,127.0,-202.0,103.0,-82.0,-1166.0,-238.0,2
9786,-7.0,-292.0,-83.0,160.0,-229.0,98.0,-65.0,-1136.0,-247.0,2
9787,-5.0,-280.0,-84.0,189.0,-236.0,86.0,-48.0,-1096.0,-261.0,2
9788,-6.0,-264.0,-92.0,198.0,-235.0,67.0,-53.0,-1045.0,-291.0,2
9789,-10.0,-253.0,-100.0,195.0,-230.0,50.0,-65.0,-964.0,-332.0,2
9790,-10.0,-237.0,-108.0,181.0,-216.0,37.0,-71.0,-926.0,-369.0,2
9791,-10.0,-233.0,-114.0,164.0,-196.0,34.0,-67.0,-901.0,-387.0,2
9792,-6.0,-228.0,-112.0,145.0,-174.0,34.0,-39.0,-892.0,-391.0,2
9793,0.0,-228.0,-104.0,127.0,-147.0,40.0,-8.0,-893.0,-358.0,2
9794,7.0,-226.0,-99.0,120.0,-123.0,36.0,9.0,-873.0,-330.0,2
9795,21.0,-225.0,-95.0,127.0,-108.0,35.0,42.0,-876.0,-317.0,2
9796,28.0,-226.0,-104.0,126.0,-93.0,23.0,75.0,-877.0,-328.0,2
9797,37.0,-219.0,-105.0,111.0,-62.0,12.0,103.0,-865.0,-342.0,2
9798,45.0,-219.0,-114.0,86.0,-27.0,0.0,128.0,-863.0,-371.0,2
9799,46.0,-218.0,-114.0,65.0,17.0,-5.0,144.0,-850.0,-394.0,2
9800,49.0,-210.0,-119.0,51.0,55.0,-9.0,163.0,-845.0,-411.0,2
9801,51.0,-211.0,-123.0,42.0,88.0,-4.0,176.0,-832.0,-416.0,2
9802,60.0,-210.0,-123.0,28.0,113.0,-2.0,197.0,-834.0,-419.0,2
9803,60.0,-209.0,-121.0,2.0,129.0,4.0,216.0,-822.0,-414.0,2
9804,65.0,-207.0,-117.0,-30.0,139.0,9.0,219.0,-817.0,-406.0,2
9805,61.0,-207.0,-115.0,-67.0,150.0,20.0,216.0,-815.0,-392.0,2
9806,60.0,-209.0,-112.0,-103.0,164.0,31.0,208.0,-824.0,-374.0,2
9807,54.0,-208.0,-107.0,-129.0,175.0,48.0,191.0,-828.0,-357.0,2
9808,53.0,-211.0,-102.0,-134.0,189.0,60.0,171.0,-838.0,-348.0,2
9809,45.0,-216.0,-111.0,-130.0,199.0,71.0,139.0,-851.0,-367.0,2
9810,35.0,-224.0,-119.0,-135.0,214.0,79.0,105.0,-880.0,-401.0,2
9811,34.0,-230.0,-118.0,-165.0,233.0,89.0,94.0,-897.0,-397.0,2
9812,23.0,-238.0,-114.0,-191.0,237.0,82.0,70.0,-925.0,-383.0,2
9813,20.0,-253.0,-109.0,-211.0,230.0,64.0,57.0,-974.0,-377.0,2
9814,18.0,-260.0,-100.0,-228.0,229.0,34.0,43.0,-1002.0,-342.0,2
9815,18.0,-264.0,-97.0,-225.0,242.0,9.0,40.0,-1026.0,-313.0,2
9816,14.0,-262.0,-83.0,-209.0,263.0,-27.0,21.0,-1012.0,-271.0,2
9817,6.0,-259.0,-79.0,-167.0,278.0,-59.0,0.0,-994.0,-246.0,2
9818,5.0,-253.0,-78.0,-107.0,277.0,-97.0,-18.0,-968.0,-246.0,2
9819,-3.0,-247.0,-83.0,-54.0,263.0,-120.0,-26.0,-954.0,-263.0,2
9820,0.0,-242.0,-86.0,-41.0,240.0,-143.0,-28.0,-940.0,-265.0,2
9821,0.0,-241.0,-87.0,-44.0,216.0,-165.0,-25.0,-927.0,-270.0,2
9822,-4.0,-241.0,-84.0,-59.0,190.0,-189.0,-37.0,-925.0,-261.0,2
9823,1.0,-244.0,-77.0,-82.0,160.0,-201.0,-18.0,-934.0,-261.0,2
9824,2.0,-247.0,-78.0,-99.0,130.0,-225.0,-13.0,-949.0,-254.0,2
9825,5.0,-252.0,-79.0,-114.0,100.0,-246.0,-16.0,-970.0,-246.0,2
9826,-3.0,-257.0,-73.0,-117.0,80.0,-263.0,-32.0,-980.0,-234.0,2
9827,-4.0,-261.0,-73.0,-104.0,58.0,-273.0,-36.0,-1011.0,-227.0,2
9828,-5.0,-263.0,-72.0,-81.0,24.0,-288.0,-40.0,-1017.0,-215.0,2
9829,-6.0,-263.0,-71.0,-35.0,-31.0,-292.0,-42.0,-1015.0,-216.0,2
9830,-3.0,-260.0,-73.0,6.0,-71.0,-299.0,-47.0,-1014.0,-222.0,2
9831,-2.0,-259.0,-74.0,43.0,-99.0,-298.0,-40.0,-1001.0,-225.0,2
9832,-6.0,-252.0,-72.0,65.0,-122.0,-297.0,-41.0,-975.0,-227.0,2
9833,-4.0,-247.0,-74.0,73.0,-144.0,-289.0,-32.0,-953.0,-224.0,2
9834,-1.0,-240.0,-72.0,74.0,-168.0,-288.0,-23.0,-917.0,-217.0,2
9835,5.0,-230.0,-74.0,73.0,-189.0,-279.0,-7.0,-899.0,-221.0,2
9836,6.0,-226.0,-74.0,63.0,-201.0,-279.0,0.0,-882.0,-230.0,2
9837,10.0,-220.0,-75.0,41.0,-206.0,-278.0,11.0,-860.0,-222.0,2
9838,13.0,-222.0,-71.0,20.0,-203.0,-289.0,28.0,-854.0,-212.0,2
9839,14.0,-220.0,-65.0,3.0,-202.0,-299.0,31.0,-853.0,-212.0,2
9840,17.0,-215.0,-63.0,-13.0,-206.0,-305.0,26.0,-838.0,-188.0,2
9841,17.0,-212.0,-60.0,-19.0,-211.0,-304.0,41.0,-839.0,-169.0,2
9842,21.0,-210.0,-58.0,-20.0,-214.0,-306.0,49.0,-837.0,-168.0,2
9843,25.0,-213.0,-59.0,-32.0,-209.0,-303.0,71.0,-836.0,-163.0,2
9844,28.0,-217.0,-59.0,-50.0,-198.0,-309.0,87.0,-840.0,-159.0,2
9845,31.0,-222.0,-59.0,-72.0,-186.0,-310.0,87.0,-849.0,-170.0,2
9846,26.0,-221.0,-63.0,-94.0,-175.0,-318.0,92.0,-856.0,-176.0,2
9847,26.0,-224.0,-58.0,-112.0,-169.0,-317.0,78.0,-874.0,-174.0,2
9848,26.0,-224.0,-62.0,-121.0,-166.0,-317.0,83.0,-885.0,-177.0,2
9849,30.0,-230.0,-62.0,-124.0,-165.0,-308.0,95.0,-891.0,-173.0,2
9850,32.0,-230.0,-64.0,-125.0,-156.0,-300.0,86.0,-893.0,-171.0,2
9851,29.0,-232.0,-59.0,-137.0,-140.0,-285.0,88.0,-898.0,-168.0,2
9852,28.0,-232.0,-58.0,-153.0,-127.0,-282.0,92.0,-905.0,-162.0,2
9853,29.0,-239.0,-58.0,-179.0,-125.0,-277.0,85.0,-921.0,-155.0,2
9854,26.0,-240.0,-53.0,-205.0,-133.0,-283.0,79.0,-935.0,-148.0,2
9855,21.0,-247.0,-56.0,-221.0,-142.0,-279.0,56.0,-953.0,-147.0,2
9856,17.0,-253.0,-57.0,-223.0,-143.0,-269.0,31.0,-954.0,-149.0,2
9857,17.0,-247.0,-62.0,-214.0,-138.0,-247.0,25.0,-961.0,-166.0,2
9858,13.0,-249.0,-62.0,-201.0,-128.0,-231.0,19.0,-964.0,-168.0,2
9859,13.0,-248.0,-63.0,-187.0,-123.0,-214.0,16.0,-954.0,-170.0,2
9860,11.0,-246.0,-57.0,-175.0,-128.0,-201.0,11.0,-941.0,-170.0,2
9861,7.0,-241.0,-59.0,-166.0,-142.0,-188.0,11.0,-930.0,-162.0,2
9862,9.0,-237.0,-53.0,-159.0,-157.0,-181.0,17.0,-920.0,-154.0,2
9863,11.0,-236.0,-55.0,-151.0,-171.0,-168.0,15.0,-906.0,-147.0,2
9864,15.0,-233.0,-55.0,-142.0,-183.0,-162.0,20.0,-900.0,-138.0,2
9865,11.0,-232.0,-53.0,-139.0,-189.0,-151.0,17.0,-896.0,-131.0,2
9866,15.0,-228.0,-54.0,-142.0,-193.0,-144.0,24.0,-890.0,-135.0,2
9867,17.0,-226.0,-51.0,-145.0,-194.0,-130.0,36.0,-880.0,-129.0,2
9868,19.0,-227.0,-52.0,-147.0,-189.0,-123.0,51.0,-878.0,-132.0,2
9869,21.0,-228.0,-52.0,-144.0,-179.0,-112.0,59.0,-882.0,-135.0,2
9870,25.0,-227.0,-55.0,-144.0,-171.0,-106.0,63.0,-887.0,-137.0,2
9871,25.0,-228.0,-53.0,-141.0,-169.0,-96.0,77.0,-894.0,-135.0,2
9872,25.0,-235.0,-53.0,-139.0,-174.0,-89.0,73.0,-903.0,-138.0,2
9873,25.0,-237.0,-54.0,-134.0,-187.0,-79.0,71.0,-911.0,-135.0,2
9874,23.0,-241.0,-53.0,-127.0,-207.0,-73.0,62.0,-925.0,-135.0,2
9875,23.0,-240.0,-50.0,-118.0,-223.0,-63.0,60.0,-928.0,-131.0,2
9876,21.0,-241.0,-52.0,-105.0,-236.0,-57.0,59.0,-936.0,-137.0,2
9877,21.0,-245.0,-55.0,-91.0,-245.0,-48.0,57.0,-942.0,-135.0,2
9878,20.0,-247.0,-49.0,-80.0,-250.0,-41.0,55.0,-937.0,-138.0,2
9879,21.0,-245.0,-55.0,-69.0,-250.0,-30.0,48.0,-941.0,-140.0,2
9880,21.0,-243.0,-55.0,-61.0,-243.0,-21.0,45.0,-941.0,-138.0,2
9881,17.0,-243.0,-51.0,-53.0,-234.0,-4.0,41.0,-933.0,-138.0,2
9882,16.0,-242.0,-51.0,-44.0,-228.0,7.0,41.0,-932.0,-135.0,2
9883,18.0,-241.0,-53.0,-43.0,-225.0,22.0,48.0,-930.0,-124.0,2
9884,19.0,-239.0,-47.0,-45.0,-226.0,30.0,51.0,-924.0,-121.0,2
9885,24.0,-235.0,-48.0,-51.0,-229.0,41.0,55.0,-923.0,-124.0,2
9886,26.0,-240.0,-50.0,-62.0,-232.0,46.0,70.0,-924.0,-118.0,2
9887,24.0,-239.0,-47.0,-70.0,-237.0,54.0,73.0,-930.0,-116.0,2
9888,28.0,-243.0,-43.0,-79.0,-243.0,51.0,74.0,-934.0,-117.0,2
9889,28.0,-246.0,-48.0,-89.0,-247.0,52.0,82.0,-945.0,-124.0,2
9890,29.0,-249.0,-50.0,-96.0,-245.0,49.0,93.0,-962.0,-132.0,2
9891,33.0,-252.0,-49.0,-104.0,-237.0,48.0,99.0,-969.0,-137.0,2
9892,37.0,-255.0,-54.0,-107.0,-222.0,41.0,106.0,-979.0,-143.0,2
9893,41.0,-255.0,-57.0,-104.0,-205.0,39.0,120.0,-1000.0,-154.0,2
9894,44.0,-259.0,-62.0,-106.0,-189.0,32.0,136.0,-1010.0,-181.0,2
9895,47.0,-260.0,-61.0,-103.0,-175.0,28.0,147.0,-1013.0,-161.0,2
9896,49.0,-260.0,-57.0,-81.0,-158.0,17.0,161.0,-1010.0,-161.0,2
9897,49.0,-260.0,-61.0,-62.0,-144.0,10.0,154.0,-1014.0,-166.0,2
9898,44.0,-259.0,-57.0,-48.0,-130.0,-1.0,136.0,-1007.0,-157.0,2
9899,39.0,-255.0,-54.0,-38.0,-130.0,-6.0,124.0,-1005.0,-152.0,2
9900,35.0,-255.0,-55.0,-32.0,-139.0,-15.0,105.0,-981.0,-145.0,2
9901,27.0,-251.0,-58.0,-34.0,-150.0,-18.0,81.0,-972.0,-155.0,2
9902,23.0,-250.0,-59.0,-43.0,-159.0,-24.0,62.0,-959.0,-162.0,2
9903,19.0,-246.0,-58.0,-55.0,-166.0,-24.0,44.0,-956.0,-166.0,2
9904,15.0,-246.0,-57.0,-57.0,-174.0,-25.0,33.0,-950.0,-169.0,2
9905,15.0,-243.0,-61.0,-54.0,-187.0,-24.0,21.0,-944.0,-178.0,2
9906,12.0,-244.0,-63.0,-60.0,-200.0,-25.0,18.0,-940.0,-175.0,2
9907,17.0,-245.0,-61.0,-69.0,-210.0,-19.0,28.0,-944.0,-180.0,2
9908,18.0,-246.0,-58.0,-82.0,-213.0,-22.0,45.0,-964.0,-168.0,2
9909,26.0,-247.0,-52.0,-96.0,-219.0,-15.0,71.0,-953.0,-150.0,2
9910,28.0,-249.0,-52.0,-104.0,-220.0,-15.0,81.0,-969.0,-138.0,2
9911,33.0,-254.0,-49.0,-108.0,-227.0,-10.0,101.0,-987.0,-125.0,2
9912,36.0,-258.0,-46.0,-115.0,-233.0,-14.0,115.0,-1009.0,-109.0,2
9913,40.0,-261.0,-45.0,-122.0,-242.0,-17.0,121.0,-1026.0,-101.0,2
9914,43.0,-266.0,-40.0,-129.0,-250.0,-22.0,123.0,-1044.0,-91.0,2
9915,39.0,-274.0,-36.0,-130.0,-255.0,-22.0,111.0,-1061.0,-76.0,2
9916,31.0,-279.0,-28.0,-125.0,-263.0,-26.0,100.0,-1080.0,-60.0,2
9917,28.0,-283.0,-26.0,-113.0,-276.0,-30.0,86.0,-1097.0,-42.0,2
9918,22.0,-287.0,-27.0,-92.0,-295.0,-42.0,67.0,-1112.0,-37.0,2
9919,23.0,-294.0,-26.0,-78.0,-321.0,-48.0,57.0,-1129.0,-39.0,2
9920,16.0,-295.0,-21.0,-62.0,-344.0,-58.0,40.0,-1131.0,-11.0,2
9921,16.0,-293.0,-20.0,-27.0,-364.0,-65.0,30.0,-1132.0,-8.0,2
9922,17.0,-293.0,-19.0,5.0,-380.0,-77.0,45.0,-1134.0,-7.0,2
9923,18.0,-290.0,-19.0,32.0,-396.0,-85.0,52.0,-1133.0,-6.0,2
9924,24.0,-288.0,-26.0,51.0,-424.0,-99.0,68.0,-1125.0,-32.0,2
9925,27.0,-289.0,-34.0,48.0,-454.0,-108.0,79.0,-1114.0,-49.0,2
9926,32.0,-286.0,-39.0,41.0,-477.0,-124.0,102.0,-1108.0,-67.0,2
9927,36.0,-283.0,-37.0,38.0,-490.0,-136.0,109.0,-1104.0,-69.0,2
9928,42.0,-283.0,-39.0,44.0,-499.0,-150.0,118.0,-1102.0,-76.0,2
9929,44.0,-283.0,-36.0,51.0,-505.0,-156.0,139.0,-1100.0,-78.0,2
9930,50.0,-287.0,-46.0,60.0,-506.0,-165.0,157.0,-1104.0,-88.0,2
9931,52.0,-282.0,-44.0,64.0,-493.0,-168.0,175.0,-1104.0,-84.0,2
9932,57.0,-282.0,-42.0,82.0,-469.0,-175.0,183.0,-1101.0,-83.0,2
9933,61.0,-286.0,-43.0,108.0,-437.0,-181.0,191.0,-1101.0,-100.0,2
9934,58.0,-283.0,-48.0,120.0,-399.0,-187.0,200.0,-1111.0,-106.0,2
9935,60.0,-285.0,-49.0,115.0,-368.0,-179.0,204.0,-1117.0,-116.0,2
9936,62.0,-285.0,-50.0,112.0,-340.0,-171.0,215.0,-1111.0,-131.0,2
9937,63.0,-283.0,-59.0,115.0,-313.0,-162.0,212.0,-1103.0,-161.0,2
9938,61.0,-279.0,-66.0,116.0,-282.0,-159.0,205.0,-1099.0,-193.0,2
9939,56.0,-278.0,-71.0,107.0,-249.0,-152.0,197.0,-1102.0,-222.0,2
9940,57.0,-283.0,-74.0,94.0,-217.0,-151.0,195.0,-1108.0,-238.0,2
9941,54.0,-289.0,-81.0,86.0,-186.0,-149.0,185.0,-1123.0,-253.0,2
9942,56.0,-285.0,-77.0,84.0,-154.0,-155.0,188.0,-1122.0,-249.0,2
9943,64.0,-288.0,-83.0,97.0,-118.0,-156.0,204.0,-1120.0,-256.0,2
9944,68.0,-288.0,-88.0,123.0,-70.0,-164.0,220.0,-1120.0,-269.0,2
9945,81.0,-287.0,-94.0,148.0,4.0,-158.0,261.0,-1125.0,-287.0,2
9946,86.0,-286.0,-104.0,149.0,66.0,-165.0,294.0,-1115.0,-327.0,2
9947,83.0,-283.0,-109.0,144.0,129.0,-176.0,289.0,-1108.0,-365.0,2
9948,77.0,-280.0,-114.0,147.0,184.0,-184.0,272.0,-1111.0,-383.0,2
9949,59.0,-278.0,-114.0,152.0,227.0,-189.0,183.0,-1092.0,-359.0,2
9950,34.0,-277.0,-96.0,170.0,251.0,-190.0,91.0,-1081.0,-314.0,2
9951,15.0,-271.0,-90.0,195.0,246.0,-171.0,26.0,-1056.0,-283.0,2
9952,-1.0,-263.0,-84.0,214.0,224.0,-144.0,-31.0,-1028.0,-271.0,2
9953,-10.0,-254.0,-89.0,227.0,195.0,-103.0,-59.0,-979.0,-282.0,2
9954,-15.0,-242.0,-97.0,244.0,160.0,-68.0,-86.0,-936.0,-318.0,2
9955,-25.0,-231.0,-108.0,252.0,118.0,-33.0,-112.0,-905.0,-353.0,2
9956,-34.0,-220.0,-115.0,252.0,79.0,-17.0,-140.0,-866.0,-385.0,2
9957,-36.0,-215.0,-120.0,243.0,35.0,0.0,-172.0,-840.0,-415.0,2
9958,-48.0,-207.0,-125.0,225.0,-9.0,8.0,-194.0,-816.0,-424.0,2
9959,-47.0,-203.0,-128.0,206.0,-52.0,15.0,-213.0,-804.0,-435.0,2
9960,-52.0,-203.0,-126.0,185.0,-84.0,15.0,-226.0,-793.0,-434.0,2
9961,-51.0,-203.0,-121.0,162.0,-111.0,23.0,-226.0,-796.0,-427.0,2
9962,-46.0,-205.0,-124.0,138.0,-136.0,22.0,-201.0,-804.0,-435.0,2
9963,-41.0,-209.0,-127.0,114.0,-153.0,23.0,-182.0,-821.0,-439.0,2
9964,-34.0,-211.0,-124.0,85.0,-164.0,18.0,-158.0,-835.0,-435.0,2
9965,-30.0,-216.0,-124.0,55.0,-173.0,10.0,-142.0,-847.0,-432.0,2
9966,-25.0,-219.0,-122.0,20.0,-180.0,4.0,-121.0,-875.0,-422.0,2
9967,-13.0,-229.0,-120.0,1.0,-177.0,2.0,-96.0,-882.0,-409.0,2
9968,-12.0,-229.0,-115.0,-4.0,-164.0,1.0,-74.0,-891.0,-394.0,2
9969,-4.0,-228.0,-120.0,6.0,-138.0,10.0,-54.0,-897.0,-393.0,2
9970,2.0,-227.0,-117.0,19.0,-110.0,21.0,-25.0,-892.0,-391.0,2
9971,14.0,-227.0,-117.0,31.0,-74.0,36.0,7.0,-885.0,-393.0,2
9972,19.0,-225.0,-113.0,33.0,-39.0,40.0,33.0,-879.0,-383.0,2
9973,19.0,-221.0,-107.0,29.0,-10.0,46.0,46.0,-865.0,-379.0,2
9974,18.0,-216.0,-104.0,13.0,8.0,47.0,49.0,-856.0,-339.0,2
9975,22.0,-216.0,-101.0,-2.0,16.0,49.0,53.0,-852.0,-332.0,2
9976,16.0,-218.0,-100.0,-20.0,31.0,50.0,43.0,-854.0,-321.0,2
9977,15.0,-221.0,-92.0,-35.0,45.0,58.0,22.0,-871.0,-304.0,2
9978,8.0,-225.0,-93.0,-38.0,59.0,66.0,2.0,-886.0,-296.0,2
9979,1.0,-233.0,-89.0,-43.0,69.0,85.0,-25.0,-897.0,-296.0,2
9980,-2.0,-237.0,-92.0,-44.0,74.0,106.0,-34.0,-918.0,-296.0,2
9981,-5.0,-243.0,-94.0,-39.0,80.0,133.0,-47.0,-946.0,-289.0,2
9982,-7.0,-249.0,-94.0,-33.0,90.0,159.0,-58.0,-966.0,-290.0,2
9983,-8.0,-254.0,-88.0,-16.0,112.0,190.0,-58.0,-997.0,-287.0,2
9984,-8.0,-259.0,-92.0,-4.0,143.0,215.0,-62.0,-1001.0,-301.0,2
9985,-9.0,-261.0,-92.0,-9.0,178.0,247.0,-58.0,-1024.0,-313.0,2
9986,-1.0,-264.0,-93.0,-20.0,211.0,279.0,-41.0,-1035.0,-301.0,2
9987,3.0,-270.0,-91.0,-10.0,242.0,302.0,-25.0,-1042.0,-293.0,2
9988,2.0,-270.0,-89.0,16.0,265.0,313.0,-25.0,-1047.0,-285.0,2
9989,5.0,-269.0,-96.0,44.0,291.0,333.0,-17.0,-1059.0,-290.0,2
9990,7.0,-266.0,-87.0,60.0,313.0,347.0,7.0,-1049.0,-287.0,2
9991,13.0,-266.0,-82.0,81.0,319.0,359.0,21.0,-1022.0,-257.0,2
9992,17.0,-260.0,-78.0,116.0,320.0,356.0,32.0,-1008.0,-257.0,2
9993,17.0,-251.0,-77.0,141.0,331.0,352.0,43.0,-972.0,-242.0,2
9994,20.0,-244.0,-74.0,162.0,336.0,345.0,55.0,-952.0,-223.0,2
9995,20.0,-236.0,-73.0,178.0,343.0,337.0,58.0,-922.0,-216.0,2
9996,16.0,-230.0,-73.0,191.0,362.0,323.0,35.0,-900.0,-223.0,2
9997,14.0,-225.0,-74.0,187.0,388.0,319.0,20.0,-882.0,-220.0,2
9998,10.0,-224.0,-70.0,175.0,417.0,316.0,9.0,-864.0,-213.0,2
9999,5.0,-217.0,-74.0,169.0,424.0,312.0,-1.0,-858.0,-216.0,2
10000,3.0,-217.0,-71.0,156.0,425.0,305.0,-12.0,-846.0,-219.0,2
10001,4.0,-213.0,-73.0,138.0,430.0,299.0,-18.0,-836.0,-215.0,2
10002,-3.0,-212.0,-73.0,120.0,436.0,293.0,-26.0,-835.0,-214.0,2
10003,-3.0,-213.0,-72.0,104.0,437.0,293.0,-38.0,-839.0,-228.0,2
10004,-8.0,-215.0,-75.0,83.0,434.0,290.0,-61.0,-838.0,-221.0,2
10005,-11.0,-213.0,-75.0,59.0,428.0,292.0,-69.0,-841.0,-220.0,2
10006,-12.0,-217.0,-70.0,44.0,421.0,288.0,-74.0,-846.0,-211.0,2
10007,-24.0,-208.0,-69.0,42.0,406.0,282.0,-94.0,-852.0,-202.0,2
10008,-21.0,-220.0,-65.0,41.0,390.0,277.0,-108.0,-863.0,-198.0,2
10009,-25.0,-223.0,-63.0,37.0,381.0,279.0,-123.0,-869.0,-189.0,2
10010,-25.0,-228.0,-65.0,33.0,373.0,278.0,-131.0,-877.0,-179.0,2
10011,-20.0,-230.0,-60.0,29.0,364.0,281.0,-119.0,-883.0,-184.0,2
10012,-21.0,-230.0,-65.0,18.0,357.0,278.0,-112.0,-893.0,-187.0,2
10013,-22.0,-231.0,-66.0,6.0,352.0,277.0,-110.0,-895.0,-182.0,2
10014,-22.0,-232.0,-61.0,1.0,346.0,272.0,-106.0,-898.0,-186.0,2
10015,-12.0,-235.0,-64.0,-3.0,340.0,268.0,-95.0,-903.0,-187.0,2
10016,-12.0,-236.0,-64.0,-4.0,334.0,260.0,-85.0,-905.0,-187.0,2
10017,-9.0,-234.0,-62.0,-5.0,331.0,252.0,-73.0,-897.0,-195.0,2
10018,-9.0,-230.0,-68.0,-12.0,332.0,241.0,-60.0,-897.0,-198.0,2
10019,-3.0,-231.0,-65.0,-28.0,333.0,233.0,-46.0,-886.0,-190.0,2
10020,0.0,-230.0,-63.0,-41.0,335.0,218.0,-26.0,-884.0,-188.0,2
10021,5.0,-226.0,-66.0,-50.0,337.0,201.0,-15.0,-880.0,-189.0,2
10022,8.0,-223.0,-65.0,-62.0,345.0,175.0,6.0,-877.0,-197.0,2
10023,4.0,-223.0,-65.0,-81.0,343.0,156.0,-4.0,-876.0,-203.0,2
10024,8.0,-225.0,-66.0,-111.0,335.0,142.0,1.0,-878.0,-196.0,2
10025,4.0,-220.0,-64.0,-130.0,334.0,128.0,2.0,-867.0,-188.0,2
10026,4.0,-224.0,-64.0,-141.0,329.0,109.0,-2.0,-867.0,-180.0,2
10027,3.0,-221.0,-61.0,-147.0,332.0,97.0,-12.0,-878.0,-175.0,2
10028,0.0,-225.0,-56.0,-151.0,335.0,83.0,-23.0,-880.0,-162.0,2
10029,3.0,-230.0,-57.0,-151.0,341.0,70.0,-25.0,-887.0,-151.0,2
10030,0.0,-233.0,-58.0,-147.0,346.0,56.0,-24.0,-893.0,-148.0,2
10031,-2.0,-229.0,-60.0,-146.0,362.0,47.0,-30.0,-899.0,-148.0,2
10032,0.0,-233.0,-57.0,-146.0,380.0,38.0,-29.0,-902.0,-152.0,2
10033,-2.0,-237.0,-56.0,-140.0,398.0,31.0,-34.0,-914.0,-152.0,2
10034,-6.0,-238.0,-56.0,-132.0,410.0,21.0,-41.0,-919.0,-149.0,2
10035,-6.0,-242.0,-54.0,-122.0,419.0,16.0,-57.0,-926.0,-156.0,2
10036,-11.0,-241.0,-54.0,-112.0,425.0,11.0,-62.0,-937.0,-154.0,2
10037,-11.0,-248.0,-56.0,-104.0,429.0,6.0,-67.0,-946.0,-142.0,2
10038,-11.0,-249.0,-50.0,-98.0,428.0,1.0,-73.0,-954.0,-136.0,2
10039,-11.0,-252.0,-49.0,-89.0,421.0,-3.0,-81.0,-959.0,-124.0,2
10040,-14.0,-253.0,-46.0,-83.0,413.0,-6.0,-76.0,-970.0,-122.0,2
10041,-12.0,-254.0,-50.0,-81.0,405.0,-6.0,-74.0,-971.0,-114.0,2
10042,-12.0,-256.0,-48.0,-76.0,400.0,-5.0,-68.0,-987.0,-109.0,2
10043,-11.0,-253.0,-42.0,-71.0,394.0,-1.0,-65.0,-980.0,-110.0,2
10044,-10.0,-256.0,-50.0,-70.0,387.0,-3.0,-64.0,-981.0,-118.0,2
10045,-10.0,-254.0,-46.0,-71.0,378.0,-4.0,-67.0,-975.0,-118.0,2
10046,-13.0,-254.0,-52.0,-75.0,367.0,-8.0,-84.0,-978.0,-126.0,2
10047,-13.0,-255.0,-54.0,-79.0,353.0,-10.0,-101.0,-977.0,-126.0,2
10048,-23.0,-254.0,-48.0,-79.0,336.0,-7.0,-112.0,-970.0,-133.0,2
10049,-26.0,-251.0,-50.0,-78.0,319.0,-2.0,-120.0,-966.0,-140.0,2
10050,-22.0,-250.0,-55.0,-75.0,296.0,4.0,-122.0,-957.0,-139.0,2
10051,-23.0,-246.0,-53.0,-80.0,277.0,12.0,-120.0,-946.0,-142.0,2
10052,-21.0,-245.0,-58.0,-86.0,261.0,18.0,-115.0,-933.0,-141.0,2
10053,-22.0,-242.0,-54.0,-98.0,253.0,26.0,-110.0,-922.0,-136.0,2
10054,-20.0,-239.0,-52.0,-108.0,251.0,34.0,-104.0,-914.0,-127.0,2
10055,-16.0,-237.0,-50.0,-121.0,252.0,41.0,-107.0,-922.0,-121.0,2
10056,-18.0,-237.0,-50.0,-134.0,253.0,46.0,-100.0,-921.0,-114.0,2
10057,-14.0,-242.0,-49.0,-144.0,252.0,49.0,-94.0,-927.0,-119.0,2
10058,-13.0,-242.0,-48.0,-155.0,251.0,50.0,-74.0,-932.0,-118.0,2
10059,-12.0,-243.0,-51.0,-159.0,251.0,55.0,-73.0,-942.0,-120.0,2
10060,-9.0,-247.0,-47.0,-159.0,255.0,58.0,-59.0,-951.0,-123.0,2
10061,-6.0,-249.0,-48.0,-153.0,268.0,61.0,-44.0,-954.0,-124.0,2
10062,-2.0,-249.0,-47.0,-144.0,282.0,60.0,-40.0,-959.0,-118.0,2
10063,-2.0,-251.0,-46.0,-132.0,297.0,60.0,-34.0,-964.0,-110.0,2
10064,1.0,-252.0,-47.0,-124.0,306.0,58.0,-27.0,-961.0,-114.0,2
10065,0.0,-250.0,-50.0,-124.0,314.0,57.0,-25.0,-963.0,-112.0,2
10066,0.0,-255.0,-48.0,-125.0,320.0,54.0,-30.0,-971.0,-118.0,2
10067,-3.0,-250.0,-48.0,-121.0,324.0,46.0,-32.0,-971.0,-102.0,2
10068,-3.0,-256.0,-43.0,-106.0,326.0,38.0,-39.0,-980.0,-110.0,2
10069,-4.0,-258.0,-50.0,-81.0,329.0,30.0,-48.0,-996.0,-111.0,2
10070,-6.0,-260.0,-47.0,-59.0,335.0,21.0,-44.0,-1001.0,-108.0,2
10071,-7.0,-260.0,-44.0,-40.0,343.0,13.0,-44.0,-1008.0,-102.0,2
10072,0.0,-262.0,-46.0,-19.0,354.0,8.0,-38.0,-1021.0,-100.0,2
10073,0.0,-263.0,-41.0,-12.0,372.0,5.0,-39.0,-1021.0,-83.0,2
10074,-1.0,-265.0,-38.0,-6.0,400.0,5.0,-37.0,-1034.0,-64.0,2
10075,1.0,-268.0,-36.0,2.0,429.0,18.0,-28.0,-1039.0,-58.0,2
10076,5.0,-268.0,-32.0,7.0,458.0,32.0,-15.0,-1048.0,-51.0,2
10077,6.0,-268.0,-31.0,10.0,492.0,41.0,-2.0,-1054.0,-53.0,2
10078,9.0,-271.0,-31.0,4.0,521.0,45.0,-4.0,-1052.0,-47.0,2
10079,10.0,-274.0,-33.0,-4.0,538.0,51.0,3.0,-1063.0,-45.0,2
10080,7.0,-275.0,-26.0,-10.0,552.0,50.0,0.0,-1066.0,-31.0,2
10081,5.0,-277.0,-23.0,-11.0,567.0,53.0,-19.0,-1066.0,-22.0,2
10082,-4.0,-275.0,-21.0,-11.0,582.0,55.0,-40.0,-1069.0,-9.0,2
10083,-10.0,-275.0,-15.0,-11.0,588.0,59.0,-60.0,-1066.0,4.0,2
10084,-13.0,-273.0,-12.0,-5.0,590.0,60.0,-79.0,-1059.0,20.0,2
10085,-13.0,-272.0,-8.0,15.0,594.0,61.0,-107.0,-1049.0,27.0,2
10086,-27.0,-268.0,-14.0,31.0,598.0,60.0,-129.0,-1034.0,16.0,2
10087,-26.0,-264.0,-17.0,33.0,601.0,58.0,-137.0,-1026.0,4.0,2
10088,-35.0,-263.0,-30.0,19.0,593.0,51.0,-153.0,-1029.0,-40.0,2
10089,-37.0,-261.0,-38.0,-25.0,579.0,45.0,-172.0,-1026.0,-66.0,2
10090,-39.0,-265.0,-45.0,-72.0,558.0,42.0,-178.0,-1039.0,-103.0,2
10091,-40.0,-272.0,-53.0,-108.0,544.0,46.0,-179.0,-1059.0,-133.0,2
10092,-37.0,-281.0,-52.0,-132.0,547.0,52.0,-175.0,-1087.0,-128.0,2
10093,-38.0,-293.0,-46.0,-142.0,547.0,51.0,-177.0,-1125.0,-102.0,2
10094,-41.0,-302.0,-37.0,-132.0,528.0,40.0,-195.0,-1151.0,-72.0,2
10095,-47.0,-305.0,-26.0,-103.0,487.0,29.0,-216.0,-1162.0,-47.0,2
10096,-53.0,-303.0,-33.0,-58.0,433.0,17.0,-225.0,-1166.0,-50.0,2
10097,-52.0,-301.0,-38.0,-20.0,379.0,3.0,-233.0,-1156.0,-85.0,2
10098,-54.0,-293.0,-51.0,-1.0,331.0,-5.0,-236.0,-1144.0,-120.0,2
10099,-55.0,-292.0,-59.0,2.0,283.0,-11.0,-239.0,-1122.0,-154.0,2
10100,-54.0,-287.0,-68.0,-3.0,234.0,-15.0,-240.0,-1108.0,-203.0,2
10101,-54.0,-284.0,-72.0,-19.0,188.0,-12.0,-235.0,-1106.0,-226.0,2
10102,-54.0,-285.0,-75.0,-42.0,150.0,-4.0,-243.0,-1112.0,-239.0,2
10103,-60.0,-291.0,-77.0,-65.0,109.0,12.0,-253.0,-1128.0,-230.0,2
10104,-61.0,-295.0,-74.0,-74.0,72.0,28.0,-254.0,-1145.0,-216.0,2
10105,-63.0,-300.0,-73.0,-67.0,37.0,48.0,-256.0,-1152.0,-211.0,2
10106,-59.0,-304.0,-70.0,-47.0,-2.0,69.0,-254.0,-1172.0,-211.0,2
10107,-57.0,-312.0,-65.0,-18.0,-52.0,89.0,-253.0,-1178.0,-213.0,2
10108,-53.0,-312.0,-64.0,19.0,-112.0,112.0,-234.0,-1189.0,-190.0,2
10109,-43.0,-308.0,-62.0,73.0,-177.0,138.0,-189.0,-1183.0,-173.0,2
10110,-31.0,-309.0,-57.0,129.0,-251.0,173.0,-146.0,-1186.0,-179.0,2
10111,-16.0,-302.0,-63.0,170.0,-301.0,200.0,-113.0,-1168.0,-180.0,2
10112,-12.0,-293.0,-69.0,204.0,-303.0,173.0,-85.0,-1142.0,-200.0,2
10113,-1.0,-282.0,-74.0,219.0,-295.0,132.0,-34.0,-1110.0,-215.0,2
10114,11.0,-272.0,-78.0,219.0,-302.0,104.0,1.0,-1072.0,-236.0,2
10115,18.0,-258.0,-85.0,215.0,-295.0,72.0,27.0,-1018.0,-257.0,2
10116,19.0,-249.0,-88.0,207.0,-269.0,33.0,36.0,-965.0,-271.0,2
10117,17.0,-242.0,-88.0,200.0,-229.0,0.0,36.0,-925.0,-272.0,2
10118,19.0,-228.0,-86.0,193.0,-186.0,-21.0,41.0,-890.0,-274.0,2
10119,30.0,-223.0,-92.0,184.0,-141.0,-35.0,63.0,-869.0,-294.0,2
10120,35.0,-215.0,-103.0,161.0,-95.0,-52.0,92.0,-852.0,-332.0,2
10121,41.0,-212.0,-110.0,120.0,-47.0,-69.0,124.0,-842.0,-362.0,2
10122,46.0,-210.0,-116.0,72.0,0.0,-83.0,152.0,-842.0,-386.0,2
10123,49.0,-217.0,-118.0,22.0,46.0,-102.0,156.0,-857.0,-397.0,2
10124,46.0,-219.0,-118.0,-27.0,99.0,-111.0,144.0,-872.0,-398.0,2
10125,47.0,-229.0,-118.0,-55.0,133.0,-113.0,140.0,-894.0,-400.0,2
10126,38.0,-234.0,-119.0,-69.0,155.0,-113.0,124.0,-909.0,-407.0,2
10127,33.0,-239.0,-119.0,-73.0,166.0,-111.0,104.0,-917.0,-408.0,2
10128,27.0,-236.0,-120.0,-63.0,167.0,-101.0,78.0,-918.0,-405.0,2
10129,20.0,-236.0,-120.0,-40.0,167.0,-84.0,72.0,-921.0,-406.0,2
10130,22.0,-232.0,-114.0,-13.0,162.0,-66.0,55.0,-910.0,-390.0,2
10131,17.0,-226.0,-113.0,16.0,148.0,-41.0,51.0,-882.0,-393.0,2
10132,21.0,-221.0,-120.0,40.0,133.0,-16.0,50.0,-851.0,-411.0,2
10133,18.0,-207.0,-122.0,49.0,128.0,8.0,44.0,-826.0,-429.0,2
10134,14.0,-202.0,-123.0,37.0,132.0,36.0,28.0,-803.0,-432.0,2
10135,12.0,-199.0,-127.0,10.0,132.0,52.0,22.0,-794.0,-430.0,2
10136,10.0,-195.0,-124.0,-23.0,117.0,67.0,25.0,-781.0,-428.0,2
10137,13.0,-194.0,-118.0,-52.0,87.0,82.0,31.0,-751.0,-417.0,2
10138,18.0,-192.0,-115.0,-76.0,60.0,103.0,40.0,-756.0,-402.0,2
10139,24.0,-200.0,-121.0,-96.0,49.0,115.0,64.0,-805.0,-422.0,2
10140,26.0,-207.0,-119.0,-133.0,62.0,110.0,75.0,-824.0,-416.0,2
10141,33.0,-215.0,-110.0,-177.0,93.0,105.0,109.0,-849.0,-382.0,2
10142,40.0,-228.0,-103.0,-190.0,121.0,92.0,125.0,-879.0,-344.0,2
10143,40.0,-237.0,-105.0,-173.0,136.0,61.0,122.0,-922.0,-348.0,2
10144,38.0,-251.0,-102.0,-156.0,151.0,21.0,115.0,-966.0,-344.0,2
10145,40.0,-257.0,-100.0,-154.0,168.0,-14.0,118.0,-998.0,-338.0,2
10146,34.0,-259.0,-95.0,-139.0,174.0,-48.0,105.0,-1003.0,-308.0,2
10147,26.0,-259.0,-92.0,-101.0,164.0,-80.0,80.0,-1007.0,-305.0,2
10148,21.0,-260.0,-98.0,-56.0,153.0,-107.0,55.0,-1001.0,-307.0,2
10149,16.0,-256.0,-93.0,-18.0,140.0,-127.0,43.0,-1001.0,-302.0,2
10150,17.0,-256.0,-92.0,11.0,128.0,-144.0,40.0,-997.0,-309.0,2
10151,15.0,-253.0,-83.0,21.0,121.0,-161.0,28.0,-986.0,-288.0,2
10152,14.0,-255.0,-85.0,23.0,110.0,-172.0,15.0,-991.0,-277.0,2
10153,8.0,-255.0,-86.0,21.0,98.0,-190.0,7.0,-991.0,-277.0,2
10154,5.0,-255.0,-82.0,8.0,83.0,-209.0,-9.0,-989.0,-257.0,2
10155,1.0,-257.0,-75.0,3.0,55.0,-218.0,-17.0,-996.0,-256.0,2
10156,0.0,-255.0,-77.0,3.0,31.0,-226.0,-24.0,-992.0,-254.0,2
10157,0.0,-259.0,-77.0,18.0,6.0,-236.0,-25.0,-996.0,-242.0,2
10158,3.0,-260.0,-76.0,49.0,-18.0,-245.0,-21.0,-991.0,-242.0,2
10159,3.0,-254.0,-81.0,88.0,-40.0,-259.0,-10.0,-975.0,-252.0,2
10160,3.0,-249.0,-84.0,119.0,-54.0,-264.0,-10.0,-956.0,-272.0,2
10161,3.0,-244.0,-87.0,135.0,-60.0,-266.0,-5.0,-945.0,-280.0,2
10162,10.0,-241.0,-84.0,142.0,-63.0,-267.0,14.0,-926.0,-269.0,2
10163,12.0,-233.0,-81.0,141.0,-69.0,-275.0,22.0,-908.0,-269.0,2
10164,16.0,-225.0,-82.0,137.0,-75.0,-281.0,35.0,-887.0,-251.0,2
10165,16.0,-222.0,-78.0,131.0,-75.0,-290.0,36.0,-872.0,-238.0,2
10166,19.0,-220.0,-79.0,117.0,-72.0,-302.0,45.0,-860.0,-237.0,2
10167,21.0,-216.0,-73.0,93.0,-70.0,-316.0,52.0,-849.0,-224.0,2
10168,19.0,-215.0,-70.0,69.0,-71.0,-325.0,40.0,-842.0,-218.0,2
10169,15.0,-213.0,-66.0,48.0,-77.0,-328.0,41.0,-848.0,-217.0,2
10170,21.0,-213.0,-72.0,31.0,-78.0,-326.0,54.0,-847.0,-227.0,2
10171,22.0,-214.0,-76.0,17.0,-76.0,-324.0,56.0,-841.0,-232.0,2
10172,22.0,-211.0,-75.0,7.0,-70.0,-316.0,57.0,-845.0,-227.0,2
10173,23.0,-218.0,-74.0,-6.0,-64.0,-309.0,66.0,-852.0,-229.0,2
10174,23.0,-220.0,-77.0,-19.0,-67.0,-302.0,74.0,-862.0,-227.0,2
10175,23.0,-222.0,-77.0,-38.0,-75.0,-297.0,68.0,-870.0,-223.0,2
10176,28.0,-225.0,-75.0,-57.0,-82.0,-291.0,77.0,-884.0,-219.0,2
10177,25.0,-229.0,-69.0,-70.0,-93.0,-290.0,76.0,-889.0,-209.0,2
10178,23.0,-232.0,-73.0,-78.0,-108.0,-287.0,66.0,-904.0,-207.0,2
10179,22.0,-234.0,-72.0,-83.0,-121.0,-283.0,57.0,-910.0,-213.0,2
10180,19.0,-238.0,-71.0,-89.0,-131.0,-275.0,45.0,-914.0,-210.0,2
10181,16.0,-238.0,-68.0,-97.0,-140.0,-270.0,43.0,-929.0,-205.0,2
10182,15.0,-244.0,-70.0,-107.0,-154.0,-272.0,28.0,-951.0,-198.0,2
10183,16.0,-250.0,-68.0,-119.0,-169.0,-277.0,27.0,-959.0,-190.0,2
10184,9.0,-247.0,-59.0,-120.0,-179.0,-281.0,8.0,-958.0,-176.0,2
10185,9.0,-248.0,-67.0,-105.0,-187.0,-276.0,6.0,-957.0,-184.0,2
10186,7.0,-245.0,-65.0,-87.0,-184.0,-259.0,0.0,-951.0,-179.0,2
10187,9.0,-243.0,-66.0,-67.0,-181.0,-246.0,6.0,-934.0,-193.0,2
10188,9.0,-238.0,-63.0,-61.0,-184.0,-239.0,11.0,-919.0,-197.0,2
10189,11.0,-234.0,-72.0,-62.0,-197.0,-237.0,15.0,-907.0,-203.0,2
10190,10.0,-226.0,-67.0,-70.0,-212.0,-232.0,14.0,-896.0,-198.0,2
10191,13.0,-225.0,-62.0,-78.0,-222.0,-228.0,16.0,-879.0,-189.0,2
10192,14.0,-224.0,-62.0,-86.0,-227.0,-221.0,30.0,-866.0,-183.0,2
10193,18.0,-220.0,-59.0,-91.0,-227.0,-212.0,38.0,-864.0,-168.0,2
10194,21.0,-220.0,-59.0,-98.0,-220.0,-200.0,51.0,-849.0,-165.0,2
10195,22.0,-217.0,-59.0,-107.0,-214.0,-191.0,69.0,-854.0,-147.0,2
10196,28.0,-215.0,-59.0,-116.0,-211.0,-175.0,81.0,-849.0,-155.0,2
10197,31.0,-216.0,-56.0,-131.0,-210.0,-163.0,101.0,-843.0,-156.0,2
10198,35.0,-216.0,-58.0,-146.0,-207.0,-151.0,114.0,-843.0,-167.0,2
10199,40.0,-216.0,-61.0,-164.0,-206.0,-144.0,122.0,-852.0,-173.0,2
10200,37.0,-221.0,-60.0,-179.0,-206.0,-132.0,112.0,-865.0,-176.0,2
10201,34.0,-227.0,-60.0,-190.0,-209.0,-120.0,111.0,-878.0,-167.0,2
10202,35.0,-230.0,-58.0,-194.0,-214.0,-105.0,112.0,-893.0,-163.0,2
10203,37.0,-235.0,-56.0,-190.0,-217.0,-91.0,103.0,-904.0,-160.0,2
10204,34.0,-238.0,-58.0,-182.0,-214.0,-73.0,98.0,-912.0,-153.0,2
10205,32.0,-240.0,-55.0,-166.0,-205.0,-61.0,86.0,-925.0,-150.0,2
10206,35.0,-244.0,-54.0,-153.0,-196.0,-42.0,86.0,-932.0,-149.0,2
10207,28.0,-246.0,-56.0,-145.0,-187.0,-24.0,81.0,-947.0,-148.0,2
10208,25.0,-249.0,-55.0,-145.0,-182.0,-9.0,78.0,-958.0,-144.0,2
10209,25.0,-250.0,-53.0,-146.0,-181.0,1.0,62.0,-964.0,-139.0,2
10210,24.0,-251.0,-52.0,-146.0,-176.0,14.0,67.0,-971.0,-135.0,2
10211,28.0,-256.0,-48.0,-140.0,-172.0,25.0,68.0,-982.0,-129.0,2
10212,24.0,-258.0,-48.0,-127.0,-167.0,34.0,67.0,-996.0,-112.0,2
10213,27.0,-256.0,-47.0,-110.0,-162.0,38.0,67.0,-978.0,-113.0,2
10214,26.0,-254.0,-47.0,-90.0,-160.0,41.0,69.0,-979.0,-121.0,2
10215,24.0,-252.0,-50.0,-75.0,-160.0,41.0,68.0,-972.0,-123.0,2
10216,22.0,-247.0,-50.0,-67.0,-163.0,41.0,61.0,-964.0,-126.0,2
10217,23.0,-246.0,-53.0,-64.0,-169.0,39.0,62.0,-949.0,-132.0,2
10218,26.0,-246.0,-53.0,-68.0,-175.0,40.0,73.0,-940.0,-140.0,2
10219,31.0,-244.0,-55.0,-74.0,-172.0,41.0,86.0,-937.0,-145.0,2
10220,37.0,-242.0,-56.0,-82.0,-165.0,43.0,106.0,-939.0,-162.0,2
10221,38.0,-239.0,-64.0,-90.0,-153.0,39.0,117.0,-926.0,-172.0,2
10222,37.0,-241.0,-70.0,-100.0,-141.0,35.0,126.0,-939.0,-192.0,2
10223,41.0,-242.0,-68.0,-108.0,-128.0,30.0,127.0,-942.0,-196.0,2
10224,44.0,-245.0,-67.0,-110.0,-114.0,32.0,134.0,-946.0,-204.0,2
10225,41.0,-243.0,-66.0,-106.0,-100.0,26.0,138.0,-946.0,-190.0,2
10226,39.0,-248.0,-64.0,-100.0,-90.0,24.0,120.0,-958.0,-185.0,2
10227,36.0,-248.0,-57.0,-97.0,-84.0,15.0,100.0,-967.0,-170.0,2
10228,28.0,-248.0,-56.0,-98.0,-89.0,14.0,76.0,-974.0,-153.0,2
10229,21.0,-250.0,-54.0,-100.0,-99.0,16.0,50.0,-971.0,-141.0,2
10230,14.0,-251.0,-55.0,-99.0,-105.0,20.0,21.0,-978.0,-152.0,2
10231,7.0,-252.0,-60.0,-96.0,-111.0,26.0,7.0,-973.0,-160.0,2
10232,4.0,-251.0,-59.0,-95.0,-120.0,32.0,-12.0,-965.0,-171.0,2
10233,6.0,-248.0,-63.0,-91.0,-134.0,38.0,-2.0,-957.0,-189.0,2
10234,6.0,-244.0,-68.0,-86.0,-152.0,45.0,5.0,-951.0,-205.0,2
10235,10.0,-244.0,-71.0,-87.0,-173.0,50.0,17.0,-948.0,-213.0,2
10236,19.0,-244.0,-68.0,-98.0,-190.0,58.0,50.0,-943.0,-205.0,2
10237,29.0,-245.0,-65.0,-98.0,-200.0,55.0,76.0,-949.0,-184.0,2
10238,32.0,-246.0,-58.0,-89.0,-205.0,49.0,83.0,-953.0,-164.0,2
10239,31.0,-250.0,-56.0,-88.0,-208.0,40.0,94.0,-954.0,-141.0,2
10240,30.0,-251.0,-49.0,-103.0,-218.0,36.0,93.0,-979.0,-113.0,2
10241,30.0,-258.0,-39.0,-122.0,-230.0,23.0,91.0,-1007.0,-84.0,2
10242,27.0,-265.0,-30.0,-134.0,-245.0,9.0,79.0,-1028.0,-48.0,2
10243,24.0,-273.0,-28.0,-129.0,-257.0,-11.0,57.0,-1053.0,-30.0,2
10244,18.0,-278.0,-19.0,-114.0,-267.0,-24.0,41.0,-1075.0,-9.0,2
10245,10.0,-284.0,-20.0,-89.0,-282.0,-39.0,11.0,-1098.0,-10.0,2
10246,3.0,-290.0,-25.0,-64.0,-306.0,-49.0,-3.0,-1123.0,-7.0,2
10247,-2.0,-290.0,-20.0,-43.0,-342.0,-54.0,-26.0,-1127.0,-2.0,2
10248,-3.0,-293.0,-20.0,-24.0,-382.0,-53.0,-25.0,-1140.0,-15.0,2
10249,0.0,-293.0,-19.0,-4.0,-430.0,-60.0,-26.0,-1136.0,10.0,2
10250,4.0,-292.0,-18.0,43.0,-457.0,-68.0,-21.0,-1130.0,-11.0,2
10251,5.0,-289.0,-24.0,73.0,-471.0,-78.0,-4.0,-1123.0,-25.0,2
10252,9.0,-284.0,-28.0,88.0,-482.0,-82.0,5.0,-1111.0,-43.0,2
10253,14.0,-280.0,-38.0,86.0,-500.0,-87.0,19.0,-1095.0,-73.0,2
10254,17.0,-274.0,-44.0,67.0,-524.0,-91.0,48.0,-1075.0,-90.0,2
10255,26.0,-274.0,-53.0,46.0,-552.0,-106.0,69.0,-1069.0,-126.0,2
10256,32.0,-271.0,-49.0,20.0,-579.0,-120.0,98.0,-1061.0,-130.0,2
10257,42.0,-273.0,-49.0,10.0,-590.0,-134.0,121.0,-1054.0,-114.0,2
10258,52.0,-270.0,-43.0,29.0,-587.0,-143.0,177.0,-1052.0,-101.0,2
10259,64.0,-272.0,-49.0,52.0,-573.0,-156.0,218.0,-1065.0,-112.0,2
10260,72.0,-273.0,-56.0,67.0,-548.0,-163.0,242.0,-1085.0,-139.0,2
10261,82.0,-278.0,-58.0,55.0,-522.0,-167.0,274.0,-1097.0,-148.0,2
10262,86.0,-285.0,-56.0,44.0,-490.0,-174.0,288.0,-1094.0,-149.0,2
10263,86.0,-282.0,-55.0,46.0,-453.0,-187.0,289.0,-1096.0,-143.0,2
10264,81.0,-284.0,-58.0,52.0,-414.0,-191.0,274.0,-1103.0,-163.0,2
10265,72.0,-286.0,-66.0,50.0,-375.0,-191.0,252.0,-1106.0,-180.0,2
10266,68.0,-287.0,-68.0,45.0,-335.0,-181.0,223.0,-1114.0,-194.0,2
10267,65.0,-286.0,-74.0,41.0,-300.0,-167.0,205.0,-1126.0,-223.0,2
10268,59.0,-289.0,-79.0,36.0,-265.0,-151.0,196.0,-1133.0,-247.0,2
10269,57.0,-293.0,-81.0,40.0,-229.0,-144.0,184.0,-1139.0,-253.0,2
10270,55.0,-295.0,-85.0,56.0,-181.0,-137.0,184.0,-1149.0,-258.0,2
10271,57.0,-301.0,-83.0,79.0,-137.0,-140.0,184.0,-1163.0,-262.0,2
10272,59.0,-302.0,-87.0,103.0,-86.0,-138.0,191.0,-1166.0,-269.0,2
10273,66.0,-303.0,-89.0,129.0,-28.0,-143.0,208.0,-1170.0,-268.0,2
10274,74.0,-301.0,-83.0,162.0,35.0,-141.0,237.0,-1172.0,-261.0,2
10275,73.0,-299.0,-81.0,200.0,101.0,-150.0,242.0,-1157.0,-254.0,2
10276,79.0,-295.0,-79.0,237.0,165.0,-151.0,254.0,-1148.0,-269.0,2
10277,75.0,-291.0,-89.0,262.0,219.0,-160.0,253.0,-1131.0,-281.0,2
10278,64.0,-282.0,-90.0,270.0,264.0,-172.0,230.0,-1107.0,-309.0,2
10279,49.0,-276.0,-92.0,271.0,303.0,-184.0,178.0,-1076.0,-300.0,2
10280,35.0,-272.0,-94.0,278.0,322.0,-182.0,113.0,-1050.0,-292.0,2
10281,19.0,-265.0,-88.0,286.0,315.0,-183.0,44.0,-1028.0,-271.0,2
10282,11.0,-257.0,-76.0,298.0,304.0,-158.0,5.0,-1002.0,-241.0,2
10283,4.0,-251.0,-74.0,307.0,286.0,-122.0,-10.0,-956.0,-231.0,2
10284,0.0,-237.0,-77.0,311.0,270.0,-85.0,-20.0,-913.0,-239.0,2
10285,1.0,-222.0,-88.0,311.0,250.0,-58.0,-28.0,-869.0,-268.0,2
10286,-4.0,-212.0,-96.0,297.0,223.0,-35.0,-34.0,-836.0,-319.0,2
10287,-9.0,-206.0,-114.0,269.0,184.0,-33.0,-54.0,-810.0,-359.0,2
10288,-20.0,-200.0,-119.0,228.0,139.0,-31.0,-87.0,-797.0,-401.0,2
10289,-27.0,-205.0,-125.0,175.0,92.0,-30.0,-119.0,-813.0,-435.0,2
10290,-30.0,-213.0,-126.0,118.0,46.0,-21.0,-141.0,-834.0,-450.0,2
10291,-32.0,-221.0,-130.0,67.0,-7.0,-16.0,-147.0,-863.0,-460.0,2
10292,-38.0,-227.0,-134.0,25.0,-52.0,-9.0,-165.0,-887.0,-464.0,2
10293,-33.0,-238.0,-132.0,10.0,-98.0,-9.0,-152.0,-910.0,-448.0,2
10294,-32.0,-239.0,-126.0,18.0,-141.0,-16.0,-140.0,-924.0,-434.0,2
10295,-29.0,-243.0,-122.0,47.0,-176.0,-34.0,-143.0,-937.0,-435.0,2
10296,-31.0,-242.0,-126.0,80.0,-200.0,-52.0,-148.0,-922.0,-427.0,2
10297,-32.0,-228.0,-119.0,103.0,-217.0,-74.0,-163.0,-889.0,-411.0,2
10298,-33.0,-221.0,-122.0,127.0,-235.0,-97.0,-157.0,-855.0,-426.0,2
10299,-40.0,-211.0,-124.0,136.0,-257.0,-123.0,-172.0,-833.0,-431.0,2
10300,-42.0,-213.0,-136.0,115.0,-280.0,-127.0,-194.0,-840.0,-480.0,2
10301,-44.0,-215.0,-133.0,49.0,-304.0,-105.0,-197.0,-851.0,-477.0,2
10302,-27.0,-217.0,-123.0,-19.0,-324.0,-76.0,-140.0,-845.0,-436.0,2
10303,-18.0,-211.0,-123.0,-21.0,-320.0,-62.0,-100.0,-830.0,-419.0,2
10304,-17.0,-210.0,-120.0,-6.0,-315.0,-46.0,-92.0,-824.0,-410.0,2
10305,-8.0,-207.0,-121.0,5.0,-312.0,-34.0,-68.0,-818.0,-418.0,2
10306,-2.0,-209.0,-121.0,9.0,-305.0,-25.0,-31.0,-824.0,-435.0,2
10307,-1.0,-208.0,-127.0,-14.0,-305.0,-25.0,-22.0,-821.0,-441.0,2
10308,-2.0,-209.0,-120.0,-58.0,-309.0,-21.0,-28.0,-824.0,-421.0,2
10309,1.0,-211.0,-113.0,-94.0,-312.0,-18.0,-23.0,-834.0,-382.0,2
10310,-2.0,-218.0,-107.0,-104.0,-316.0,-10.0,-32.0,-854.0,-352.0,2
10311,-5.0,-226.0,-100.0,-101.0,-313.0,-1.0,-44.0,-879.0,-323.0,2
10312,-3.0,-231.0,-90.0,-93.0,-300.0,24.0,-47.0,-900.0,-296.0,2
10313,-2.0,-237.0,-87.0,-68.0,-283.0,48.0,-42.0,-910.0,-285.0,2
10314,1.0,-244.0,-88.0,-38.0,-259.0,72.0,-26.0,-936.0,-278.0,2
10315,5.0,-247.0,-88.0,-8.0,-232.0,91.0,-9.0,-952.0,-275.0,2
10316,11.0,-253.0,-89.0,15.0,-205.0,113.0,9.0,-975.0,-288.0,2
10317,15.0,-259.0,-94.0,26.0,-180.0,128.0,23.0,-1007.0,-291.0,2
10318,18.0,-264.0,-92.0,29.0,-151.0,150.0,34.0,-1027.0,-311.0,2
10319,21.0,-267.0,-94.0,25.0,-123.0,166.0,51.0,-1048.0,-320.0,2
10320,29.0,-272.0,-100.0,18.0,-89.0,184.0,71.0,-1063.0,-320.0,2
10321,30.0,-278.0,-94.0,6.0,-43.0,197.0,76.0,-1075.0,-313.0,2
10322,33.0,-276.0,-90.0,-4.0,8.0,219.0,82.0,-1090.0,-310.0,2
10323,33.0,-277.0,-94.0,-1.0,59.0,232.0,91.0,-1091.0,-291.0,2
10324,32.0,-280.0,-83.0,22.0,93.0,247.0,94.0,-1083.0,-262.0,2
10325,33.0,-271.0,-81.0,64.0,123.0,251.0,96.0,-1069.0,-253.0,2
10326,30.0,-264.0,-74.0,113.0,152.0,257.0,90.0,-1040.0,-228.0,2
10327,26.0,-259.0,-67.0,168.0,173.0,257.0,75.0,-1013.0,-216.0,2
10328,23.0,-253.0,-75.0,216.0,184.0,261.0,63.0,-978.0,-214.0,2
10329,18.0,-245.0,-72.0,249.0,193.0,257.0,41.0,-940.0,-209.0,2
10330,15.0,-240.0,-73.0,266.0,203.0,251.0,23.0,-920.0,-213.0,2
10331,4.0,-234.0,-71.0,267.0,203.0,247.0,-6.0,-908.0,-214.0,2
10332,-2.0,-226.0,-73.0,261.0,193.0,259.0,-25.0,-894.0,-220.0,2
10333,-3.0,-221.0,-73.0,252.0,194.0,259.0,-36.0,-857.0,-218.0,2
10334,-8.0,-215.0,-69.0,246.0,197.0,259.0,-64.0,-843.0,-207.0,2
10335,-12.0,-217.0,-71.0,240.0,213.0,261.0,-77.0,-838.0,-211.0,2
10336,-17.0,-215.0,-65.0,233.0,230.0,270.0,-87.0,-840.0,-216.0,2
10337,-16.0,-213.0,-68.0,220.0,232.0,272.0,-102.0,-839.0,-207.0,2
10338,-22.0,-213.0,-70.0,199.0,219.0,281.0,-106.0,-834.0,-207.0,2
10339,-19.0,-213.0,-68.0,173.0,200.0,279.0,-104.0,-834.0,-206.0,2
10340,-20.0,-214.0,-65.0,146.0,188.0,279.0,-106.0,-834.0,-193.0,2
10341,-15.0,-212.0,-67.0,128.0,183.0,278.0,-99.0,-836.0,-187.0,2
10342,-12.0,-218.0,-68.0,115.0,184.0,284.0,-84.0,-844.0,-191.0,2
10343,-13.0,-217.0,-64.0,103.0,188.0,282.0,-79.0,-852.0,-186.0,2
10344,-14.0,-222.0,-61.0,102.0,190.0,284.0,-87.0,-846.0,-166.0,2
10345,-9.0,-224.0,-74.0,93.0,183.0,278.0,-61.0,-881.0,-215.0,2
10346,-12.0,-227.0,-68.0,44.0,168.0,275.0,-78.0,-885.0,-201.0,2
10347,-12.0,-236.0,-63.0,7.0,168.0,284.0,-74.0,-911.0,-181.0,2
10348,-5.0,-238.0,-62.0,-10.0,177.0,296.0,-59.0,-916.0,-166.0,2
10349,-7.0,-238.0,-60.0,-5.0,176.0,293.0,-58.0,-923.0,-168.0,2
10350,-3.0,-241.0,-58.0,4.0,173.0,289.0,-39.0,-926.0,-168.0,2
10351,3.0,-241.0,-63.0,7.0,176.0,278.0,-27.0,-922.0,-172.0,2
10352,4.0,-240.0,-61.0,5.0,179.0,269.0,-8.0,-920.0,-174.0,2
10353,5.0,-236.0,-64.0,-3.0,180.0,251.0,-5.0,-915.0,-184.0,2
10354,9.0,-234.0,-60.0,-22.0,181.0,239.0,6.0,-908.0,-185.0,2
10355,9.0,-232.0,-60.0,-36.0,189.0,220.0,8.0,-908.0,-173.0,2
10356,7.0,-233.0,-59.0,-50.0,200.0,205.0,3.0,-904.0,-163.0,2
10357,7.0,-231.0,-56.0,-64.0,214.0,187.0,-1.0,-903.0,-155.0,2
10358,6.0,-233.0,-53.0,-72.0,230.0,175.0,0.0,-903.0,-139.0,2
10359,9.0,-235.0,-50.0,-75.0,250.0,159.0,3.0,-903.0,-122.0,2
10360,7.0,-233.0,-48.0,-68.0,270.0,146.0,-3.0,-901.0,-123.0,2
10361,6.0,-231.0,-53.0,-66.0,290.0,130.0,0.0,-896.0,-125.0,2
10362,7.0,-227.0,-55.0,-63.0,307.0,118.0,2.0,-894.0,-137.0,2
10363,7.0,-227.0,-57.0,-71.0,321.0,104.0,0.0,-892.0,-152.0,2
10364,23.0,-222.0,-50.0,-88.0,338.0,94.0,4.0,-889.0,-151.0,2
10365,7.0,-231.0,-56.0,-105.0,358.0,77.0,-2.0,-892.0,-150.0,2
10366,4.0,-232.0,-56.0,-114.0,372.0,69.0,-9.0,-897.0,-148.0,2
10367,3.0,-232.0,-48.0,-119.0,383.0,59.0,-17.0,-899.0,-138.0,2
10368,-2.0,-235.0,-50.0,-122.0,388.0,54.0,-24.0,-900.0,-129.0,2
10369,-2.0,-236.0,-49.0,-126.0,388.0,49.0,-34.0,-905.0,-120.0,2
10370,-5.0,-235.0,-45.0,-126.0,390.0,47.0,-37.0,-912.0,-114.0,2
10371,-4.0,-236.0,-43.0,-127.0,393.0,39.0,-40.0,-918.0,-101.0,2
10372,-7.0,-242.0,-47.0,-126.0,391.0,35.0,-51.0,-928.0,-110.0,2
10373,-7.0,-246.0,-42.0,-125.0,386.0,27.0,-61.0,-939.0,-107.0,2
10374,-11.0,-246.0,-45.0,-124.0,375.0,25.0,-69.0,-945.0,-116.0,2
10375,-10.0,-249.0,-49.0,-123.0,360.0,21.0,-74.0,-959.0,-117.0,2
10376,-11.0,-255.0,-48.0,-118.0,350.0,23.0,-74.0,-966.0,-121.0,2
10377,-11.0,-253.0,-45.0,-114.0,344.0,24.0,-77.0,-967.0,-119.0,2
10378,-11.0,-253.0,-49.0,-113.0,342.0,28.0,-73.0,-971.0,-124.0,2
10379,-8.0,-256.0,-48.0,-117.0,344.0,27.0,-66.0,-968.0,-123.0,2
10380,-9.0,-253.0,-49.0,-121.0,347.0,26.0,-67.0,-973.0,-120.0,2
10381,-12.0,-250.0,-51.0,-132.0,349.0,20.0,-72.0,-971.0,-124.0,2
10382,-12.0,-252.0,-49.0,-141.0,349.0,21.0,-81.0,-974.0,-126.0,2
10383,-15.0,-254.0,-52.0,-149.0,347.0,18.0,-83.0,-978.0,-130.0,2
10384,-14.0,-254.0,-49.0,-154.0,341.0,21.0,-86.0,-974.0,-125.0,2
10385,-14.0,-254.0,-50.0,-150.0,331.0,19.0,-94.0,-985.0,-133.0,2
10386,-14.0,-255.0,-54.0,-151.0,317.0,24.0,-92.0,-985.0,-131.0,2
10387,-12.0,-256.0,-51.0,-151.0,306.0,30.0,-91.0,-982.0,-124.0,2
10388,-12.0,-255.0,-50.0,-148.0,302.0,44.0,-77.0,-987.0,-105.0,2
10389,-6.0,-255.0,-40.0,-141.0,307.0,56.0,-62.0,-989.0,-94.0,2
10390,-5.0,-259.0,-41.0,-129.0,322.0,72.0,-38.0,-986.0,-82.0,2
10391,1.0,-256.0,-37.0,-112.0,341.0,78.0,-18.0,-979.0,-64.0,2
10392,6.0,-253.0,-36.0,-93.0,357.0,87.0,-4.0,-972.0,-69.0,2
10393,7.0,-250.0,-35.0,-76.0,369.0,86.0,1.0,-966.0,-65.0,2
10394,8.0,-249.0,-42.0,-65.0,377.0,89.0,7.0,-966.0,-76.0,2
10395,10.0,-251.0,-41.0,-59.0,384.0,83.0,11.0,-967.0,-86.0,2
10396,10.0,-248.0,-45.0,-58.0,393.0,81.0,9.0,-964.0,-99.0,2
10397,6.0,-253.0,-48.0,-60.0,398.0,75.0,-5.0,-975.0,-109.0,2
10398,3.0,-255.0,-47.0,-60.0,407.0,72.0,-13.0,-975.0,-114.0,2
10399,-3.0,-255.0,-46.0,-56.0,413.0,64.0,-38.0,-989.0,-115.0,2
10400,-8.0,-257.0,-49.0,-49.0,421.0,63.0,-50.0,-997.0,-112.0,2
10401,-8.0,-259.0,-48.0,-38.0,423.0,55.0,-59.0,-1004.0,-107.0,2
10402,-10.0,-258.0,-49.0,-23.0,424.0,49.0,-68.0,-1000.0,-107.0,2
10403,-10.0,-261.0,-48.0,-10.0,428.0,42.0,-77.0,-1011.0,-114.0,2
10404,-12.0,-260.0,-43.0,-4.0,426.0,39.0,-77.0,-1006.0,-100.0,2
10405,-14.0,-260.0,-41.0,5.0,420.0,32.0,-88.0,-1005.0,-84.0,2
10406,-15.0,-259.0,-40.0,22.0,416.0,29.0,-83.0,-1004.0,-83.0,2
10407,-12.0,-259.0,-38.0,46.0,419.0,22.0,-82.0,-1003.0,-78.0,2
10408,-11.0,-258.0,-37.0,56.0,427.0,23.0,-79.0,-1002.0,-83.0,2
10409,-6.0,-262.0,-34.0,61.0,440.0,18.0,-66.0,-1005.0,-72.0,2
10410,-5.0,-259.0,-35.0,61.0,456.0,18.0,-43.0,-1011.0,-53.0,2
10411,-6.0,-259.0,-32.0,60.0,470.0,13.0,-45.0,-1015.0,-47.0,2
10412,-4.0,-261.0,-31.0,60.0,484.0,20.0,-40.0,-1018.0,-44.0,2
10413,0.0,-263.0,-29.0,63.0,497.0,28.0,-41.0,-1014.0,-40.0,2
10414,-2.0,-261.0,-30.0,71.0,509.0,48.0,-29.0,-1020.0,-45.0,2
10415,-1.0,-262.0,-31.0,73.0,523.0,64.0,-26.0,-1021.0,-47.0,2
10416,0.0,-264.0,-27.0,78.0,535.0,81.0,-25.0,-1015.0,-44.0,2
10417,2.0,-261.0,-29.0,86.0,545.0,97.0,-25.0,-1019.0,-40.0,2
10418,-2.0,-259.0,-24.0,104.0,557.0,106.0,-37.0,-1004.0,-22.0,2
10419,0.0,-260.0,-22.0,128.0,569.0,114.0,-33.0,-998.0,-19.0,2
10420,-1.0,-260.0,-29.0,145.0,577.0,127.0,-38.0,-1009.0,-36.0,2
10421,1.0,-258.0,-25.0,148.0,587.0,132.0,-33.0,-1000.0,-33.0,2
10422,1.0,-256.0,-26.0,149.0,600.0,138.0,-26.0,-997.0,-22.0,2
10423,0.0,-254.0,-26.0,153.0,612.0,133.0,-24.0,-986.0,-24.0,2
10424,1.0,-253.0,-26.0,151.0,622.0,131.0,-21.0,-976.0,-15.0,2
10425,4.0,-251.0,-20.0,153.0,632.0,122.0,-11.0,-972.0,-7.0,2
10426,8.0,-254.0,-18.0,151.0,641.0,115.0,4.0,-974.0,11.0,2
10427,10.0,-254.0,-12.0,146.0,652.0,91.0,-2.0,-976.0,27.0,2
10428,3.0,-255.0,-12.0,142.0,662.0,65.0,-11.0,-975.0,39.0,2
10429,3.0,-255.0,-12.0,142.0,662.0,32.0,-16.0,-979.0,47.0,2
10430,1.0,-257.0,-9.0,139.0,659.0,5.0,-19.0,-996.0,33.0,2
10431,-3.0,-259.0,-21.0,122.0,661.0,-25.0,-38.0,-1004.0,9.0,2
10432,-11.0,-259.0,-39.0,90.0,670.0,-47.0,-73.0,-1017.0,-52.0,2
10433,-15.0,-261.0,-46.0,27.0,687.0,-68.0,-99.0,-1027.0,-98.0,2
10434,-26.0,-263.0,-50.0,-44.0,699.0,-78.0,-126.0,-1039.0,-132.0,2
10435,-32.0,-274.0,-58.0,-97.0,705.0,-86.0,-160.0,-1068.0,-171.0,2
10436,-40.0,-282.0,-61.0,-140.0,708.0,-78.0,-183.0,-1102.0,-177.0,2
10437,-49.0,-295.0,-52.0,-163.0,701.0,-70.0,-218.0,-1141.0,-151.0,2
10438,-60.0,-307.0,-50.0,-156.0,669.0,-55.0,-250.0,-1181.0,-135.0,2
10439,-61.0,-313.0,-52.0,-115.0,620.0,-43.0,-261.0,-1202.0,-128.0,2
10440,-61.0,-315.0,-49.0,-74.0,555.0,-29.0,-263.0,-1209.0,-130.0,2
10441,-59.0,-312.0,-56.0,-45.0,483.0,-21.0,-266.0,-1200.0,-142.0,2
10442,-59.0,-308.0,-58.0,-31.0,411.0,-5.0,-255.0,-1179.0,-176.0,2
10443,-52.0,-299.0,-67.0,-30.0,353.0,13.0,-238.0,-1161.0,-221.0,2
10444,-46.0,-295.0,-79.0,-42.0,307.0,36.0,-218.0,-1151.0,-251.0,2
10445,-47.0,-295.0,-85.0,-60.0,271.0,57.0,-214.0,-1149.0,-267.0,2
10446,-46.0,-302.0,-86.0,-73.0,227.0,85.0,-196.0,-1162.0,-276.0,2
10447,-46.0,-307.0,-84.0,-81.0,174.0,108.0,-204.0,-1177.0,-273.0,2
10448,-50.0,-315.0,-87.0,-71.0,116.0,146.0,-219.0,-1196.0,-269.0,2
10449,-53.0,-319.0,-85.0,-33.0,38.0,174.0,-231.0,-1220.0,-258.0,2
10450,-52.0,-322.0,-77.0,15.0,-37.0,206.0,-225.0,-1238.0,-228.0,2
10451,-48.0,-322.0,-71.0,86.0,-109.0,235.0,-212.0,-1232.0,-209.0,2
10452,-39.0,-316.0,-68.0,159.0,-173.0,265.0,-176.0,-1215.0,-199.0,2
10453,-28.0,-309.0,-68.0,223.0,-220.0,267.0,-135.0,-1192.0,-184.0,2
10454,-16.0,-303.0,-66.0,272.0,-249.0,254.0,-107.0,-1151.0,-185.0,2
10455,-12.0,-285.0,-62.0,303.0,-269.0,226.0,-81.0,-1108.0,-183.0,2
10456,-4.0,-270.0,-65.0,321.0,-283.0,191.0,-57.0,-1053.0,-191.0,2
10457,-5.0,-259.0,-70.0,330.0,-287.0,141.0,-47.0,-991.0,-217.0,2
10458,-6.0,-241.0,-80.0,322.0,-284.0,96.0,-43.0,-926.0,-255.0,2
10459,-8.0,-227.0,-89.0,289.0,-256.0,48.0,-56.0,-884.0,-271.0,2
10460,-9.0,-212.0,-89.0,226.0,-222.0,27.0,-58.0,-845.0,-283.0,2
10461,-3.0,-209.0,-92.0,165.0,-178.0,9.0,-41.0,-823.0,-281.0,2
10462,5.0,-203.0,-94.0,112.0,-128.0,-4.0,-16.0,-815.0,-294.0,2
10463,14.0,-210.0,-93.0,67.0,-75.0,-21.0,8.0,-817.0,-292.0,2
10464,18.0,-212.0,-94.0,39.0,-24.0,-38.0,26.0,-838.0,-293.0,2
10465,18.0,-214.0,-93.0,22.0,22.0,-57.0,41.0,-849.0,-294.0,2
10466,22.0,-220.0,-91.0,15.0,56.0,-70.0,52.0,-870.0,-292.0,2
10467,21.0,-222.0,-93.0,13.0,87.0,-86.0,61.0,-877.0,-297.0,2
10468,22.0,-229.0,-98.0,19.0,112.0,-99.0,62.0,-896.0,-312.0,2
10469,27.0,-229.0,-107.0,29.0,130.0,-111.0,71.0,-897.0,-339.0,2
10470,31.0,-227.0,-110.0,30.0,158.0,-111.0,98.0,-887.0,-368.0,2
10471,38.0,-225.0,-111.0,23.0,193.0,-109.0,112.0,-878.0,-388.0,2
10472,39.0,-220.0,-114.0,16.0,222.0,-101.0,122.0,-866.0,-388.0,2
10473,36.0,-216.0,-112.0,5.0,232.0,-88.0,120.0,-851.0,-388.0,2
10474,37.0,-212.0,-115.0,-19.0,225.0,-68.0,120.0,-836.0,-404.0,2
10475,38.0,-206.0,-119.0,-57.0,208.0,-48.0,117.0,-820.0,-411.0,2
10476,39.0,-202.0,-121.0,-101.0,196.0,-20.0,119.0,-801.0,-412.0,2
10477,35.0,-198.0,-122.0,-132.0,192.0,2.0,106.0,-782.0,-418.0,2
10478,30.0,-201.0,-119.0,-153.0,196.0,28.0,96.0,-787.0,-410.0,2
10479,30.0,-200.0,-118.0,-162.0,201.0,49.0,91.0,-788.0,-408.0,2
10480,33.0,-200.0,-120.0,-165.0,195.0,72.0,92.0,-793.0,-408.0,2
10481,32.0,-201.0,-117.0,-180.0,185.0,82.0,94.0,-795.0,-407.0,2
10482,33.0,-201.0,-108.0,-191.0,177.0,91.0,95.0,-793.0,-375.0,2
10483,29.0,-205.0,-112.0,-189.0,157.0,88.0,85.0,-817.0,-392.0,2
10484,31.0,-209.0,-120.0,-195.0,152.0,82.0,93.0,-823.0,-401.0,2
10485,33.0,-217.0,-122.0,-212.0,171.0,68.0,100.0,-846.0,-412.0,2
10486,34.0,-230.0,-117.0,-233.0,208.0,47.0,88.0,-884.0,-403.0,2
10487,24.0,-244.0,-110.0,-257.0,239.0,11.0,70.0,-932.0,-373.0,2
10488,19.0,-255.0,-101.0,-273.0,256.0,-23.0,49.0,-975.0,-344.0,2
10489,21.0,-259.0,-101.0,-281.0,263.0,-58.0,49.0,-1013.0,-327.0,2
10490,20.0,-263.0,-90.0,-280.0,269.0,-87.0,40.0,-1026.0,-282.0,2
10491,11.0,-267.0,-85.0,-249.0,272.0,-116.0,20.0,-1045.0,-275.0,2
10492,5.0,-274.0,-86.0,-192.0,265.0,-128.0,1.0,-1057.0,-272.0,2
10493,10.0,-277.0,-89.0,-138.0,238.0,-137.0,7.0,-1067.0,-274.0,2
10494,4.0,-276.0,-90.0,-86.0,205.0,-146.0,-3.0,-1068.0,-279.0,2
10495,0.0,-274.0,-91.0,-49.0,166.0,-154.0,-17.0,-1070.0,-282.0,2
10496,-2.0,-273.0,-84.0,-23.0,127.0,-161.0,-33.0,-1068.0,-263.0,2
10497,-6.0,-272.0,-82.0,-2.0,87.0,-171.0,-46.0,-1057.0,-255.0,2
10498,-7.0,-267.0,-82.0,13.0,45.0,-182.0,-50.0,-1050.0,-252.0,2
10499,-11.0,-265.0,-80.0,22.0,7.0,-193.0,-60.0,-1040.0,-256.0,2
10500,-11.0,-263.0,-77.0,24.0,-26.0,-200.0,-66.0,-1031.0,-252.0,2
10501,-11.0,-262.0,-77.0,26.0,-60.0,-215.0,-69.0,-1019.0,-243.0,2
10502,-11.0,-259.0,-76.0,31.0,-104.0,-228.0,-63.0,-1006.0,-237.0,2
10503,-9.0,-254.0,-76.0,43.0,-142.0,-242.0,-69.0,-976.0,-225.0,2
10504,-9.0,-248.0,-71.0,64.0,-173.0,-245.0,-61.0,-955.0,-219.0,2
10505,-9.0,-244.0,-74.0,81.0,-190.0,-249.0,-55.0,-935.0,-222.0,2
10506,-3.0,-239.0,-68.0,91.0,-202.0,-249.0,-32.0,-923.0,-213.0,2
10507,1.0,-234.0,-71.0,91.0,-213.0,-259.0,-18.0,-908.0,-202.0,2
10508,6.0,-230.0,-68.0,88.0,-226.0,-268.0,-2.0,-896.0,-202.0,2
10509,8.0,-226.0,-64.0,80.0,-232.0,-278.0,3.0,-885.0,-196.0,2
10510,16.0,-223.0,-67.0,72.0,-234.0,-288.0,22.0,-875.0,-205.0,2
10511,17.0,-221.0,-69.0,57.0,-233.0,-299.0,40.0,-871.0,-212.0,2
10512,27.0,-222.0,-67.0,37.0,-227.0,-313.0,61.0,-861.0,-213.0,2
10513,25.0,-219.0,-72.0,11.0,-221.0,-322.0,72.0,-862.0,-212.0,2
10514,30.0,-220.0,-71.0,-8.0,-213.0,-325.0,79.0,-857.0,-212.0,2
10515,29.0,-220.0,-71.0,-25.0,-205.0,-327.0,88.0,-863.0,-209.0,2
10516,35.0,-225.0,-69.0,-35.0,-197.0,-325.0,98.0,-866.0,-207.0,2
10517,33.0,-223.0,-64.0,-43.0,-193.0,-325.0,96.0,-877.0,-198.0,2
10518,34.0,-225.0,-71.0,-56.0,-191.0,-320.0,98.0,-877.0,-205.0,2
10519,32.0,-225.0,-66.0,-73.0,-191.0,-311.0,96.0,-875.0,-202.0,2
10520,35.0,-226.0,-61.0,-86.0,-189.0,-302.0,110.0,-883.0,-194.0,2
10521,35.0,-225.0,-67.0,-104.0,-184.0,-296.0,109.0,-887.0,-194.0,2
10522,35.0,-227.0,-67.0,-126.0,-177.0,-291.0,101.0,-890.0,-190.0,2
10523,32.0,-229.0,-65.0,-156.0,-166.0,-289.0,97.0,-899.0,-188.0,2
10524,26.0,-234.0,-62.0,-180.0,-165.0,-280.0,79.0,-905.0,-178.0,2
10525,25.0,-237.0,-58.0,-191.0,-168.0,-267.0,67.0,-915.0,-166.0,2
10526,26.0,-243.0,-59.0,-186.0,-172.0,-255.0,70.0,-929.0,-168.0,2
10527,28.0,-244.0,-61.0,-175.0,-171.0,-250.0,80.0,-937.0,-165.0,2
10528,25.0,-246.0,-56.0,-161.0,-166.0,-242.0,68.0,-937.0,-157.0,2
10529,23.0,-245.0,-60.0,-146.0,-158.0,-237.0,59.0,-940.0,-163.0,2
10530,22.0,-245.0,-64.0,-134.0,-149.0,-227.0,59.0,-944.0,-172.0,2
10531,21.0,-243.0,-63.0,-125.0,-139.0,-215.0,55.0,-939.0,-178.0,2
10532,23.0,-239.0,-67.0,-118.0,-126.0,-203.0,53.0,-926.0,-185.0,2
10533,21.0,-239.0,-65.0,-108.0,-106.0,-195.0,51.0,-919.0,-199.0,2
10534,23.0,-236.0,-62.0,-104.0,-88.0,-187.0,54.0,-912.0,-195.0,2
10535,19.0,-235.0,-62.0,-109.0,-78.0,-182.0,55.0,-911.0,-185.0,2
10536,21.0,-235.0,-62.0,-113.0,-72.0,-174.0,52.0,-909.0,-172.0,2
10537,18.0,-233.0,-61.0,-111.0,-74.0,-169.0,54.0,-904.0,-155.0,2
10538,24.0,-232.0,-56.0,-103.0,-81.0,-161.0,68.0,-907.0,-136.0,2
10539,29.0,-236.0,-50.0,-94.0,-91.0,-163.0,80.0,-908.0,-140.0,2
10540,27.0,-234.0,-51.0,-88.0,-94.0,-165.0,79.0,-906.0,-135.0,2
10541,28.0,-231.0,-53.0,-83.0,-89.0,-163.0,81.0,-902.0,-131.0,2
10542,33.0,-230.0,-54.0,-75.0,-88.0,-157.0,97.0,-901.0,-139.0,2
10543,33.0,-231.0,-58.0,-66.0,-86.0,-147.0,105.0,-896.0,-157.0,2
10544,34.0,-231.0,-64.0,-67.0,-85.0,-136.0,97.0,-891.0,-169.0,2
10545,32.0,-228.0,-57.0,-78.0,-81.0,-124.0,98.0,-894.0,-171.0,2
10546,34.0,-230.0,-61.0,-87.0,-76.0,-110.0,99.0,-895.0,-170.0,2
10547,30.0,-231.0,-58.0,-91.0,-73.0,-101.0,99.0,-905.0,-169.0,2
10548,32.0,-235.0,-60.0,-88.0,-72.0,-90.0,85.0,-906.0,-175.0,2
10549,27.0,-240.0,-62.0,-86.0,-76.0,-80.0,74.0,-911.0,-168.0,2
10550,27.0,-240.0,-56.0,-86.0,-77.0,-64.0,73.0,-916.0,-160.0,2
10551,26.0,-243.0,-54.0,-90.0,-77.0,-50.0,63.0,-924.0,-149.0,2
10552,23.0,-243.0,-51.0,-95.0,-79.0,-33.0,62.0,-928.0,-134.0,2
10553,22.0,-243.0,-49.0,-98.0,-82.0,-17.0,58.0,-945.0,-119.0,2
10554,21.0,-244.0,-42.0,-97.0,-87.0,-4.0,59.0,-942.0,-102.0,2
10555,20.0,-246.0,-41.0,-93.0,-87.0,1.0,53.0,-950.0,-91.0,2
10556,21.0,-247.0,-40.0,-88.0,-87.0,7.0,46.0,-957.0,-85.0,2
10557,21.0,-248.0,-40.0,-85.0,-86.0,11.0,42.0,-964.0,-84.0,2
10558,19.0,-250.0,-34.0,-80.0,-88.0,14.0,43.0,-962.0,-71.0,2
10559,19.0,-249.0,-34.0,-73.0,-94.0,9.0,42.0,-969.0,-66.0,2
10560,18.0,-249.0,-38.0,-63.0,-103.0,2.0,39.0,-959.0,-69.0,2
10561,16.0,-246.0,-38.0,-58.0,-116.0,-3.0,34.0,-957.0,-66.0,2
10562,15.0,-246.0,-37.0,-58.0,-130.0,-12.0,34.0,-951.0,-70.0,2
10563,16.0,-241.0,-41.0,-59.0,-142.0,-17.0,29.0,-946.0,-77.0,2
10564,18.0,-243.0,-42.0,-63.0,-152.0,-19.0,39.0,-944.0,-92.0,2
10565,20.0,-245.0,-48.0,-71.0,-154.0,-18.0,46.0,-935.0,-99.0,2
10566,21.0,-241.0,-52.0,-79.0,-148.0,-17.0,52.0,-934.0,-122.0,2
10567,23.0,-241.0,-52.0,-84.0,-138.0,-17.0,67.0,-937.0,-135.0,2
10568,30.0,-242.0,-55.0,-91.0,-130.0,-18.0,80.0,-940.0,-140.0,2
10569,29.0,-249.0,-52.0,-100.0,-128.0,-23.0,82.0,-948.0,-148.0,2
10570,25.0,-245.0,-51.0,-109.0,-131.0,-27.0,81.0,-954.0,-130.0,2
10571,25.0,-250.0,-48.0,-117.0,-141.0,-32.0,81.0,-959.0,-122.0,2
10572,25.0,-249.0,-50.0,-122.0,-153.0,-34.0,72.0,-967.0,-117.0,2
10573,23.0,-253.0,-45.0,-123.0,-166.0,-36.0,62.0,-974.0,-106.0,2
10574,18.0,-252.0,-43.0,-119.0,-183.0,-37.0,46.0,-967.0,-101.0,2
10575,18.0,-253.0,-48.0,-100.0,-196.0,-38.0,51.0,-974.0,-104.0,2
10576,19.0,-252.0,-48.0,-97.0,-207.0,-41.0,44.0,-967.0,-119.0,2
10577,16.0,-253.0,-46.0,-90.0,-219.0,-38.0,41.0,-969.0,-119.0,2
10578,17.0,-248.0,-54.0,-75.0,-225.0,-35.0,36.0,-963.0,-138.0,2
10579,19.0,-250.0,-61.0,-68.0,-231.0,-34.0,50.0,-963.0,-168.0,2
10580,21.0,-247.0,-60.0,-71.0,-234.0,-31.0,57.0,-963.0,-179.0,2
10581,27.0,-252.0,-68.0,-72.0,-236.0,-28.0,71.0,-963.0,-190.0,2
10582,31.0,-251.0,-65.0,-73.0,-237.0,-25.0,94.0,-966.0,-198.0,2
10583,42.0,-250.0,-66.0,-67.0,-231.0,-24.0,121.0,-973.0,-185.0,2
10584,46.0,-250.0,-59.0,-60.0,-222.0,-29.0,155.0,-974.0,-173.0,2
10585,52.0,-254.0,-57.0,-52.0,-218.0,-34.0,172.0,-986.0,-155.0,2
10586,53.0,-256.0,-53.0,-47.0,-220.0,-43.0,184.0,-996.0,-146.0,2
10587,54.0,-258.0,-48.0,-47.0,-224.0,-53.0,183.0,-1009.0,-128.0,2
10588,54.0,-262.0,-42.0,-54.0,-231.0,-56.0,172.0,-1013.0,-104.0,2
10589,44.0,-260.0,-35.0,-50.0,-232.0,-63.0,135.0,-1010.0,-70.0,2
10590,38.0,-265.0,-32.0,-31.0,-229.0,-64.0,123.0,-1038.0,-70.0,2
10591,28.0,-268.0,-31.0,-24.0,-239.0,-63.0,97.0,-1050.0,-54.0,2
10592,23.0,-269.0,-21.0,-11.0,-252.0,-67.0,63.0,-1047.0,-19.0,2
10593,13.0,-274.0,-26.0,27.0,-266.0,-72.0,21.0,-1053.0,-28.0,2
10594,7.0,-272.0,-26.0,54.0,-288.0,-78.0,-7.0,-1067.0,-35.0,2
10595,-5.0,-275.0,-23.0,65.0,-313.0,-82.0,-40.0,-1069.0,-31.0,2
10596,-7.0,-276.0,-26.0,68.0,-348.0,-78.0,-50.0,-1069.0,-31.0,2
10597,-6.0,-276.0,-31.0,61.0,-382.0,-76.0,-44.0,-1073.0,-42.0,2
10598,0.0,-271.0,-31.0,47.0,-412.0,-76.0,-22.0,-1060.0,-42.0,2
10599,5.0,-272.0,-29.0,36.0,-431.0,-79.0,0.0,-1050.0,-41.0,2
10600,13.0,-266.0,-33.0,24.0,-445.0,-82.0,24.0,-1040.0,-65.0,2
10601,17.0,-262.0,-43.0,-5.0,-468.0,-87.0,40.0,-1025.0,-88.0,2
10602,24.0,-264.0,-41.0,-33.0,-490.0,-94.0,69.0,-1025.0,-94.0,2
10603,28.0,-266.0,-47.0,-47.0,-509.0,-104.0,97.0,-1050.0,-116.0,2
10604,39.0,-275.0,-49.0,-58.0,-526.0,-109.0,120.0,-1074.0,-112.0,2
10605,50.0,-287.0,-48.0,-56.0,-541.0,-107.0,156.0,-1107.0,-111.0,2
10606,67.0,-294.0,-44.0,-38.0,-546.0,-109.0,201.0,-1133.0,-92.0,2
10607,79.0,-300.0,-40.0,10.0,-517.0,-112.0,248.0,-1156.0,-83.0,2
10608,85.0,-301.0,-45.0,53.0,-471.0,-114.0,289.0,-1165.0,-83.0,2
10609,94.0,-299.0,-46.0,86.0,-416.0,-116.0,314.0,-1171.0,-104.0,2
10610,95.0,-299.0,-53.0,103.0,-354.0,-115.0,319.0,-1162.0,-134.0,2
10611,94.0,-292.0,-64.0,101.0,-295.0,-110.0,311.0,-1147.0,-173.0,2
10612,88.0,-288.0,-77.0,83.0,-242.0,-102.0,296.0,-1133.0,-217.0,2
10613,80.0,-285.0,-76.0,58.0,-194.0,-89.0,269.0,-1110.0,-243.0,2
10614,71.0,-281.0,-80.0,36.0,-150.0,-76.0,248.0,-1105.0,-260.0,2
10615,68.0,-278.0,-85.0,19.0,-111.0,-60.0,227.0,-1100.0,-262.0,2
10616,65.0,-279.0,-85.0,13.0,-78.0,-46.0,217.0,-1091.0,-273.0,2
10617,66.0,-277.0,-93.0,12.0,-40.0,-30.0,219.0,-1090.0,-283.0,2
10618,72.0,-276.0,-96.0,8.0,-3.0,-22.0,244.0,-1091.0,-322.0,2
10619,79.0,-277.0,-112.0,-7.0,48.0,-21.0,255.0,-1100.0,-371.0,2
10620,83.0,-286.0,-124.0,-32.0,106.0,-26.0,279.0,-1112.0,-418.0,2
10621,81.0,-294.0,-129.0,-50.0,170.0,-34.0,279.0,-1139.0,-448.0,2
10622,77.0,-303.0,-125.0,-52.0,225.0,-45.0,277.0,-1172.0,-431.0,2
10623,65.0,-310.0,-110.0,-31.0,271.0,-54.0,221.0,-1197.0,-379.0,2
10624,54.0,-314.0,-98.0,8.0,313.0,-60.0,177.0,-1211.0,-305.0,2
10625,38.0,-312.0,-83.0,56.0,343.0,-62.0,112.0,-1203.0,-257.0,2
10626,23.0,-305.0,-79.0,98.0,357.0,-52.0,53.0,-1183.0,-233.0,2
10627,6.0,-299.0,-77.0,127.0,355.0,-29.0,1.0,-1157.0,-238.0,2
10628,-3.0,-289.0,-82.0,152.0,337.0,-6.0,-43.0,-1125.0,-264.0,2
10629,-12.0,-278.0,-87.0,179.0,311.0,19.0,-83.0,-1077.0,-281.0,2
10630,-21.0,-264.0,-95.0,224.0,278.0,47.0,-109.0,-1026.0,-317.0,2
10631,-27.0,-246.0,-106.0,276.0,241.0,72.0,-121.0,-956.0,-355.0,2
10632,-29.0,-229.0,-112.0,321.0,210.0,88.0,-136.0,-898.0,-388.0,2
10633,-29.0,-218.0,-123.0,347.0,179.0,99.0,-142.0,-847.0,-419.0,2
10634,-35.0,-201.0,-127.0,346.0,142.0,107.0,-146.0,-805.0,-443.0,2
10635,-36.0,-190.0,-129.0,324.0,103.0,117.0,-155.0,-753.0,-452.0,2
10636,-36.0,-184.0,-130.0,288.0,65.0,124.0,-154.0,-716.0,-461.0,2
10637,-30.0,-178.0,-130.0,250.0,36.0,129.0,-139.0,-701.0,-461.0,2
10638,-29.0,-178.0,-132.0,212.0,9.0,126.0,-133.0,-699.0,-452.0,2
10639,-25.0,-180.0,-127.0,165.0,-11.0,120.0,-121.0,-698.0,-449.0,2
10640,-25.0,-180.0,-128.0,117.0,-41.0,103.0,-121.0,-705.0,-444.0,2
10641,-25.0,-180.0,-124.0,63.0,-79.0,87.0,-123.0,-710.0,-433.0,2
10642,-24.0,-182.0,-121.0,17.0,-111.0,66.0,-110.0,-714.0,-400.0,2
10643,-12.0,-176.0,-107.0,7.0,-119.0,27.0,-93.0,-677.0,-349.0,2
10644,-16.0,-176.0,-117.0,24.0,-104.0,-15.0,-85.0,-697.0,-385.0,2
10645,-27.0,-190.0,-121.0,-1.0,-113.0,-26.0,-124.0,-737.0,-412.0,2
10646,-21.0,-204.0,-127.0,-71.0,-116.0,-16.0,-117.0,-807.0,-438.0,2
10647,-16.0,-225.0,-121.0,-161.0,-100.0,17.0,-106.0,-877.0,-420.0,2
10648,-10.0,-240.0,-113.0,-218.0,-86.0,48.0,-60.0,-915.0,-346.0,2
10649,4.0,-255.0,-88.0,-199.0,-78.0,61.0,-16.0,-977.0,-284.0,2
10650,7.0,-256.0,-87.0,-139.0,-84.0,56.0,-2.0,-971.0,-274.0,2
10651,2.0,-252.0,-86.0,-80.0,-98.0,52.0,-20.0,-971.0,-279.0,2
10652,-3.0,-247.0,-91.0,-40.0,-101.0,51.0,-37.0,-954.0,-287.0,2
10653,-8.0,-243.0,-90.0,-20.0,-94.0,57.0,-57.0,-946.0,-296.0,2
10654,-10.0,-241.0,-90.0,-29.0,-88.0,72.0,-77.0,-952.0,-291.0,2
10655,-11.0,-245.0,-91.0,-55.0,-75.0,94.0,-74.0,-952.0,-293.0,2
10656,-9.0,-248.0,-81.0,-91.0,-56.0,121.0,-72.0,-960.0,-271.0,2
10657,-8.0,-251.0,-78.0,-111.0,-40.0,150.0,-65.0,-975.0,-254.0,2
10658,-8.0,-257.0,-79.0,-110.0,-24.0,177.0,-60.0,-1003.0,-250.0,2
10659,-6.0,-259.0,-82.0,-97.0,-7.0,211.0,-47.0,-1009.0,-256.0,2
10660,0.0,-266.0,-85.0,-68.0,7.0,236.0,-30.0,-1034.0,-274.0,2
10661,4.0,-267.0,-87.0,-44.0,13.0,259.0,-20.0,-1040.0,-280.0,2
10662,10.0,-268.0,-90.0,-11.0,24.0,276.0,1.0,-1047.0,-292.0,2
10663,15.0,-264.0,-90.0,27.0,42.0,285.0,30.0,-1041.0,-291.0,2
10664,17.0,-263.0,-91.0,70.0,63.0,278.0,41.0,-1022.0,-294.0,2
10665,22.0,-258.0,-90.0,110.0,89.0,270.0,44.0,-1003.0,-302.0,2
10666,18.0,-251.0,-96.0,132.0,118.0,263.0,43.0,-976.0,-295.0,2
10667,20.0,-245.0,-92.0,142.0,136.0,265.0,51.0,-958.0,-295.0,2
10668,19.0,-242.0,-89.0,141.0,153.0,263.0,55.0,-943.0,-280.0,2
10669,21.0,-242.0,-85.0,149.0,174.0,266.0,47.0,-944.0,-266.0,2
10670,19.0,-244.0,-77.0,159.0,214.0,266.0,49.0,-943.0,-241.0,2
10671,13.0,-238.0,-72.0,167.0,233.0,269.0,37.0,-927.0,-219.0,2
10672,11.0,-236.0,-72.0,172.0,240.0,264.0,15.0,-921.0,-214.0,2
10673,7.0,-233.0,-65.0,173.0,243.0,262.0,12.0,-907.0,-201.0,2
10674,11.0,-234.0,-65.0,174.0,246.0,256.0,7.0,-902.0,-188.0,2
10675,4.0,-231.0,-60.0,175.0,255.0,251.0,-5.0,-907.0,-184.0,2
10676,0.0,-232.0,-63.0,181.0,268.0,247.0,-36.0,-904.0,-193.0,2
10677,-3.0,-231.0,-65.0,181.0,282.0,251.0,-46.0,-902.0,-192.0,2
10678,-12.0,-230.0,-64.0,179.0,289.0,249.0,-76.0,-890.0,-184.0,2
10679,-17.0,-229.0,-65.0,176.0,291.0,254.0,-97.0,-877.0,-185.0,2
10680,-20.0,-224.0,-64.0,172.0,293.0,255.0,-107.0,-871.0,-185.0,2
10681,-24.0,-224.0,-61.0,164.0,287.0,257.0,-120.0,-876.0,-192.0,2
10682,-26.0,-221.0,-67.0,144.0,284.0,257.0,-137.0,-865.0,-196.0,2
10683,-26.0,-224.0,-63.0,123.0,284.0,261.0,-130.0,-859.0,-187.0,2
10684,-27.0,-222.0,-64.0,112.0,279.0,263.0,-132.0,-857.0,-178.0,2
10685,-21.0,-223.0,-62.0,111.0,267.0,264.0,-131.0,-861.0,-186.0,2
10686,-26.0,-221.0,-72.0,101.0,256.0,257.0,-124.0,-865.0,-206.0,2
10687,-23.0,-224.0,-65.0,79.0,241.0,250.0,-117.0,-864.0,-204.0,2
10688,-24.0,-222.0,-65.0,51.0,228.0,242.0,-116.0,-869.0,-199.0,2
10689,-15.0,-227.0,-67.0,25.0,219.0,236.0,-100.0,-880.0,-190.0,2
10690,-14.0,-232.0,-63.0,5.0,213.0,226.0,-88.0,-891.0,-194.0,2
10691,-11.0,-234.0,-62.0,-15.0,206.0,217.0,-75.0,-899.0,-184.0,2
10692,-11.0,-233.0,-66.0,-26.0,203.0,208.0,-68.0,-905.0,-181.0,2
10693,-6.0,-235.0,-63.0,-31.0,206.0,199.0,-52.0,-909.0,-185.0,2
10694,-5.0,-237.0,-63.0,-41.0,208.0,186.0,-40.0,-913.0,-185.0,2
10695,-1.0,-238.0,-65.0,-56.0,207.0,176.0,-28.0,-911.0,-182.0,2
10696,-1.0,-237.0,-59.0,-66.0,208.0,164.0,-33.0,-922.0,-180.0,2
10697,-1.0,-242.0,-62.0,-69.0,210.0,154.0,-28.0,-925.0,-168.0,2
10698,0.0,-237.0,-58.0,-66.0,214.0,140.0,-32.0,-925.0,-155.0,2
10699,-1.0,-238.0,-59.0,-55.0,218.0,128.0,-34.0,-921.0,-155.0,2
10700,-3.0,-234.0,-53.0,-46.0,221.0,113.0,-31.0,-912.0,-150.0,2
10701,-2.0,-237.0,-56.0,-41.0,226.0,100.0,-39.0,-911.0,-154.0,2
10702,-4.0,-234.0,-58.0,-44.0,231.0,88.0,-44.0,-908.0,-161.0,2
10703,-7.0,-236.0,-58.0,-55.0,234.0,82.0,-38.0,-912.0,-161.0,2
10704,-6.0,-235.0,-57.0,-67.0,236.0,70.0,-42.0,-912.0,-154.0,2
10705,-8.0,-237.0,-56.0,-73.0,232.0,61.0,-45.0,-912.0,-153.0,2
10706,-7.0,-235.0,-57.0,-72.0,228.0,49.0,-48.0,-918.0,-152.0,2
10707,-9.0,-239.0,-54.0,-63.0,228.0,44.0,-51.0,-917.0,-147.0,2
10708,-6.0,-239.0,-60.0,-53.0,235.0,36.0,-54.0,-917.0,-159.0,2
10709,-11.0,-238.0,-62.0,-52.0,245.0,32.0,-62.0,-927.0,-167.0,2
10710,-10.0,-240.0,-60.0,-57.0,254.0,25.0,-72.0,-926.0,-173.0,2
10711,-11.0,-241.0,-59.0,-62.0,263.0,21.0,-72.0,-929.0,-166.0,2
10712,-12.0,-241.0,-57.0,-66.0,268.0,15.0,-74.0,-935.0,-163.0,2
10713,-12.0,-244.0,-56.0,-72.0,269.0,11.0,-80.0,-936.0,-150.0,2
10714,-15.0,-247.0,-53.0,-70.0,266.0,7.0,-91.0,-944.0,-143.0,2
10715,-12.0,-248.0,-52.0,-61.0,260.0,9.0,-86.0,-949.0,-127.0,2
10716,-13.0,-247.0,-47.0,-51.0,251.0,7.0,-87.0,-951.0,-122.0,2
10717,-12.0,-246.0,-49.0,-44.0,244.0,10.0,-88.0,-955.0,-119.0,2
10718,-13.0,-248.0,-46.0,-42.0,237.0,10.0,-80.0,-954.0,-122.0,2
10719,-11.0,-249.0,-46.0,-43.0,230.0,9.0,-79.0,-959.0,-122.0,2
10720,-12.0,-250.0,-52.0,-45.0,223.0,5.0,-79.0,-960.0,-127.0,2
10721,-9.0,-266.0,-56.0,-48.0,216.0,5.0,-82.0,-968.0,-126.0,2
10722,-12.0,-251.0,-54.0,-49.0,211.0,2.0,-78.0,-970.0,-131.0,2
10723,-12.0,-254.0,-49.0,-46.0,209.0,1.0,-87.0,-968.0,-130.0,2
10724,-13.0,-247.0,-54.0,-40.0,203.0,-1.0,-86.0,-964.0,-131.0,2
10725,-12.0,-246.0,-53.0,-36.0,191.0,-1.0,-78.0,-953.0,-133.0,2
10726,-12.0,-246.0,-55.0,-37.0,180.0,-3.0,-79.0,-954.0,-146.0,2
10727,-12.0,-247.0,-55.0,-48.0,174.0,-1.0,-76.0,-953.0,-150.0,2
10728,-12.0,-247.0,-57.0,-58.0,171.0,-1.0,-82.0,-952.0,-152.0,2
10729,-17.0,-246.0,-56.0,-68.0,172.0,4.0,-78.0,-954.0,-143.0,2
10730,-11.0,-249.0,-53.0,-75.0,180.0,7.0,-76.0,-954.0,-141.0,2
10731,-9.0,-252.0,-52.0,-73.0,190.0,14.0,-66.0,-956.0,-134.0,2
10732,-9.0,-251.0,-50.0,-64.0,205.0,15.0,-63.0,-961.0,-133.0,2
10733,-8.0,-249.0,-53.0,-47.0,222.0,17.0,-56.0,-960.0,-128.0,2
10734,-6.0,-246.0,-52.0,-33.0,236.0,18.0,-51.0,-954.0,-137.0,2
10735,-2.0,-242.0,-54.0,-29.0,250.0,17.0,-39.0,-947.0,-137.0,2
10736,3.0,-247.0,-52.0,-29.0,266.0,9.0,-23.0,-945.0,-135.0,2
10737,0.0,-247.0,-48.0,-33.0,274.0,2.0,-22.0,-948.0,-134.0,2
10738,-4.0,-244.0,-50.0,-40.0,276.0,-7.0,-19.0,-947.0,-132.0,2
10739,3.0,-244.0,-52.0,-48.0,275.0,-16.0,-23.0,-949.0,-130.0,2
10740,-2.0,-245.0,-50.0,-51.0,272.0,-30.0,-16.0,-952.0,-125.0,2
10741,0.0,-249.0,-47.0,-50.0,267.0,-39.0,-24.0,-958.0,-124.0,2
10742,-2.0,-249.0,-51.0,-43.0,261.0,-57.0,-30.0,-961.0,-124.0,2
10743,-6.0,-251.0,-49.0,-37.0,253.0,-72.0,-45.0,-963.0,-120.0,2
10744,-11.0,-251.0,-54.0,-28.0,248.0,-86.0,-63.0,-964.0,-122.0,2
10745,-12.0,-250.0,-46.0,-16.0,248.0,-97.0,-87.0,-963.0,-117.0,2
10746,-12.0,-251.0,-47.0,0.0,255.0,-107.0,-95.0,-952.0,-123.0,2
10747,-15.0,-247.0,-50.0,8.0,263.0,-105.0,-96.0,-958.0,-129.0,2
10748,-12.0,-247.0,-50.0,3.0,276.0,-107.0,-89.0,-951.0,-123.0,2
10749,-12.0,-246.0,-52.0,-8.0,287.0,-102.0,-79.0,-943.0,-129.0,2
10750,-7.0,-247.0,-49.0,-21.0,299.0,-100.0,-57.0,-951.0,-120.0,2
10751,-3.0,-245.0,-45.0,-33.0,310.0,-98.0,-43.0,-943.0,-106.0,2
10752,-3.0,-243.0,-41.0,-37.0,317.0,-104.0,-38.0,-932.0,-82.0,2
10753,1.0,-248.0,-40.0,-39.0,319.0,-101.0,-22.0,-948.0,-91.0,2
10754,6.0,-249.0,-41.0,-69.0,316.0,-114.0,-10.0,-957.0,-83.0,2
10755,5.0,-251.0,-36.0,-96.0,320.0,-114.0,-17.0,-968.0,-65.0,2
10756,-1.0,-251.0,-34.0,-116.0,322.0,-114.0,-27.0,-973.0,-54.0,2
10757,-8.0,-259.0,-30.0,-124.0,320.0,-105.0,-47.0,-990.0,-51.0,2
10758,-9.0,-257.0,-32.0,-120.0,325.0,-98.0,-62.0,-1005.0,-46.0,2
10759,-11.0,-257.0,-30.0,-106.0,330.0,-81.0,-73.0,-1007.0,-47.0,2
10760,-12.0,-260.0,-33.0,-85.0,336.0,-63.0,-69.0,-1011.0,-50.0,2
10761,-9.0,-260.0,-33.0,-70.0,343.0,-43.0,-68.0,-1014.0,-50.0,2
10762,-9.0,-261.0,-31.0,-60.0,352.0,-32.0,-65.0,-1015.0,-46.0,2
10763,-11.0,-260.0,-27.0,-57.0,360.0,-14.0,-63.0,-1016.0,-38.0,2
10764,-6.0,-263.0,-21.0,-62.0,363.0,-4.0,-52.0,-1025.0,-23.0,2
10765,-6.0,-266.0,-20.0,-58.0,369.0,-1.0,-54.0,-1032.0,-11.0,2
10766,-10.0,-266.0,-15.0,-45.0,374.0,-2.0,-58.0,-1040.0,2.0,2
10767,-5.0,-270.0,-15.0,-21.0,380.0,0.0,-50.0,-1047.0,19.0,2
10768,-2.0,-272.0,-18.0,4.0,387.0,-5.0,-39.0,-1054.0,8.0,2
10769,4.0,-277.0,-13.0,26.0,393.0,-7.0,-17.0,-1070.0,7.0,2
10770,9.0,-276.0,-12.0,45.0,406.0,-15.0,4.0,-1074.0,19.0,2
10771,11.0,-277.0,-10.0,64.0,425.0,-17.0,11.0,-1077.0,31.0,2
10772,11.0,-275.0,-10.0,84.0,450.0,-26.0,17.0,-1079.0,33.0,2
10773,13.0,-278.0,-12.0,105.0,474.0,-34.0,19.0,-1072.0,39.0,2
10774,13.0,-273.0,-8.0,131.0,502.0,-45.0,18.0,-1050.0,39.0,2
10775,10.0,-265.0,-15.0,151.0,520.0,-51.0,3.0,-1036.0,25.0,2
10776,1.0,-261.0,-24.0,157.0,533.0,-60.0,-18.0,-1013.0,-14.0,2
10777,-7.0,-255.0,-33.0,145.0,545.0,-60.0,-47.0,-995.0,-59.0,2
10778,-11.0,-253.0,-51.0,106.0,554.0,-65.0,-76.0,-972.0,-111.0,2
10779,-23.0,-254.0,-53.0,49.0,559.0,-64.0,-111.0,-974.0,-136.0,2
10780,-31.0,-258.0,-56.0,-2.0,558.0,-69.0,-144.0,-1003.0,-145.0,2
10781,-39.0,-266.0,-55.0,-43.0,554.0,-67.0,-172.0,-1035.0,-143.0,2
10782,-45.0,-281.0,-51.0,-69.0,548.0,-68.0,-211.0,-1087.0,-136.0,2
10783,-47.0,-286.0,-50.0,-80.0,541.0,-56.0,-215.0,-1116.0,-121.0,2
10784,-49.0,-295.0,-48.0,-70.0,526.0,-40.0,-219.0,-1139.0,-114.0,2
10785,-47.0,-299.0,-49.0,-43.0,514.0,-20.0,-212.0,-1155.0,-122.0,2
10786,-40.0,-299.0,-52.0,-27.0,501.0,-4.0,-182.0,-1165.0,-130.0,2
10787,-35.0,-300.0,-58.0,-19.0,481.0,15.0,-163.0,-1169.0,-162.0,2
10788,-28.0,-304.0,-61.0,-24.0,452.0,29.0,-138.0,-1169.0,-183.0,2
10789,-23.0,-305.0,-65.0,-33.0,416.0,43.0,-120.0,-1169.0,-201.0,2
10790,-21.0,-301.0,-72.0,-34.0,378.0,50.0,-118.0,-1163.0,-215.0,2
10791,-25.0,-304.0,-79.0,-29.0,346.0,62.0,-117.0,-1175.0,-247.0,2
10792,-28.0,-305.0,-75.0,-26.0,311.0,72.0,-139.0,-1176.0,-239.0,2
10793,-38.0,-308.0,-78.0,-14.0,260.0,93.0,-160.0,-1190.0,-235.0,2
10794,-43.0,-312.0,-79.0,8.0,184.0,118.0,-186.0,-1202.0,-244.0,2
10795,-45.0,-313.0,-75.0,44.0,86.0,146.0,-207.0,-1198.0,-235.0,2
10796,-47.0,-305.0,-72.0,73.0,9.0,172.0,-199.0,-1178.0,-233.0,2
10797,-42.0,-302.0,-76.0,106.0,-62.0,196.0,-191.0,-1153.0,-229.0,2
10798,-39.0,-288.0,-71.0,135.0,-123.0,203.0,-187.0,-1123.0,-227.0,2
10799,-42.0,-280.0,-75.0,157.0,-176.0,207.0,-188.0,-1081.0,-241.0,2
10800,-41.0,-268.0,-78.0,168.0,-223.0,195.0,-193.0,-1035.0,-243.0,2
10801,-44.0,-253.0,-83.0,170.0,-261.0,181.0,-191.0,-986.0,-264.0,2
10802,-38.0,-242.0,-90.0,168.0,-295.0,162.0,-187.0,-930.0,-284.0,2
10803,-35.0,-227.0,-96.0,153.0,-314.0,147.0,-174.0,-901.0,-306.0,2
10804,-30.0,-222.0,-94.0,120.0,-315.0,127.0,-150.0,-879.0,-303.0,2
10805,-28.0,-218.0,-88.0,83.0,-298.0,116.0,-153.0,-855.0,-299.0,2
10806,-21.0,-216.0,-90.0,36.0,-268.0,114.0,-126.0,-847.0,-291.0,2
10807,-18.0,-214.0,-89.0,1.0,-234.0,109.0,-97.0,-843.0,-291.0,2
10808,-9.0,-220.0,-94.0,-20.0,-205.0,96.0,-65.0,-848.0,-304.0,2
10809,0.0,-225.0,-100.0,-25.0,-179.0,87.0,-30.0,-863.0,-321.0,2
10810,12.0,-228.0,-101.0,-25.0,-151.0,72.0,12.0,-892.0,-325.0,2
10811,21.0,-236.0,-103.0,-18.0,-126.0,59.0,51.0,-914.0,-342.0,2
10812,28.0,-242.0,-105.0,-11.0,-106.0,41.0,75.0,-945.0,-349.0,2
10813,32.0,-245.0,-103.0,-6.0,-90.0,27.0,101.0,-955.0,-346.0,2
10814,43.0,-250.0,-108.0,16.0,-81.0,14.0,126.0,-958.0,-352.0,2
10815,47.0,-252.0,-108.0,46.0,-73.0,0.0,154.0,-964.0,-376.0,2
10816,51.0,-243.0,-116.0,75.0,-66.0,-13.0,175.0,-956.0,-401.0,2
10817,52.0,-244.0,-122.0,89.0,-59.0,-20.0,177.0,-944.0,-424.0,2
10818,50.0,-234.0,-130.0,94.0,-50.0,-26.0,183.0,-921.0,-444.0,2
10819,50.0,-225.0,-130.0,86.0,-41.0,-23.0,170.0,-896.0,-445.0,2
10820,48.0,-217.0,-125.0,66.0,-34.0,-15.0,162.0,-876.0,-446.0,2
10821,43.0,-213.0,-127.0,34.0,-29.0,5.0,137.0,-848.0,-450.0,2
10822,40.0,-209.0,-127.0,-10.0,-23.0,21.0,114.0,-832.0,-442.0,2
10823,34.0,-205.0,-124.0,-54.0,-16.0,44.0,103.0,-816.0,-433.0,2
10824,29.0,-205.0,-123.0,-84.0,-10.0,60.0,80.0,-808.0,-418.0,2
10825,27.0,-205.0,-118.0,-102.0,3.0,80.0,83.0,-811.0,-417.0,2
10826,27.0,-204.0,-115.0,-114.0,33.0,96.0,84.0,-806.0,-395.0,2
10827,31.0,-207.0,-114.0,-122.0,72.0,110.0,93.0,-815.0,-379.0,2
10828,32.0,-205.0,-108.0,-122.0,110.0,111.0,103.0,-810.0,-359.0,2
10829,36.0,-207.0,-107.0,-104.0,130.0,104.0,114.0,-810.0,-338.0,2
10830,37.0,-207.0,-111.0,-78.0,137.0,80.0,113.0,-812.0,-355.0,2
10831,41.0,-206.0,-115.0,-73.0,148.0,54.0,123.0,-826.0,-395.0,2
10832,38.0,-216.0,-118.0,-89.0,169.0,22.0,122.0,-843.0,-388.0,2
10833,38.0,-223.0,-114.0,-117.0,191.0,-15.0,115.0,-873.0,-385.0,2
10834,28.0,-232.0,-110.0,-149.0,199.0,-59.0,88.0,-898.0,-373.0,2
10835,23.0,-237.0,-106.0,-169.0,198.0,-88.0,61.0,-927.0,-357.0,2
10836,15.0,-245.0,-98.0,-182.0,187.0,-119.0,40.0,-951.0,-328.0,2
10837,15.0,-251.0,-94.0,-188.0,171.0,-138.0,24.0,-973.0,-300.0,2
10838,8.0,-258.0,-89.0,-183.0,160.0,-160.0,1.0,-1001.0,-291.0,2
10839,2.0,-262.0,-84.0,-180.0,151.0,-163.0,-19.0,-1018.0,-259.0,2
10840,-1.0,-269.0,-75.0,-165.0,125.0,-174.0,-26.0,-1040.0,-230.0,2
10841,-3.0,-277.0,-75.0,-138.0,86.0,-185.0,-40.0,-1070.0,-230.0,2
10842,-10.0,-277.0,-77.0,-113.0,42.0,-203.0,-63.0,-1081.0,-250.0,2
10843,-12.0,-279.0,-74.0,-93.0,-1.0,-213.0,-72.0,-1082.0,-230.0,2
10844,-12.0,-279.0,-73.0,-63.0,-44.0,-228.0,-72.0,-1083.0,-224.0,2
10845,-14.0,-275.0,-76.0,-23.0,-89.0,-241.0,-84.0,-1072.0,-237.0,2
10846,-13.0,-275.0,-80.0,17.0,-132.0,-256.0,-94.0,-1063.0,-247.0,2
10847,-14.0,-269.0,-75.0,58.0,-179.0,-263.0,-85.0,-1045.0,-245.0,2
10848,-10.0,-262.0,-76.0,88.0,-215.0,-277.0,-74.0,-1014.0,-247.0,2
10849,-11.0,-254.0,-78.0,112.0,-245.0,-285.0,-71.0,-981.0,-256.0,2
10850,-9.0,-248.0,-82.0,119.0,-261.0,-295.0,-59.0,-964.0,-261.0,2
10851,-3.0,-242.0,-79.0,114.0,-264.0,-303.0,-37.0,-936.0,-255.0,2
10852,1.0,-234.0,-79.0,106.0,-264.0,-318.0,-19.0,-916.0,-236.0,2
10853,4.0,-231.0,-69.0,101.0,-264.0,-327.0,-4.0,-897.0,-209.0,2
10854,7.0,-227.0,-66.0,102.0,-276.0,-337.0,-5.0,-893.0,-197.0,2
10855,7.0,-226.0,-67.0,99.0,-291.0,-340.0,7.0,-886.0,-210.0,2
10856,12.0,-224.0,-70.0,85.0,-298.0,-348.0,21.0,-876.0,-205.0,2
10857,17.0,-222.0,-71.0,67.0,-301.0,-346.0,36.0,-873.0,-206.0,2
10858,19.0,-221.0,-71.0,44.0,-296.0,-349.0,57.0,-871.0,-212.0,2
10859,23.0,-223.0,-69.0,26.0,-286.0,-346.0,65.0,-863.0,-210.0,2
10860,29.0,-224.0,-68.0,12.0,-276.0,-348.0,79.0,-870.0,-202.0,2
10861,32.0,-223.0,-68.0,1.0,-271.0,-347.0,94.0,-872.0,-203.0,2
10862,31.0,-222.0,-70.0,-11.0,-268.0,-348.0,93.0,-875.0,-206.0,2
10863,30.0,-228.0,-69.0,-26.0,-264.0,-342.0,85.0,-877.0,-203.0,2
10864,28.0,-227.0,-68.0,-47.0,-265.0,-340.0,78.0,-880.0,-193.0,2
10865,20.0,-228.0,-64.0,-68.0,-270.0,-333.0,55.0,-887.0,-186.0,2
10866,17.0,-229.0,-59.0,-90.0,-279.0,-326.0,45.0,-893.0,-172.0,2
10867,16.0,-231.0,-62.0,-108.0,-293.0,-318.0,46.0,-908.0,-171.0,2
10868,17.0,-242.0,-59.0,-123.0,-305.0,-317.0,43.0,-920.0,-165.0,2
10869,15.0,-240.0,-60.0,-129.0,-311.0,-308.0,30.0,-933.0,-158.0,2
10870,13.0,-244.0,-57.0,-128.0,-315.0,-301.0,17.0,-933.0,-153.0,2
10871,7.0,-244.0,-59.0,-123.0,-318.0,-286.0,6.0,-948.0,-154.0,2
10872,4.0,-247.0,-54.0,-120.0,-325.0,-278.0,9.0,-951.0,-150.0,2
10873,7.0,-247.0,-53.0,-116.0,-337.0,-268.0,-4.0,-958.0,-151.0,2
10874,7.0,-252.0,-55.0,-112.0,-349.0,-264.0,-1.0,-961.0,-139.0,2
10875,9.0,-255.0,-53.0,-101.0,-351.0,-258.0,2.0,-972.0,-143.0,2
10876,10.0,-251.0,-54.0,-84.0,-343.0,-258.0,-1.0,-963.0,-139.0,2
10877,7.0,-247.0,-52.0,-64.0,-331.0,-245.0,0.0,-949.0,-139.0,2
10878,7.0,-243.0,-55.0,-38.0,-320.0,-239.0,1.0,-932.0,-155.0,2
10879,10.0,-239.0,-57.0,-29.0,-317.0,-229.0,21.0,-918.0,-168.0,2
10880,14.0,-235.0,-59.0,-35.0,-316.0,-226.0,32.0,-905.0,-164.0,2
10881,21.0,-234.0,-59.0,-51.0,-319.0,-216.0,43.0,-897.0,-155.0,2
10882,22.0,-228.0,-55.0,-65.0,-320.0,-215.0,59.0,-884.0,-140.0,2
10883,28.0,-225.0,-48.0,-69.0,-318.0,-208.0,74.0,-878.0,-129.0,2
10884,33.0,-220.0,-52.0,-70.0,-304.0,-201.0,88.0,-865.0,-124.0,2
10885,38.0,-218.0,-54.0,-69.0,-283.0,-188.0,108.0,-862.0,-129.0,2
10886,42.0,-223.0,-53.0,-73.0,-259.0,-176.0,123.0,-858.0,-134.0,2
10887,41.0,-220.0,-57.0,-79.0,-240.0,-159.0,136.0,-863.0,-146.0,2
10888,46.0,-222.0,-56.0,-91.0,-226.0,-147.0,153.0,-866.0,-161.0,2
10889,48.0,-224.0,-60.0,-112.0,-220.0,-133.0,153.0,-876.0,-161.0,2
10890,48.0,-226.0,-59.0,-124.0,-220.0,-121.0,152.0,-879.0,-163.0,2
10891,44.0,-230.0,-59.0,-129.0,-216.0,-106.0,139.0,-897.0,-161.0,2
10892,42.0,-234.0,-57.0,-127.0,-209.0,-92.0,128.0,-903.0,-157.0,2
10893,36.0,-238.0,-55.0,-121.0,-199.0,-74.0,119.0,-911.0,-148.0,2
10894,36.0,-236.0,-51.0,-113.0,-185.0,-59.0,103.0,-917.0,-148.0,2
10895,30.0,-238.0,-54.0,-110.0,-170.0,-41.0,97.0,-921.0,-141.0,2
10896,27.0,-245.0,-54.0,-114.0,-159.0,-29.0,86.0,-930.0,-134.0,2
10897,25.0,-242.0,-54.0,-117.0,-144.0,-11.0,78.0,-944.0,-138.0,2
10898,24.0,-246.0,-53.0,-124.0,-129.0,2.0,66.0,-951.0,-142.0,2
10899,20.0,-248.0,-54.0,-130.0,-114.0,16.0,51.0,-962.0,-138.0,2
10900,20.0,-250.0,-52.0,-134.0,-105.0,24.0,47.0,-969.0,-130.0,2
10901,18.0,-252.0,-46.0,-129.0,-101.0,36.0,43.0,-962.0,-125.0,2
10902,18.0,-249.0,-47.0,-124.0,-103.0,38.0,43.0,-968.0,-112.0,2
10903,21.0,-249.0,-46.0,-121.0,-108.0,43.0,49.0,-964.0,-105.0,2
10904,22.0,-250.0,-43.0,-120.0,-114.0,41.0,55.0,-961.0,-103.0,2
10905,22.0,-249.0,-46.0,-122.0,-113.0,42.0,56.0,-965.0,-114.0,2
10906,25.0,-249.0,-49.0,-128.0,-105.0,35.0,63.0,-964.0,-112.0,2
10907,26.0,-252.0,-47.0,-131.0,-98.0,32.0,76.0,-965.0,-122.0,2
10908,27.0,-250.0,-54.0,-128.0,-91.0,19.0,82.0,-972.0,-129.0,2
10909,32.0,-253.0,-54.0,-121.0,-82.0,10.0,97.0,-978.0,-142.0,2
10910,37.0,-255.0,-53.0,-109.0,-75.0,-5.0,102.0,-992.0,-140.0,2
10911,35.0,-254.0,-55.0,-99.0,-71.0,-18.0,111.0,-999.0,-142.0,2
10912,34.0,-257.0,-50.0,-91.0,-72.0,-37.0,109.0,-1005.0,-132.0,2
10913,35.0,-259.0,-52.0,-86.0,-78.0,-48.0,106.0,-1002.0,-124.0,2
10914,31.0,-258.0,-50.0,-76.0,-88.0,-66.0,93.0,-1002.0,-118.0,2
10915,26.0,-252.0,-48.0,-67.0,-102.0,-78.0,80.0,-990.0,-113.0,2
10916,25.0,-253.0,-48.0,-62.0,-119.0,-88.0,68.0,-987.0,-122.0,2
10917,24.0,-252.0,-49.0,-65.0,-135.0,-91.0,70.0,-974.0,-125.0,2
10918,22.0,-248.0,-54.0,-72.0,-146.0,-98.0,63.0,-968.0,-124.0,2
10919,19.0,-251.0,-46.0,-70.0,-153.0,-96.0,55.0,-963.0,-120.0,2
10920,16.0,-251.0,-50.0,-59.0,-157.0,-101.0,38.0,-970.0,-116.0,2
10921,12.0,-253.0,-47.0,-47.0,-161.0,-98.0,19.0,-972.0,-108.0,2
10922,8.0,-257.0,-48.0,-39.0,-169.0,-97.0,9.0,-981.0,-111.0,2
10923,3.0,-254.0,-47.0,-31.0,-183.0,-93.0,-5.0,-984.0,-109.0,2
10924,5.0,-255.0,-48.0,-28.0,-203.0,-92.0,-8.0,-978.0,-106.0,2
10925,4.0,-249.0,-47.0,-27.0,-227.0,-82.0,-6.0,-973.0,-106.0,2
10926,9.0,-248.0,-48.0,-25.0,-247.0,-76.0,4.0,-963.0,-115.0,2
10927,13.0,-249.0,-55.0,-20.0,-257.0,-68.0,21.0,-960.0,-126.0,2
10928,20.0,-244.0,-56.0,-15.0,-265.0,-66.0,52.0,-952.0,-144.0,2
10929,23.0,-245.0,-57.0,-17.0,-270.0,-54.0,65.0,-940.0,-152.0,2
10930,23.0,-240.0,-58.0,-26.0,-273.0,-51.0,65.0,-925.0,-151.0,2
10931,30.0,-240.0,-53.0,-32.0,-274.0,-38.0,85.0,-926.0,-144.0,2
10932,29.0,-238.0,-53.0,-40.0,-276.0,-30.0,86.0,-925.0,-145.0,2
10933,28.0,-238.0,-54.0,-50.0,-282.0,-20.0,95.0,-932.0,-141.0,2
10934,32.0,-243.0,-45.0,-71.0,-290.0,-9.0,103.0,-937.0,-120.0,2
10935,34.0,-244.0,-44.0,-69.0,-298.0,4.0,101.0,-941.0,-101.0,2
10936,38.0,-251.0,-41.0,-61.0,-304.0,6.0,109.0,-962.0,-95.0,2
10937,37.0,-253.0,-42.0,-51.0,-303.0,14.0,115.0,-982.0,-95.0,2
10938,38.0,-256.0,-39.0,-52.0,-304.0,13.0,117.0,-980.0,-83.0,2
10939,36.0,-260.0,-44.0,-46.0,-300.0,9.0,101.0,-1017.0,-92.0,2
10940,35.0,-262.0,-34.0,-52.0,-310.0,6.0,114.0,-1022.0,-66.0,2
10941,32.0,-269.0,-32.0,-49.0,-325.0,2.0,103.0,-1046.0,-61.0,2
10942,36.0,-275.0,-36.0,-43.0,-338.0,-10.0,107.0,-1067.0,-59.0,2
10943,35.0,-276.0,-36.0,-41.0,-343.0,-15.0,104.0,-1083.0,-62.0,2
10944,36.0,-283.0,-33.0,-45.0,-347.0,-23.0,104.0,-1087.0,-52.0,2
10945,34.0,-282.0,-33.0,-41.0,-353.0,-30.0,101.0,-1097.0,-65.0,2
10946,39.0,-279.0,-30.0,-37.0,-358.0,-40.0,104.0,-1091.0,-47.0,2
10947,43.0,-276.0,-38.0,-20.0,-351.0,-47.0,120.0,-1080.0,-54.0,2
10948,46.0,-273.0,-43.0,-15.0,-342.0,-55.0,138.0,-1072.0,-92.0,2
10949,52.0,-274.0,-49.0,-33.0,-323.0,-58.0,155.0,-1077.0,-121.0,2
10950,50.0,-276.0,-54.0,-62.0,-306.0,-65.0,165.0,-1085.0,-127.0,2
10951,47.0,-282.0,-55.0,-86.0,-303.0,-73.0,164.0,-1099.0,-131.0,2
10952,49.0,-292.0,-54.0,-86.0,-308.0,-82.0,160.0,-1128.0,-135.0,2
10953,51.0,-295.0,-49.0,-78.0,-313.0,-83.0,162.0,-1147.0,-118.0,2
10954,54.0,-302.0,-46.0,-56.0,-313.0,-85.0,184.0,-1167.0,-108.0,2
10955,64.0,-305.0,-51.0,-29.0,-301.0,-83.0,205.0,-1181.0,-124.0,2
10956,66.0,-307.0,-51.0,2.0,-277.0,-87.0,221.0,-1183.0,-129.0,2
10957,67.0,-309.0,-56.0,43.0,-246.0,-83.0,226.0,-1193.0,-129.0,2
10958,67.0,-307.0,-52.0,81.0,-215.0,-85.0,230.0,-1192.0,-141.0,2
10959,67.0,-307.0,-55.0,113.0,-185.0,-85.0,223.0,-1186.0,-146.0,2
10960,65.0,-304.0,-53.0,135.0,-157.0,-87.0,208.0,-1173.0,-150.0,2
10961,57.0,-300.0,-57.0,152.0,-122.0,-86.0,195.0,-1163.0,-160.0,2
10962,53.0,-297.0,-62.0,175.0,-91.0,-89.0,177.0,-1152.0,-170.0,2
10963,51.0,-292.0,-60.0,193.0,-67.0,-84.0,174.0,-1143.0,-170.0,2
10964,52.0,-289.0,-62.0,209.0,-47.0,-86.0,165.0,-1135.0,-181.0,2
10965,49.0,-289.0,-70.0,218.0,-29.0,-86.0,160.0,-1127.0,-190.0,2
10966,51.0,-289.0,-66.0,220.0,-11.0,-89.0,163.0,-1118.0,-206.0,2
10967,50.0,-285.0,-72.0,226.0,11.0,-88.0,167.0,-1110.0,-215.0,2
10968,52.0,-284.0,-69.0,236.0,40.0,-92.0,168.0,-1107.0,-203.0,2
10969,51.0,-280.0,-73.0,256.0,73.0,-97.0,164.0,-1101.0,-209.0,2
10970,52.0,-279.0,-70.0,270.0,114.0,-97.0,165.0,-1089.0,-203.0,2
10971,52.0,-275.0,-65.0,277.0,156.0,-90.0,176.0,-1078.0,-197.0,2
10972,54.0,-268.0,-74.0,275.0,202.0,-89.0,178.0,-1058.0,-208.0,2
10973,49.0,-261.0,-77.0,271.0,236.0,-89.0,164.0,-1038.0,-229.0,2
10974,46.0,-260.0,-77.0,260.0,256.0,-90.0,143.0,-1013.0,-244.0,2
10975,32.0,-254.0,-77.0,247.0,257.0,-82.0,105.0,-990.0,-250.0,2
10976,21.0,-253.0,-85.0,235.0,245.0,-66.0,61.0,-974.0,-256.0,2
10977,13.0,-249.0,-79.0,224.0,225.0,-38.0,32.0,-958.0,-251.0,2
10978,9.0,-242.0,-77.0,220.0,195.0,-10.0,16.0,-940.0,-248.0,2
10979,7.0,-237.0,-77.0,221.0,163.0,17.0,12.0,-920.0,-250.0,2
10980,7.0,-229.0,-84.0,217.0,133.0,37.0,1.0,-899.0,-262.0,2
10981,1.0,-227.0,-84.0,204.0,112.0,53.0,-16.0,-889.0,-278.0,2
10982,-7.0,-225.0,-94.0,183.0,95.0,69.0,-48.0,-883.0,-310.0,2
10983,-10.0,-224.0,-103.0,146.0,80.0,86.0,-64.0,-882.0,-337.0,2
10984,-12.0,-224.0,-109.0,109.0,62.0,97.0,-74.0,-879.0,-358.0,2
10985,-10.0,-226.0,-111.0,84.0,47.0,105.0,-76.0,-883.0,-373.0,2
10986,-15.0,-228.0,-118.0,71.0,33.0,108.0,-82.0,-886.0,-396.0,2
10987,-12.0,-230.0,-113.0,67.0,19.0,115.0,-72.0,-887.0,-392.0,2
10988,-2.0,-227.0,-121.0,76.0,4.0,112.0,-50.0,-893.0,-411.0,2
10989,-2.0,-231.0,-120.0,82.0,0.0,103.0,-32.0,-892.0,-427.0,2
10990,0.0,-228.0,-128.0,86.0,-1.0,89.0,-23.0,-894.0,-439.0,2
10991,-2.0,-227.0,-127.0,86.0,0.0,73.0,-25.0,-886.0,-440.0,2
10992,-6.0,-224.0,-126.0,83.0,-11.0,58.0,-38.0,-874.0,-439.0,2
10993,-8.0,-218.0,-126.0,79.0,-31.0,53.0,-52.0,-851.0,-440.0,2
10994,-6.0,-214.0,-128.0,77.0,-42.0,50.0,-40.0,-834.0,-432.0,2
10995,-6.0,-207.0,-120.0,74.0,-37.0,46.0,-43.0,-824.0,-428.0,2
10996,-8.0,-204.0,-120.0,61.0,-23.0,40.0,-57.0,-808.0,-413.0,2
10997,-8.0,-202.0,-118.0,39.0,-8.0,37.0,-63.0,-800.0,-397.0,2
10998,-12.0,-199.0,-116.0,17.0,7.0,30.0,-69.0,-790.0,-393.0,2
10999,-12.0,-198.0,-115.0,0.0,19.0,25.0,-76.0,-791.0,-375.0,2
11000,-13.0,-201.0,-114.0,-15.0,25.0,20.0,-82.0,-792.0,-375.0,2
11001,-13.0,-206.0,-110.0,-29.0,25.0,14.0,-96.0,-803.0,-358.0,2
11002,-16.0,-211.0,-106.0,-46.0,15.0,7.0,-104.0,-813.0,-358.0,2
11003,-23.0,-214.0,-97.0,-60.0,-1.0,5.0,-108.0,-833.0,-334.0,2
11004,-24.0,-218.0,-97.0,-69.0,-13.0,2.0,-120.0,-849.0,-313.0,2
11005,-27.0,-221.0,-94.0,-68.0,-23.0,11.0,-139.0,-867.0,-304.0,2
11006,-32.0,-228.0,-89.0,-71.0,-30.0,26.0,-142.0,-882.0,-296.0,2
11007,-28.0,-233.0,-94.0,-71.0,-29.0,51.0,-141.0,-902.0,-306.0,2
11008,-26.0,-236.0,-94.0,-69.0,-21.0,77.0,-133.0,-916.0,-310.0,2
11009,-26.0,-243.0,-93.0,-72.0,-13.0,106.0,-133.0,-932.0,-325.0,2
11010,-21.0,-248.0,-96.0,-85.0,-8.0,138.0,-115.0,-947.0,-323.0,2
11011,-12.0,-248.0,-94.0,-90.0,3.0,168.0,-88.0,-963.0,-309.0,2
11012,-5.0,-255.0,-97.0,-80.0,23.0,193.0,-47.0,-980.0,-294.0,2
11013,1.0,-256.0,-93.0,-76.0,47.0,217.0,-13.0,-1006.0,-304.0,2
11014,8.0,-259.0,-90.0,-90.0,83.0,225.0,4.0,-1010.0,-278.0,2
11015,14.0,-261.0,-85.0,-92.0,115.0,243.0,19.0,-1021.0,-271.0,2
11016,22.0,-264.0,-83.0,-100.0,142.0,253.0,55.0,-1028.0,-257.0,2
11017,28.0,-266.0,-80.0,-101.0,167.0,257.0,74.0,-1044.0,-257.0,2
11018,34.0,-267.0,-74.0,-90.0,192.0,260.0,97.0,-1046.0,-229.0,2
11019,35.0,-269.0,-68.0,-59.0,220.0,262.0,95.0,-1037.0,-209.0,2
11020,33.0,-266.0,-64.0,-14.0,255.0,265.0,99.0,-1041.0,-199.0,2
11021,35.0,-267.0,-69.0,34.0,291.0,268.0,100.0,-1032.0,-195.0,2
11022,29.0,-260.0,-67.0,77.0,322.0,266.0,86.0,-1015.0,-191.0,2
11023,28.0,-256.0,-68.0,117.0,339.0,267.0,75.0,-982.0,-197.0,2
11024,17.0,-251.0,-70.0,147.0,350.0,268.0,35.0,-968.0,-212.0,2
11025,15.0,-242.0,-69.0,165.0,358.0,278.0,22.0,-943.0,-209.0,2
11026,10.0,-240.0,-67.0,180.0,366.0,281.0,14.0,-923.0,-209.0,2
11027,6.0,-233.0,-73.0,181.0,365.0,279.0,7.0,-904.0,-214.0,2
11028,-4.0,-231.0,-72.0,166.0,353.0,275.0,-41.0,-894.0,-217.0,2
11029,-10.0,-226.0,-74.0,146.0,357.0,284.0,-66.0,-874.0,-216.0,2
11030,-11.0,-224.0,-66.0,134.0,375.0,293.0,-87.0,-873.0,-213.0,2
11031,-15.0,-220.0,-68.0,125.0,385.0,301.0,-84.0,-866.0,-207.0,2
11032,-19.0,-219.0,-74.0,111.0,378.0,303.0,-104.0,-856.0,-212.0,2
11033,-23.0,-217.0,-68.0,91.0,358.0,304.0,-111.0,-839.0,-196.0,2
11034,-26.0,-216.0,-64.0,73.0,340.0,299.0,-118.0,-838.0,-193.0,2
11035,-21.0,-217.0,-66.0,47.0,317.0,298.0,-119.0,-841.0,-196.0,2
11036,-20.0,-214.0,-62.0,19.0,310.0,291.0,-113.0,-842.0,-188.0,2
11037,-20.0,-214.0,-61.0,-17.0,302.0,290.0,-111.0,-843.0,-191.0,2
11038,-19.0,-219.0,-57.0,-50.0,298.0,289.0,-106.0,-851.0,-161.0,2
11039,-16.0,-218.0,-53.0,-66.0,296.0,288.0,-93.0,-852.0,-141.0,2
11040,-12.0,-223.0,-56.0,-67.0,294.0,289.0,-85.0,-866.0,-138.0,2
11041,-11.0,-229.0,-55.0,-69.0,294.0,285.0,-75.0,-882.0,-151.0,2
11042,-10.0,-229.0,-53.0,-81.0,297.0,281.0,-66.0,-888.0,-147.0,2
11043,-8.0,-232.0,-53.0,-94.0,299.0,276.0,-53.0,-894.0,-139.0,2
11044,-7.0,-234.0,-55.0,-103.0,302.0,271.0,-47.0,-901.0,-135.0,2
11045,-3.0,-237.0,-52.0,-109.0,304.0,263.0,-33.0,-912.0,-139.0,2
11046,-1.0,-235.0,-57.0,-117.0,303.0,255.0,-25.0,-920.0,-143.0,2
11047,4.0,-240.0,-56.0,-124.0,300.0,247.0,-17.0,-928.0,-142.0,2
11048,3.0,-243.0,-54.0,-127.0,299.0,237.0,-9.0,-932.0,-139.0,2
11049,5.0,-245.0,-53.0,-130.0,302.0,229.0,-13.0,-934.0,-138.0,2
11050,7.0,-244.0,-52.0,-126.0,308.0,216.0,0.0,-933.0,-132.0,2
11051,9.0,-245.0,-51.0,-121.0,318.0,205.0,7.0,-935.0,-135.0,2
11052,11.0,-241.0,-55.0,-116.0,331.0,191.0,10.0,-932.0,-143.0,2
11053,9.0,-239.0,-56.0,-115.0,341.0,175.0,0.0,-927.0,-147.0,2
11054,7.0,-239.0,-58.0,-118.0,347.0,159.0,-3.0,-917.0,-149.0,2
11055,3.0,-237.0,-56.0,-124.0,352.0,147.0,-18.0,-915.0,-158.0,2
11056,0.0,-237.0,-53.0,-138.0,360.0,140.0,-22.0,-908.0,-145.0,2
11057,-2.0,-232.0,-51.0,-142.0,372.0,134.0,-20.0,-905.0,-135.0,2
11058,1.0,-233.0,-49.0,-145.0,383.0,126.0,-22.0,-907.0,-120.0,2
11059,0.0,-237.0,-48.0,-146.0,393.0,116.0,-27.0,-906.0,-110.0,2
11060,-2.0,-238.0,-49.0,-146.0,401.0,100.0,-40.0,-910.0,-112.0,2
11061,-6.0,-236.0,-52.0,-149.0,404.0,89.0,-44.0,-917.0,-112.0,2
11062,-10.0,-238.0,-45.0,-157.0,406.0,79.0,-68.0,-918.0,-109.0,2
11063,-10.0,-242.0,-43.0,-162.0,405.0,73.0,-64.0,-932.0,-95.0,2
11064,-9.0,-248.0,-40.0,-157.0,406.0,65.0,-62.0,-944.0,-89.0,2
11065,-9.0,-248.0,-39.0,-142.0,411.0,58.0,-59.0,-955.0,-75.0,2
11066,-9.0,-251.0,-35.0,-121.0,417.0,45.0,-65.0,-960.0,-64.0,2
11067,-9.0,-257.0,-34.0,-90.0,415.0,36.0,-62.0,-975.0,-53.0,2
11068,-6.0,-256.0,-32.0,-63.0,411.0,25.0,-63.0,-987.0,-50.0,2
11069,-9.0,-258.0,-30.0,-38.0,412.0,15.0,-59.0,-1002.0,-51.0,2
11070,-7.0,-255.0,-34.0,-18.0,415.0,4.0,-59.0,-1000.0,-58.0,2
11071,-5.0,-256.0,-34.0,1.0,414.0,-8.0,-53.0,-1003.0,-69.0,2
11072,-2.0,-258.0,-41.0,18.0,409.0,-18.0,-47.0,-997.0,-80.0,2
11073,-2.0,-256.0,-44.0,28.0,406.0,-28.0,-40.0,-988.0,-93.0,2
11074,-7.0,-252.0,-42.0,33.0,404.0,-37.0,-42.0,-970.0,-96.0,2
11075,-6.0,-248.0,-43.0,34.0,404.0,-45.0,-41.0,-959.0,-106.0,2
11076,-8.0,-244.0,-48.0,35.0,403.0,-53.0,-60.0,-951.0,-109.0,2
11077,-10.0,-245.0,-43.0,31.0,397.0,-53.0,-65.0,-935.0,-115.0,2
11078,2.0,-240.0,-54.0,24.0,390.0,-53.0,-76.0,-933.0,-114.0,2
11079,-12.0,-238.0,-49.0,14.0,385.0,-49.0,-86.0,-918.0,-121.0,2
11080,-11.0,-236.0,-48.0,-5.0,383.0,-44.0,-83.0,-911.0,-110.0,2
11081,-12.0,-237.0,-48.0,-17.0,379.0,-37.0,-77.0,-905.0,-114.0,2
11082,-11.0,-235.0,-51.0,-29.0,379.0,-30.0,-75.0,-905.0,-114.0,2
11083,-11.0,-233.0,-47.0,-39.0,380.0,-22.0,-77.0,-907.0,-110.0,2
11084,-10.0,-234.0,-46.0,-47.0,384.0,-16.0,-65.0,-915.0,-116.0,2
11085,-9.0,-238.0,-50.0,-53.0,392.0,-10.0,-57.0,-919.0,-112.0,2
11086,-6.0,-243.0,-43.0,-59.0,399.0,-2.0,-47.0,-933.0,-101.0,2
11087,0.0,-249.0,-44.0,-62.0,412.0,7.0,-23.0,-948.0,-102.0,2
11088,7.0,-253.0,-45.0,-67.0,424.0,10.0,-10.0,-968.0,-94.0,2
11089,5.0,-254.0,-45.0,-67.0,435.0,10.0,-5.0,-973.0,-100.0,2
11090,2.0,-256.0,-52.0,-64.0,450.0,8.0,-13.0,-991.0,-112.0,2
11091,4.0,-259.0,-51.0,-60.0,462.0,6.0,-10.0,-999.0,-119.0,2
11092,4.0,-260.0,-48.0,-52.0,473.0,4.0,-17.0,-1012.0,-130.0,2
11093,-2.0,-261.0,-50.0,-45.0,480.0,-1.0,-37.0,-1018.0,-130.0,2
11094,-7.0,-264.0,-53.0,-37.0,483.0,-4.0,-52.0,-1026.0,-134.0,2
11095,-12.0,-264.0,-49.0,-22.0,485.0,-5.0,-64.0,-1028.0,-122.0,2
11096,-10.0,-269.0,-47.0,5.0,491.0,2.0,-80.0,-1037.0,-115.0,2
11097,-9.0,-270.0,-45.0,37.0,508.0,7.0,-55.0,-1050.0,-107.0,2
11098,-9.0,-272.0,-43.0,62.0,533.0,11.0,-70.0,-1055.0,-85.0,2
11099,-12.0,-275.0,-33.0,86.0,561.0,24.0,-69.0,-1071.0,-61.0,2
11100,-12.0,-274.0,-35.0,112.0,585.0,36.0,-73.0,-1066.0,-48.0,2
11101,-11.0,-279.0,-33.0,139.0,604.0,41.0,-69.0,-1070.0,-43.0,2
11102,-5.0,-277.0,-29.0,166.0,625.0,48.0,-56.0,-1070.0,-31.0,2
11103,4.0,-276.0,-24.0,193.0,651.0,58.0,-22.0,-1061.0,-16.0,2
11104,7.0,-270.0,-24.0,218.0,676.0,68.0,-4.0,-1061.0,-23.0,2
11105,10.0,-270.0,-26.0,220.0,695.0,75.0,11.0,-1054.0,-22.0,2
11106,13.0,-269.0,-20.0,204.0,706.0,73.0,11.0,-1050.0,-12.0,2
11107,11.0,-271.0,-16.0,185.0,711.0,73.0,12.0,-1049.0,-8.0,2
11108,8.0,-270.0,-14.0,171.0,720.0,71.0,6.0,-1054.0,10.0,2
11109,10.0,-268.0,-12.0,168.0,728.0,68.0,11.0,-1052.0,25.0,2
11110,5.0,-267.0,-11.0,176.0,730.0,63.0,-10.0,-1037.0,34.0,2
11111,-4.0,-262.0,-24.0,183.0,730.0,58.0,-36.0,-1030.0,-14.0,2
11112,-11.0,-259.0,-36.0,158.0,744.0,55.0,-64.0,-1014.0,-66.0,2
11113,-12.0,-258.0,-44.0,100.0,768.0,58.0,-82.0,-1009.0,-91.0,2
11114,-13.0,-260.0,-41.0,36.0,789.0,59.0,-98.0,-1007.0,-86.0,2
11115,-26.0,-261.0,-42.0,-5.0,806.0,61.0,-126.0,-1020.0,-96.0,2
11116,-32.0,-265.0,-37.0,-34.0,820.0,77.0,-154.0,-1050.0,-84.0,2
11117,-40.0,-275.0,-33.0,-59.0,826.0,90.0,-179.0,-1078.0,-55.0,2
11118,-43.0,-287.0,-20.0,-71.0,807.0,97.0,-210.0,-1110.0,-30.0,2
11119,-53.0,-292.0,-21.0,-65.0,753.0,93.0,-228.0,-1116.0,-9.0,2
11120,-59.0,-292.0,-19.0,-43.0,689.0,85.0,-246.0,-1118.0,7.0,2
11121,-63.0,-289.0,-27.0,-13.0,625.0,74.0,-256.0,-1125.0,-22.0,2
11122,-63.0,-286.0,-34.0,10.0,561.0,63.0,-262.0,-1107.0,-52.0,2
11123,-61.0,-284.0,-47.0,25.0,496.0,53.0,-264.0,-1106.0,-102.0,2
11124,-59.0,-281.0,-58.0,18.0,429.0,39.0,-259.0,-1092.0,-146.0,2
11125,-60.0,-278.0,-62.0,-4.0,369.0,30.0,-251.0,-1077.0,-193.0,2
11126,-55.0,-279.0,-67.0,-30.0,312.0,24.0,-241.0,-1084.0,-212.0,2
11127,-61.0,-283.0,-73.0,-57.0,264.0,21.0,-251.0,-1100.0,-236.0,2
11128,-63.0,-284.0,-72.0,-82.0,217.0,21.0,-267.0,-1101.0,-225.0,2
11129,-65.0,-291.0,-76.0,-92.0,148.0,33.0,-278.0,-1121.0,-244.0,2
11130,-63.0,-296.0,-84.0,-94.0,83.0,47.0,-276.0,-1149.0,-258.0,2
11131,-61.0,-307.0,-75.0,-94.0,8.0,64.0,-266.0,-1170.0,-247.0,2
11132,-58.0,-311.0,-81.0,-85.0,-65.0,85.0,-261.0,-1195.0,-251.0,2
11133,-56.0,-316.0,-75.0,-65.0,-124.0,108.0,-245.0,-1200.0,-246.0,2
11134,-50.0,-314.0,-71.0,-33.0,-168.0,132.0,-226.0,-1203.0,-230.0,2
11135,-42.0,-314.0,-73.0,7.0,-209.0,150.0,-204.0,-1207.0,-241.0,2
11136,-34.0,-307.0,-86.0,43.0,-242.0,163.0,-172.0,-1184.0,-264.0,2
11137,-28.0,-298.0,-93.0,76.0,-269.0,167.0,-145.0,-1167.0,-293.0,2
11138,-12.0,-295.0,-103.0,113.0,-288.0,166.0,-105.0,-1142.0,-331.0,2
11139,-6.0,-283.0,-108.0,150.0,-287.0,155.0,-68.0,-1100.0,-361.0,2
11140,-2.0,-275.0,-108.0,191.0,-271.0,142.0,-22.0,-1065.0,-360.0,2
11141,11.0,-265.0,-107.0,215.0,-254.0,124.0,9.0,-1029.0,-349.0,2
11142,22.0,-258.0,-105.0,230.0,-241.0,103.0,44.0,-1001.0,-334.0,2
11143,31.0,-248.0,-104.0,233.0,-232.0,81.0,77.0,-959.0,-339.0,2
11144,35.0,-241.0,-106.0,223.0,-227.0,57.0,115.0,-925.0,-350.0,2
11145,45.0,-233.0,-112.0,210.0,-211.0,33.0,136.0,-917.0,-372.0,2
11146,52.0,-230.0,-116.0,187.0,-175.0,10.0,154.0,-901.0,-393.0,2
11147,50.0,-227.0,-121.0,164.0,-130.0,-11.0,166.0,-893.0,-409.0,2
11148,51.0,-223.0,-129.0,147.0,-82.0,-22.0,173.0,-880.0,-437.0,2
11149,57.0,-220.0,-126.0,135.0,-39.0,-33.0,186.0,-866.0,-441.0,2
11150,57.0,-217.0,-124.0,126.0,-1.0,-46.0,192.0,-852.0,-433.0,2
11151,56.0,-211.0,-123.0,125.0,19.0,-53.0,183.0,-829.0,-420.0,2
11152,51.0,-201.0,-123.0,119.0,34.0,-55.0,170.0,-789.0,-431.0,2
11153,51.0,-195.0,-127.0,102.0,50.0,-50.0,162.0,-772.0,-427.0,2
11154,49.0,-189.0,-120.0,73.0,72.0,-41.0,158.0,-745.0,-428.0,2
11155,47.0,-188.0,-126.0,36.0,91.0,-31.0,153.0,-736.0,-427.0,2
11156,40.0,-187.0,-118.0,-7.0,106.0,-17.0,138.0,-735.0,-422.0,2
11157,40.0,-187.0,-118.0,-55.0,115.0,-1.0,127.0,-744.0,-397.0,2
11158,33.0,-191.0,-109.0,-91.0,115.0,13.0,110.0,-745.0,-370.0,2
11159,30.0,-195.0,-104.0,-106.0,100.0,25.0,95.0,-764.0,-353.0,2
11160,26.0,-200.0,-109.0,-109.0,79.0,34.0,72.0,-796.0,-368.0,2
11161,20.0,-206.0,-118.0,-131.0,67.0,39.0,58.0,-822.0,-397.0,2
11162,19.0,-214.0,-112.0,-162.0,71.0,41.0,53.0,-845.0,-387.0,2
11163,16.0,-227.0,-103.0,-178.0,71.0,40.0,49.0,-877.0,-352.0,2
11164,19.0,-235.0,-105.0,-183.0,60.0,30.0,46.0,-924.0,-356.0,2
11165,21.0,-249.0,-98.0,-186.0,48.0,6.0,53.0,-957.0,-333.0,2
11166,21.0,-255.0,-94.0,-189.0,48.0,-19.0,59.0,-989.0,-302.0,2
11167,25.0,-259.0,-84.0,-174.0,59.0,-48.0,67.0,-994.0,-271.0,2
11168,25.0,-257.0,-85.0,-143.0,70.0,-76.0,61.0,-1002.0,-257.0,2
11169,22.0,-254.0,-83.0,-109.0,79.0,-108.0,51.0,-977.0,-259.0,2
11170,20.0,-249.0,-84.0,-79.0,77.0,-132.0,48.0,-959.0,-262.0,2
11171,16.0,-245.0,-89.0,-51.0,55.0,-166.0,49.0,-951.0,-289.0,2
11172,16.0,-243.0,-93.0,-39.0,29.0,-184.0,39.0,-933.0,-285.0,2
11173,14.0,-242.0,-85.0,-43.0,3.0,-196.0,28.0,-934.0,-286.0,2
11174,13.0,-241.0,-89.0,-51.0,-17.0,-202.0,24.0,-941.0,-281.0,2
11175,13.0,-246.0,-86.0,-64.0,-28.0,-208.0,15.0,-953.0,-272.0,2
11176,11.0,-255.0,-84.0,-84.0,-36.0,-215.0,8.0,-977.0,-266.0,2
11177,8.0,-261.0,-84.0,-96.0,-47.0,-231.0,6.0,-1009.0,-258.0,2
11178,6.0,-264.0,-81.0,-95.0,-63.0,-243.0,-1.0,-1030.0,-254.0,2
11179,4.0,-270.0,-80.0,-75.0,-80.0,-257.0,-10.0,-1046.0,-242.0,2
11180,3.0,-272.0,-75.0,-36.0,-94.0,-267.0,-16.0,-1044.0,-232.0,2
11181,0.0,-268.0,-74.0,13.0,-108.0,-274.0,-22.0,-1034.0,-225.0,2
11182,3.0,-264.0,-73.0,75.0,-121.0,-272.0,-18.0,-1022.0,-225.0,2
11183,10.0,-261.0,-71.0,112.0,-133.0,-269.0,-5.0,-1006.0,-222.0,2
11184,9.0,-249.0,-71.0,135.0,-136.0,-268.0,15.0,-971.0,-212.0,2
11185,14.0,-245.0,-72.0,153.0,-141.0,-268.0,24.0,-947.0,-216.0,2
11186,21.0,-234.0,-70.0,160.0,-139.0,-267.0,41.0,-912.0,-214.0,2
11187,24.0,-227.0,-71.0,159.0,-131.0,-268.0,54.0,-890.0,-214.0,2
11188,24.0,-220.0,-71.0,154.0,-121.0,-264.0,69.0,-868.0,-211.0,2
11189,26.0,-219.0,-70.0,144.0,-114.0,-265.0,75.0,-854.0,-219.0,2
11190,25.0,-213.0,-74.0,125.0,-113.0,-269.0,86.0,-838.0,-221.0,2
11191,26.0,-209.0,-68.0,103.0,-105.0,-276.0,73.0,-827.0,-210.0,2
11192,28.0,-208.0,-65.0,85.0,-89.0,-278.0,80.0,-817.0,-199.0,2
11193,29.0,-208.0,-68.0,62.0,-83.0,-279.0,96.0,-814.0,-197.0,2
11194,32.0,-209.0,-65.0,40.0,-76.0,-278.0,98.0,-820.0,-195.0,2
11195,36.0,-208.0,-63.0,17.0,-63.0,-284.0,103.0,-824.0,-190.0,2
11196,36.0,-210.0,-66.0,-10.0,-41.0,-286.0,110.0,-829.0,-183.0,2
11197,40.0,-213.0,-58.0,-36.0,-23.0,-288.0,119.0,-831.0,-169.0,2
11198,36.0,-215.0,-57.0,-61.0,-13.0,-286.0,103.0,-847.0,-167.0,2
11199,33.0,-218.0,-60.0,-83.0,-11.0,-284.0,106.0,-868.0,-168.0,2
11200,36.0,-225.0,-56.0,-105.0,-12.0,-280.0,110.0,-888.0,-162.0,2
11201,34.0,-228.0,-57.0,-122.0,-9.0,-280.0,107.0,-901.0,-163.0,2
11202,32.0,-237.0,-56.0,-127.0,-8.0,-272.0,103.0,-918.0,-158.0,2
11203,30.0,-239.0,-56.0,-122.0,-14.0,-268.0,96.0,-924.0,-151.0,2
11204,24.0,-240.0,-60.0,-121.0,-24.0,-258.0,78.0,-926.0,-168.0,2
11205,26.0,-240.0,-59.0,-127.0,-23.0,-246.0,70.0,-927.0,-169.0,2
11206,19.0,-239.0,-57.0,-135.0,-17.0,-231.0,51.0,-932.0,-160.0,2
11207,16.0,-241.0,-57.0,-145.0,-20.0,-220.0,54.0,-939.0,-169.0,2
11208,18.0,-245.0,-60.0,-160.0,-34.0,-212.0,37.0,-949.0,-159.0,2
11209,9.0,-242.0,-56.0,-175.0,-53.0,-210.0,15.0,-952.0,-154.0,2
11210,6.0,-246.0,-62.0,-181.0,-66.0,-201.0,5.0,-950.0,-171.0,2
11211,5.0,-243.0,-58.0,-186.0,-75.0,-191.0,-3.0,-938.0,-154.0,2
11212,2.0,-238.0,-61.0,-179.0,-86.0,-177.0,-18.0,-927.0,-166.0,2
11213,0.0,-237.0,-58.0,-173.0,-104.0,-157.0,-20.0,-926.0,-163.0,2
11214,4.0,-238.0,-55.0,-177.0,-117.0,-140.0,-10.0,-921.0,-161.0,2
11215,2.0,-230.0,-48.0,-177.0,-122.0,-133.0,-16.0,-901.0,-127.0,2
11216,10.0,-234.0,-50.0,-154.0,-127.0,-119.0,2.0,-906.0,-126.0,2
11217,14.0,-233.0,-51.0,-141.0,-134.0,-112.0,23.0,-903.0,-127.0,2
11218,16.0,-231.0,-52.0,-129.0,-136.0,-106.0,22.0,-902.0,-129.0,2
11219,18.0,-235.0,-51.0,-123.0,-135.0,-97.0,39.0,-904.0,-131.0,2
11220,18.0,-236.0,-47.0,-118.0,-141.0,-88.0,53.0,-905.0,-133.0,2
11221,23.0,-236.0,-55.0,-111.0,-152.0,-87.0,63.0,-908.0,-141.0,2
11222,24.0,-234.0,-53.0,-106.0,-163.0,-83.0,64.0,-910.0,-138.0,2
11223,26.0,-239.0,-52.0,-98.0,-173.0,-82.0,74.0,-922.0,-147.0,2
11224,31.0,-239.0,-55.0,-89.0,-182.0,-78.0,83.0,-929.0,-137.0,2
11225,28.0,-242.0,-48.0,-79.0,-187.0,-73.0,87.0,-935.0,-136.0,2
11226,30.0,-243.0,-51.0,-74.0,-190.0,-68.0,91.0,-944.0,-132.0,2
11227,27.0,-245.0,-50.0,-67.0,-191.0,-65.0,89.0,-948.0,-137.0,2
11228,28.0,-249.0,-53.0,-65.0,-191.0,-58.0,81.0,-949.0,-138.0,2
11229,25.0,-246.0,-54.0,-57.0,-189.0,-55.0,71.0,-950.0,-134.0,2
11230,24.0,-246.0,-52.0,-50.0,-185.0,-48.0,66.0,-950.0,-128.0,2
11231,25.0,-242.0,-47.0,-44.0,-179.0,-45.0,62.0,-948.0,-115.0,2
11232,21.0,-242.0,-46.0,-40.0,-175.0,-38.0,63.0,-947.0,-114.0,2
11233,25.0,-245.0,-45.0,-42.0,-171.0,-34.0,64.0,-944.0,-96.0,2
11234,22.0,-242.0,-45.0,-44.0,-170.0,-26.0,62.0,-936.0,-99.0,2
11235,24.0,-242.0,-40.0,-54.0,-171.0,-25.0,59.0,-934.0,-95.0,2
11236,18.0,-242.0,-41.0,-61.0,-177.0,-23.0,53.0,-931.0,-96.0,2
11237,20.0,-243.0,-47.0,-70.0,-182.0,-25.0,52.0,-946.0,-102.0,2
11238,20.0,-246.0,-45.0,-80.0,-189.0,-25.0,48.0,-940.0,-108.0,2
11239,19.0,-244.0,-44.0,-85.0,-193.0,-27.0,47.0,-945.0,-106.0,2
11240,25.0,-245.0,-47.0,-90.0,-198.0,-23.0,69.0,-954.0,-115.0,2
11241,30.0,-251.0,-49.0,-89.0,-198.0,-20.0,91.0,-966.0,-116.0,2
11242,33.0,-252.0,-50.0,-87.0,-190.0,-17.0,98.0,-971.0,-115.0,2
11243,34.0,-256.0,-46.0,-84.0,-179.0,-21.0,102.0,-978.0,-119.0,2
11244,33.0,-256.0,-54.0,-76.0,-171.0,-27.0,105.0,-986.0,-126.0,2
11245,35.0,-254.0,-51.0,-73.0,-171.0,-35.0,108.0,-978.0,-130.0,2
11246,39.0,-252.0,-54.0,-68.0,-180.0,-37.0,116.0,-975.0,-143.0,2
11247,38.0,-249.0,-55.0,-69.0,-188.0,-43.0,113.0,-966.0,-146.0,2
11248,33.0,-249.0,-53.0,-75.0,-188.0,-44.0,108.0,-951.0,-135.0,2
11249,31.0,-246.0,-47.0,-76.0,-184.0,-51.0,96.0,-947.0,-134.0,2
11250,30.0,-243.0,-51.0,-74.0,-186.0,-54.0,94.0,-942.0,-126.0,2
11251,27.0,-245.0,-51.0,-76.0,-196.0,-63.0,79.0,-941.0,-119.0,2
11252,26.0,-244.0,-49.0,-83.0,-210.0,-65.0,70.0,-936.0,-114.0,2
11253,25.0,-240.0,-49.0,-94.0,-222.0,-68.0,60.0,-934.0,-121.0,2
11254,24.0,-243.0,-50.0,-104.0,-227.0,-67.0,56.0,-934.0,-122.0,2
11255,19.0,-245.0,-54.0,-106.0,-229.0,-71.0,54.0,-950.0,-137.0,2
11256,19.0,-249.0,-54.0,-105.0,-233.0,-71.0,52.0,-959.0,-142.0,2
11257,17.0,-252.0,-56.0,-100.0,-243.0,-74.0,43.0,-972.0,-140.0,2
11258,19.0,-257.0,-53.0,-92.0,-259.0,-76.0,40.0,-997.0,-137.0,2
11259,19.0,-259.0,-52.0,-84.0,-278.0,-80.0,48.0,-1008.0,-134.0,2
11260,23.0,-261.0,-54.0,-76.0,-298.0,-79.0,57.0,-1012.0,-128.0,2
11261,24.0,-261.0,-56.0,-71.0,-316.0,-84.0,67.0,-1020.0,-130.0,2
11262,26.0,-262.0,-48.0,-70.0,-336.0,-78.0,77.0,-1030.0,-116.0,2
11263,31.0,-263.0,-49.0,-65.0,-354.0,-84.0,79.0,-1034.0,-113.0,2
11264,27.0,-263.0,-42.0,-58.0,-372.0,-87.0,81.0,-1027.0,-93.0,2
11265,25.0,-268.0,-43.0,-42.0,-391.0,-91.0,73.0,-1039.0,-108.0,2
11266,23.0,-268.0,-35.0,-26.0,-408.0,-85.0,67.0,-1031.0,-66.0,2
11267,21.0,-265.0,-32.0,2.0,-411.0,-85.0,54.0,-1033.0,-58.0,2
11268,19.0,-269.0,-33.0,23.0,-414.0,-81.0,46.0,-1035.0,-46.0,2
11269,20.0,-268.0,-31.0,28.0,-424.0,-79.0,45.0,-1043.0,-42.0,2
11270,21.0,-269.0,-32.0,20.0,-434.0,-71.0,45.0,-1052.0,-36.0,2
11271,21.0,-272.0,-21.0,11.0,-447.0,-65.0,58.0,-1066.0,-12.0,2
11272,26.0,-276.0,-24.0,5.0,-459.0,-53.0,69.0,-1084.0,-7.0,2
11273,32.0,-280.0,-14.0,1.0,-470.0,-47.0,93.0,-1089.0,2.0,2
11274,41.0,-282.0,-18.0,9.0,-484.0,-40.0,120.0,-1096.0,1.0,2
11275,43.0,-280.0,-29.0,18.0,-498.0,-44.0,136.0,-1106.0,-36.0,2
11276,48.0,-282.0,-39.0,6.0,-514.0,-50.0,150.0,-1105.0,-84.0,2
11277,51.0,-280.0,-48.0,-28.0,-522.0,-63.0,158.0,-1096.0,-112.0,2
11278,52.0,-280.0,-52.0,-45.0,-523.0,-74.0,175.0,-1095.0,-123.0,2
11279,60.0,-282.0,-52.0,-44.0,-517.0,-88.0,192.0,-1096.0,-130.0,2
11280,65.0,-283.0,-49.0,-32.0,-500.0,-94.0,218.0,-1099.0,-117.0,2
11281,73.0,-280.0,-45.0,-19.0,-470.0,-100.0,237.0,-1098.0,-100.0,2
11282,80.0,-285.0,-41.0,-5.0,-430.0,-102.0,265.0,-1105.0,-85.0,2
11283,81.0,-286.0,-42.0,10.0,-388.0,-110.0,287.0,-1113.0,-82.0,2
11284,85.0,-285.0,-41.0,17.0,-344.0,-112.0,296.0,-1113.0,-79.0,2
11285,88.0,-290.0,-44.0,21.0,-303.0,-115.0,301.0,-1117.0,-93.0,2
11286,88.0,-290.0,-50.0,22.0,-262.0,-115.0,293.0,-1124.0,-123.0,2
11287,79.0,-291.0,-53.0,14.0,-214.0,-111.0,278.0,-1125.0,-150.0,2
11288,76.0,-291.0,-64.0,15.0,-174.0,-101.0,248.0,-1130.0,-176.0,2
11289,69.0,-288.0,-65.0,20.0,-130.0,-93.0,234.0,-1126.0,-202.0,2
11290,63.0,-290.0,-77.0,39.0,-89.0,-79.0,210.0,-1128.0,-221.0,2
11291,59.0,-291.0,-80.0,52.0,-49.0,-69.0,205.0,-1128.0,-237.0,2
11292,60.0,-289.0,-79.0,60.0,-9.0,-55.0,201.0,-1125.0,-249.0,2
11293,65.0,-287.0,-82.0,66.0,39.0,-45.0,215.0,-1123.0,-252.0,2
11294,72.0,-287.0,-87.0,72.0,103.0,-33.0,223.0,-1114.0,-261.0,2
11295,75.0,-284.0,-86.0,75.0,178.0,-37.0,238.0,-1103.0,-267.0,2
11296,75.0,-281.0,-90.0,66.0,249.0,-38.0,245.0,-1102.0,-282.0,2
11297,76.0,-279.0,-99.0,46.0,312.0,-47.0,246.0,-1096.0,-290.0,2
11298,65.0,-274.0,-98.0,8.0,345.0,-58.0,234.0,-1090.0,-319.0,2
11299,59.0,-278.0,-99.0,-22.0,366.0,-66.0,198.0,-1094.0,-332.0,2
11300,48.0,-280.0,-102.0,-36.0,376.0,-68.0,149.0,-1095.0,-329.0,2
11301,32.0,-282.0,-97.0,-24.0,373.0,-71.0,95.0,-1097.0,-317.0,2
11302,22.0,-284.0,-95.0,12.0,363.0,-66.0,49.0,-1094.0,-307.0,2
11303,7.0,-277.0,-91.0,63.0,343.0,-51.0,6.0,-1085.0,-290.0,2
11304,-2.0,-271.0,-86.0,116.0,325.0,-26.0,-32.0,-1053.0,-282.0,2
11305,-8.0,-260.0,-91.0,158.0,296.0,-3.0,-49.0,-1019.0,-289.0,2
11306,-11.0,-249.0,-93.0,187.0,263.0,24.0,-77.0,-967.0,-295.0,2
11307,-17.0,-242.0,-96.0,200.0,224.0,46.0,-101.0,-926.0,-315.0,2
11308,-22.0,-233.0,-100.0,196.0,169.0,65.0,-115.0,-896.0,-340.0,2
11309,-33.0,-221.0,-113.0,182.0,122.0,76.0,-140.0,-875.0,-375.0,2
11310,-42.0,-218.0,-120.0,163.0,70.0,83.0,-176.0,-852.0,-407.0,2
11311,-49.0,-213.0,-122.0,141.0,15.0,84.0,-198.0,-842.0,-426.0,2
11312,-52.0,-210.0,-124.0,123.0,-42.0,86.0,-222.0,-824.0,-437.0,2
11313,-55.0,-202.0,-127.0,110.0,-88.0,83.0,-234.0,-805.0,-452.0,2
11314,-49.0,-201.0,-126.0,93.0,-120.0,84.0,-222.0,-787.0,-449.0,2
11315,-46.0,-198.0,-130.0,72.0,-141.0,74.0,-204.0,-777.0,-464.0,2
11316,-45.0,-194.0,-130.0,41.0,-150.0,64.0,-194.0,-760.0,-453.0,2
11317,-39.0,-193.0,-126.0,4.0,-152.0,49.0,-187.0,-756.0,-443.0,2
11318,-37.0,-190.0,-127.0,-37.0,-152.0,34.0,-177.0,-753.0,-442.0,2
11319,-31.0,-194.0,-119.0,-103.0,-149.0,18.0,-159.0,-754.0,-430.0,2
11320,-25.0,-194.0,-115.0,-147.0,-145.0,6.0,-130.0,-753.0,-403.0,2
11321,-21.0,-199.0,-116.0,-176.0,-142.0,-2.0,-104.0,-779.0,-396.0,2
11322,-12.0,-207.0,-117.0,-201.0,-141.0,-4.0,-77.0,-808.0,-392.0,2
11323,-4.0,-215.0,-111.0,-221.0,-131.0,-7.0,-39.0,-839.0,-380.0,2
11324,4.0,-222.0,-111.0,-232.0,-111.0,-4.0,-15.0,-869.0,-380.0,2
11325,9.0,-231.0,-104.0,-237.0,-93.0,-7.0,5.0,-909.0,-352.0,2
11326,10.0,-242.0,-104.0,-241.0,-77.0,1.0,10.0,-944.0,-338.0,2
11327,13.0,-253.0,-97.0,-232.0,-60.0,7.0,17.0,-961.0,-315.0,2
11328,14.0,-253.0,-92.0,-203.0,-41.0,21.0,19.0,-968.0,-298.0,2
11329,11.0,-253.0,-88.0,-151.0,-20.0,27.0,11.0,-969.0,-286.0,2
11330,10.0,-252.0,-89.0,-105.0,-3.0,38.0,4.0,-970.0,-285.0,2
11331,3.0,-251.0,-87.0,-70.0,14.0,51.0,-11.0,-973.0,-275.0,2
11332,-2.0,-256.0,-85.0,-46.0,29.0,76.0,-28.0,-987.0,-272.0,2
11333,-3.0,-260.0,-86.0,-40.0,45.0,101.0,-43.0,-1009.0,-276.0,2
11334,-1.0,-260.0,-90.0,-46.0,60.0,130.0,-37.0,-1021.0,-273.0,2
11335,3.0,-263.0,-86.0,-45.0,74.0,151.0,-24.0,-1026.0,-270.0,2
11336,9.0,-272.0,-88.0,-25.0,101.0,182.0,-5.0,-1048.0,-279.0,2
11337,10.0,-275.0,-90.0,-4.0,134.0,209.0,5.0,-1067.0,-290.0,2
11338,11.0,-277.0,-93.0,23.0,160.0,240.0,11.0,-1078.0,-289.0,2
11339,10.0,-281.0,-88.0,51.0,177.0,271.0,7.0,-1088.0,-281.0,2
11340,17.0,-280.0,-83.0,93.0,188.0,297.0,22.0,-1088.0,-268.0,2
11341,20.0,-274.0,-83.0,129.0,198.0,306.0,45.0,-1067.0,-252.0,2
11342,24.0,-267.0,-79.0,167.0,212.0,317.0,52.0,-1049.0,-237.0,2
11343,23.0,-262.0,-73.0,200.0,227.0,321.0,47.0,-1016.0,-216.0,2
11344,21.0,-256.0,-73.0,229.0,243.0,325.0,50.0,-998.0,-220.0,2
11345,18.0,-243.0,-69.0,252.0,250.0,315.0,46.0,-958.0,-218.0,2
11346,16.0,-241.0,-72.0,265.0,256.0,310.0,29.0,-929.0,-217.0,2
11347,10.0,-233.0,-76.0,273.0,267.0,301.0,11.0,-905.0,-215.0,2
11348,6.0,-228.0,-67.0,272.0,284.0,294.0,4.0,-881.0,-208.0,2
11349,2.0,-216.0,-65.0,269.0,300.0,279.0,-10.0,-853.0,-201.0,2
11350,-2.0,-212.0,-68.0,254.0,314.0,270.0,-37.0,-834.0,-193.0,2
11351,-5.0,-211.0,-67.0,230.0,327.0,267.0,-49.0,-818.0,-195.0,2
11352,-5.0,-205.0,-66.0,200.0,344.0,264.0,-46.0,-810.0,-186.0,2
11353,-12.0,-207.0,-63.0,166.0,351.0,255.0,-65.0,-803.0,-175.0,2
11354,-12.0,-206.0,-63.0,140.0,348.0,258.0,-81.0,-806.0,-186.0,2
11355,-16.0,-206.0,-65.0,117.0,344.0,256.0,-83.0,-807.0,-186.0,2
11356,-17.0,-206.0,-65.0,93.0,332.0,257.0,-104.0,-811.0,-190.0,2
11357,-22.0,-207.0,-64.0,67.0,318.0,254.0,-108.0,-809.0,-186.0,2
11358,-28.0,-210.0,-61.0,43.0,304.0,256.0,-119.0,-821.0,-186.0,2
11359,-28.0,-217.0,-58.0,23.0,289.0,254.0,-122.0,-840.0,-178.0,2
11360,-26.0,-222.0,-57.0,3.0,272.0,264.0,-124.0,-856.0,-170.0,2
11361,-22.0,-226.0,-57.0,-13.0,254.0,266.0,-115.0,-876.0,-166.0,2
11362,-17.0,-229.0,-57.0,-20.0,247.0,269.0,-104.0,-888.0,-162.0,2
11363,-14.0,-236.0,-57.0,-26.0,248.0,262.0,-99.0,-906.0,-159.0,2
11364,-14.0,-240.0,-58.0,-31.0,248.0,260.0,-82.0,-915.0,-153.0,2
11365,-11.0,-242.0,-58.0,-27.0,244.0,248.0,-74.0,-925.0,-153.0,2
11366,-6.0,-244.0,-58.0,-23.0,239.0,239.0,-53.0,-933.0,-165.0,2
11367,-9.0,-243.0,-60.0,-25.0,230.0,223.0,-58.0,-939.0,-164.0,2
11368,-9.0,-243.0,-58.0,-25.0,220.0,216.0,-55.0,-938.0,-157.0,2
11369,-2.0,-244.0,-58.0,-15.0,218.0,211.0,-43.0,-944.0,-158.0,2
11370,0.0,-247.0,-57.0,-1.0,225.0,207.0,-28.0,-942.0,-147.0,2
11371,-1.0,-241.0,-56.0,12.0,234.0,188.0,-27.0,-924.0,-143.0,2
11372,-2.0,-239.0,-53.0,17.0,241.0,179.0,-30.0,-929.0,-145.0,2
11373,2.0,-240.0,-52.0,10.0,246.0,165.0,-28.0,-920.0,-136.0,2
11374,-3.0,-235.0,-54.0,3.0,240.0,156.0,-40.0,-919.0,-136.0,2
11375,-2.0,-238.0,-53.0,-2.0,234.0,146.0,-39.0,-909.0,-141.0,2
11376,-5.0,-233.0,-55.0,-11.0,231.0,141.0,-37.0,-910.0,-146.0,2
11377,-2.0,-235.0,-54.0,-23.0,237.0,129.0,-24.0,-909.0,-138.0,2
11378,-4.0,-235.0,-55.0,-31.0,254.0,115.0,-35.0,-912.0,-130.0,2
11379,-6.0,-238.0,-53.0,-30.0,267.0,100.0,-50.0,-912.0,-145.0,2
11380,-7.0,-239.0,-51.0,-31.0,270.0,91.0,-64.0,-913.0,-137.0,2
11381,-9.0,-237.0,-54.0,-26.0,267.0,80.0,-61.0,-910.0,-134.0,2
11382,-9.0,-236.0,-56.0,-20.0,266.0,76.0,-68.0,-906.0,-142.0,2
11383,-7.0,-233.0,-52.0,-23.0,272.0,67.0,-64.0,-902.0,-140.0,2
11384,-8.0,-235.0,-56.0,-35.0,284.0,63.0,-59.0,-902.0,-143.0,2
11385,-10.0,-231.0,-55.0,-52.0,295.0,53.0,-59.0,-905.0,-141.0,2
11386,-7.0,-231.0,-56.0,-66.0,303.0,51.0,-52.0,-897.0,-135.0,2
11387,-6.0,-232.0,-53.0,-77.0,311.0,44.0,-48.0,-898.0,-128.0,2
11388,-4.0,-233.0,-50.0,-90.0,315.0,40.0,-45.0,-901.0,-134.0,2
11389,-4.0,-234.0,-52.0,-100.0,321.0,32.0,-45.0,-907.0,-124.0,2
11390,-4.0,-238.0,-47.0,-107.0,327.0,30.0,-37.0,-914.0,-112.0,2
11391,-3.0,-241.0,-42.0,-101.0,328.0,19.0,-34.0,-924.0,-92.0,2
11392,-2.0,-244.0,-40.0,-88.0,329.0,10.0,-38.0,-928.0,-92.0,2
11393,-3.0,-244.0,-40.0,-71.0,332.0,0.0,-40.0,-935.0,-88.0,2
11394,0.0,-243.0,-39.0,-64.0,336.0,-2.0,-25.0,-942.0,-93.0,2
11395,2.0,-243.0,-46.0,-66.0,340.0,-11.0,-19.0,-943.0,-92.0,2
11396,2.0,-245.0,-40.0,-69.0,346.0,-16.0,-17.0,-942.0,-91.0,2
11397,3.0,-245.0,-41.0,-68.0,349.0,-27.0,-21.0,-949.0,-98.0,2
11398,-2.0,-249.0,-45.0,-66.0,352.0,-34.0,-28.0,-956.0,-103.0,2
11399,-6.0,-246.0,-47.0,-64.0,353.0,-46.0,-35.0,-951.0,-104.0,2
11400,-9.0,-250.0,-47.0,-66.0,350.0,-54.0,-58.0,-955.0,-100.0,2
11401,-12.0,-248.0,-46.0,-68.0,341.0,-63.0,-81.0,-957.0,-110.0,2
11402,-22.0,-247.0,-42.0,-69.0,327.0,-68.0,-110.0,-950.0,-120.0,2
11403,-26.0,-251.0,-49.0,-71.0,299.0,-76.0,-139.0,-950.0,-120.0,2
11404,-36.0,-247.0,-50.0,-71.0,268.0,-77.0,-155.0,-945.0,-141.0,2
11405,-37.0,-245.0,-58.0,-75.0,235.0,-74.0,-167.0,-949.0,-158.0,2
11406,-37.0,-249.0,-56.0,-81.0,210.0,-62.0,-171.0,-947.0,-165.0,2
11407,-37.0,-247.0,-58.0,-88.0,200.0,-46.0,-164.0,-949.0,-163.0,2
11408,-27.0,-249.0,-58.0,-90.0,203.0,-24.0,-142.0,-953.0,-148.0,2
11409,-18.0,-250.0,-51.0,-92.0,219.0,-10.0,-111.0,-959.0,-134.0,2
11410,-12.0,-249.0,-48.0,-92.0,241.0,2.0,-78.0,-957.0,-122.0,2
11411,-6.0,-249.0,-43.0,-88.0,254.0,5.0,-44.0,-958.0,-112.0,2
11412,2.0,-248.0,-50.0,-81.0,265.0,8.0,-26.0,-957.0,-100.0,2
11413,4.0,-247.0,-48.0,-77.0,268.0,3.0,-5.0,-951.0,-115.0,2
11414,6.0,-247.0,-51.0,-74.0,267.0,5.0,-1.0,-954.0,-124.0,2
11415,5.0,-249.0,-55.0,-76.0,267.0,-3.0,-3.0,-960.0,-142.0,2
11416,4.0,-253.0,-55.0,-79.0,268.0,-2.0,-11.0,-964.0,-147.0,2
11417,2.0,-251.0,-56.0,-84.0,274.0,-3.0,-19.0,-970.0,-151.0,2
11418,-3.0,-255.0,-55.0,-81.0,282.0,2.0,-39.0,-978.0,-147.0,2
11419,-7.0,-258.0,-55.0,-69.0,295.0,5.0,-47.0,-997.0,-141.0,2
11420,-8.0,-260.0,-55.0,-52.0,309.0,15.0,-62.0,-1010.0,-138.0,2
11421,-9.0,-259.0,-45.0,-34.0,328.0,15.0,-60.0,-1014.0,-118.0,2
11422,-7.0,-266.0,-39.0,-12.0,344.0,21.0,-61.0,-1030.0,-93.0,2
11423,-9.0,-265.0,-34.0,13.0,359.0,24.0,-61.0,-1032.0,-74.0,2
11424,-9.0,-263.0,-35.0,34.0,374.0,31.0,-55.0,-1042.0,-66.0,2
11425,-3.0,-270.0,-25.0,46.0,392.0,36.0,-48.0,-1042.0,-37.0,2
11426,-3.0,-267.0,-23.0,61.0,411.0,48.0,-33.0,-1042.0,-13.0,2
11427,-1.0,-267.0,-18.0,86.0,434.0,55.0,-26.0,-1049.0,-13.0,2
11428,11.0,-273.0,-21.0,102.0,456.0,70.0,6.0,-1056.0,-6.0,2
11429,18.0,-274.0,-15.0,106.0,489.0,71.0,31.0,-1067.0,21.0,2
11430,16.0,-278.0,-13.0,119.0,528.0,78.0,25.0,-1085.0,17.0,2
11431,22.0,-282.0,-15.0,119.0,559.0,93.0,52.0,-1096.0,13.0,2
11432,20.0,-284.0,-14.0,115.0,584.0,108.0,45.0,-1100.0,20.0,2
11433,17.0,-284.0,-19.0,123.0,610.0,111.0,36.0,-1092.0,20.0,2
11434,14.0,-281.0,-15.0,137.0,632.0,115.0,23.0,-1092.0,10.0,2
11435,8.0,-279.0,-14.0,158.0,648.0,104.0,6.0,-1074.0,13.0,2
11436,11.0,-270.0,-11.0,177.0,659.0,99.0,0.0,-1051.0,31.0,2
11437,5.0,-263.0,-14.0,192.0,669.0,90.0,-12.0,-1022.0,29.0,2
11438,-1.0,-254.0,-11.0,183.0,686.0,85.0,-31.0,-981.0,32.0,2
11439,-8.0,-246.0,-10.0,154.0,705.0,77.0,-66.0,-953.0,26.0,2
11440,-13.0,-247.0,-14.0,112.0,717.0,76.0,-85.0,-958.0,14.0,2
11441,-20.0,-248.0,-22.0,60.0,714.0,70.0,-101.0,-961.0,-8.0,2
11442,-22.0,-251.0,-30.0,11.0,699.0,71.0,-115.0,-962.0,-37.0,2
11443,-23.0,-254.0,-42.0,-32.0,693.0,75.0,-126.0,-987.0,-73.0,2
11444,-23.0,-261.0,-40.0,-66.0,701.0,86.0,-129.0,-1028.0,-94.0,2
11445,-29.0,-269.0,-42.0,-85.0,706.0,85.0,-139.0,-1055.0,-86.0,2
11446,-38.0,-283.0,-37.0,-87.0,692.0,87.0,-171.0,-1087.0,-75.0,2
11447,-43.0,-285.0,-30.0,-73.0,656.0,84.0,-192.0,-1102.0,-58.0,2
11448,-45.0,-293.0,-36.0,-54.0,607.0,86.0,-207.0,-1124.0,-68.0,2
11449,-51.0,-289.0,-40.0,-39.0,557.0,77.0,-218.0,-1129.0,-78.0,2
11450,-50.0,-292.0,-43.0,-28.0,508.0,76.0,-224.0,-1137.0,-100.0,2
11451,-53.0,-293.0,-54.0,-20.0,450.0,65.0,-226.0,-1134.0,-148.0,2
11452,-54.0,-292.0,-60.0,-25.0,388.0,61.0,-227.0,-1132.0,-182.0,2
11453,-51.0,-291.0,-77.0,-34.0,327.0,48.0,-235.0,-1132.0,-223.0,2
11454,-55.0,-291.0,-80.0,-48.0,257.0,46.0,-234.0,-1128.0,-253.0,2
11455,-57.0,-294.0,-86.0,-57.0,193.0,52.0,-239.0,-1130.0,-272.0,2
11456,-56.0,-299.0,-87.0,-62.0,132.0,71.0,-238.0,-1146.0,-273.0,2
11457,-57.0,-300.0,-86.0,-64.0,83.0,87.0,-240.0,-1174.0,-265.0,2
11458,-60.0,-310.0,-79.0,-61.0,25.0,109.0,-256.0,-1202.0,-255.0,2
11459,-61.0,-321.0,-75.0,-45.0,-32.0,139.0,-257.0,-1219.0,-225.0,2
11460,-59.0,-323.0,-64.0,-6.0,-93.0,176.0,-248.0,-1248.0,-202.0,2
11461,-55.0,-328.0,-66.0,54.0,-167.0,208.0,-248.0,-1258.0,-198.0,2
11462,-58.0,-326.0,-69.0,126.0,-236.0,217.0,-239.0,-1258.0,-210.0,2
11463,-45.0,-322.0,-75.0,197.0,-302.0,208.0,-217.0,-1230.0,-233.0,2
11464,-33.0,-317.0,-91.0,255.0,-361.0,201.0,-180.0,-1210.0,-275.0,2
11465,-29.0,-304.0,-98.0,288.0,-399.0,189.0,-147.0,-1172.0,-313.0,2
11466,-21.0,-293.0,-102.0,312.0,-412.0,166.0,-111.0,-1129.0,-332.0,2
11467,-12.0,-279.0,-103.0,341.0,-400.0,140.0,-91.0,-1081.0,-338.0,2
11468,-12.0,-262.0,-107.0,358.0,-385.0,122.0,-70.0,-1034.0,-346.0,2
11469,-4.0,-254.0,-109.0,359.0,-367.0,100.0,-49.0,-988.0,-357.0,2
11470,4.0,-239.0,-116.0,344.0,-350.0,82.0,-18.0,-948.0,-379.0,2
11471,12.0,-233.0,-117.0,313.0,-336.0,60.0,30.0,-906.0,-387.0,2
11472,23.0,-225.0,-115.0,275.0,-322.0,41.0,62.0,-882.0,-393.0,2
11473,29.0,-223.0,-119.0,238.0,-298.0,15.0,92.0,-869.0,-400.0,2
11474,34.0,-219.0,-115.0,200.0,-266.0,-5.0,103.0,-863.0,-395.0,2
11475,42.0,-217.0,-119.0,164.0,-223.0,-23.0,128.0,-854.0,-400.0,2
11476,45.0,-215.0,-122.0,138.0,-177.0,-43.0,153.0,-847.0,-414.0,2
11477,53.0,-211.0,-121.0,121.0,-125.0,-56.0,174.0,-833.0,-430.0,2
11478,59.0,-208.0,-131.0,115.0,-81.0,-62.0,204.0,-825.0,-456.0,2
11479,65.0,-204.0,-133.0,112.0,-42.0,-74.0,213.0,-815.0,-465.0,2
11480,63.0,-197.0,-132.0,99.0,-17.0,-76.0,225.0,-795.0,-466.0,2
11481,66.0,-194.0,-136.0,75.0,-4.0,-76.0,232.0,-774.0,-468.0,2
11482,65.0,-186.0,-135.0,37.0,7.0,-65.0,231.0,-752.0,-467.0,2
11483,61.0,-186.0,-135.0,-16.0,27.0,-52.0,221.0,-734.0,-462.0,2
11484,59.0,-190.0,-131.0,-82.0,58.0,-30.0,208.0,-754.0,-452.0,2
11485,52.0,-195.0,-124.0,-149.0,92.0,-11.0,175.0,-780.0,-446.0,2
11486,40.0,-199.0,-117.0,-204.0,121.0,12.0,138.0,-781.0,-397.0,2
11487,32.0,-202.0,-106.0,-222.0,124.0,40.0,99.0,-790.0,-367.0,2
11488,22.0,-208.0,-112.0,-192.0,94.0,65.0,76.0,-809.0,-371.0,2
11489,25.0,-209.0,-120.0,-181.0,76.0,77.0,60.0,-847.0,-411.0,2
11490,27.0,-223.0,-119.0,-209.0,87.0,82.0,70.0,-884.0,-411.0,2
11491,27.0,-235.0,-107.0,-242.0,102.0,76.0,67.0,-902.0,-359.0,2
11492,17.0,-244.0,-93.0,-245.0,107.0,58.0,42.0,-936.0,-309.0,2
11493,16.0,-256.0,-91.0,-220.0,106.0,22.0,34.0,-982.0,-295.0,2
11494,13.0,-261.0,-90.0,-198.0,109.0,-14.0,22.0,-1018.0,-296.0,2
11495,8.0,-263.0,-92.0,-194.0,114.0,-55.0,10.0,-1032.0,-298.0,2
11496,8.0,-265.0,-88.0,-197.0,112.0,-96.0,0.0,-1032.0,-280.0,2
11497,6.0,-261.0,-81.0,-180.0,97.0,-133.0,-3.0,-1008.0,-253.0,2
11498,5.0,-257.0,-81.0,-120.0,61.0,-166.0,-2.0,-990.0,-255.0,2
11499,4.0,-251.0,-82.0,-39.0,36.0,-191.0,-3.0,-951.0,-254.0,2
11500,5.0,-245.0,-88.0,10.0,19.0,-202.0,-5.0,-949.0,-270.0,2
11501,10.0,-244.0,-90.0,21.0,13.0,-215.0,11.0,-943.0,-287.0,2
11502,8.0,-247.0,-91.0,-4.0,6.0,-229.0,9.0,-953.0,-282.0,2
11503,1.0,-253.0,-86.0,-45.0,0.0,-251.0,-12.0,-969.0,-277.0,2
11504,-2.0,-257.0,-82.0,-86.0,-8.0,-266.0,-37.0,-995.0,-259.0,2
11505,-5.0,-258.0,-77.0,-107.0,-22.0,-279.0,-42.0,-1014.0,-251.0,2
11506,-7.0,-267.0,-75.0,-103.0,-43.0,-286.0,-49.0,-1030.0,-225.0,2
11507,-8.0,-269.0,-72.0,-73.0,-63.0,-291.0,-52.0,-1046.0,-214.0,2
11508,-8.0,-268.0,-68.0,-30.0,-83.0,-291.0,-49.0,-1045.0,-211.0,2
11509,-2.0,-267.0,-67.0,24.0,-107.0,-294.0,-41.0,-1038.0,-206.0,2
11510,-3.0,-262.0,-70.0,64.0,-128.0,-292.0,-37.0,-1022.0,-208.0,2
11511,-1.0,-256.0,-66.0,88.0,-146.0,-292.0,-25.0,-995.0,-198.0,2
11512,1.0,-243.0,-68.0,103.0,-159.0,-288.0,-20.0,-949.0,-191.0,2
11513,1.0,-239.0,-67.0,116.0,-173.0,-286.0,-17.0,-920.0,-193.0,2
11514,6.0,-230.0,-67.0,120.0,-184.0,-280.0,-1.0,-888.0,-197.0,2
11515,8.0,-221.0,-68.0,110.0,-191.0,-278.0,9.0,-868.0,-210.0,2
11516,14.0,-216.0,-69.0,88.0,-198.0,-276.0,19.0,-843.0,-200.0,2
11517,15.0,-208.0,-66.0,67.0,-204.0,-275.0,37.0,-828.0,-193.0,2
11518,17.0,-209.0,-62.0,45.0,-210.0,-276.0,43.0,-822.0,-185.0,2
11519,24.0,-206.0,-62.0,28.0,-216.0,-281.0,56.0,-809.0,-179.0,2
11520,28.0,-207.0,-67.0,19.0,-219.0,-279.0,73.0,-811.0,-187.0,2
11521,34.0,-208.0,-67.0,8.0,-209.0,-285.0,89.0,-819.0,-199.0,2
11522,32.0,-210.0,-67.0,-14.0,-192.0,-288.0,99.0,-828.0,-209.0,2
11523,33.0,-212.0,-65.0,-43.0,-171.0,-289.0,97.0,-843.0,-201.0,2
11524,34.0,-221.0,-63.0,-72.0,-154.0,-289.0,105.0,-870.0,-192.0,2
11525,36.0,-230.0,-62.0,-102.0,-146.0,-302.0,102.0,-891.0,-178.0,2
11526,33.0,-233.0,-58.0,-122.0,-147.0,-317.0,88.0,-909.0,-173.0,2
11527,28.0,-238.0,-60.0,-128.0,-146.0,-322.0,81.0,-919.0,-154.0,2
11528,33.0,-240.0,-57.0,-113.0,-142.0,-318.0,94.0,-932.0,-156.0,2
11529,31.0,-244.0,-55.0,-98.0,-139.0,-323.0,95.0,-936.0,-150.0,2
11530,26.0,-242.0,-58.0,-82.0,-137.0,-320.0,77.0,-939.0,-163.0,2
11531,26.0,-242.0,-62.0,-80.0,-133.0,-316.0,67.0,-943.0,-169.0,2
11532,25.0,-242.0,-57.0,-88.0,-131.0,-312.0,62.0,-943.0,-164.0,2
11533,21.0,-245.0,-58.0,-93.0,-140.0,-313.0,54.0,-948.0,-150.0,2
11534,10.0,-243.0,-59.0,-93.0,-155.0,-316.0,21.0,-941.0,-151.0,2
11535,7.0,-242.0,-57.0,-80.0,-156.0,-309.0,-1.0,-929.0,-152.0,2
11536,9.0,-239.0,-57.0,-68.0,-153.0,-296.0,6.0,-909.0,-161.0,2
11537,10.0,-232.0,-60.0,-62.0,-146.0,-286.0,8.0,-899.0,-164.0,2
11538,10.0,-226.0,-57.0,-59.0,-142.0,-272.0,7.0,-879.0,-160.0,2
11539,10.0,-222.0,-58.0,-58.0,-145.0,-257.0,11.0,-865.0,-163.0,2
11540,9.0,-216.0,-59.0,-60.0,-152.0,-243.0,16.0,-850.0,-164.0,2
11541,12.0,-215.0,-59.0,-69.0,-154.0,-234.0,24.0,-842.0,-157.0,2
11542,15.0,-211.0,-54.0,-78.0,-154.0,-220.0,36.0,-841.0,-149.0,2
11543,19.0,-211.0,-47.0,-88.0,-151.0,-207.0,49.0,-835.0,-136.0,2
11544,27.0,-211.0,-52.0,-101.0,-139.0,-190.0,65.0,-834.0,-130.0,2
11545,28.0,-212.0,-52.0,-122.0,-126.0,-174.0,90.0,-836.0,-121.0,2
11546,33.0,-216.0,-49.0,-147.0,-113.0,-157.0,105.0,-847.0,-119.0,2
11547,37.0,-221.0,-50.0,-174.0,-97.0,-136.0,108.0,-857.0,-124.0,2
11548,35.0,-228.0,-50.0,-192.0,-83.0,-114.0,106.0,-880.0,-124.0,2
11549,34.0,-232.0,-51.0,-197.0,-76.0,-92.0,101.0,-898.0,-133.0,2
11550,33.0,-239.0,-50.0,-195.0,-80.0,-69.0,100.0,-919.0,-131.0,2
11551,34.0,-243.0,-51.0,-189.0,-92.0,-46.0,97.0,-934.0,-131.0,2
11552,30.0,-243.0,-51.0,-178.0,-101.0,-27.0,90.0,-941.0,-125.0,2
11553,29.0,-246.0,-47.0,-166.0,-107.0,-13.0,83.0,-947.0,-121.0,2
11554,23.0,-245.0,-51.0,-151.0,-109.0,5.0,68.0,-947.0,-120.0,2
11555,21.0,-247.0,-50.0,-136.0,-108.0,21.0,54.0,-951.0,-123.0,2
11556,20.0,-250.0,-53.0,-128.0,-105.0,39.0,58.0,-953.0,-124.0,2
11557,20.0,-249.0,-50.0,-123.0,-102.0,56.0,45.0,-955.0,-134.0,2
11558,20.0,-252.0,-51.0,-121.0,-95.0,72.0,41.0,-967.0,-122.0,2
11559,14.0,-253.0,-47.0,-122.0,-87.0,82.0,38.0,-973.0,-118.0,2
11560,16.0,-254.0,-44.0,-117.0,-80.0,93.0,35.0,-981.0,-103.0,2
11561,17.0,-256.0,-39.0,-111.0,-77.0,100.0,38.0,-996.0,-87.0,2
11562,19.0,-256.0,-37.0,-94.0,-74.0,105.0,43.0,-997.0,-71.0,2
11563,19.0,-259.0,-33.0,-73.0,-72.0,104.0,48.0,-998.0,-57.0,2
11564,21.0,-256.0,-38.0,-60.0,-73.0,100.0,55.0,-1000.0,-64.0,2
11565,22.0,-256.0,-33.0,-55.0,-75.0,91.0,61.0,-996.0,-59.0,2
11566,22.0,-253.0,-35.0,-42.0,-76.0,80.0,66.0,-976.0,-65.0,2
11567,27.0,-254.0,-41.0,-28.0,-79.0,67.0,74.0,-978.0,-85.0,2
11568,31.0,-253.0,-43.0,-25.0,-79.0,62.0,83.0,-976.0,-97.0,2
11569,35.0,-253.0,-48.0,-23.0,-67.0,59.0,100.0,-973.0,-124.0,2
11570,38.0,-255.0,-50.0,-25.0,-50.0,50.0,112.0,-977.0,-133.0,2
11571,40.0,-255.0,-53.0,-29.0,-35.0,39.0,122.0,-981.0,-146.0,2
11572,37.0,-256.0,-56.0,-34.0,-22.0,20.0,119.0,-995.0,-152.0,2
11573,36.0,-257.0,-57.0,-40.0,-21.0,3.0,113.0,-1002.0,-154.0,2
11574,35.0,-260.0,-54.0,-45.0,-26.0,-5.0,105.0,-1007.0,-144.0,2
11575,31.0,-259.0,-50.0,-44.0,-35.0,-13.0,91.0,-1004.0,-136.0,2
11576,30.0,-258.0,-54.0,-42.0,-50.0,-18.0,76.0,-1003.0,-136.0,2
11577,26.0,-259.0,-54.0,-44.0,-62.0,-25.0,62.0,-1003.0,-135.0,2
11578,20.0,-254.0,-56.0,-46.0,-68.0,-29.0,50.0,-991.0,-125.0,2
11579,17.0,-257.0,-54.0,-47.0,-74.0,-30.0,43.0,-999.0,-138.0,2
11580,13.0,-254.0,-48.0,-56.0,-84.0,-31.0,30.0,-983.0,-120.0,2
11581,10.0,-254.0,-51.0,-48.0,-94.0,-32.0,11.0,-971.0,-125.0,2
11582,10.0,-253.0,-55.0,-30.0,-106.0,-34.0,2.0,-978.0,-134.0,2
11583,4.0,-251.0,-55.0,-14.0,-123.0,-34.0,-14.0,-971.0,-142.0,2
11584,2.0,-250.0,-56.0,-9.0,-143.0,-28.0,-21.0,-954.0,-145.0,2
11585,1.0,-247.0,-54.0,-5.0,-166.0,-23.0,-6.0,-950.0,-144.0,2
11586,7.0,-245.0,-57.0,-7.0,-186.0,-16.0,2.0,-946.0,-146.0,2
11587,13.0,-244.0,-56.0,-13.0,-203.0,-12.0,24.0,-945.0,-137.0,2
11588,19.0,-245.0,-52.0,-20.0,-215.0,-10.0,49.0,-944.0,-135.0,2
11589,25.0,-244.0,-49.0,-32.0,-226.0,-11.0,77.0,-940.0,-111.0,2
11590,31.0,-246.0,-47.0,-30.0,-235.0,-16.0,86.0,-953.0,-116.0,2
11591,35.0,-248.0,-37.0,-30.0,-245.0,-21.0,102.0,-962.0,-90.0,2
11592,34.0,-247.0,-39.0,-32.0,-263.0,-31.0,104.0,-971.0,-72.0,2
11593,30.0,-256.0,-37.0,-36.0,-284.0,-51.0,95.0,-996.0,-64.0,2
11594,27.0,-260.0,-28.0,-47.0,-301.0,-61.0,74.0,-1009.0,-48.0,2
11595,20.0,-262.0,-30.0,-52.0,-316.0,-66.0,57.0,-1024.0,-34.0,2
11596,20.0,-269.0,-25.0,-48.0,-328.0,-68.0,45.0,-1043.0,-35.0,2
11597,18.0,-272.0,-29.0,-44.0,-347.0,-68.0,24.0,-1063.0,-20.0,2
11598,16.0,-275.0,-20.0,-39.0,-365.0,-69.0,28.0,-1068.0,-12.0,2
11599,12.0,-279.0,-22.0,-22.0,-385.0,-68.0,19.0,-1082.0,-14.0,2
11600,12.0,-282.0,-24.0,-10.0,-403.0,-72.0,19.0,-1091.0,-22.0,2
11601,11.0,-282.0,-23.0,-5.0,-419.0,-72.0,11.0,-1098.0,-10.0,2
11602,11.0,-286.0,-21.0,6.0,-435.0,-70.0,10.0,-1104.0,2.0,2
11603,13.0,-285.0,-18.0,20.0,-454.0,-64.0,19.0,-1100.0,-12.0,2
11604,17.0,-282.0,-24.0,25.0,-478.0,-61.0,24.0,-1101.0,-28.0,2
11605,17.0,-280.0,-33.0,14.0,-506.0,-64.0,45.0,-1095.0,-50.0,2
11606,23.0,-279.0,-44.0,0.0,-540.0,-68.0,66.0,-1089.0,-92.0,2
11607,29.0,-276.0,-50.0,-15.0,-570.0,-76.0,77.0,-1085.0,-119.0,2
11608,35.0,-278.0,-45.0,-23.0,-590.0,-80.0,100.0,-1082.0,-123.0,2
11609,43.0,-280.0,-45.0,-14.0,-599.0,-82.0,128.0,-1084.0,-105.0,2
11610,54.0,-280.0,-44.0,8.0,-592.0,-88.0,172.0,-1085.0,-99.0,2
11611,65.0,-278.0,-45.0,25.0,-565.0,-93.0,211.0,-1084.0,-94.0,2
11612,79.0,-279.0,-41.0,25.0,-518.0,-103.0,247.0,-1087.0,-76.0,2
11613,82.0,-280.0,-39.0,25.0,-463.0,-113.0,268.0,-1087.0,-75.0,2
11614,82.0,-282.0,-42.0,21.0,-410.0,-125.0,276.0,-1087.0,-85.0,2
11615,76.0,-281.0,-50.0,15.0,-355.0,-131.0,271.0,-1098.0,-112.0,2
11616,73.0,-281.0,-55.0,7.0,-316.0,-134.0,250.0,-1110.0,-152.0,2
11617,68.0,-284.0,-62.0,-2.0,-279.0,-134.0,225.0,-1118.0,-182.0,2
11618,62.0,-287.0,-70.0,-3.0,-242.0,-133.0,208.0,-1122.0,-205.0,2
11619,60.0,-289.0,-74.0,4.0,-204.0,-134.0,199.0,-1126.0,-224.0,2
11620,54.0,-290.0,-79.0,18.0,-165.0,-135.0,183.0,-1130.0,-243.0,2
11621,58.0,-289.0,-79.0,26.0,-118.0,-132.0,186.0,-1132.0,-255.0,2
11622,67.0,-293.0,-87.0,34.0,-65.0,-131.0,214.0,-1133.0,-260.0,2
11623,71.0,-294.0,-83.0,47.0,-6.0,-129.0,234.0,-1142.0,-270.0,2
11624,81.0,-295.0,-86.0,63.0,65.0,-134.0,264.0,-1143.0,-281.0,2
11625,85.0,-295.0,-91.0,73.0,155.0,-146.0,281.0,-1148.0,-281.0,2
11626,85.0,-288.0,-87.0,88.0,226.0,-158.0,283.0,-1132.0,-278.0,2
11627,79.0,-285.0,-90.0,103.0,291.0,-170.0,278.0,-1123.0,-290.0,2
11628,75.0,-280.0,-96.0,103.0,342.0,-169.0,258.0,-1106.0,-298.0,2
11629,70.0,-276.0,-95.0,106.0,385.0,-167.0,232.0,-1079.0,-323.0,2
11630,56.0,-273.0,-96.0,107.0,422.0,-158.0,190.0,-1058.0,-320.0,2
11631,40.0,-269.0,-90.0,114.0,443.0,-141.0,138.0,-1046.0,-292.0,2
11632,32.0,-261.0,-87.0,128.0,446.0,-121.0,97.0,-1026.0,-277.0,2
11633,20.0,-253.0,-85.0,144.0,431.0,-92.0,57.0,-999.0,-272.0,2
11634,11.0,-244.0,-80.0,150.0,411.0,-55.0,29.0,-947.0,-265.0,2
11635,11.0,-236.0,-82.0,154.0,389.0,-8.0,21.0,-915.0,-264.0,2
11636,6.0,-227.0,-85.0,161.0,352.0,20.0,1.0,-890.0,-269.0,2
11637,2.0,-225.0,-95.0,166.0,316.0,41.0,-15.0,-867.0,-301.0,2
11638,-7.0,-216.0,-104.0,165.0,276.0,57.0,-40.0,-857.0,-344.0,2
11639,-21.0,-213.0,-110.0,160.0,237.0,68.0,-83.0,-850.0,-380.0,2
11640,-31.0,-215.0,-120.0,155.0,191.0,75.0,-127.0,-844.0,-403.0,2
11641,-42.0,-216.0,-122.0,146.0,134.0,80.0,-178.0,-845.0,-426.0,2
11642,-49.0,-216.0,-120.0,136.0,72.0,82.0,-214.0,-860.0,-433.0,2
11643,-57.0,-220.0,-122.0,126.0,17.0,83.0,-244.0,-859.0,-429.0,2
11644,-55.0,-223.0,-121.0,116.0,-22.0,81.0,-241.0,-866.0,-415.0,2
11645,-54.0,-222.0,-124.0,114.0,-48.0,77.0,-240.0,-870.0,-426.0,2
11646,-56.0,-222.0,-128.0,100.0,-62.0,58.0,-250.0,-865.0,-431.0,2
11647,-60.0,-222.0,-121.0,71.0,-80.0,49.0,-252.0,-867.0,-433.0,2
11648,-59.0,-224.0,-120.0,35.0,-98.0,40.0,-250.0,-865.0,-427.0,2
11649,-52.0,-220.0,-120.0,2.0,-117.0,34.0,-232.0,-854.0,-407.0,2
11650,-41.0,-216.0,-114.0,-20.0,-132.0,29.0,-190.0,-840.0,-377.0,2
11651,-29.0,-210.0,-102.0,-22.0,-132.0,19.0,-134.0,-823.0,-363.0,2
11652,-19.0,-210.0,-104.0,-19.0,-124.0,5.0,-112.0,-817.0,-347.0,2
11653,-12.0,-206.0,-108.0,-26.0,-115.0,-5.0,-89.0,-818.0,-359.0,2
11654,-7.0,-212.0,-112.0,-58.0,-110.0,-11.0,-51.0,-833.0,-371.0,2
11655,4.0,-218.0,-115.0,-105.0,-108.0,-6.0,-19.0,-856.0,-383.0,2
11656,9.0,-226.0,-108.0,-155.0,-111.0,4.0,12.0,-890.0,-355.0,2
11657,20.0,-235.0,-100.0,-176.0,-108.0,19.0,47.0,-912.0,-322.0,2
11658,28.0,-243.0,-90.0,-153.0,-98.0,23.0,63.0,-924.0,-290.0,2
11659,21.0,-242.0,-93.0,-114.0,-83.0,25.0,59.0,-939.0,-280.0,2
11660,18.0,-246.0,-87.0,-80.0,-65.0,27.0,35.0,-942.0,-275.0,2
11661,12.0,-249.0,-84.0,-58.0,-51.0,42.0,9.0,-960.0,-273.0,2
11662,5.0,-251.0,-85.0,-51.0,-50.0,67.0,-3.0,-976.0,-262.0,2
11663,5.0,-256.0,-78.0,-48.0,-49.0,97.0,-10.0,-1005.0,-255.0,2
11664,2.0,-262.0,-78.0,-40.0,-39.0,123.0,-23.0,-1014.0,-245.0,2
11665,4.0,-266.0,-78.0,-32.0,-20.0,161.0,-19.0,-1028.0,-242.0,2
11666,6.0,-269.0,-76.0,-18.0,11.0,197.0,-13.0,-1049.0,-242.0,2
11667,14.0,-273.0,-80.0,0.0,55.0,247.0,10.0,-1060.0,-253.0,2
11668,15.0,-279.0,-87.0,28.0,111.0,278.0,22.0,-1084.0,-264.0,2
11669,17.0,-282.0,-90.0,43.0,154.0,309.0,22.0,-1098.0,-296.0,2
11670,15.0,-282.0,-89.0,57.0,188.0,336.0,27.0,-1097.0,-276.0,2
11671,19.0,-281.0,-79.0,90.0,218.0,353.0,47.0,-1084.0,-260.0,2
11672,25.0,-275.0,-79.0,135.0,240.0,356.0,67.0,-1076.0,-255.0,2
11673,29.0,-267.0,-81.0,169.0,252.0,356.0,79.0,-1053.0,-249.0,2
11674,29.0,-262.0,-70.0,197.0,268.0,347.0,88.0,-1024.0,-212.0,2
11675,34.0,-253.0,-70.0,230.0,283.0,336.0,94.0,-978.0,-197.0,2
11676,30.0,-246.0,-66.0,252.0,294.0,316.0,74.0,-945.0,-195.0,2
11677,24.0,-237.0,-67.0,255.0,311.0,307.0,61.0,-913.0,-203.0,2
11678,23.0,-229.0,-65.0,248.0,346.0,296.0,64.0,-890.0,-194.0,2
11679,23.0,-223.0,-65.0,237.0,372.0,285.0,56.0,-862.0,-187.0,2
11680,15.0,-212.0,-65.0,223.0,388.0,277.0,34.0,-842.0,-198.0,2
11681,13.0,-205.0,-65.0,203.0,402.0,275.0,14.0,-821.0,-201.0,2
11682,4.0,-201.0,-72.0,186.0,410.0,273.0,-9.0,-797.0,-216.0,2
11683,-3.0,-200.0,-74.0,157.0,419.0,276.0,-30.0,-793.0,-220.0,2
11684,-6.0,-203.0,-71.0,117.0,429.0,280.0,-48.0,-799.0,-212.0,2
11685,-11.0,-204.0,-65.0,79.0,440.0,282.0,-69.0,-802.0,-192.0,2
11686,-15.0,-207.0,-59.0,51.0,446.0,282.0,-91.0,-807.0,-171.0,2
11687,-17.0,-208.0,-56.0,35.0,444.0,286.0,-107.0,-822.0,-161.0,2
11688,-22.0,-212.0,-57.0,23.0,438.0,289.0,-112.0,-843.0,-146.0,2
11689,-23.0,-220.0,-56.0,5.0,426.0,292.0,-118.0,-856.0,-150.0,2
11690,-28.0,-225.0,-54.0,-17.0,416.0,296.0,-127.0,-874.0,-148.0,2
11691,-25.0,-231.0,-55.0,-35.0,404.0,303.0,-122.0,-887.0,-151.0,2
11692,-25.0,-234.0,-60.0,-50.0,395.0,302.0,-124.0,-903.0,-154.0,2
11693,-25.0,-237.0,-56.0,-56.0,386.0,300.0,-126.0,-912.0,-159.0,2
11694,-24.0,-239.0,-57.0,-54.0,377.0,297.0,-126.0,-920.0,-160.0,2
11695,-22.0,-241.0,-60.0,-45.0,367.0,297.0,-119.0,-925.0,-169.0,2
11696,-19.0,-244.0,-56.0,-34.0,360.0,294.0,-107.0,-930.0,-165.0,2
11697,-17.0,-240.0,-61.0,-25.0,357.0,290.0,-98.0,-928.0,-171.0,2
11698,-14.0,-238.0,-64.0,-22.0,354.0,281.0,-90.0,-927.0,-168.0,2
11699,-11.0,-239.0,-59.0,-26.0,348.0,272.0,-74.0,-926.0,-164.0,2
11700,-7.0,-238.0,-59.0,-33.0,347.0,260.0,-67.0,-926.0,-157.0,2
11701,-3.0,-240.0,-56.0,-47.0,348.0,247.0,-49.0,-926.0,-154.0,2
11702,0.0,-240.0,-57.0,-60.0,355.0,231.0,-31.0,-928.0,-157.0,2
11703,-1.0,-238.0,-55.0,-73.0,359.0,217.0,-23.0,-929.0,-152.0,2
11704,4.0,-241.0,-57.0,-73.0,365.0,200.0,-14.0,-925.0,-147.0,2
11705,5.0,-244.0,-55.0,-66.0,375.0,185.0,-4.0,-926.0,-150.0,2
11706,7.0,-242.0,-57.0,-64.0,372.0,165.0,-3.0,-931.0,-157.0,2
11707,7.0,-243.0,-58.0,-61.0,370.0,148.0,-6.0,-927.0,-150.0,2
11708,6.0,-237.0,-58.0,-48.0,372.0,128.0,-1.0,-918.0,-143.0,2
11709,9.0,-240.0,-56.0,-37.0,373.0,110.0,-3.0,-917.0,-146.0,2
11710,4.0,-235.0,-53.0,-30.0,381.0,90.0,-9.0,-907.0,-147.0,2
11711,3.0,-232.0,-55.0,-27.0,392.0,69.0,-15.0,-901.0,-139.0,2
11712,-1.0,-229.0,-50.0,-24.0,398.0,50.0,-26.0,-892.0,-130.0,2
11713,0.0,-228.0,-53.0,-21.0,398.0,39.0,-37.0,-884.0,-135.0,2
11714,-4.0,-225.0,-55.0,-21.0,400.0,26.0,-42.0,-883.0,-136.0,2
11715,-8.0,-228.0,-52.0,-32.0,406.0,17.0,-49.0,-876.0,-137.0,2
11716,-11.0,-224.0,-55.0,-46.0,413.0,5.0,-59.0,-877.0,-141.0,2
11717,-12.0,-228.0,-51.0,-62.0,418.0,-3.0,-70.0,-884.0,-135.0,2
11718,-12.0,-229.0,-53.0,-79.0,419.0,-15.0,-71.0,-894.0,-137.0,2
11719,-12.0,-232.0,-52.0,-94.0,418.0,-18.0,-71.0,-899.0,-138.0,2
11720,-12.0,-234.0,-50.0,-105.0,412.0,-28.0,-71.0,-909.0,-133.0,2
11721,-11.0,-238.0,-47.0,-116.0,405.0,-35.0,-70.0,-918.0,-127.0,2
11722,-10.0,-243.0,-46.0,-122.0,397.0,-42.0,-74.0,-931.0,-121.0,2
11723,-10.0,-246.0,-48.0,-124.0,385.0,-48.0,-66.0,-943.0,-120.0,2
11724,-11.0,-245.0,-48.0,-124.0,369.0,-55.0,-68.0,-946.0,-121.0,2
11725,-12.0,-247.0,-50.0,-121.0,349.0,-61.0,-74.0,-954.0,-123.0,2
11726,-12.0,-249.0,-51.0,-115.0,329.0,-71.0,-76.0,-950.0,-129.0,2
11727,-16.0,-244.0,-58.0,-109.0,307.0,-77.0,-91.0,-957.0,-144.0,2
11728,-18.0,-248.0,-57.0,-112.0,288.0,-81.0,-99.0,-959.0,-153.0,2
11729,-20.0,-252.0,-58.0,-119.0,268.0,-83.0,-116.0,-961.0,-161.0,2
11730,-30.0,-248.0,-58.0,-125.0,249.0,-85.0,-142.0,-968.0,-162.0,2
11731,-31.0,-255.0,-56.0,-129.0,237.0,-81.0,-155.0,-967.0,-163.0,2
11732,-36.0,-250.0,-60.0,-128.0,227.0,-77.0,-165.0,-970.0,-158.0,2
11733,-33.0,-251.0,-59.0,-129.0,218.0,-66.0,-165.0,-968.0,-159.0,2
11734,-31.0,-250.0,-54.0,-135.0,210.0,-54.0,-156.0,-966.0,-161.0,2
11735,-29.0,-251.0,-58.0,-144.0,208.0,-39.0,-142.0,-957.0,-142.0,2
11736,-17.0,-249.0,-55.0,-153.0,212.0,-26.0,-113.0,-968.0,-136.0,2
11737,-11.0,-252.0,-52.0,-160.0,225.0,-9.0,-74.0,-966.0,-121.0,2
11738,-6.0,-251.0,-46.0,-163.0,242.0,1.0,-48.0,-974.0,-105.0,2
11739,2.0,-249.0,-42.0,-160.0,259.0,11.0,-23.0,-969.0,-89.0,2
11740,8.0,-252.0,-39.0,-154.0,274.0,13.0,2.0,-963.0,-87.0,2
11741,18.0,-252.0,-41.0,-145.0,284.0,17.0,21.0,-969.0,-86.0,2
11742,18.0,-253.0,-39.0,-137.0,291.0,17.0,35.0,-973.0,-92.0,2
11743,18.0,-254.0,-41.0,-129.0,299.0,21.0,42.0,-978.0,-91.0,2
11744,18.0,-255.0,-48.0,-120.0,307.0,21.0,37.0,-976.0,-93.0,2
11745,15.0,-256.0,-48.0,-107.0,315.0,28.0,31.0,-987.0,-95.0,2
11746,16.0,-255.0,-45.0,-96.0,329.0,27.0,27.0,-979.0,-102.0,2
11747,12.0,-257.0,-45.0,-84.0,346.0,36.0,16.0,-998.0,-103.0,2
11748,3.0,-255.0,-44.0,-67.0,369.0,26.0,4.0,-998.0,-104.0,2
11749,5.0,-257.0,-48.0,-51.0,392.0,20.0,-12.0,-989.0,-108.0,2
11750,2.0,-257.0,-45.0,-36.0,414.0,11.0,-22.0,-1002.0,-102.0,2
11751,1.0,-256.0,-44.0,-23.0,433.0,5.0,-25.0,-983.0,-95.0,2
11752,0.0,-257.0,-42.0,-6.0,454.0,-3.0,-30.0,-988.0,-85.0,2
11753,1.0,-254.0,-41.0,10.0,474.0,-8.0,-27.0,-979.0,-86.0,2
11754,1.0,-255.0,-37.0,20.0,496.0,-18.0,-26.0,-972.0,-75.0,2
11755,4.0,-254.0,-35.0,28.0,516.0,-21.0,-28.0,-964.0,-65.0,2
11756,7.0,-254.0,-39.0,28.0,536.0,-26.0,-1.0,-983.0,-65.0,2
11757,7.0,-253.0,-27.0,10.0,549.0,-33.0,-5.0,-976.0,-45.0,2
11758,10.0,-258.0,-29.0,1.0,569.0,-33.0,-9.0,-999.0,-47.0,2
11759,10.0,-259.0,-32.0,-14.0,590.0,-26.0,11.0,-1014.0,-34.0,2
11760,8.0,-264.0,-21.0,-21.0,614.0,-27.0,0.0,-1028.0,-23.0,2
11761,7.0,-267.0,-20.0,-23.0,634.0,-15.0,4.0,-1046.0,-5.0,2
11762,9.0,-272.0,-18.0,-24.0,644.0,-5.0,0.0,-1055.0,3.0,2
11763,7.0,-272.0,-21.0,-17.0,660.0,7.0,-15.0,-1060.0,3.0,2
11764,1.0,-272.0,-15.0,-12.0,682.0,16.0,-23.0,-1062.0,1.0,2
11765,-3.0,-270.0,-21.0,-6.0,694.0,33.0,-41.0,-1059.0,0.0,2
11766,-8.0,-270.0,-15.0,2.0,701.0,39.0,-56.0,-1045.0,12.0,2
11767,-8.0,-267.0,-11.0,19.0,701.0,45.0,-68.0,-1032.0,10.0,2
11768,-13.0,-263.0,-16.0,30.0,699.0,46.0,-86.0,-1017.0,13.0,2
11769,-14.0,-259.0,-16.0,39.0,698.0,46.0,-94.0,-1008.0,14.0,2
11770,-12.0,-257.0,-14.0,44.0,693.0,42.0,-98.0,-993.0,20.0,2
11771,-17.0,-256.0,-10.0,48.0,690.0,41.0,-104.0,-972.0,22.0,2
11772,-15.0,-252.0,-6.0,47.0,688.0,34.0,-107.0,-965.0,41.0,2
11773,-22.0,-246.0,-12.0,43.0,685.0,31.0,-107.0,-961.0,31.0,2
11774,-21.0,-249.0,-17.0,35.0,676.0,24.0,-113.0,-954.0,22.0,2
11775,-21.0,-249.0,-25.0,17.0,662.0,19.0,-118.0,-969.0,-33.0,2
11776,-25.0,-252.0,-39.0,-24.0,647.0,12.0,-123.0,-998.0,-84.0,2
11777,-25.0,-259.0,-52.0,-80.0,631.0,11.0,-126.0,-1020.0,-120.0,2
11778,-28.0,-268.0,-50.0,-136.0,621.0,6.0,-140.0,-1041.0,-126.0,2
11779,-34.0,-277.0,-51.0,-160.0,604.0,11.0,-162.0,-1077.0,-122.0,2
11780,-39.0,-286.0,-45.0,-151.0,579.0,14.0,-177.0,-1104.0,-125.0,2
11781,-43.0,-295.0,-47.0,-131.0,553.0,26.0,-197.0,-1135.0,-119.0,2
11782,-48.0,-297.0,-51.0,-109.0,523.0,35.0,-209.0,-1147.0,-118.0,2
11783,-47.0,-299.0,-49.0,-83.0,476.0,51.0,-214.0,-1153.0,-125.0,2
11784,-47.0,-300.0,-56.0,-62.0,434.0,56.0,-205.0,-1159.0,-144.0,2
11785,-45.0,-294.0,-58.0,-52.0,386.0,69.0,-200.0,-1143.0,-168.0,2
11786,-40.0,-293.0,-68.0,-43.0,336.0,74.0,-187.0,-1140.0,-199.0,2
11787,-35.0,-290.0,-76.0,-44.0,289.0,83.0,-173.0,-1128.0,-221.0,2
11788,-30.0,-289.0,-75.0,-46.0,248.0,93.0,-146.0,-1129.0,-245.0,2
11789,-22.0,-293.0,-82.0,-51.0,211.0,108.0,-129.0,-1141.0,-256.0,2
11790,-24.0,-293.0,-78.0,-56.0,182.0,114.0,-126.0,-1141.0,-254.0,2
11791,-27.0,-297.0,-80.0,-50.0,154.0,136.0,-132.0,-1152.0,-256.0,2
11792,-14.0,-304.0,-80.0,-45.0,111.0,156.0,-141.0,-1170.0,-259.0,2
11793,-37.0,-309.0,-80.0,-30.0,53.0,182.0,-167.0,-1178.0,-254.0,2
11794,-38.0,-310.0,-79.0,5.0,-31.0,209.0,-175.0,-1187.0,-250.0,2
11795,-41.0,-315.0,-75.0,41.0,-104.0,257.0,-182.0,-1205.0,-244.0,2
11796,-38.0,-311.0,-71.0,81.0,-166.0,279.0,-183.0,-1199.0,-229.0,2
11797,-35.0,-305.0,-75.0,127.0,-219.0,290.0,-167.0,-1173.0,-223.0,2
11798,-28.0,-300.0,-76.0,167.0,-261.0,287.0,-147.0,-1156.0,-231.0,2
11799,-24.0,-290.0,-84.0,194.0,-287.0,276.0,-121.0,-1135.0,-264.0,2
11800,-10.0,-283.0,-91.0,203.0,-288.0,251.0,-79.0,-1102.0,-288.0,2
11801,-1.0,-275.0,-91.0,203.0,-269.0,225.0,-39.0,-1071.0,-310.0,2
11802,4.0,-261.0,-98.0,200.0,-239.0,185.0,-24.0,-1024.0,-310.0,2
11803,1.0,-252.0,-98.0,194.0,-203.0,152.0,-25.0,-972.0,-319.0,2
11804,2.0,-241.0,-100.0,182.0,-161.0,120.0,-21.0,-943.0,-332.0,2
11805,8.0,-234.0,-107.0,149.0,-127.0,105.0,-5.0,-910.0,-345.0,2
11806,17.0,-230.0,-109.0,122.0,-96.0,89.0,26.0,-892.0,-370.0,2
11807,27.0,-225.0,-114.0,88.0,-56.0,83.0,66.0,-879.0,-382.0,2
11808,37.0,-225.0,-111.0,63.0,-8.0,69.0,112.0,-885.0,-384.0,2
11809,47.0,-229.0,-115.0,47.0,47.0,57.0,139.0,-893.0,-388.0,2
11810,49.0,-229.0,-110.0,37.0,94.0,42.0,153.0,-899.0,-384.0,2
11811,51.0,-230.0,-112.0,32.0,129.0,33.0,177.0,-903.0,-386.0,2
11812,57.0,-229.0,-117.0,36.0,150.0,16.0,189.0,-902.0,-392.0,2
11813,57.0,-227.0,-123.0,42.0,160.0,3.0,197.0,-885.0,-411.0,2
11814,63.0,-219.0,-132.0,41.0,173.0,-6.0,199.0,-859.0,-462.0,2
11815,59.0,-214.0,-138.0,18.0,207.0,-5.0,206.0,-850.0,-482.0,2
11816,54.0,-210.0,-140.0,-2.0,242.0,-5.0,188.0,-836.0,-482.0,2
11817,48.0,-203.0,-133.0,-18.0,264.0,3.0,159.0,-812.0,-467.0,2
11818,38.0,-204.0,-130.0,-35.0,271.0,13.0,131.0,-806.0,-451.0,2
11819,34.0,-198.0,-125.0,-60.0,266.0,33.0,101.0,-796.0,-441.0,2
11820,27.0,-197.0,-121.0,-89.0,256.0,52.0,78.0,-782.0,-419.0,2
11821,18.0,-197.0,-119.0,-116.0,248.0,77.0,53.0,-781.0,-406.0,2
11822,16.0,-200.0,-115.0,-141.0,248.0,97.0,35.0,-781.0,-392.0,2
11823,12.0,-200.0,-112.0,-154.0,248.0,121.0,25.0,-794.0,-379.0,2
11824,9.0,-198.0,-106.0,-153.0,248.0,131.0,21.0,-792.0,-371.0,2
11825,14.0,-205.0,-113.0,-142.0,241.0,146.0,28.0,-801.0,-378.0,2
11826,21.0,-205.0,-112.0,-127.0,235.0,144.0,57.0,-814.0,-375.0,2
11827,23.0,-212.0,-117.0,-117.0,234.0,136.0,61.0,-838.0,-387.0,2
11828,24.0,-230.0,-114.0,-131.0,253.0,108.0,67.0,-900.0,-375.0,2
11829,23.0,-242.0,-97.0,-158.0,278.0,68.0,62.0,-934.0,-338.0,2
11830,18.0,-247.0,-101.0,-167.0,280.0,17.0,46.0,-971.0,-324.0,2
11831,15.0,-251.0,-99.0,-175.0,275.0,-28.0,40.0,-969.0,-325.0,2
11832,20.0,-253.0,-101.0,-177.0,278.0,-64.0,50.0,-978.0,-324.0,2
11833,17.0,-255.0,-92.0,-171.0,281.0,-91.0,34.0,-978.0,-296.0,2
11834,9.0,-258.0,-92.0,-150.0,274.0,-112.0,15.0,-1002.0,-281.0,2
11835,10.0,-263.0,-88.0,-125.0,254.0,-129.0,12.0,-1027.0,-274.0,2
11836,8.0,-269.0,-81.0,-105.0,227.0,-152.0,12.0,-1038.0,-268.0,2
11837,7.0,-273.0,-85.0,-90.0,196.0,-170.0,3.0,-1054.0,-255.0,2
11838,6.0,-276.0,-82.0,-71.0,162.0,-198.0,-8.0,-1063.0,-268.0,2
11839,3.0,-272.0,-79.0,-54.0,130.0,-215.0,-17.0,-1060.0,-257.0,2
11840,-3.0,-274.0,-81.0,-28.0,102.0,-229.0,-30.0,-1057.0,-265.0,2
11841,-11.0,-272.0,-84.0,0.0,78.0,-234.0,-70.0,-1045.0,-265.0,2
11842,-12.0,-266.0,-80.0,31.0,49.0,-238.0,-71.0,-1032.0,-259.0,2
11843,-13.0,-261.0,-79.0,63.0,13.0,-243.0,-77.0,-1022.0,-256.0,2
11844,-12.0,-260.0,-76.0,90.0,-28.0,-252.0,-73.0,-1006.0,-245.0,2
11845,-9.0,-254.0,-78.0,111.0,-62.0,-255.0,-53.0,-981.0,-240.0,2
11846,-8.0,-250.0,-78.0,125.0,-86.0,-267.0,-37.0,-961.0,-236.0,2
11847,1.0,-245.0,-77.0,135.0,-96.0,-278.0,-25.0,-939.0,-228.0,2
11848,4.0,-238.0,-74.0,133.0,-101.0,-288.0,-15.0,-919.0,-224.0,2
11849,6.0,-231.0,-71.0,126.0,-107.0,-290.0,-3.0,-901.0,-219.0,2
11850,9.0,-228.0,-68.0,122.0,-113.0,-297.0,8.0,-887.0,-213.0,2
11851,14.0,-225.0,-70.0,118.0,-121.0,-297.0,18.0,-878.0,-221.0,2
11852,16.0,-222.0,-74.0,109.0,-120.0,-303.0,39.0,-869.0,-220.0,2
11853,26.0,-222.0,-75.0,93.0,-114.0,-304.0,59.0,-862.0,-226.0,2
11854,24.0,-221.0,-66.0,79.0,-104.0,-320.0,65.0,-856.0,-217.0,2
11855,22.0,-222.0,-74.0,69.0,-95.0,-330.0,67.0,-865.0,-214.0,2
11856,26.0,-221.0,-69.0,55.0,-95.0,-338.0,68.0,-865.0,-219.0,2
11857,27.0,-223.0,-68.0,31.0,-99.0,-335.0,78.0,-876.0,-209.0,2
11858,27.0,-225.0,-66.0,17.0,-101.0,-337.0,80.0,-879.0,-193.0,2
11859,32.0,-228.0,-65.0,12.0,-101.0,-337.0,93.0,-884.0,-202.0,2
11860,33.0,-230.0,-68.0,6.0,-92.0,-341.0,91.0,-893.0,-196.0,2
11861,29.0,-231.0,-65.0,-6.0,-85.0,-336.0,90.0,-896.0,-195.0,2
11862,32.0,-231.0,-66.0,-18.0,-84.0,-335.0,93.0,-904.0,-194.0,2
11863,30.0,-236.0,-69.0,-25.0,-82.0,-333.0,90.0,-910.0,-203.0,2
11864,28.0,-233.0,-71.0,-31.0,-79.0,-338.0,78.0,-915.0,-204.0,2
11865,21.0,-236.0,-68.0,-33.0,-84.0,-328.0,62.0,-912.0,-203.0,2
11866,28.0,-237.0,-75.0,-34.0,-86.0,-321.0,70.0,-922.0,-212.0,2
11867,24.0,-241.0,-69.0,-45.0,-68.0,-318.0,68.0,-943.0,-202.0,2
11868,18.0,-247.0,-57.0,-70.0,-68.0,-327.0,46.0,-948.0,-169.0,2
11869,12.0,-247.0,-57.0,-77.0,-86.0,-328.0,19.0,-954.0,-151.0,2
11870,10.0,-247.0,-55.0,-69.0,-104.0,-324.0,14.0,-952.0,-144.0,2
11871,14.0,-249.0,-53.0,-53.0,-115.0,-312.0,20.0,-948.0,-146.0,2
11872,17.0,-245.0,-59.0,-30.0,-112.0,-305.0,17.0,-941.0,-162.0,2
11873,11.0,-241.0,-58.0,-14.0,-107.0,-292.0,14.0,-922.0,-169.0,2
11874,8.0,-235.0,-65.0,-7.0,-105.0,-285.0,6.0,-910.0,-185.0,2
11875,7.0,-229.0,-64.0,-10.0,-111.0,-271.0,6.0,-894.0,-187.0,2
11876,7.0,-225.0,-68.0,-23.0,-122.0,-260.0,8.0,-881.0,-191.0,2
11877,10.0,-222.0,-64.0,-37.0,-131.0,-242.0,14.0,-867.0,-183.0,2
11878,14.0,-218.0,-57.0,-49.0,-142.0,-233.0,24.0,-850.0,-166.0,2
11879,18.0,-219.0,-56.0,-52.0,-148.0,-221.0,32.0,-845.0,-153.0,2
11880,19.0,-215.0,-56.0,-57.0,-153.0,-213.0,43.0,-843.0,-141.0,2
11881,19.0,-212.0,-57.0,-68.0,-156.0,-201.0,60.0,-833.0,-139.0,2
11882,23.0,-210.0,-52.0,-85.0,-160.0,-190.0,71.0,-830.0,-134.0,2
11883,23.0,-213.0,-55.0,-103.0,-162.0,-174.0,72.0,-833.0,-143.0,2
11884,27.0,-213.0,-55.0,-118.0,-162.0,-159.0,76.0,-837.0,-147.0,2
11885,25.0,-215.0,-56.0,-132.0,-161.0,-140.0,81.0,-847.0,-159.0,2
11886,29.0,-220.0,-58.0,-147.0,-162.0,-128.0,90.0,-852.0,-162.0,2
11887,28.0,-221.0,-59.0,-161.0,-160.0,-111.0,87.0,-875.0,-167.0,2
11888,29.0,-228.0,-56.0,-169.0,-162.0,-96.0,88.0,-891.0,-159.0,2
11889,30.0,-233.0,-53.0,-168.0,-164.0,-78.0,87.0,-907.0,-150.0,2
11890,25.0,-237.0,-52.0,-161.0,-168.0,-67.0,81.0,-912.0,-148.0,2
11891,27.0,-241.0,-57.0,-149.0,-173.0,-53.0,78.0,-932.0,-144.0,2
11892,30.0,-246.0,-57.0,-141.0,-180.0,-44.0,74.0,-945.0,-149.0,2
11893,25.0,-247.0,-54.0,-137.0,-183.0,-32.0,69.0,-948.0,-143.0,2
11894,27.0,-251.0,-54.0,-136.0,-182.0,-25.0,68.0,-964.0,-141.0,2
11895,24.0,-252.0,-51.0,-131.0,-173.0,-12.0,58.0,-974.0,-139.0,2
11896,26.0,-254.0,-49.0,-118.0,-160.0,-8.0,64.0,-976.0,-131.0,2
11897,24.0,-252.0,-54.0,-103.0,-146.0,4.0,66.0,-973.0,-128.0,2
11898,25.0,-252.0,-54.0,-92.0,-137.0,9.0,69.0,-972.0,-136.0,2
11899,28.0,-249.0,-55.0,-84.0,-123.0,21.0,80.0,-964.0,-142.0,2
11900,30.0,-250.0,-57.0,-85.0,-110.0,24.0,82.0,-963.0,-146.0,2
11901,29.0,-247.0,-57.0,-93.0,-95.0,27.0,87.0,-956.0,-146.0,2
11902,31.0,-248.0,-55.0,-108.0,-81.0,23.0,95.0,-961.0,-148.0,2
11903,34.0,-250.0,-57.0,-121.0,-69.0,19.0,110.0,-967.0,-147.0,2
11904,36.0,-251.0,-53.0,-135.0,-61.0,10.0,117.0,-974.0,-147.0,2
11905,36.0,-253.0,-55.0,-147.0,-56.0,4.0,114.0,-977.0,-141.0,2
11906,36.0,-253.0,-56.0,-154.0,-50.0,-8.0,117.0,-977.0,-141.0,2
11907,42.0,-254.0,-54.0,-156.0,-47.0,-13.0,119.0,-971.0,-146.0,2
11908,41.0,-253.0,-59.0,-150.0,-42.0,-22.0,128.0,-980.0,-155.0,2
11909,40.0,-254.0,-58.0,-141.0,-31.0,-29.0,127.0,-981.0,-162.0,2
11910,39.0,-254.0,-57.0,-129.0,-19.0,-37.0,120.0,-977.0,-162.0,2
11911,35.0,-253.0,-59.0,-116.0,-11.0,-37.0,115.0,-984.0,-156.0,2
11912,32.0,-251.0,-54.0,-102.0,-3.0,-45.0,106.0,-978.0,-148.0,2
11913,31.0,-252.0,-52.0,-86.0,-1.0,-49.0,86.0,-980.0,-133.0,2
11914,22.0,-256.0,-48.0,-75.0,-11.0,-58.0,60.0,-981.0,-113.0,2
11915,16.0,-256.0,-38.0,-71.0,-34.0,-58.0,36.0,-986.0,-95.0,2
11916,14.0,-257.0,-41.0,-70.0,-67.0,-62.0,24.0,-1000.0,-81.0,2
11917,15.0,-259.0,-39.0,-67.0,-102.0,-61.0,22.0,-996.0,-82.0,2
11918,11.0,-255.0,-39.0,-62.0,-133.0,-63.0,22.0,-1001.0,-82.0,2
11919,16.0,-256.0,-43.0,-53.0,-154.0,-66.0,23.0,-993.0,-95.0,2
11920,17.0,-257.0,-46.0,-40.0,-168.0,-70.0,35.0,-992.0,-115.0,2
11921,20.0,-255.0,-50.0,-31.0,-166.0,-75.0,55.0,-971.0,-132.0,2
11922,25.0,-250.0,-52.0,-30.0,-161.0,-71.0,57.0,-964.0,-136.0,2
11923,22.0,-243.0,-49.0,-23.0,-151.0,-66.0,68.0,-959.0,-126.0,2
11924,23.0,-245.0,-50.0,-2.0,-143.0,-66.0,65.0,-950.0,-132.0,2
11925,24.0,-244.0,-51.0,7.0,-138.0,-59.0,70.0,-945.0,-132.0,2
11926,27.0,-239.0,-54.0,6.0,-139.0,-54.0,80.0,-935.0,-124.0,2
11927,29.0,-243.0,-47.0,0.0,-147.0,-47.0,88.0,-930.0,-121.0,2
11928,29.0,-240.0,-44.0,-6.0,-161.0,-43.0,81.0,-926.0,-112.0,2
11929,26.0,-239.0,-45.0,-15.0,-178.0,-35.0,72.0,-921.0,-121.0,2
11930,21.0,-237.0,-41.0,-27.0,-198.0,-27.0,66.0,-919.0,-118.0,2
11931,18.0,-235.0,-43.0,-37.0,-213.0,-17.0,50.0,-917.0,-109.0,2
11932,16.0,-240.0,-44.0,-41.0,-231.0,-15.0,42.0,-921.0,-95.0,2
11933,11.0,-240.0,-40.0,-45.0,-245.0,-11.0,23.0,-923.0,-87.0,2
11934,10.0,-247.0,-36.0,-49.0,-259.0,-11.0,5.0,-941.0,-68.0,2
11935,8.0,-249.0,-40.0,-55.0,-275.0,-7.0,-2.0,-953.0,-67.0,2
11936,7.0,-251.0,-29.0,-60.0,-288.0,-4.0,-5.0,-963.0,-30.0,2
11937,8.0,-256.0,-27.0,-46.0,-302.0,-1.0,-1.0,-989.0,-24.0,2
11938,9.0,-261.0,-26.0,-37.0,-315.0,-9.0,9.0,-1014.0,-27.0,2
11939,11.0,-267.0,-20.0,-34.0,-331.0,-12.0,17.0,-1031.0,-12.0,2
11940,14.0,-269.0,-19.0,-26.0,-361.0,-25.0,24.0,-1047.0,-9.0,2
11941,19.0,-273.0,-22.0,-7.0,-396.0,-34.0,49.0,-1059.0,-6.0,2
11942,24.0,-275.0,-22.0,12.0,-430.0,-50.0,72.0,-1065.0,-16.0,2
11943,28.0,-273.0,-26.0,30.0,-458.0,-62.0,78.0,-1056.0,-23.0,2
11944,37.0,-268.0,-26.0,50.0,-473.0,-71.0,108.0,-1044.0,-33.0,2
11945,42.0,-264.0,-29.0,68.0,-480.0,-75.0,126.0,-1025.0,-41.0,2
11946,51.0,-259.0,-29.0,76.0,-479.0,-79.0,160.0,-1017.0,-46.0,2
11947,60.0,-258.0,-33.0,75.0,-472.0,-73.0,208.0,-1006.0,-50.0,2
11948,66.0,-257.0,-39.0,65.0,-453.0,-74.0,222.0,-1012.0,-69.0,2
11949,66.0,-259.0,-45.0,34.0,-434.0,-72.0,230.0,-1016.0,-99.0,2
11950,66.0,-262.0,-47.0,-15.0,-423.0,-74.0,227.0,-1040.0,-125.0,2
11951,66.0,-272.0,-54.0,-74.0,-420.0,-68.0,227.0,-1072.0,-139.0,2
11952,63.0,-283.0,-52.0,-100.0,-420.0,-62.0,218.0,-1106.0,-137.0,2
11953,65.0,-293.0,-54.0,-97.0,-416.0,-50.0,222.0,-1134.0,-125.0,2
11954,70.0,-300.0,-51.0,-69.0,-396.0,-47.0,232.0,-1155.0,-122.0,2
11955,71.0,-301.0,-52.0,-35.0,-368.0,-42.0,240.0,-1166.0,-126.0,2
11956,76.0,-303.0,-52.0,-8.0,-332.0,-40.0,250.0,-1171.0,-134.0,2
11957,73.0,-303.0,-59.0,12.0,-294.0,-33.0,249.0,-1177.0,-149.0,2
11958,76.0,-303.0,-61.0,18.0,-258.0,-31.0,246.0,-1173.0,-170.0,2
11959,71.0,-301.0,-70.0,19.0,-220.0,-32.0,239.0,-1172.0,-208.0,2
11960,66.0,-300.0,-75.0,19.0,-185.0,-39.0,215.0,-1171.0,-236.0,2
11961,60.0,-302.0,-84.0,19.0,-140.0,-46.0,197.0,-1163.0,-254.0,2
11962,58.0,-296.0,-85.0,30.0,-99.0,-60.0,185.0,-1163.0,-263.0,2
11963,53.0,-301.0,-86.0,41.0,-57.0,-71.0,173.0,-1166.0,-267.0,2
11964,52.0,-304.0,-83.0,52.0,-15.0,-81.0,176.0,-1173.0,-263.0,2
11965,56.0,-303.0,-80.0,69.0,29.0,-89.0,184.0,-1172.0,-246.0,2
11966,61.0,-302.0,-78.0,93.0,74.0,-100.0,198.0,-1179.0,-253.0,2
11967,66.0,-304.0,-78.0,120.0,123.0,-109.0,214.0,-1174.0,-241.0,2
11968,73.0,-297.0,-76.0,148.0,186.0,-120.0,238.0,-1162.0,-243.0,2
11969,75.0,-296.0,-73.0,175.0,247.0,-129.0,255.0,-1153.0,-230.0,2
11970,74.0,-290.0,-75.0,195.0,307.0,-143.0,255.0,-1134.0,-226.0,2
11971,69.0,-286.0,-79.0,206.0,357.0,-157.0,238.0,-1114.0,-239.0,2
11972,54.0,-281.0,-81.0,211.0,396.0,-167.0,203.0,-1092.0,-247.0,2
11973,43.0,-268.0,-82.0,213.0,416.0,-169.0,144.0,-1046.0,-256.0,2
11974,32.0,-265.0,-83.0,220.0,416.0,-143.0,88.0,-1030.0,-263.0,2
11975,25.0,-258.0,-80.0,227.0,404.0,-106.0,60.0,-1002.0,-261.0,2
11976,16.0,-247.0,-82.0,234.0,386.0,-77.0,20.0,-959.0,-268.0,2
11977,5.0,-238.0,-83.0,230.0,366.0,-37.0,-6.0,-920.0,-272.0,2
11978,7.0,-229.0,-87.0,216.0,345.0,6.0,-3.0,-887.0,-275.0,2
11979,7.0,-223.0,-90.0,191.0,316.0,44.0,-2.0,-872.0,-291.0,2
11980,-1.0,-221.0,-99.0,159.0,283.0,60.0,-13.0,-856.0,-320.0,2
11981,-8.0,-220.0,-104.0,126.0,247.0,73.0,-39.0,-863.0,-351.0,2
11982,-10.0,-223.0,-111.0,91.0,199.0,88.0,-63.0,-873.0,-386.0,2
11983,-12.0,-228.0,-121.0,59.0,159.0,100.0,-79.0,-886.0,-403.0,2
11984,-12.0,-232.0,-120.0,41.0,118.0,108.0,-78.0,-899.0,-415.0,2
11985,-15.0,-234.0,-124.0,42.0,78.0,114.0,-82.0,-908.0,-431.0,2
11986,-16.0,-235.0,-124.0,57.0,41.0,114.0,-97.0,-900.0,-424.0,2
11987,-12.0,-235.0,-123.0,84.0,8.0,112.0,-77.0,-907.0,-424.0,2
11988,-14.0,-227.0,-121.0,110.0,-9.0,93.0,-83.0,-895.0,-416.0,2
11989,-12.0,-230.0,-121.0,127.0,-19.0,77.0,-92.0,-882.0,-410.0,2
11990,-18.0,-217.0,-118.0,130.0,-25.0,56.0,-103.0,-846.0,-419.0,2
11991,-18.0,-208.0,-122.0,114.0,-17.0,32.0,-106.0,-819.0,-426.0,2
11992,-25.0,-203.0,-124.0,71.0,-11.0,3.0,-124.0,-809.0,-435.0,2
11993,-27.0,-205.0,-122.0,1.0,-29.0,-1.0,-138.0,-816.0,-419.0,2
11994,-27.0,-202.0,-116.0,-40.0,-44.0,-2.0,-132.0,-800.0,-394.0,2
11995,-21.0,-204.0,-114.0,-58.0,-44.0,5.0,-110.0,-808.0,-393.0,2
11996,-14.0,-208.0,-114.0,-76.0,-32.0,8.0,-92.0,-824.0,-388.0,2
11997,-12.0,-211.0,-109.0,-91.0,-15.0,10.0,-72.0,-827.0,-371.0,2
11998,-10.0,-216.0,-108.0,-93.0,10.0,7.0,-66.0,-837.0,-365.0,2
11999,-12.0,-218.0,-104.0,-97.0,29.0,6.0,-67.0,-847.0,-351.0,2
12000,-12.0,-222.0,-105.0,-100.0,36.0,5.0,-68.0,-865.0,-345.0,2
12001,-13.0,-225.0,-96.0,-107.0,29.0,4.0,-76.0,-878.0,-318.0,2
12002,-12.0,-231.0,-90.0,-113.0,12.0,8.0,-83.0,-892.0,-291.0,2
12003,-12.0,-234.0,-83.0,-109.0,-10.0,24.0,-90.0,-902.0,-266.0,2
12004,-12.0,-240.0,-86.0,-96.0,-20.0,36.0,-86.0,-915.0,-265.0,2
12005,-12.0,-239.0,-89.0,-77.0,-22.0,54.0,-90.0,-920.0,-266.0,2
12006,-14.0,-245.0,-91.0,-53.0,-16.0,74.0,-95.0,-942.0,-284.0,2
12007,-13.0,-250.0,-94.0,-32.0,-10.0,102.0,-96.0,-964.0,-310.0,2
12008,-12.0,-253.0,-97.0,-17.0,-4.0,127.0,-83.0,-980.0,-322.0,2
12009,-9.0,-259.0,-98.0,-8.0,5.0,153.0,-72.0,-1005.0,-335.0,2
12010,0.0,-260.0,-97.0,-11.0,16.0,176.0,-41.0,-1016.0,-329.0,2
12011,6.0,-264.0,-97.0,-18.0,36.0,200.0,-23.0,-1029.0,-305.0,2
12012,11.0,-269.0,-84.0,-23.0,66.0,224.0,2.0,-1051.0,-284.0,2
12013,14.0,-269.0,-83.0,-28.0,93.0,244.0,20.0,-1056.0,-262.0,2
12014,17.0,-272.0,-79.0,-17.0,119.0,256.0,39.0,-1054.0,-251.0,2
12015,24.0,-273.0,-79.0,5.0,137.0,267.0,64.0,-1059.0,-229.0,2
12016,28.0,-274.0,-73.0,34.0,151.0,268.0,82.0,-1061.0,-217.0,2
12017,33.0,-270.0,-67.0,68.0,164.0,267.0,95.0,-1050.0,-211.0,2
12018,32.0,-268.0,-72.0,103.0,180.0,260.0,94.0,-1032.0,-207.0,2
12019,28.0,-261.0,-68.0,137.0,198.0,256.0,79.0,-1013.0,-207.0,2
12020,23.0,-256.0,-71.0,172.0,215.0,258.0,64.0,-999.0,-203.0,2
12021,24.0,-253.0,-67.0,205.0,233.0,259.0,59.0,-972.0,-209.0,2
12022,20.0,-248.0,-70.0,228.0,251.0,259.0,54.0,-943.0,-203.0,2
12023,20.0,-240.0,-74.0,249.0,276.0,265.0,49.0,-920.0,-210.0,2
12024,18.0,-231.0,-71.0,251.0,310.0,262.0,35.0,-900.0,-212.0,2
12025,4.0,-224.0,-66.0,232.0,329.0,263.0,2.0,-879.0,-206.0,2
12026,-5.0,-217.0,-69.0,204.0,328.0,267.0,-32.0,-850.0,-211.0,2
12027,-3.0,-214.0,-66.0,173.0,321.0,273.0,-35.0,-843.0,-204.0,2
12028,-11.0,-214.0,-64.0,148.0,309.0,270.0,-62.0,-834.0,-190.0,2
12029,-15.0,-207.0,-62.0,128.0,300.0,272.0,-96.0,-824.0,-179.0,2
12030,-20.0,-211.0,-64.0,105.0,294.0,282.0,-111.0,-824.0,-182.0,2
12031,-21.0,-209.0,-61.0,79.0,289.0,293.0,-109.0,-827.0,-169.0,2
12032,-20.0,-215.0,-59.0,55.0,278.0,298.0,-108.0,-839.0,-175.0,2
12033,-24.0,-219.0,-59.0,33.0,264.0,298.0,-114.0,-851.0,-178.0,2
12034,-22.0,-221.0,-61.0,19.0,248.0,293.0,-112.0,-861.0,-177.0,2
12035,-21.0,-226.0,-57.0,6.0,226.0,293.0,-109.0,-873.0,-184.0,2
12036,-21.0,-228.0,-62.0,-3.0,213.0,293.0,-110.0,-891.0,-187.0,2
12037,-21.0,-232.0,-62.0,-15.0,206.0,298.0,-107.0,-902.0,-185.0,2
12038,-13.0,-236.0,-57.0,-27.0,202.0,301.0,-87.0,-912.0,-169.0,2
12039,-10.0,-240.0,-62.0,-35.0,199.0,300.0,-68.0,-927.0,-169.0,2
12040,-8.0,-241.0,-57.0,-41.0,200.0,293.0,-56.0,-937.0,-168.0,2
12041,-6.0,-242.0,-59.0,-47.0,201.0,283.0,-40.0,-941.0,-168.0,2
12042,2.0,-246.0,-59.0,-52.0,200.0,271.0,-26.0,-942.0,-163.0,2
12043,1.0,-245.0,-57.0,-52.0,203.0,259.0,-10.0,-944.0,-163.0,2
12044,7.0,-242.0,-57.0,-43.0,211.0,245.0,-1.0,-936.0,-163.0,2
12045,10.0,-240.0,-61.0,-30.0,220.0,229.0,14.0,-933.0,-166.0,2
12046,14.0,-240.0,-58.0,-19.0,224.0,215.0,15.0,-920.0,-165.0,2
12047,12.0,-233.0,-64.0,-10.0,230.0,198.0,27.0,-919.0,-173.0,2
12048,14.0,-235.0,-59.0,-21.0,230.0,185.0,22.0,-910.0,-177.0,2
12049,14.0,-234.0,-58.0,-39.0,236.0,182.0,16.0,-904.0,-165.0,2
12050,13.0,-232.0,-56.0,-51.0,254.0,179.0,19.0,-901.0,-144.0,2
12051,12.0,-231.0,-53.0,-55.0,270.0,174.0,24.0,-899.0,-137.0,2
12052,12.0,-231.0,-50.0,-51.0,284.0,163.0,14.0,-893.0,-121.0,2
12053,10.0,-232.0,-49.0,-41.0,294.0,152.0,16.0,-892.0,-115.0,2
12054,8.0,-230.0,-48.0,-32.0,302.0,141.0,1.0,-886.0,-127.0,2
12055,2.0,-223.0,-49.0,-33.0,307.0,128.0,-13.0,-880.0,-134.0,2
12056,1.0,-225.0,-51.0,-47.0,310.0,119.0,-28.0,-873.0,-134.0,2
12057,-5.0,-226.0,-53.0,-60.0,311.0,115.0,-37.0,-878.0,-128.0,2
12058,-5.0,-228.0,-55.0,-70.0,313.0,106.0,-48.0,-885.0,-128.0,2
12059,-11.0,-228.0,-47.0,-75.0,316.0,99.0,-60.0,-890.0,-132.0,2
12060,-9.0,-232.0,-48.0,-82.0,327.0,92.0,-62.0,-897.0,-120.0,2
12061,-9.0,-232.0,-50.0,-89.0,340.0,86.0,-66.0,-900.0,-114.0,2
12062,-10.0,-233.0,-46.0,-94.0,347.0,80.0,-66.0,-904.0,-110.0,2
12063,-8.0,-235.0,-48.0,-94.0,351.0,70.0,-66.0,-914.0,-109.0,2
12064,-7.0,-239.0,-46.0,-96.0,355.0,62.0,-61.0,-917.0,-106.0,2
12065,-6.0,-239.0,-44.0,-98.0,357.0,50.0,-54.0,-921.0,-113.0,2
12066,-7.0,-241.0,-47.0,-99.0,361.0,35.0,-47.0,-929.0,-102.0,2
12067,-4.0,-245.0,-43.0,-97.0,359.0,20.0,-46.0,-936.0,-103.0,2
12068,-2.0,-243.0,-41.0,-94.0,356.0,9.0,-38.0,-943.0,-99.0,2
12069,-2.0,-247.0,-45.0,-88.0,353.0,-1.0,-35.0,-943.0,-95.0,2
12070,-5.0,-245.0,-43.0,-83.0,351.0,-9.0,-37.0,-956.0,-97.0,2
12071,-3.0,-251.0,-46.0,-79.0,348.0,-17.0,-37.0,-953.0,-91.0,2
12072,-5.0,-248.0,-42.0,-72.0,346.0,-24.0,-47.0,-954.0,-105.0,2
12073,-4.0,-248.0,-48.0,-67.0,346.0,-26.0,-52.0,-954.0,-110.0,2
12074,-7.0,-247.0,-48.0,-66.0,347.0,-26.0,-46.0,-951.0,-118.0,2
12075,-10.0,-245.0,-52.0,-66.0,347.0,-27.0,-55.0,-949.0,-117.0,2
12076,-11.0,-244.0,-53.0,-71.0,347.0,-31.0,-66.0,-948.0,-131.0,2
12077,-12.0,-245.0,-52.0,-79.0,339.0,-31.0,-85.0,-942.0,-127.0,2
12078,-17.0,-242.0,-53.0,-83.0,326.0,-30.0,-104.0,-929.0,-140.0,2
12079,-19.0,-244.0,-51.0,-89.0,307.0,-26.0,-119.0,-923.0,-145.0,2
12080,-24.0,-242.0,-56.0,-99.0,285.0,-18.0,-121.0,-934.0,-158.0,2
12081,-26.0,-245.0,-56.0,-116.0,271.0,-7.0,-118.0,-936.0,-154.0,2
12082,-21.0,-247.0,-55.0,-134.0,264.0,5.0,-108.0,-952.0,-151.0,2
12083,-14.0,-251.0,-49.0,-146.0,269.0,20.0,-94.0,-961.0,-128.0,2
12084,-10.0,-252.0,-43.0,-147.0,285.0,34.0,-63.0,-968.0,-110.0,2
12085,-2.0,-252.0,-40.0,-135.0,308.0,40.0,-31.0,-971.0,-88.0,2
12086,3.0,-252.0,-42.0,-115.0,330.0,47.0,-17.0,-975.0,-88.0,2
12087,5.0,-253.0,-41.0,-96.0,350.0,46.0,-4.0,-978.0,-95.0,2
12088,8.0,-253.0,-44.0,-81.0,364.0,41.0,2.0,-985.0,-104.0,2
12089,9.0,-252.0,-47.0,-76.0,372.0,37.0,2.0,-986.0,-123.0,2
12090,4.0,-255.0,-54.0,-71.0,382.0,30.0,-3.0,-978.0,-130.0,2
12091,4.0,-257.0,-51.0,-65.0,388.0,27.0,-8.0,-996.0,-136.0,2
12092,4.0,-260.0,-54.0,-58.0,394.0,24.0,-19.0,-998.0,-128.0,2
12093,2.0,-260.0,-51.0,-43.0,401.0,21.0,-25.0,-1013.0,-128.0,2
12094,0.0,-262.0,-46.0,-29.0,408.0,22.0,-29.0,-1017.0,-113.0,2
12095,-4.0,-263.0,-45.0,-12.0,415.0,21.0,-47.0,-1028.0,-104.0,2
12096,-9.0,-266.0,-40.0,9.0,428.0,17.0,-47.0,-1032.0,-87.0,2
12097,-3.0,-270.0,-37.0,40.0,443.0,18.0,-50.0,-1039.0,-67.0,2
12098,-3.0,-265.0,-33.0,79.0,468.0,22.0,-46.0,-1043.0,-61.0,2
12099,-3.0,-267.0,-32.0,101.0,496.0,29.0,-44.0,-1046.0,-46.0,2
12100,-2.0,-269.0,-26.0,117.0,527.0,36.0,-38.0,-1042.0,-35.0,2
12101,-3.0,-266.0,-27.0,136.0,555.0,46.0,-36.0,-1046.0,-36.0,2
12102,0.0,-266.0,-26.0,145.0,577.0,58.0,-29.0,-1042.0,-31.0,2
12103,9.0,-268.0,-23.0,147.0,605.0,67.0,-3.0,-1041.0,-27.0,2
12104,11.0,-265.0,-22.0,147.0,636.0,79.0,3.0,-1040.0,-21.0,2
12105,11.0,-262.0,-16.0,145.0,664.0,93.0,9.0,-1019.0,13.0,2
12106,11.0,-263.0,-18.0,162.0,691.0,104.0,14.0,-1033.0,10.0,2
12107,9.0,-263.0,-21.0,162.0,707.0,116.0,6.0,-1023.0,1.0,2
12108,11.0,-265.0,-19.0,136.0,713.0,134.0,6.0,-1035.0,8.0,2
12109,10.0,-264.0,-10.0,103.0,728.0,143.0,-5.0,-1026.0,38.0,2
12110,1.0,-262.0,-7.0,104.0,734.0,143.0,-20.0,-1016.0,60.0,2
12111,-6.0,-262.0,-2.0,127.0,727.0,136.0,-46.0,-1007.0,60.0,2
12112,-11.0,-256.0,-15.0,148.0,713.0,128.0,-67.0,-993.0,12.0,2
12113,-11.0,-250.0,-34.0,135.0,704.0,122.0,-78.0,-977.0,-39.0,2
12114,-12.0,-250.0,-41.0,82.0,711.0,114.0,-92.0,-975.0,-82.0,2
12115,-18.0,-253.0,-49.0,15.0,715.0,103.0,-102.0,-980.0,-113.0,2
12116,-20.0,-258.0,-50.0,-45.0,720.0,94.0,-107.0,-1000.0,-127.0,2
12117,-25.0,-262.0,-53.0,-84.0,729.0,86.0,-130.0,-1016.0,-134.0,2
12118,-32.0,-266.0,-49.0,-110.0,736.0,82.0,-148.0,-1036.0,-119.0,2
12119,-35.0,-277.0,-48.0,-124.0,712.0,67.0,-176.0,-1078.0,-116.0,2
12120,-44.0,-288.0,-51.0,-132.0,672.0,52.0,-201.0,-1102.0,-120.0,2
12121,-47.0,-289.0,-45.0,-136.0,623.0,39.0,-213.0,-1114.0,-111.0,2
12122,-51.0,-293.0,-56.0,-130.0,565.0,29.0,-222.0,-1138.0,-130.0,2
12123,-51.0,-297.0,-56.0,-131.0,508.0,23.0,-224.0,-1149.0,-158.0,2
12124,-53.0,-297.0,-59.0,-137.0,452.0,24.0,-227.0,-1142.0,-166.0,2
12125,-49.0,-296.0,-66.0,-128.0,385.0,28.0,-212.0,-1150.0,-195.0,2
12126,-45.0,-299.0,-73.0,-115.0,311.0,31.0,-210.0,-1152.0,-232.0,2
12127,-52.0,-295.0,-77.0,-105.0,246.0,29.0,-221.0,-1145.0,-243.0,2
12128,-55.0,-297.0,-81.0,-86.0,190.0,39.0,-234.0,-1145.0,-258.0,2
12129,-58.0,-297.0,-82.0,-65.0,132.0,52.0,-244.0,-1157.0,-263.0,2
12130,-63.0,-302.0,-84.0,-47.0,57.0,68.0,-259.0,-1161.0,-279.0,2
12131,-63.0,-305.0,-85.0,-39.0,-1.0,83.0,-262.0,-1183.0,-258.0,2
12132,-60.0,-311.0,-71.0,-25.0,-58.0,106.0,-249.0,-1201.0,-222.0,2
12133,-54.0,-319.0,-68.0,3.0,-118.0,124.0,-238.0,-1217.0,-192.0,2
12134,-50.0,-319.0,-63.0,42.0,-179.0,142.0,-222.0,-1221.0,-173.0,2
12135,-42.0,-319.0,-57.0,92.0,-236.0,156.0,-198.0,-1211.0,-164.0,2
12136,-34.0,-310.0,-58.0,144.0,-282.0,162.0,-158.0,-1192.0,-171.0,2
12137,-23.0,-300.0,-65.0,185.0,-314.0,157.0,-120.0,-1161.0,-189.0,2
12138,-10.0,-286.0,-72.0,207.0,-334.0,140.0,-86.0,-1118.0,-222.0,2
12139,-7.0,-273.0,-86.0,211.0,-344.0,115.0,-56.0,-1072.0,-260.0,2
12140,-4.0,-263.0,-95.0,197.0,-340.0,91.0,-58.0,-1019.0,-308.0,2
12141,-3.0,-252.0,-103.0,167.0,-329.0,75.0,-46.0,-975.0,-343.0,2
12142,-1.0,-246.0,-111.0,136.0,-310.0,71.0,-21.0,-956.0,-378.0,2
12143,9.0,-245.0,-116.0,99.0,-283.0,66.0,1.0,-955.0,-380.0,2
12144,19.0,-245.0,-114.0,73.0,-252.0,63.0,32.0,-955.0,-383.0,2
12145,28.0,-247.0,-105.0,57.0,-218.0,55.0,62.0,-954.0,-367.0,2
12146,32.0,-249.0,-108.0,51.0,-183.0,43.0,91.0,-966.0,-350.0,2
12147,39.0,-251.0,-104.0,49.0,-146.0,27.0,114.0,-971.0,-337.0,2
12148,41.0,-251.0,-98.0,49.0,-106.0,15.0,128.0,-969.0,-330.0,2
12149,29.0,-274.0,-117.0,55.0,-61.0,-2.0,135.0,-971.0,-341.0,2
12150,44.0,-247.0,-108.0,63.0,-17.0,-17.0,136.0,-958.0,-363.0,2
12151,48.0,-246.0,-118.0,74.0,34.0,-27.0,143.0,-935.0,-387.0,2
12152,49.0,-235.0,-119.0,80.0,76.0,-28.0,160.0,-914.0,-410.0,2
12153,51.0,-227.0,-119.0,78.0,124.0,-24.0,171.0,-890.0,-413.0,2
12154,54.0,-216.0,-118.0,76.0,163.0,-21.0,179.0,-860.0,-400.0,2
12155,52.0,-208.0,-120.0,73.0,188.0,-19.0,186.0,-828.0,-404.0,2
12156,53.0,-199.0,-123.0,58.0,204.0,-16.0,182.0,-789.0,-421.0,2
12157,55.0,-192.0,-123.0,27.0,220.0,-7.0,185.0,-755.0,-437.0,2
12158,52.0,-185.0,-124.0,-15.0,243.0,7.0,183.0,-728.0,-445.0,2
12159,52.0,-183.0,-121.0,-61.0,270.0,21.0,176.0,-721.0,-424.0,2
12160,51.0,-184.0,-121.0,-105.0,301.0,35.0,172.0,-724.0,-406.0,2
12161,47.0,-188.0,-113.0,-144.0,320.0,48.0,158.0,-735.0,-385.0,2
12162,42.0,-191.0,-102.0,-179.0,325.0,57.0,138.0,-744.0,-352.0,2
12163,36.0,-196.0,-103.0,-182.0,315.0,65.0,121.0,-767.0,-340.0,2
12164,34.0,-202.0,-113.0,-185.0,302.0,70.0,100.0,-805.0,-378.0,2
12165,37.0,-214.0,-109.0,-210.0,315.0,73.0,112.0,-843.0,-379.0,2
12166,34.0,-225.0,-104.0,-232.0,333.0,67.0,101.0,-876.0,-347.0,2
12167,37.0,-235.0,-104.0,-233.0,350.0,51.0,101.0,-906.0,-348.0,2
12168,34.0,-240.0,-101.0,-221.0,377.0,33.0,98.0,-924.0,-326.0,2
12169,30.0,-245.0,-92.0,-195.0,407.0,9.0,90.0,-938.0,-302.0,2
12170,18.0,-247.0,-90.0,-155.0,422.0,-11.0,58.0,-940.0,-286.0,2
12171,12.0,-249.0,-93.0,-113.0,418.0,-33.0,27.0,-959.0,-297.0,2
12172,13.0,-256.0,-90.0,-88.0,406.0,-67.0,11.0,-996.0,-304.0,2
12173,6.0,-258.0,-95.0,-91.0,400.0,-102.0,-10.0,-1005.0,-299.0,2
12174,-1.0,-260.0,-85.0,-107.0,390.0,-127.0,-22.0,-1011.0,-274.0,2
12175,3.0,-261.0,-84.0,-107.0,372.0,-143.0,-16.0,-1024.0,-259.0,2
12176,-1.0,-265.0,-75.0,-99.0,352.0,-156.0,-23.0,-1028.0,-246.0,2
12177,-1.0,-266.0,-74.0,-86.0,330.0,-166.0,-24.0,-1039.0,-242.0,2
12178,-2.0,-267.0,-74.0,-71.0,305.0,-175.0,-26.0,-1047.0,-239.0,2
12179,-3.0,-270.0,-81.0,-58.0,275.0,-186.0,-29.0,-1049.0,-240.0,2
12180,-1.0,-270.0,-79.0,-47.0,249.0,-194.0,-32.0,-1049.0,-255.0,2
12181,-1.0,-271.0,-80.0,-34.0,227.0,-204.0,-35.0,-1053.0,-252.0,2
12182,-3.0,-266.0,-76.0,-10.0,211.0,-213.0,-29.0,-1047.0,-243.0,2
12183,-1.0,-265.0,-75.0,37.0,186.0,-220.0,-32.0,-1032.0,-233.0,2
12184,-3.0,-260.0,-75.0,76.0,162.0,-220.0,-38.0,-1010.0,-228.0,2
12185,-1.0,-252.0,-71.0,105.0,132.0,-223.0,-22.0,-978.0,-219.0,2
12186,1.0,-245.0,-74.0,123.0,103.0,-226.0,-18.0,-954.0,-226.0,2
12187,4.0,-241.0,-72.0,129.0,78.0,-230.0,-8.0,-924.0,-227.0,2
12188,6.0,-234.0,-71.0,128.0,62.0,-229.0,3.0,-903.0,-220.0,2
12189,8.0,-227.0,-73.0,125.0,59.0,-229.0,7.0,-879.0,-221.0,2
12190,7.0,-221.0,-71.0,117.0,67.0,-222.0,9.0,-863.0,-217.0,2
12191,13.0,-217.0,-69.0,103.0,74.0,-220.0,21.0,-851.0,-209.0,2
12192,14.0,-213.0,-68.0,81.0,69.0,-218.0,40.0,-845.0,-203.0,2
12193,20.0,-214.0,-66.0,58.0,61.0,-226.0,52.0,-840.0,-185.0,2
12194,19.0,-214.0,-60.0,37.0,51.0,-229.0,42.0,-838.0,-175.0,2
12195,22.0,-219.0,-65.0,25.0,43.0,-228.0,47.0,-848.0,-183.0,2
12196,26.0,-217.0,-64.0,15.0,38.0,-230.0,68.0,-846.0,-181.0,2
12197,28.0,-217.0,-61.0,10.0,42.0,-239.0,73.0,-848.0,-182.0,2
12198,23.0,-217.0,-65.0,10.0,49.0,-243.0,74.0,-840.0,-192.0,2
12199,26.0,-216.0,-68.0,4.0,55.0,-246.0,75.0,-848.0,-191.0,2
12200,31.0,-221.0,-63.0,-3.0,64.0,-245.0,91.0,-850.0,-183.0,2
12201,34.0,-216.0,-67.0,-7.0,71.0,-253.0,100.0,-847.0,-185.0,2
12202,33.0,-214.0,-67.0,-13.0,84.0,-260.0,103.0,-843.0,-203.0,2
12203,33.0,-215.0,-68.0,-34.0,95.0,-269.0,98.0,-846.0,-210.0,2
12204,34.0,-217.0,-68.0,-73.0,101.0,-270.0,102.0,-856.0,-210.0,2
12205,32.0,-221.0,-72.0,-103.0,103.0,-272.0,99.0,-865.0,-212.0,2
12206,28.0,-221.0,-72.0,-123.0,103.0,-262.0,80.0,-869.0,-209.0,2
12207,38.0,-226.0,-73.0,-135.0,107.0,-254.0,112.0,-885.0,-218.0,2
12208,36.0,-233.0,-71.0,-152.0,120.0,-249.0,106.0,-908.0,-225.0,2
12209,29.0,-233.0,-70.0,-177.0,126.0,-250.0,93.0,-905.0,-211.0,2
12210,25.0,-238.0,-71.0,-190.0,118.0,-240.0,69.0,-921.0,-217.0,2
12211,23.0,-241.0,-68.0,-197.0,112.0,-222.0,61.0,-932.0,-217.0,2
12212,21.0,-244.0,-70.0,-194.0,108.0,-198.0,57.0,-944.0,-205.0,2
12213,18.0,-244.0,-66.0,-183.0,104.0,-183.0,42.0,-948.0,-198.0,2
12214,13.0,-245.0,-64.0,-166.0,99.0,-155.0,35.0,-940.0,-191.0,2
12215,14.0,-242.0,-63.0,-146.0,94.0,-135.0,29.0,-934.0,-175.0,2
12216,12.0,-240.0,-57.0,-133.0,86.0,-110.0,22.0,-927.0,-163.0,2
12217,16.0,-237.0,-60.0,-120.0,75.0,-92.0,22.0,-918.0,-169.0,2
12218,13.0,-233.0,-62.0,-116.0,64.0,-75.0,24.0,-910.0,-178.0,2
12219,15.0,-234.0,-62.0,-120.0,55.0,-65.0,29.0,-903.0,-178.0,2
12220,16.0,-231.0,-64.0,-128.0,45.0,-57.0,30.0,-897.0,-185.0,2
12221,16.0,-232.0,-66.0,-134.0,33.0,-53.0,25.0,-895.0,-197.0,2
12222,14.0,-231.0,-65.0,-141.0,22.0,-50.0,21.0,-895.0,-190.0,2
12223,12.0,-233.0,-62.0,-141.0,11.0,-50.0,20.0,-896.0,-184.0,2
12224,13.0,-231.0,-63.0,-138.0,-1.0,-41.0,18.0,-911.0,-177.0,2
12225,16.0,-235.0,-60.0,-132.0,-8.0,-38.0,27.0,-906.0,-171.0,2
12226,16.0,-234.0,-63.0,-129.0,-10.0,-31.0,39.0,-909.0,-171.0,2
12227,21.0,-240.0,-59.0,-130.0,-5.0,-28.0,49.0,-924.0,-168.0,2
12228,23.0,-240.0,-58.0,-134.0,1.0,-22.0,66.0,-933.0,-164.0,2
12229,23.0,-244.0,-58.0,-139.0,5.0,-19.0,75.0,-949.0,-163.0,2
12230,28.0,-251.0,-60.0,-141.0,4.0,-13.0,78.0,-963.0,-155.0,2
12231,30.0,-252.0,-57.0,-139.0,2.0,-12.0,85.0,-975.0,-152.0,2
12232,30.0,-257.0,-58.0,-131.0,0.0,-5.0,89.0,-999.0,-152.0,2
12233,29.0,-259.0,-56.0,-123.0,-4.0,-4.0,91.0,-1005.0,-147.0,2
12234,31.0,-260.0,-55.0,-111.0,-8.0,-3.0,93.0,-1007.0,-154.0,2
12235,29.0,-258.0,-59.0,-97.0,-18.0,-6.0,92.0,-1008.0,-159.0,2
12236,26.0,-258.0,-58.0,-78.0,-24.0,-4.0,80.0,-1004.0,-169.0,2
12237,28.0,-258.0,-59.0,-65.0,-28.0,-2.0,75.0,-994.0,-170.0,2
12238,28.0,-252.0,-61.0,-58.0,-25.0,4.0,77.0,-986.0,-166.0,2
12239,28.0,-252.0,-58.0,-56.0,-18.0,6.0,71.0,-973.0,-163.0,2
12240,27.0,-249.0,-59.0,-60.0,-14.0,8.0,78.0,-968.0,-160.0,2
12241,28.0,-252.0,-58.0,-68.0,-10.0,2.0,81.0,-968.0,-151.0,2
12242,26.0,-251.0,-54.0,-76.0,-7.0,0.0,87.0,-969.0,-147.0,2
12243,33.0,-250.0,-53.0,-83.0,-3.0,-6.0,86.0,-974.0,-141.0,2
12244,33.0,-251.0,-54.0,-85.0,-1.0,-12.0,86.0,-969.0,-135.0,2
12245,32.0,-254.0,-52.0,-80.0,5.0,-24.0,91.0,-972.0,-135.0,2
12246,31.0,-249.0,-52.0,-71.0,14.0,-31.0,93.0,-968.0,-138.0,2
12247,36.0,-248.0,-51.0,-64.0,20.0,-42.0,103.0,-963.0,-140.0,2
12248,37.0,-249.0,-54.0,-53.0,27.0,-50.0,111.0,-951.0,-137.0,2
12249,37.0,-244.0,-55.0,-44.0,33.0,-62.0,112.0,-944.0,-140.0,2
12250,35.0,-242.0,-55.0,-42.0,38.0,-72.0,109.0,-930.0,-143.0,2
12251,33.0,-240.0,-52.0,-43.0,41.0,-86.0,100.0,-933.0,-140.0,2
12252,30.0,-243.0,-56.0,-49.0,39.0,-94.0,87.0,-927.0,-140.0,2
12253,24.0,-244.0,-53.0,-60.0,30.0,-107.0,67.0,-926.0,-129.0,2
12254,17.0,-239.0,-46.0,-72.0,11.0,-108.0,43.0,-930.0,-118.0,2
12255,13.0,-240.0,-47.0,-79.0,-13.0,-112.0,33.0,-938.0,-109.0,2
12256,11.0,-246.0,-43.0,-85.0,-47.0,-108.0,16.0,-944.0,-99.0,2
12257,9.0,-245.0,-43.0,-81.0,-73.0,-103.0,14.0,-945.0,-98.0,2
12258,14.0,-249.0,-43.0,-70.0,-93.0,-92.0,20.0,-957.0,-102.0,2
12259,16.0,-249.0,-45.0,-53.0,-107.0,-85.0,34.0,-968.0,-116.0,2
12260,17.0,-252.0,-48.0,-32.0,-113.0,-77.0,28.0,-970.0,-120.0,2
12261,17.0,-254.0,-50.0,-9.0,-114.0,-74.0,33.0,-967.0,-132.0,2
12262,17.0,-246.0,-56.0,5.0,-120.0,-64.0,31.0,-957.0,-148.0,2
12263,17.0,-245.0,-53.0,15.0,-134.0,-60.0,39.0,-951.0,-130.0,2
12264,18.0,-242.0,-57.0,30.0,-157.0,-52.0,31.0,-934.0,-141.0,2
12265,20.0,-239.0,-55.0,32.0,-182.0,-47.0,47.0,-928.0,-151.0,2
12266,22.0,-239.0,-54.0,24.0,-201.0,-34.0,56.0,-915.0,-153.0,2
12267,22.0,-233.0,-53.0,15.0,-219.0,-24.0,65.0,-908.0,-145.0,2
12268,24.0,-234.0,-52.0,5.0,-228.0,-6.0,67.0,-907.0,-136.0,2
12269,23.0,-234.0,-49.0,-3.0,-236.0,6.0,68.0,-907.0,-135.0,2
12270,25.0,-233.0,-49.0,-13.0,-241.0,23.0,65.0,-917.0,-122.0,2
12271,19.0,-240.0,-48.0,-25.0,-247.0,29.0,62.0,-927.0,-97.0,2
12272,25.0,-250.0,-43.0,-37.0,-258.0,39.0,67.0,-955.0,-86.0,2
12273,19.0,-251.0,-35.0,-46.0,-266.0,38.0,55.0,-969.0,-63.0,2
12274,26.0,-259.0,-37.0,-35.0,-272.0,45.0,62.0,-1006.0,-61.0,2
12275,31.0,-264.0,-31.0,-24.0,-285.0,42.0,86.0,-1018.0,-44.0,2
12276,31.0,-268.0,-32.0,-1.0,-300.0,34.0,93.0,-1044.0,-48.0,2
12277,34.0,-269.0,-38.0,20.0,-318.0,23.0,108.0,-1058.0,-68.0,2
12278,37.0,-269.0,-40.0,33.0,-329.0,16.0,118.0,-1047.0,-73.0,2
12279,45.0,-269.0,-36.0,52.0,-329.0,1.0,130.0,-1037.0,-66.0,2
12280,37.0,-261.0,-41.0,79.0,-322.0,-17.0,132.0,-1029.0,-78.0,2
12281,39.0,-259.0,-36.0,78.0,-310.0,-35.0,119.0,-1011.0,-80.0,2
12282,38.0,-258.0,-32.0,61.0,-293.0,-38.0,116.0,-1002.0,-68.0,2
12283,44.0,-255.0,-28.0,42.0,-281.0,-42.0,132.0,-1001.0,-41.0,2
12284,47.0,-256.0,-22.0,29.0,-272.0,-45.0,142.0,-1000.0,-28.0,2
12285,48.0,-258.0,-20.0,23.0,-265.0,-50.0,149.0,-1009.0,-3.0,2
12286,48.0,-261.0,-17.0,21.0,-260.0,-47.0,155.0,-1023.0,8.0,2
12287,50.0,-267.0,-15.0,25.0,-262.0,-40.0,157.0,-1037.0,13.0,2
12288,49.0,-266.0,-14.0,37.0,-273.0,-27.0,169.0,-1046.0,14.0,2
12289,58.0,-268.0,-20.0,51.0,-278.0,-18.0,186.0,-1050.0,-2.0,2
12290,59.0,-268.0,-27.0,57.0,-273.0,-2.0,202.0,-1053.0,-45.0,2
12291,66.0,-267.0,-41.0,43.0,-261.0,9.0,224.0,-1055.0,-88.0,2
12292,63.0,-266.0,-50.0,13.0,-246.0,19.0,234.0,-1050.0,-129.0,2
12293,71.0,-268.0,-55.0,-17.0,-230.0,21.0,238.0,-1055.0,-146.0,2
12294,66.0,-276.0,-56.0,-34.0,-215.0,28.0,231.0,-1081.0,-146.0,2
12295,64.0,-283.0,-55.0,-39.0,-197.0,31.0,222.0,-1104.0,-137.0,2
12296,68.0,-293.0,-46.0,-35.0,-171.0,37.0,221.0,-1134.0,-122.0,2
12297,67.0,-300.0,-43.0,-23.0,-139.0,37.0,222.0,-1151.0,-96.0,2
12298,69.0,-305.0,-43.0,0.0,-96.0,34.0,225.0,-1170.0,-102.0,2
12299,65.0,-307.0,-50.0,33.0,-61.0,21.0,225.0,-1174.0,-115.0,2
12300,62.0,-303.0,-54.0,58.0,-30.0,11.0,209.0,-1174.0,-142.0,2
12301,56.0,-300.0,-64.0,70.0,-5.0,-4.0,191.0,-1164.0,-184.0,2
12302,50.0,-297.0,-76.0,65.0,15.0,-13.0,156.0,-1156.0,-222.0,2
12303,39.0,-291.0,-80.0,53.0,31.0,-23.0,126.0,-1147.0,-258.0,2
12304,35.0,-292.0,-87.0,38.0,44.0,-24.0,107.0,-1138.0,-257.0,2
12305,40.0,-293.0,-86.0,34.0,57.0,-25.0,114.0,-1139.0,-270.0,2
12306,45.0,-291.0,-86.0,39.0,83.0,-26.0,131.0,-1136.0,-264.0,2
12307,49.0,-293.0,-80.0,59.0,116.0,-36.0,158.0,-1134.0,-264.0,2
12308,57.0,-292.0,-88.0,85.0,159.0,-44.0,190.0,-1136.0,-274.0,2
12309,70.0,-294.0,-92.0,109.0,226.0,-63.0,226.0,-1141.0,-294.0,2
12310,76.0,-289.0,-97.0,110.0,288.0,-79.0,253.0,-1139.0,-322.0,2
12311,80.0,-292.0,-109.0,99.0,345.0,-106.0,262.0,-1136.0,-357.0,2
12312,75.0,-295.0,-112.0,84.0,398.0,-130.0,257.0,-1147.0,-374.0,2
12313,56.0,-297.0,-110.0,78.0,436.0,-157.0,202.0,-1149.0,-367.0,2
12314,32.0,-296.0,-98.0,88.0,452.0,-171.0,110.0,-1151.0,-329.0,2
12315,13.0,-294.0,-83.0,106.0,440.0,-169.0,25.0,-1144.0,-280.0,2
12316,2.0,-292.0,-78.0,134.0,410.0,-140.0,-21.0,-1127.0,-243.0,2
12317,-5.0,-282.0,-72.0,164.0,378.0,-107.0,-49.0,-1089.0,-230.0,2
12318,-8.0,-266.0,-77.0,196.0,353.0,-65.0,-58.0,-1033.0,-238.0,2
12319,-10.0,-252.0,-86.0,231.0,325.0,-15.0,-59.0,-971.0,-261.0,2
12320,-11.0,-236.0,-96.0,278.0,297.0,22.0,-68.0,-915.0,-311.0,2
12321,-20.0,-221.0,-113.0,305.0,265.0,41.0,-93.0,-873.0,-377.0,2
12322,-25.0,-209.0,-124.0,307.0,228.0,65.0,-124.0,-827.0,-427.0,2
12323,-32.0,-200.0,-132.0,290.0,182.0,82.0,-148.0,-797.0,-458.0,2
12324,-36.0,-197.0,-135.0,258.0,129.0,102.0,-162.0,-778.0,-461.0,2
12325,-37.0,-195.0,-133.0,226.0,76.0,115.0,-159.0,-774.0,-460.0,2
12326,-32.0,-196.0,-128.0,195.0,32.0,125.0,-146.0,-770.0,-449.0,2
12327,-31.0,-194.0,-125.0,168.0,1.0,117.0,-151.0,-746.0,-430.0,2
12328,-30.0,-184.0,-115.0,161.0,-26.0,94.0,-142.0,-716.0,-397.0,2
12329,-38.0,-190.0,-128.0,161.0,-52.0,56.0,-164.0,-732.0,-434.0,2
12330,-44.0,-195.0,-131.0,88.0,-105.0,55.0,-205.0,-778.0,-448.0,2
12331,-44.0,-205.0,-124.0,5.0,-136.0,65.0,-194.0,-820.0,-429.0,2
12332,-34.0,-221.0,-123.0,-67.0,-144.0,77.0,-162.0,-860.0,-419.0,2
12333,-27.0,-231.0,-111.0,-121.0,-153.0,81.0,-133.0,-898.0,-373.0,2
12334,-20.0,-237.0,-100.0,-135.0,-158.0,82.0,-109.0,-910.0,-340.0,2
12335,-12.0,-238.0,-98.0,-113.0,-154.0,79.0,-71.0,-908.0,-326.0,2
12336,-6.0,-233.0,-97.0,-76.0,-146.0,74.0,-48.0,-901.0,-328.0,2
12337,-6.0,-226.0,-104.0,-48.0,-136.0,64.0,-57.0,-891.0,-339.0,2
12338,-3.0,-225.0,-101.0,-39.0,-121.0,65.0,-42.0,-878.0,-328.0,2
12339,-1.0,-223.0,-100.0,-42.0,-104.0,65.0,-30.0,-871.0,-332.0,2
12340,1.0,-222.0,-98.0,-62.0,-83.0,71.0,-19.0,-870.0,-312.0,2
12341,4.0,-224.0,-87.0,-86.0,-60.0,73.0,-13.0,-871.0,-288.0,2
12342,8.0,-225.0,-88.0,-97.0,-31.0,82.0,-8.0,-877.0,-275.0,2
12343,5.0,-229.0,-86.0,-105.0,-2.0,91.0,-3.0,-896.0,-266.0,2
12344,5.0,-237.0,-84.0,-111.0,23.0,108.0,-1.0,-917.0,-269.0,2
12345,6.0,-242.0,-83.0,-120.0,48.0,123.0,-3.0,-938.0,-269.0,2
12346,6.0,-250.0,-83.0,-124.0,66.0,148.0,-12.0,-962.0,-265.0,2
12347,6.0,-259.0,-84.0,-115.0,79.0,168.0,-1.0,-999.0,-266.0,2
12348,5.0,-260.0,-85.0,-86.0,90.0,192.0,-14.0,-1016.0,-267.0,2
12349,7.0,-266.0,-89.0,-49.0,106.0,220.0,-2.0,-1045.0,-292.0,2
12350,9.0,-273.0,-92.0,-25.0,117.0,254.0,0.0,-1048.0,-288.0,2
12351,11.0,-269.0,-86.0,15.0,138.0,274.0,2.0,-1049.0,-281.0,2
12352,12.0,-270.0,-92.0,58.0,159.0,297.0,10.0,-1049.0,-296.0,2
12353,12.0,-264.0,-90.0,90.0,180.0,309.0,18.0,-1043.0,-299.0,2
12354,11.0,-263.0,-95.0,109.0,197.0,327.0,9.0,-1024.0,-306.0,2
12355,15.0,-261.0,-88.0,113.0,207.0,343.0,25.0,-1014.0,-281.0,2
12356,22.0,-258.0,-78.0,122.0,218.0,352.0,50.0,-1003.0,-250.0,2
12357,22.0,-252.0,-72.0,137.0,235.0,341.0,47.0,-964.0,-219.0,2
12358,16.0,-246.0,-73.0,149.0,253.0,327.0,40.0,-952.0,-215.0,2
12359,15.0,-244.0,-69.0,144.0,267.0,316.0,20.0,-937.0,-199.0,2
12360,14.0,-239.0,-61.0,141.0,287.0,315.0,17.0,-927.0,-183.0,2
12361,17.0,-242.0,-66.0,152.0,311.0,301.0,24.0,-927.0,-190.0,2
12362,16.0,-239.0,-64.0,168.0,340.0,286.0,31.0,-914.0,-178.0,2
12363,10.0,-232.0,-63.0,183.0,365.0,270.0,9.0,-905.0,-190.0,2
12364,3.0,-229.0,-66.0,192.0,389.0,266.0,-7.0,-887.0,-195.0,2
12365,0.0,-225.0,-70.0,187.0,411.0,258.0,-26.0,-876.0,-188.0,2
12366,-6.0,-223.0,-64.0,181.0,426.0,257.0,-43.0,-859.0,-186.0,2
12367,-9.0,-217.0,-65.0,173.0,433.0,256.0,-55.0,-849.0,-184.0,2
12368,-12.0,-214.0,-64.0,167.0,434.0,259.0,-64.0,-841.0,-180.0,2
12369,-11.0,-209.0,-61.0,153.0,432.0,255.0,-65.0,-836.0,-186.0,2
12370,-12.0,-209.0,-61.0,132.0,430.0,256.0,-77.0,-839.0,-184.0,2
12371,-14.0,-213.0,-66.0,102.0,424.0,250.0,-91.0,-844.0,-184.0,2
12372,-16.0,-216.0,-65.0,68.0,410.0,251.0,-91.0,-854.0,-192.0,2
12373,-18.0,-225.0,-63.0,29.0,396.0,248.0,-95.0,-867.0,-176.0,2
12374,-16.0,-228.0,-60.0,14.0,382.0,253.0,-99.0,-889.0,-172.0,2
12375,-18.0,-235.0,-58.0,11.0,365.0,251.0,-100.0,-908.0,-172.0,2
12376,-16.0,-237.0,-63.0,17.0,355.0,252.0,-97.0,-919.0,-160.0,2
12377,-14.0,-244.0,-55.0,23.0,349.0,245.0,-99.0,-926.0,-161.0,2
12378,-17.0,-241.0,-56.0,32.0,345.0,245.0,-99.0,-945.0,-151.0,2
12379,-17.0,-246.0,-54.0,38.0,337.0,238.0,-100.0,-947.0,-139.0,2
12380,-13.0,-247.0,-52.0,41.0,328.0,236.0,-97.0,-951.0,-143.0,2
12381,-13.0,-248.0,-56.0,41.0,322.0,226.0,-93.0,-955.0,-143.0,2
12382,-12.0,-248.0,-57.0,29.0,318.0,222.0,-90.0,-961.0,-145.0,2
12383,-11.0,-248.0,-52.0,14.0,315.0,214.0,-76.0,-946.0,-137.0,2
12384,-8.0,-244.0,-52.0,13.0,320.0,207.0,-70.0,-939.0,-130.0,2
12385,-9.0,-239.0,-53.0,21.0,330.0,194.0,-59.0,-927.0,-129.0,2
12386,-7.0,-237.0,-49.0,34.0,338.0,186.0,-49.0,-920.0,-133.0,2
12387,-6.0,-231.0,-53.0,40.0,338.0,171.0,-49.0,-903.0,-136.0,2
12388,-6.0,-230.0,-56.0,45.0,339.0,162.0,-38.0,-889.0,-149.0,2
12389,-2.0,-229.0,-56.0,38.0,335.0,148.0,-40.0,-888.0,-159.0,2
12390,-2.0,-225.0,-57.0,18.0,330.0,138.0,-33.0,-883.0,-159.0,2
12391,-1.0,-225.0,-54.0,-3.0,329.0,125.0,-29.0,-880.0,-150.0,2
12392,-4.0,-221.0,-52.0,-19.0,335.0,114.0,-32.0,-866.0,-140.0,2
12393,-3.0,-223.0,-54.0,-28.0,341.0,95.0,-32.0,-873.0,-137.0,2
12394,-2.0,-228.0,-52.0,-42.0,342.0,85.0,-35.0,-874.0,-138.0,2
12395,-4.0,-225.0,-57.0,-59.0,344.0,72.0,-39.0,-883.0,-137.0,2
12396,-4.0,-229.0,-55.0,-72.0,350.0,66.0,-44.0,-886.0,-127.0,2
12397,-4.0,-230.0,-52.0,-72.0,358.0,55.0,-43.0,-897.0,-126.0,2
12398,-3.0,-231.0,-51.0,-74.0,366.0,51.0,-26.0,-899.0,-130.0,2
12399,-1.0,-233.0,-52.0,-81.0,372.0,40.0,-23.0,-900.0,-122.0,2
12400,2.0,-233.0,-53.0,-82.0,378.0,32.0,-32.0,-904.0,-127.0,2
12401,-3.0,-232.0,-46.0,-84.0,382.0,20.0,-42.0,-901.0,-128.0,2
12402,-3.0,-233.0,-49.0,-84.0,383.0,13.0,-46.0,-901.0,-127.0,2
12403,-4.0,-235.0,-52.0,-85.0,387.0,4.0,-43.0,-904.0,-129.0,2
12404,-4.0,-234.0,-49.0,-91.0,386.0,-4.0,-44.0,-909.0,-126.0,2
12405,-7.0,-236.0,-51.0,-102.0,385.0,-15.0,-44.0,-909.0,-116.0,2
12406,-6.0,-236.0,-44.0,-108.0,381.0,-23.0,-47.0,-912.0,-95.0,2
12407,-8.0,-238.0,-44.0,-113.0,373.0,-34.0,-59.0,-913.0,-97.0,2
12408,-8.0,-240.0,-45.0,-123.0,360.0,-36.0,-56.0,-921.0,-94.0,2
12409,-11.0,-243.0,-41.0,-138.0,342.0,-41.0,-66.0,-932.0,-87.0,2
12410,-15.0,-246.0,-40.0,-147.0,328.0,-42.0,-89.0,-945.0,-81.0,2
12411,-13.0,-249.0,-39.0,-149.0,317.0,-48.0,-96.0,-954.0,-87.0,2
12412,-18.0,-249.0,-40.0,-146.0,297.0,-50.0,-113.0,-958.0,-93.0,2
12413,-24.0,-252.0,-45.0,-140.0,272.0,-54.0,-123.0,-961.0,-101.0,2
12414,-28.0,-249.0,-46.0,-135.0,250.0,-57.0,-133.0,-961.0,-109.0,2
12415,-33.0,-249.0,-51.0,-132.0,227.0,-60.0,-150.0,-956.0,-120.0,2
12416,-38.0,-246.0,-49.0,-135.0,209.0,-57.0,-167.0,-959.0,-119.0,2
12417,-35.0,-245.0,-54.0,-139.0,191.0,-54.0,-167.0,-955.0,-128.0,2
12418,-34.0,-250.0,-50.0,-148.0,176.0,-45.0,-163.0,-959.0,-129.0,2
12419,-27.0,-253.0,-51.0,-159.0,165.0,-39.0,-141.0,-969.0,-123.0,2
12420,-24.0,-255.0,-43.0,-168.0,163.0,-30.0,-122.0,-979.0,-100.0,2
12421,-12.0,-260.0,-39.0,-169.0,167.0,-23.0,-100.0,-1006.0,-78.0,2
12422,-10.0,-261.0,-30.0,-160.0,177.0,-18.0,-76.0,-1013.0,-58.0,2
12423,-2.0,-263.0,-33.0,-141.0,189.0,-17.0,-52.0,-1018.0,-44.0,2
12424,-1.0,-262.0,-34.0,-115.0,198.0,-14.0,-24.0,-1020.0,-59.0,2
12425,5.0,-262.0,-38.0,-92.0,210.0,-15.0,-8.0,-1028.0,-76.0,2
12426,11.0,-264.0,-41.0,-71.0,231.0,-10.0,4.0,-1027.0,-82.0,2
12427,10.0,-262.0,-43.0,-57.0,249.0,-8.0,3.0,-1019.0,-90.0,2
12428,10.0,-262.0,-46.0,-46.0,265.0,0.0,0.0,-1021.0,-100.0,2
12429,5.0,-260.0,-45.0,-37.0,280.0,4.0,-6.0,-1012.0,-110.0,2
12430,2.0,-260.0,-44.0,-31.0,296.0,6.0,-18.0,-1008.0,-112.0,2
12431,2.0,-260.0,-49.0,-24.0,306.0,10.0,-20.0,-1006.0,-100.0,2
12432,2.0,-259.0,-39.0,-10.0,317.0,15.0,-21.0,-1001.0,-93.0,2
12433,2.0,-257.0,-43.0,11.0,329.0,13.0,-30.0,-1002.0,-98.0,2
12434,1.0,-257.0,-41.0,25.0,340.0,18.0,-16.0,-993.0,-80.0,2
12435,6.0,-255.0,-36.0,39.0,349.0,16.0,-3.0,-979.0,-73.0,2
12436,8.0,-255.0,-35.0,47.0,370.0,10.0,-5.0,-978.0,-69.0,2
12437,8.0,-252.0,-34.0,51.0,390.0,3.0,6.0,-973.0,-49.0,2
12438,11.0,-253.0,-33.0,53.0,416.0,1.0,14.0,-976.0,-40.0,2
12439,14.0,-253.0,-30.0,57.0,443.0,-5.0,15.0,-970.0,-31.0,2
12440,11.0,-257.0,-24.0,70.0,476.0,-7.0,11.0,-972.0,-25.0,2
12441,17.0,-259.0,-33.0,73.0,507.0,-8.0,46.0,-1006.0,-44.0,2
12442,18.0,-259.0,-26.0,55.0,522.0,-10.0,31.0,-1009.0,-36.0,2
12443,15.0,-260.0,-28.0,45.0,539.0,-7.0,37.0,-1020.0,-39.0,2
12444,20.0,-262.0,-25.0,41.0,562.0,1.0,40.0,-1014.0,-16.0,2
12445,16.0,-261.0,-22.0,53.0,578.0,7.0,30.0,-1017.0,-11.0,2
12446,11.0,-261.0,-22.0,71.0,593.0,13.0,19.0,-1029.0,-14.0,2
12447,8.0,-261.0,-16.0,81.0,619.0,16.0,6.0,-1018.0,4.0,2
12448,3.0,-263.0,-19.0,84.0,639.0,33.0,-10.0,-1023.0,3.0,2
12449,0.0,-261.0,-14.0,83.0,658.0,40.0,-25.0,-1023.0,22.0,2
12450,-4.0,-260.0,-20.0,85.0,674.0,53.0,-50.0,-1017.0,22.0,2
12451,-8.0,-261.0,-12.0,86.0,687.0,63.0,-62.0,-1010.0,31.0,2
12452,-13.0,-258.0,-10.0,90.0,692.0,75.0,-83.0,-1003.0,32.0,2
12453,-12.0,-258.0,-10.0,92.0,695.0,79.0,-82.0,-999.0,32.0,2
12454,-12.0,-252.0,-8.0,91.0,694.0,82.0,-80.0,-982.0,36.0,2
12455,-9.0,-252.0,-3.0,88.0,687.0,78.0,-79.0,-974.0,47.0,2
12456,-10.0,-255.0,-5.0,82.0,674.0,70.0,-68.0,-974.0,51.0,2
12457,-10.0,-251.0,-5.0,77.0,656.0,49.0,-63.0,-973.0,54.0,2
12458,-10.0,-252.0,-9.0,63.0,643.0,31.0,-66.0,-970.0,40.0,2
12459,-11.0,-251.0,-17.0,46.0,631.0,11.0,-72.0,-975.0,5.0,2
12460,-15.0,-255.0,-36.0,3.0,622.0,-3.0,-92.0,-1004.0,-42.0,2
12461,-23.0,-260.0,-41.0,-67.0,618.0,-22.0,-114.0,-1019.0,-82.0,2
12462,-29.0,-270.0,-43.0,-136.0,610.0,-29.0,-132.0,-1051.0,-98.0,2
12463,-38.0,-282.0,-43.0,-174.0,598.0,-36.0,-179.0,-1096.0,-105.0,2
12464,-47.0,-294.0,-46.0,-185.0,586.0,-30.0,-208.0,-1136.0,-100.0,2
12465,-51.0,-304.0,-43.0,-176.0,571.0,-24.0,-233.0,-1170.0,-95.0,2
12466,-60.0,-310.0,-41.0,-149.0,541.0,-13.0,-258.0,-1189.0,-91.0,2
12467,-67.0,-312.0,-49.0,-116.0,491.0,4.0,-277.0,-1196.0,-110.0,2
12468,-63.0,-310.0,-50.0,-74.0,417.0,18.0,-276.0,-1189.0,-133.0,2
12469,-65.0,-305.0,-61.0,-46.0,345.0,29.0,-274.0,-1172.0,-176.0,2
12470,-64.0,-298.0,-68.0,-46.0,276.0,48.0,-276.0,-1155.0,-215.0,2
12471,-63.0,-291.0,-79.0,-66.0,212.0,69.0,-263.0,-1142.0,-243.0,2
12472,-55.0,-296.0,-79.0,-95.0,147.0,95.0,-252.0,-1148.0,-257.0,2
12473,-54.0,-297.0,-82.0,-125.0,87.0,112.0,-240.0,-1152.0,-255.0,2
12474,-54.0,-300.0,-76.0,-140.0,31.0,137.0,-242.0,-1162.0,-248.0,2
12475,-56.0,-308.0,-76.0,-137.0,-21.0,159.0,-241.0,-1179.0,-227.0,2
12476,-60.0,-319.0,-70.0,-110.0,-83.0,183.0,-247.0,-1213.0,-205.0,2
12477,-59.0,-321.0,-69.0,-61.0,-158.0,202.0,-255.0,-1233.0,-184.0,2
12478,-59.0,-324.0,-62.0,4.0,-253.0,229.0,-252.0,-1246.0,-174.0,2
12479,-53.0,-323.0,-61.0,86.0,-330.0,253.0,-225.0,-1244.0,-169.0,2
12480,-40.0,-323.0,-65.0,149.0,-403.0,282.0,-183.0,-1235.0,-183.0,2
12481,-30.0,-321.0,-65.0,200.0,-458.0,304.0,-140.0,-1219.0,-205.0,2
12482,-12.0,-310.0,-71.0,241.0,-475.0,293.0,-97.0,-1190.0,-223.0,2
12483,-4.0,-298.0,-81.0,277.0,-468.0,251.0,-49.0,-1152.0,-252.0,2
12484,10.0,-286.0,-89.0,307.0,-456.0,206.0,2.0,-1104.0,-273.0,2
12485,18.0,-265.0,-97.0,321.0,-439.0,154.0,40.0,-1046.0,-298.0,2
12486,22.0,-247.0,-103.0,308.0,-419.0,101.0,54.0,-976.0,-336.0,2
12487,19.0,-226.0,-111.0,260.0,-392.0,51.0,48.0,-910.0,-367.0,2
12488,15.0,-217.0,-115.0,180.0,-352.0,17.0,38.0,-867.0,-394.0,2
12489,14.0,-211.0,-116.0,66.0,-303.0,-11.0,17.0,-838.0,-397.0,2
12490,8.0,-209.0,-115.0,-24.0,-268.0,-19.0,6.0,-840.0,-395.0,2
12491,8.0,-214.0,-117.0,-97.0,-237.0,-21.0,4.0,-843.0,-392.0,2
12492,12.0,-220.0,-113.0,-149.0,-206.0,-16.0,6.0,-871.0,-389.0,2
12493,8.0,-226.0,-114.0,-172.0,-172.0,-10.0,6.0,-889.0,-395.0,2
12494,10.0,-235.0,-114.0,-176.0,-134.0,4.0,8.0,-907.0,-389.0,2
12495,16.0,-237.0,-114.0,-155.0,-96.0,15.0,17.0,-910.0,-385.0,2
12496,18.0,-241.0,-112.0,-120.0,-65.0,23.0,38.0,-923.0,-375.0,2
12497,20.0,-236.0,-104.0,-73.0,-49.0,26.0,50.0,-915.0,-363.0,2
12498,21.0,-231.0,-115.0,-28.0,-46.0,33.0,57.0,-898.0,-375.0,2
12499,25.0,-223.0,-119.0,-3.0,-46.0,42.0,65.0,-877.0,-395.0,2
12500,26.0,-219.0,-117.0,-6.0,-37.0,58.0,74.0,-867.0,-402.0,2
12501,25.0,-215.0,-116.0,-20.0,-27.0,70.0,77.0,-848.0,-395.0,2
12502,25.0,-211.0,-114.0,-31.0,-20.0,83.0,73.0,-838.0,-389.0,2
12503,28.0,-211.0,-110.0,-43.0,-26.0,92.0,87.0,-827.0,-384.0,2
12504,31.0,-205.0,-106.0,-56.0,-44.0,100.0,96.0,-805.0,-356.0,2
12505,31.0,-205.0,-110.0,-50.0,-67.0,105.0,104.0,-799.0,-369.0,2
12506,47.0,-204.0,-120.0,-56.0,-82.0,100.0,104.0,-802.0,-403.0,2
12507,40.0,-207.0,-124.0,-100.0,-61.0,97.0,122.0,-830.0,-420.0,2
12508,45.0,-217.0,-119.0,-165.0,-20.0,88.0,137.0,-870.0,-398.0,2
12509,47.0,-234.0,-109.0,-226.0,23.0,57.0,137.0,-902.0,-372.0,2
12510,40.0,-240.0,-96.0,-258.0,62.0,14.0,125.0,-919.0,-331.0,2
12511,38.0,-248.0,-100.0,-251.0,74.0,-25.0,113.0,-946.0,-322.0,2
12512,38.0,-253.0,-100.0,-224.0,78.0,-73.0,115.0,-965.0,-325.0,2
12513,31.0,-252.0,-101.0,-190.0,80.0,-126.0,94.0,-978.0,-324.0,2
12514,26.0,-258.0,-103.0,-151.0,95.0,-168.0,76.0,-987.0,-327.0,2
12515,20.0,-256.0,-99.0,-106.0,120.0,-204.0,38.0,-974.0,-325.0,2
12516,5.0,-252.0,-97.0,-65.0,139.0,-225.0,-6.0,-968.0,-317.0,2
12517,-7.0,-246.0,-98.0,-30.0,148.0,-242.0,-60.0,-966.0,-319.0,2
12518,-15.0,-249.0,-89.0,-24.0,145.0,-253.0,-87.0,-961.0,-294.0,2
12519,-19.0,-250.0,-83.0,-30.0,128.0,-263.0,-97.0,-970.0,-278.0,2
12520,-28.0,-252.0,-81.0,-42.0,100.0,-272.0,-126.0,-980.0,-266.0,2
12521,-29.0,-254.0,-81.0,-67.0,58.0,-271.0,-145.0,-976.0,-255.0,2
12522,-31.0,-257.0,-77.0,-78.0,25.0,-267.0,-143.0,-998.0,-248.0,2
12523,-33.0,-260.0,-77.0,-68.0,-6.0,-272.0,-155.0,-1006.0,-234.0,2
12524,-33.0,-262.0,-69.0,-40.0,-36.0,-275.0,-147.0,-1017.0,-228.0,2
12525,-33.0,-263.0,-71.0,2.0,-67.0,-278.0,-142.0,-1019.0,-225.0,2
12526,-22.0,-261.0,-73.0,52.0,-106.0,-278.0,-130.0,-1014.0,-219.0,2
12527,-17.0,-255.0,-75.0,94.0,-148.0,-288.0,-99.0,-1008.0,-219.0,2
12528,-12.0,-249.0,-77.0,121.0,-184.0,-296.0,-70.0,-970.0,-231.0,2
12529,-7.0,-240.0,-76.0,131.0,-206.0,-305.0,-46.0,-931.0,-233.0,2
12530,0.0,-235.0,-78.0,132.0,-221.0,-310.0,-27.0,-901.0,-239.0,2
12531,-1.0,-224.0,-72.0,124.0,-238.0,-320.0,-16.0,-872.0,-236.0,2
12532,8.0,-218.0,-82.0,118.0,-253.0,-329.0,2.0,-851.0,-243.0,2
12533,12.0,-213.0,-76.0,107.0,-274.0,-337.0,17.0,-827.0,-240.0,2
12534,14.0,-208.0,-71.0,90.0,-292.0,-337.0,38.0,-820.0,-228.0,2
12535,24.0,-207.0,-70.0,76.0,-303.0,-343.0,65.0,-809.0,-218.0,2
12536,29.0,-207.0,-71.0,63.0,-301.0,-352.0,73.0,-807.0,-215.0,2
12537,30.0,-205.0,-68.0,47.0,-284.0,-362.0,87.0,-812.0,-207.0,2
12538,32.0,-206.0,-70.0,33.0,-263.0,-368.0,96.0,-811.0,-204.0,2
12539,39.0,-207.0,-71.0,20.0,-243.0,-381.0,108.0,-823.0,-205.0,2
12540,36.0,-207.0,-64.0,1.0,-224.0,-395.0,114.0,-819.0,-199.0,2
12541,32.0,-208.0,-65.0,-17.0,-205.0,-402.0,103.0,-822.0,-190.0,2
12542,31.0,-211.0,-66.0,-39.0,-187.0,-394.0,97.0,-834.0,-202.0,2
12543,32.0,-211.0,-67.0,-67.0,-173.0,-379.0,95.0,-841.0,-198.0,2
12544,33.0,-215.0,-66.0,-102.0,-154.0,-370.0,103.0,-856.0,-185.0,2
12545,33.0,-223.0,-62.0,-133.0,-143.0,-364.0,106.0,-877.0,-175.0,2
12546,33.0,-228.0,-60.0,-158.0,-139.0,-360.0,99.0,-895.0,-162.0,2
12547,33.0,-237.0,-57.0,-167.0,-137.0,-357.0,100.0,-911.0,-166.0,2
12548,28.0,-242.0,-61.0,-172.0,-135.0,-352.0,81.0,-933.0,-169.0,2
12549,20.0,-246.0,-69.0,-179.0,-135.0,-346.0,57.0,-959.0,-171.0,2
12550,14.0,-251.0,-63.0,-189.0,-135.0,-331.0,36.0,-966.0,-168.0,2
12551,7.0,-255.0,-58.0,-194.0,-139.0,-310.0,11.0,-973.0,-173.0,2
12552,3.0,-251.0,-60.0,-191.0,-158.0,-280.0,-5.0,-972.0,-171.0,2
12553,0.0,-252.0,-61.0,-180.0,-166.0,-264.0,-17.0,-1000.0,-174.0,2
12554,-6.0,-257.0,-59.0,-176.0,-174.0,-258.0,-44.0,-988.0,-163.0,2
12555,-12.0,-254.0,-56.0,-164.0,-196.0,-248.0,-65.0,-984.0,-150.0,2
12556,-11.0,-253.0,-57.0,-150.0,-212.0,-238.0,-74.0,-973.0,-151.0,2
12557,-12.0,-247.0,-56.0,-143.0,-222.0,-223.0,-72.0,-956.0,-141.0,2
12558,-12.0,-247.0,-55.0,-140.0,-227.0,-209.0,-73.0,-941.0,-137.0,2
12559,-11.0,-243.0,-51.0,-141.0,-234.0,-198.0,-60.0,-927.0,-128.0,2
12560,-7.0,-239.0,-47.0,-139.0,-247.0,-194.0,-56.0,-915.0,-123.0,2
12561,-4.0,-236.0,-49.0,-133.0,-264.0,-187.0,-39.0,-911.0,-123.0,2
12562,2.0,-233.0,-46.0,-124.0,-272.0,-180.0,-9.0,-899.0,-118.0,2
12563,12.0,-231.0,-48.0,-113.0,-275.0,-179.0,7.0,-893.0,-113.0,2
12564,17.0,-229.0,-47.0,-108.0,-273.0,-179.0,33.0,-881.0,-111.0,2
12565,22.0,-224.0,-44.0,-108.0,-275.0,-183.0,62.0,-878.0,-116.0,2
12566,29.0,-225.0,-44.0,-110.0,-279.0,-189.0,82.0,-869.0,-105.0,2
12567,31.0,-223.0,-47.0,-117.0,-284.0,-196.0,96.0,-876.0,-105.0,2
12568,30.0,-225.0,-47.0,-127.0,-291.0,-201.0,101.0,-874.0,-109.0,2
12569,35.0,-225.0,-49.0,-141.0,-294.0,-202.0,102.0,-882.0,-115.0,2
12570,33.0,-227.0,-49.0,-154.0,-293.0,-197.0,106.0,-893.0,-118.0,2
12571,33.0,-234.0,-50.0,-163.0,-292.0,-187.0,101.0,-902.0,-121.0,2
12572,31.0,-236.0,-50.0,-169.0,-287.0,-176.0,94.0,-918.0,-126.0,2
12573,32.0,-242.0,-51.0,-169.0,-277.0,-158.0,85.0,-929.0,-126.0,2
12574,30.0,-243.0,-45.0,-163.0,-272.0,-141.0,81.0,-942.0,-121.0,2
12575,29.0,-249.0,-48.0,-149.0,-264.0,-121.0,79.0,-955.0,-111.0,2
12576,24.0,-247.0,-42.0,-127.0,-262.0,-101.0,72.0,-963.0,-91.0,2
12577,25.0,-251.0,-42.0,-107.0,-264.0,-84.0,70.0,-968.0,-85.0,2
12578,22.0,-250.0,-34.0,-92.0,-270.0,-67.0,63.0,-974.0,-74.0,2
12579,25.0,-252.0,-33.0,-81.0,-277.0,-51.0,67.0,-973.0,-54.0,2
12580,23.0,-252.0,-27.0,-67.0,-283.0,-39.0,67.0,-968.0,-42.0,2
12581,19.0,-250.0,-26.0,-47.0,-290.0,-29.0,58.0,-960.0,-34.0,2
12582,18.0,-246.0,-26.0,-28.0,-297.0,-23.0,49.0,-953.0,-33.0,2
12583,18.0,-245.0,-29.0,-13.0,-308.0,-18.0,46.0,-942.0,-39.0,2
12584,19.0,-244.0,-33.0,-2.0,-323.0,-14.0,47.0,-928.0,-50.0,2
12585,17.0,-240.0,-33.0,2.0,-327.0,-12.0,47.0,-927.0,-60.0,2
12586,18.0,-239.0,-40.0,-4.0,-324.0,-7.0,54.0,-918.0,-73.0,2
12587,21.0,-235.0,-43.0,-11.0,-316.0,-3.0,59.0,-913.0,-91.0,2
12588,25.0,-236.0,-47.0,-19.0,-301.0,-2.0,68.0,-912.0,-95.0,2
12589,31.0,-240.0,-45.0,-24.0,-282.0,-1.0,82.0,-918.0,-104.0,2
12590,32.0,-237.0,-46.0,-27.0,-261.0,-1.0,100.0,-923.0,-110.0,2
12591,35.0,-244.0,-46.0,-32.0,-245.0,-4.0,104.0,-938.0,-120.0,2
12592,33.0,-246.0,-45.0,-38.0,-241.0,-13.0,109.0,-950.0,-101.0,2
12593,36.0,-247.0,-43.0,-45.0,-247.0,-22.0,113.0,-960.0,-98.0,2
12594,33.0,-251.0,-37.0,-51.0,-264.0,-33.0,101.0,-969.0,-82.0,2
12595,31.0,-251.0,-37.0,-47.0,-276.0,-41.0,95.0,-964.0,-71.0,2
12596,29.0,-256.0,-40.0,-35.0,-282.0,-44.0,82.0,-986.0,-81.0,2
12597,28.0,-256.0,-47.0,-28.0,-289.0,-46.0,87.0,-986.0,-95.0,2
12598,27.0,-255.0,-46.0,-26.0,-300.0,-51.0,73.0,-1000.0,-111.0,2
12599,26.0,-257.0,-49.0,-26.0,-308.0,-53.0,70.0,-1001.0,-122.0,2
12600,26.0,-262.0,-52.0,-20.0,-313.0,-56.0,66.0,-1011.0,-129.0,2
12601,25.0,-260.0,-54.0,-18.0,-321.0,-55.0,61.0,-1014.0,-139.0,2
12602,19.0,-261.0,-53.0,-5.0,-328.0,-60.0,54.0,-1008.0,-129.0,2
12603,14.0,-257.0,-58.0,29.0,-331.0,-67.0,37.0,-1006.0,-151.0,2
12604,13.0,-260.0,-58.0,51.0,-339.0,-66.0,21.0,-1014.0,-164.0,2
12605,15.0,-259.0,-59.0,59.0,-355.0,-56.0,42.0,-1012.0,-168.0,2
12606,21.0,-259.0,-57.0,59.0,-366.0,-51.0,63.0,-1007.0,-164.0,2
12607,36.0,-259.0,-54.0,60.0,-372.0,-51.0,96.0,-1004.0,-150.0,2
12608,44.0,-259.0,-49.0,59.0,-375.0,-53.0,127.0,-1010.0,-138.0,2
12609,48.0,-260.0,-51.0,53.0,-377.0,-53.0,163.0,-1020.0,-118.0,2
12610,52.0,-261.0,-43.0,45.0,-381.0,-59.0,166.0,-1018.0,-73.0,2
12611,49.0,-264.0,-30.0,48.0,-375.0,-68.0,161.0,-1031.0,-63.0,2
12612,52.0,-265.0,-25.0,37.0,-376.0,-69.0,180.0,-1042.0,-43.0,2
12613,53.0,-273.0,-18.0,19.0,-380.0,-73.0,175.0,-1054.0,-6.0,2
12614,49.0,-276.0,-10.0,27.0,-381.0,-84.0,165.0,-1067.0,30.0,2
12615,44.0,-282.0,-12.0,55.0,-371.0,-93.0,140.0,-1093.0,37.0,2
12616,39.0,-286.0,-11.0,80.0,-365.0,-87.0,115.0,-1113.0,37.0,2
12617,36.0,-293.0,-11.0,93.0,-371.0,-78.0,102.0,-1128.0,32.0,2
12618,29.0,-296.0,-19.0,102.0,-389.0,-72.0,88.0,-1149.0,9.0,2
12619,28.0,-294.0,-26.0,98.0,-410.0,-68.0,72.0,-1145.0,-17.0,2
12620,23.0,-293.0,-37.0,94.0,-427.0,-64.0,74.0,-1143.0,-60.0,2
12621,30.0,-293.0,-52.0,81.0,-429.0,-67.0,71.0,-1138.0,-106.0,2
12622,25.0,-295.0,-52.0,65.0,-423.0,-79.0,60.0,-1147.0,-117.0,2
12623,21.0,-298.0,-48.0,64.0,-422.0,-93.0,55.0,-1152.0,-115.0,2
12624,25.0,-298.0,-42.0,73.0,-434.0,-109.0,70.0,-1152.0,-93.0,2
12625,34.0,-299.0,-39.0,88.0,-449.0,-121.0,98.0,-1148.0,-84.0,2
12626,43.0,-295.0,-39.0,111.0,-447.0,-138.0,132.0,-1142.0,-89.0,2
12627,51.0,-291.0,-44.0,127.0,-429.0,-152.0,166.0,-1134.0,-98.0,2
12628,58.0,-290.0,-51.0,139.0,-396.0,-168.0,192.0,-1127.0,-114.0,2
12629,63.0,-288.0,-58.0,142.0,-353.0,-181.0,207.0,-1128.0,-146.0,2
12630,62.0,-287.0,-66.0,130.0,-308.0,-194.0,212.0,-1119.0,-173.0,2
12631,59.0,-283.0,-69.0,111.0,-265.0,-205.0,204.0,-1113.0,-206.0,2
12632,54.0,-281.0,-73.0,87.0,-229.0,-212.0,194.0,-1111.0,-220.0,2
12633,56.0,-286.0,-76.0,67.0,-198.0,-209.0,186.0,-1110.0,-239.0,2
12634,54.0,-290.0,-79.0,57.0,-171.0,-205.0,182.0,-1122.0,-255.0,2
12635,54.0,-290.0,-84.0,58.0,-143.0,-194.0,180.0,-1134.0,-261.0,2
12636,58.0,-291.0,-82.0,63.0,-105.0,-180.0,197.0,-1136.0,-272.0,2
12637,68.0,-291.0,-97.0,72.0,-63.0,-167.0,222.0,-1138.0,-313.0,2
12638,77.0,-287.0,-115.0,71.0,-8.0,-157.0,251.0,-1129.0,-367.0,2
12639,89.0,-287.0,-130.0,61.0,61.0,-148.0,286.0,-1128.0,-449.0,2
12640,82.0,-287.0,-150.0,43.0,139.0,-150.0,280.0,-1114.0,-521.0,2
12641,73.0,-285.0,-153.0,34.0,206.0,-154.0,249.0,-1128.0,-547.0,2
12642,55.0,-295.0,-148.0,43.0,241.0,-159.0,195.0,-1144.0,-523.0,2
12643,36.0,-295.0,-124.0,63.0,232.0,-162.0,115.0,-1153.0,-438.0,2
12644,20.0,-297.0,-102.0,90.0,192.0,-158.0,47.0,-1153.0,-357.0,2
12645,7.0,-294.0,-93.0,117.0,139.0,-140.0,5.0,-1140.0,-302.0,2
12646,-4.0,-284.0,-94.0,144.0,98.0,-116.0,-27.0,-1112.0,-291.0,2
12647,-12.0,-269.0,-103.0,180.0,65.0,-97.0,-66.0,-1062.0,-321.0,2
12648,-22.0,-260.0,-111.0,215.0,36.0,-87.0,-107.0,-981.0,-390.0,2
12649,-35.0,-237.0,-125.0,245.0,-7.0,-85.0,-167.0,-914.0,-433.0,2
12650,-49.0,-220.0,-133.0,270.0,-56.0,-90.0,-214.0,-857.0,-474.0,2
12651,-62.0,-204.0,-141.0,280.0,-106.0,-101.0,-254.0,-805.0,-511.0,2
12652,-70.0,-194.0,-147.0,260.0,-151.0,-114.0,-289.0,-758.0,-527.0,2
12653,-74.0,-184.0,-145.0,215.0,-189.0,-121.0,-306.0,-727.0,-529.0,2
12654,-78.0,-181.0,-144.0,149.0,-221.0,-124.0,-328.0,-716.0,-514.0,2
12655,-78.0,-181.0,-135.0,80.0,-253.0,-121.0,-331.0,-718.0,-488.0,2
12656,-79.0,-186.0,-132.0,17.0,-276.0,-109.0,-330.0,-727.0,-459.0,2
12657,-67.0,-194.0,-124.0,-37.0,-292.0,-90.0,-292.0,-757.0,-421.0,2
12658,-56.0,-203.0,-114.0,-86.0,-297.0,-86.0,-247.0,-788.0,-400.0,2
12659,-47.0,-208.0,-113.0,-117.0,-294.0,-80.0,-216.0,-824.0,-380.0,2
12660,-31.0,-220.0,-110.0,-136.0,-272.0,-71.0,-164.0,-854.0,-366.0,2
12661,-22.0,-225.0,-101.0,-146.0,-241.0,-60.0,-124.0,-886.0,-335.0,2
12662,-9.0,-232.0,-105.0,-135.0,-208.0,-51.0,-73.0,-904.0,-338.0,2
12663,-1.0,-234.0,-103.0,-115.0,-177.0,-31.0,-41.0,-908.0,-333.0,2
12664,5.0,-233.0,-101.0,-95.0,-154.0,-11.0,-10.0,-903.0,-319.0,2
12665,8.0,-232.0,-99.0,-74.0,-136.0,17.0,14.0,-902.0,-326.0,2
12666,17.0,-233.0,-103.0,-63.0,-119.0,43.0,42.0,-903.0,-324.0,2
12667,25.0,-229.0,-95.0,-69.0,-100.0,78.0,68.0,-902.0,-308.0,2
12668,31.0,-234.0,-91.0,-81.0,-79.0,100.0,93.0,-913.0,-291.0,2
12669,36.0,-237.0,-85.0,-93.0,-58.0,121.0,97.0,-913.0,-272.0,2
12670,36.0,-240.0,-80.0,-101.0,-37.0,142.0,108.0,-929.0,-250.0,2
12671,35.0,-245.0,-82.0,-95.0,-13.0,167.0,103.0,-945.0,-252.0,2
12672,31.0,-250.0,-80.0,-88.0,8.0,190.0,100.0,-958.0,-246.0,2
12673,30.0,-254.0,-77.0,-72.0,32.0,212.0,92.0,-984.0,-255.0,2
12674,28.0,-261.0,-80.0,-52.0,54.0,236.0,77.0,-1006.0,-252.0,2
12675,20.0,-261.0,-79.0,-23.0,74.0,261.0,48.0,-1017.0,-251.0,2
12676,17.0,-261.0,-77.0,17.0,96.0,275.0,31.0,-1029.0,-237.0,2
12677,11.0,-267.0,-75.0,69.0,110.0,287.0,19.0,-1020.0,-238.0,2
12678,7.0,-263.0,-79.0,134.0,125.0,295.0,-8.0,-1024.0,-239.0,2
12679,-1.0,-260.0,-77.0,176.0,129.0,306.0,-20.0,-1016.0,-238.0,2
12680,4.0,-259.0,-75.0,204.0,126.0,307.0,-14.0,-998.0,-236.0,2
12681,1.0,-252.0,-79.0,216.0,129.0,300.0,-23.0,-989.0,-238.0,2
12682,-6.0,-246.0,-78.0,204.0,139.0,290.0,-40.0,-959.0,-239.0,2
12683,-7.0,-245.0,-71.0,182.0,155.0,285.0,-56.0,-946.0,-217.0,2
12684,0.0,-236.0,-69.0,179.0,168.0,277.0,-31.0,-920.0,-201.0,2
12685,0.0,-230.0,-67.0,176.0,174.0,264.0,-25.0,-900.0,-198.0,2
12686,5.0,-228.0,-68.0,166.0,186.0,247.0,-16.0,-884.0,-199.0,2
12687,1.0,-220.0,-66.0,150.0,200.0,234.0,-19.0,-867.0,-193.0,2
12688,-2.0,-219.0,-66.0,127.0,213.0,216.0,-33.0,-841.0,-173.0,2
12689,-6.0,-210.0,-64.0,109.0,220.0,209.0,-32.0,-828.0,-170.0,2
12690,-5.0,-206.0,-59.0,92.0,231.0,201.0,-35.0,-822.0,-169.0,2
12691,-7.0,-205.0,-61.0,72.0,238.0,198.0,-52.0,-810.0,-171.0,2
12692,-9.0,-204.0,-59.0,46.0,241.0,197.0,-57.0,-804.0,-166.0,2
12693,-10.0,-208.0,-57.0,19.0,236.0,197.0,-67.0,-808.0,-162.0,2
12694,-12.0,-206.0,-57.0,-1.0,224.0,197.0,-78.0,-806.0,-145.0,2
12695,-14.0,-211.0,-52.0,-10.0,208.0,203.0,-90.0,-811.0,-143.0,2
12696,-15.0,-211.0,-53.0,-17.0,188.0,205.0,-91.0,-829.0,-144.0,2
12697,-20.0,-215.0,-54.0,-25.0,166.0,209.0,-100.0,-843.0,-149.0,2
12698,-19.0,-222.0,-55.0,-35.0,141.0,211.0,-106.0,-860.0,-142.0,2
12699,-21.0,-229.0,-53.0,-47.0,111.0,213.0,-108.0,-877.0,-145.0,2
12700,-23.0,-233.0,-52.0,-57.0,94.0,215.0,-107.0,-895.0,-141.0,2
12701,-20.0,-238.0,-52.0,-62.0,75.0,217.0,-117.0,-916.0,-137.0,2
12702,-23.0,-241.0,-53.0,-61.0,54.0,218.0,-117.0,-934.0,-134.0,2
12703,-22.0,-247.0,-53.0,-52.0,37.0,223.0,-109.0,-941.0,-137.0,2
12704,-23.0,-245.0,-55.0,-39.0,18.0,217.0,-114.0,-949.0,-140.0,2
12705,-20.0,-249.0,-55.0,-31.0,-3.0,214.0,-118.0,-952.0,-144.0,2
12706,-13.0,-250.0,-56.0,-22.0,-16.0,211.0,-96.0,-959.0,-152.0,2
12707,-11.0,-245.0,-58.0,-22.0,-24.0,210.0,-74.0,-950.0,-157.0,2
12708,-6.0,-245.0,-58.0,-27.0,-31.0,198.0,-59.0,-942.0,-154.0,2
12709,-8.0,-240.0,-56.0,-29.0,-31.0,183.0,-55.0,-924.0,-150.0,2
12710,-4.0,-238.0,-57.0,-28.0,-20.0,167.0,-48.0,-917.0,-145.0,2
12711,-2.0,-235.0,-57.0,-24.0,-10.0,152.0,-42.0,-909.0,-147.0,2
12712,-4.0,-234.0,-57.0,-29.0,-2.0,131.0,-46.0,-902.0,-151.0,2
12713,-8.0,-231.0,-57.0,-35.0,6.0,116.0,-52.0,-896.0,-148.0,2
12714,-7.0,-228.0,-54.0,-40.0,10.0,99.0,-51.0,-884.0,-135.0,2
12715,-10.0,-228.0,-56.0,-40.0,11.0,89.0,-58.0,-883.0,-141.0,2
12716,-9.0,-226.0,-56.0,-41.0,13.0,75.0,-55.0,-882.0,-143.0,2
12717,-11.0,-226.0,-54.0,-48.0,19.0,62.0,-64.0,-879.0,-135.0,2
12718,-11.0,-227.0,-49.0,-54.0,25.0,47.0,-64.0,-873.0,-135.0,2
12719,-5.0,-225.0,-50.0,-60.0,25.0,38.0,-50.0,-874.0,-131.0,2
12720,-8.0,-225.0,-51.0,-74.0,23.0,24.0,-55.0,-876.0,-124.0,2
12721,-5.0,-226.0,-53.0,-84.0,27.0,14.0,-54.0,-881.0,-119.0,2
12722,-5.0,-227.0,-48.0,-94.0,34.0,3.0,-52.0,-886.0,-116.0,2
12723,-5.0,-231.0,-49.0,-102.0,41.0,-7.0,-48.0,-891.0,-117.0,2
12724,-7.0,-234.0,-45.0,-104.0,48.0,-18.0,-43.0,-902.0,-106.0,2
12725,-4.0,-234.0,-44.0,-103.0,54.0,-28.0,-41.0,-905.0,-104.0,2
12726,-5.0,-238.0,-45.0,-96.0,57.0,-40.0,-39.0,-911.0,-100.0,2
12727,-7.0,-237.0,-50.0,-93.0,57.0,-50.0,-47.0,-923.0,-120.0,2
12728,-7.0,-241.0,-41.0,-96.0,56.0,-61.0,-53.0,-918.0,-84.0,2
12729,-8.0,-241.0,-35.0,-81.0,53.0,-64.0,-48.0,-923.0,-65.0,2
12730,-8.0,-239.0,-40.0,-53.0,45.0,-74.0,-53.0,-922.0,-74.0,2
12731,-11.0,-239.0,-37.0,-36.0,40.0,-81.0,-64.0,-924.0,-82.0,2
12732,-8.0,-243.0,-43.0,-43.0,41.0,-89.0,-68.0,-937.0,-101.0,2
12733,-12.0,-240.0,-36.0,-67.0,42.0,-93.0,-73.0,-926.0,-81.0,2
12734,-12.0,-243.0,-41.0,-75.0,37.0,-97.0,-78.0,-934.0,-82.0,2
12735,-12.0,-247.0,-47.0,-71.0,27.0,-98.0,-89.0,-937.0,-92.0,2
12736,-13.0,-245.0,-46.0,-66.0,21.0,-101.0,-98.0,-947.0,-96.0,2
12737,-21.0,-250.0,-41.0,-64.0,24.0,-101.0,-106.0,-950.0,-96.0,2
12738,-22.0,-249.0,-41.0,-64.0,24.0,-104.0,-123.0,-959.0,-90.0,2
12739,-29.0,-255.0,-41.0,-59.0,21.0,-103.0,-134.0,-969.0,-91.0,2
12740,-28.0,-253.0,-37.0,-56.0,17.0,-105.0,-138.0,-974.0,-86.0,2
12741,-30.0,-251.0,-44.0,-50.0,8.0,-101.0,-145.0,-975.0,-86.0,2
12742,-30.0,-252.0,-44.0,-40.0,-1.0,-92.0,-141.0,-973.0,-98.0,2
12743,-26.0,-253.0,-46.0,-32.0,-2.0,-81.0,-131.0,-972.0,-118.0,2
12744,-21.0,-252.0,-48.0,-31.0,1.0,-69.0,-113.0,-976.0,-117.0,2
12745,-13.0,-252.0,-49.0,-33.0,11.0,-55.0,-91.0,-976.0,-119.0,2
12746,-11.0,-253.0,-43.0,-37.0,20.0,-46.0,-69.0,-976.0,-106.0,2
12747,-3.0,-253.0,-45.0,-44.0,31.0,-39.0,-42.0,-978.0,-101.0,2
12748,1.0,-256.0,-47.0,-47.0,42.0,-38.0,-23.0,-976.0,-91.0,2
12749,5.0,-253.0,-42.0,-48.0,51.0,-38.0,-6.0,-976.0,-90.0,2
12750,11.0,-251.0,-42.0,-45.0,60.0,-43.0,5.0,-975.0,-89.0,2
12751,11.0,-253.0,-40.0,-42.0,69.0,-47.0,14.0,-980.0,-86.0,2
12752,15.0,-256.0,-39.0,-39.0,76.0,-55.0,14.0,-980.0,-91.0,2
12753,9.0,-255.0,-41.0,-35.0,87.0,-57.0,7.0,-999.0,-90.0,2
12754,4.0,-258.0,-39.0,-27.0,102.0,-73.0,-7.0,-1012.0,-80.0,2
12755,3.0,-261.0,-34.0,-14.0,114.0,-80.0,-19.0,-1013.0,-63.0,2
12756,1.0,-264.0,-33.0,7.0,126.0,-89.0,-37.0,-1020.0,-57.0,2
12757,-4.0,-266.0,-28.0,28.0,146.0,-93.0,-42.0,-1033.0,-45.0,2
12758,-9.0,-267.0,-30.0,50.0,172.0,-101.0,-61.0,-1041.0,-39.0,2
12759,-6.0,-269.0,-29.0,63.0,199.0,-104.0,-59.0,-1052.0,-31.0,2
12760,-7.0,-274.0,-23.0,71.0,225.0,-110.0,-59.0,-1064.0,-14.0,2
12761,-11.0,-278.0,-17.0,79.0,249.0,-106.0,-63.0,-1073.0,4.0,2
12762,-7.0,-278.0,-14.0,96.0,267.0,-103.0,-62.0,-1076.0,15.0,2
12763,-2.0,-278.0,-11.0,113.0,274.0,-93.0,-49.0,-1075.0,24.0,2
12764,1.0,-275.0,-7.0,130.0,279.0,-85.0,-26.0,-1072.0,34.0,2
12765,9.0,-273.0,-5.0,150.0,284.0,-77.0,-5.0,-1068.0,43.0,2
12766,14.0,-272.0,-3.0,163.0,292.0,-76.0,13.0,-1059.0,47.0,2
12767,12.0,-273.0,-5.0,168.0,304.0,-72.0,14.0,-1056.0,60.0,2
12768,12.0,-269.0,-4.0,166.0,324.0,-69.0,8.0,-1051.0,62.0,2
12769,12.0,-269.0,-2.0,156.0,348.0,-54.0,10.0,-1050.0,62.0,2
12770,7.0,-266.0,3.0,145.0,375.0,-46.0,-2.0,-1037.0,82.0,2
12771,8.0,-267.0,5.0,145.0,400.0,-28.0,-14.0,-1026.0,90.0,2
12772,-3.0,-260.0,3.0,149.0,421.0,-15.0,-34.0,-1014.0,80.0,2
12773,-12.0,-255.0,-3.0,140.0,429.0,-14.0,-69.0,-994.0,58.0,2
12774,-25.0,-246.0,-11.0,116.0,417.0,-17.0,-103.0,-958.0,26.0,2
12775,-29.0,-242.0,-25.0,76.0,384.0,-18.0,-146.0,-939.0,-37.0,2
12776,-41.0,-239.0,-40.0,21.0,346.0,-16.0,-182.0,-927.0,-90.0,2
12777,-47.0,-236.0,-52.0,-56.0,331.0,-3.0,-211.0,-931.0,-136.0,2
12778,-54.0,-247.0,-52.0,-147.0,335.0,8.0,-233.0,-956.0,-127.0,2
12779,-59.0,-260.0,-40.0,-215.0,343.0,21.0,-255.0,-1011.0,-90.0,2
12780,-71.0,-275.0,-30.0,-252.0,340.0,26.0,-289.0,-1052.0,-45.0,2
12781,-77.0,-289.0,-16.0,-259.0,311.0,36.0,-316.0,-1110.0,-22.0,2
12782,-82.0,-298.0,-23.0,-244.0,258.0,34.0,-338.0,-1141.0,-27.0,2
12783,-82.0,-302.0,-30.0,-215.0,173.0,36.0,-347.0,-1164.0,-58.0,2
12784,-84.0,-304.0,-49.0,-202.0,87.0,34.0,-350.0,-1170.0,-121.0,2
12785,-86.0,-304.0,-66.0,-204.0,-4.0,38.0,-360.0,-1175.0,-195.0,2
12786,-87.0,-305.0,-84.0,-223.0,-93.0,45.0,-362.0,-1184.0,-264.0,2
12787,-88.0,-309.0,-92.0,-250.0,-173.0,60.0,-357.0,-1201.0,-312.0,2
12788,-88.0,-317.0,-101.0,-278.0,-248.0,80.0,-372.0,-1212.0,-327.0,2
12789,-86.0,-322.0,-92.0,-292.0,-318.0,112.0,-369.0,-1228.0,-321.0,2
12790,-90.0,-325.0,-89.0,-284.0,-379.0,142.0,-372.0,-1255.0,-295.0,2
12791,-82.0,-333.0,-84.0,-248.0,-440.0,175.0,-355.0,-1271.0,-274.0,2
12792,-79.0,-335.0,-82.0,-178.0,-507.0,201.0,-336.0,-1278.0,-258.0,2
12793,-68.0,-334.0,-80.0,-81.0,-585.0,232.0,-297.0,-1280.0,-263.0,2
12794,-57.0,-329.0,-85.0,45.0,-648.0,243.0,-237.0,-1260.0,-270.0,2
12795,-43.0,-319.0,-92.0,142.0,-710.0,252.0,-197.0,-1221.0,-295.0,2
12796,-21.0,-310.0,-110.0,219.0,-761.0,250.0,-119.0,-1195.0,-347.0,2
12797,-6.0,-296.0,-119.0,258.0,-804.0,247.0,-56.0,-1153.0,-398.0,2
12798,16.0,-284.0,-125.0,272.0,-814.0,236.0,5.0,-1110.0,-434.0,2
12799,24.0,-270.0,-134.0,285.0,-785.0,211.0,65.0,-1057.0,-469.0,2
12800,42.0,-257.0,-138.0,287.0,-733.0,179.0,126.0,-1001.0,-497.0,2
12801,50.0,-241.0,-147.0,276.0,-672.0,141.0,158.0,-943.0,-515.0,2
12802,51.0,-225.0,-148.0,246.0,-616.0,95.0,163.0,-882.0,-530.0,2
12803,51.0,-209.0,-157.0,198.0,-567.0,63.0,159.0,-841.0,-556.0,2
12804,51.0,-196.0,-161.0,111.0,-512.0,29.0,165.0,-803.0,-570.0,2
12805,53.0,-196.0,-163.0,26.0,-460.0,20.0,179.0,-790.0,-573.0,2
12806,58.0,-197.0,-151.0,-56.0,-402.0,16.0,203.0,-790.0,-551.0,2
12807,67.0,-200.0,-143.0,-123.0,-334.0,27.0,220.0,-804.0,-516.0,2
12808,72.0,-208.0,-136.0,-162.0,-261.0,34.0,248.0,-831.0,-484.0,2
12809,73.0,-221.0,-127.0,-168.0,-185.0,40.0,254.0,-863.0,-439.0,2
12810,71.0,-231.0,-118.0,-152.0,-121.0,40.0,245.0,-898.0,-414.0,2
12811,66.0,-239.0,-117.0,-120.0,-71.0,45.0,229.0,-928.0,-394.0,2
12812,61.0,-244.0,-114.0,-72.0,-43.0,45.0,216.0,-946.0,-383.0,2
12813,60.0,-247.0,-108.0,-14.0,-39.0,51.0,206.0,-935.0,-373.0,2
12814,54.0,-236.0,-120.0,53.0,-51.0,55.0,186.0,-928.0,-402.0,2
12815,51.0,-233.0,-124.0,104.0,-70.0,54.0,167.0,-908.0,-437.0,2
12816,46.0,-226.0,-130.0,89.0,-79.0,41.0,145.0,-902.0,-468.0,2
12817,37.0,-227.0,-131.0,39.0,-77.0,21.0,117.0,-894.0,-446.0,2
12818,26.0,-224.0,-121.0,-7.0,-70.0,-8.0,71.0,-885.0,-403.0,2
12819,16.0,-225.0,-117.0,-39.0,-57.0,-25.0,28.0,-883.0,-387.0,2
12820,11.0,-230.0,-110.0,-67.0,-47.0,-53.0,20.0,-901.0,-364.0,2
12821,6.0,-233.0,-104.0,-97.0,-49.0,-91.0,-3.0,-906.0,-346.0,2
12822,1.0,-240.0,-100.0,-128.0,-72.0,-133.0,-23.0,-907.0,-328.0,2
12823,3.0,-238.0,-96.0,-138.0,-91.0,-160.0,-24.0,-917.0,-299.0,2
12824,-2.0,-237.0,-89.0,-121.0,-91.0,-195.0,-32.0,-923.0,-280.0,2
12825,-6.0,-240.0,-85.0,-84.0,-77.0,-218.0,-50.0,-925.0,-264.0,2
12826,-11.0,-239.0,-78.0,-51.0,-74.0,-247.0,-66.0,-927.0,-255.0,2
12827,-12.0,-238.0,-82.0,-19.0,-87.0,-269.0,-73.0,-917.0,-256.0,2
12828,-15.0,-234.0,-83.0,1.0,-114.0,-294.0,-85.0,-907.0,-256.0,2
12829,-17.0,-230.0,-88.0,1.0,-152.0,-307.0,-100.0,-902.0,-276.0,2
12830,-16.0,-230.0,-95.0,-14.0,-190.0,-324.0,-94.0,-899.0,-299.0,2
12831,-22.0,-230.0,-91.0,-38.0,-219.0,-336.0,-105.0,-901.0,-293.0,2
12832,-23.0,-232.0,-91.0,-54.0,-244.0,-346.0,-117.0,-908.0,-291.0,2
12833,-18.0,-236.0,-87.0,-67.0,-273.0,-344.0,-112.0,-914.0,-280.0,2
12834,-20.0,-241.0,-81.0,-78.0,-300.0,-343.0,-101.0,-924.0,-263.0,2
12835,-16.0,-243.0,-76.0,-87.0,-334.0,-341.0,-92.0,-939.0,-234.0,2
12836,-12.0,-247.0,-77.0,-88.0,-358.0,-342.0,-87.0,-946.0,-226.0,2
12837,-12.0,-247.0,-74.0,-90.0,-379.0,-333.0,-78.0,-948.0,-216.0,2
12838,-7.0,-248.0,-66.0,-86.0,-401.0,-327.0,-59.0,-958.0,-203.0,2
12839,-4.0,-249.0,-68.0,-62.0,-422.0,-315.0,-45.0,-950.0,-200.0,2
12840,2.0,-247.0,-68.0,-20.0,-439.0,-310.0,-19.0,-946.0,-207.0,2
12841,6.0,-249.0,-74.0,29.0,-453.0,-301.0,0.0,-941.0,-214.0,2
12842,11.0,-241.0,-68.0,71.0,-463.0,-302.0,7.0,-930.0,-220.0,2
12843,12.0,-239.0,-66.0,101.0,-469.0,-300.0,20.0,-922.0,-219.0,2
12844,22.0,-236.0,-69.0,116.0,-472.0,-308.0,43.0,-914.0,-212.0,2
12845,22.0,-229.0,-65.0,119.0,-473.0,-318.0,67.0,-903.0,-203.0,2
12846,24.0,-226.0,-63.0,115.0,-472.0,-328.0,69.0,-885.0,-186.0,2
12847,30.0,-226.0,-63.0,108.0,-472.0,-324.0,82.0,-879.0,-175.0,2
12848,32.0,-225.0,-60.0,99.0,-470.0,-329.0,93.0,-870.0,-178.0,2
12849,29.0,-220.0,-62.0,88.0,-472.0,-336.0,91.0,-862.0,-170.0,2
12850,32.0,-220.0,-67.0,80.0,-472.0,-348.0,102.0,-860.0,-182.0,2
12851,32.0,-222.0,-64.0,72.0,-466.0,-352.0,98.0,-864.0,-188.0,2
12852,34.0,-218.0,-63.0,61.0,-458.0,-361.0,97.0,-864.0,-184.0,2
12853,32.0,-225.0,-65.0,51.0,-447.0,-362.0,95.0,-859.0,-187.0,2
12854,38.0,-225.0,-66.0,36.0,-430.0,-364.0,104.0,-868.0,-186.0,2
12855,35.0,-223.0,-68.0,15.0,-402.0,-362.0,108.0,-879.0,-187.0,2
12856,33.0,-226.0,-63.0,-3.0,-365.0,-364.0,94.0,-885.0,-193.0,2
12857,24.0,-229.0,-65.0,-15.0,-341.0,-360.0,70.0,-891.0,-175.0,2
12858,16.0,-231.0,-61.0,-19.0,-327.0,-357.0,47.0,-894.0,-172.0,2
12859,20.0,-232.0,-59.0,-17.0,-325.0,-341.0,45.0,-897.0,-169.0,2
12860,22.0,-233.0,-60.0,-19.0,-333.0,-335.0,55.0,-902.0,-166.0,2
12861,17.0,-232.0,-60.0,-24.0,-333.0,-328.0,40.0,-900.0,-164.0,2
12862,10.0,-231.0,-56.0,-26.0,-332.0,-317.0,19.0,-899.0,-160.0,2
12863,6.0,-235.0,-49.0,-33.0,-333.0,-297.0,9.0,-892.0,-160.0,2
12864,4.0,-228.0,-55.0,-43.0,-334.0,-284.0,-5.0,-885.0,-156.0,2
12865,1.0,-226.0,-56.0,-52.0,-341.0,-263.0,-14.0,-882.0,-156.0,2
12866,1.0,-225.0,-61.0,-60.0,-356.0,-247.0,-14.0,-878.0,-168.0,2
12867,0.0,-225.0,-60.0,-78.0,-369.0,-221.0,-8.0,-881.0,-173.0,2
12868,3.0,-224.0,-59.0,-95.0,-375.0,-209.0,-3.0,-882.0,-173.0,2
12869,6.0,-226.0,-56.0,-111.0,-376.0,-195.0,0.0,-882.0,-162.0,2
12870,12.0,-227.0,-54.0,-119.0,-373.0,-185.0,11.0,-879.0,-145.0,2
12871,15.0,-224.0,-55.0,-119.0,-367.0,-172.0,28.0,-878.0,-132.0,2
12872,17.0,-226.0,-51.0,-120.0,-356.0,-165.0,40.0,-879.0,-128.0,2
12873,21.0,-226.0,-53.0,-125.0,-346.0,-155.0,56.0,-867.0,-125.0,2
12874,23.0,-222.0,-51.0,-135.0,-339.0,-154.0,67.0,-874.0,-129.0,2
12875,25.0,-223.0,-50.0,-149.0,-341.0,-149.0,70.0,-876.0,-133.0,2
12876,27.0,-224.0,-50.0,-162.0,-344.0,-148.0,85.0,-876.0,-130.0,2
12877,26.0,-227.0,-51.0,-170.0,-346.0,-148.0,81.0,-882.0,-130.0,2
12878,24.0,-227.0,-50.0,-172.0,-350.0,-148.0,69.0,-887.0,-127.0,2
12879,27.0,-231.0,-51.0,-172.0,-352.0,-139.0,65.0,-899.0,-126.0,2
12880,24.0,-236.0,-50.0,-166.0,-355.0,-136.0,61.0,-908.0,-118.0,2
12881,23.0,-238.0,-45.0,-155.0,-359.0,-126.0,51.0,-921.0,-110.0,2
12882,17.0,-243.0,-44.0,-144.0,-360.0,-120.0,49.0,-926.0,-105.0,2
12883,15.0,-244.0,-43.0,-132.0,-364.0,-108.0,31.0,-934.0,-92.0,2
12884,9.0,-242.0,-40.0,-121.0,-368.0,-100.0,17.0,-942.0,-81.0,2
12885,10.0,-246.0,-36.0,-109.0,-372.0,-86.0,6.0,-945.0,-70.0,2
12886,8.0,-244.0,-29.0,-101.0,-376.0,-73.0,2.0,-951.0,-54.0,2
12887,6.0,-248.0,-32.0,-91.0,-382.0,-57.0,-8.0,-947.0,-51.0,2
12888,4.0,-246.0,-32.0,-81.0,-387.0,-41.0,-9.0,-946.0,-47.0,2
12889,6.0,-246.0,-32.0,-70.0,-395.0,-22.0,-8.0,-947.0,-47.0,2
12890,8.0,-241.0,-35.0,-60.0,-397.0,-10.0,0.0,-934.0,-61.0,2
12891,14.0,-244.0,-36.0,-51.0,-398.0,4.0,13.0,-928.0,-82.0,2
12892,14.0,-239.0,-40.0,-50.0,-394.0,10.0,27.0,-924.0,-85.0,2
12893,20.0,-237.0,-44.0,-58.0,-385.0,14.0,51.0,-919.0,-98.0,2
12894,24.0,-239.0,-46.0,-69.0,-376.0,11.0,68.0,-923.0,-102.0,2
12895,31.0,-241.0,-40.0,-79.0,-371.0,8.0,87.0,-931.0,-102.0,2
12896,33.0,-244.0,-44.0,-94.0,-370.0,-3.0,100.0,-942.0,-99.0,2
12897,39.0,-248.0,-42.0,-107.0,-367.0,-12.0,119.0,-963.0,-91.0,2
12898,43.0,-253.0,-38.0,-115.0,-363.0,-27.0,139.0,-972.0,-84.0,2
12899,43.0,-256.0,-40.0,-105.0,-360.0,-35.0,133.0,-983.0,-77.0,2
12900,48.0,-260.0,-40.0,-83.0,-360.0,-47.0,146.0,-1009.0,-90.0,2
12901,47.0,-258.0,-49.0,-59.0,-357.0,-52.0,156.0,-1009.0,-106.0,2
12902,50.0,-259.0,-53.0,-36.0,-349.0,-55.0,155.0,-1002.0,-129.0,2
12903,48.0,-259.0,-56.0,-11.0,-325.0,-52.0,141.0,-988.0,-151.0,2
12904,44.0,-255.0,-63.0,9.0,-293.0,-57.0,134.0,-989.0,-163.0,2
12905,39.0,-253.0,-64.0,14.0,-271.0,-63.0,117.0,-993.0,-183.0,2
12906,29.0,-248.0,-65.0,4.0,-263.0,-72.0,96.0,-971.0,-197.0,2
12907,24.0,-249.0,-67.0,-18.0,-267.0,-77.0,70.0,-968.0,-198.0,2
12908,15.0,-249.0,-69.0,-42.0,-279.0,-82.0,40.0,-964.0,-204.0,2
12909,14.0,-248.0,-69.0,-59.0,-289.0,-76.0,20.0,-959.0,-204.0,2
12910,11.0,-248.0,-68.0,-63.0,-291.0,-72.0,8.0,-953.0,-205.0,2
12911,7.0,-246.0,-71.0,-55.0,-293.0,-59.0,10.0,-958.0,-203.0,2
12912,15.0,-249.0,-68.0,-50.0,-293.0,-51.0,28.0,-962.0,-188.0,2
12913,24.0,-248.0,-63.0,-46.0,-292.0,-39.0,67.0,-966.0,-172.0,2
12914,28.0,-253.0,-53.0,-47.0,-289.0,-34.0,92.0,-975.0,-151.0,2
12915,35.0,-255.0,-51.0,-52.0,-286.0,-28.0,106.0,-997.0,-128.0,2
12916,35.0,-257.0,-39.0,-60.0,-294.0,-33.0,105.0,-1004.0,-81.0,2
12917,37.0,-263.0,-32.0,-51.0,-308.0,-38.0,112.0,-1021.0,-51.0,2
12918,36.0,-267.0,-25.0,-41.0,-325.0,-56.0,105.0,-1042.0,-28.0,2
12919,33.0,-273.0,-24.0,-30.0,-339.0,-66.0,103.0,-1066.0,-11.0,2
12920,30.0,-279.0,-22.0,-17.0,-360.0,-85.0,89.0,-1089.0,-16.0,2
12921,25.0,-287.0,-26.0,-20.0,-390.0,-100.0,70.0,-1107.0,-30.0,2
12922,18.0,-292.0,-34.0,-32.0,-418.0,-118.0,46.0,-1132.0,-50.0,2
12923,14.0,-299.0,-36.0,-46.0,-443.0,-130.0,13.0,-1155.0,-53.0,2
12924,7.0,-306.0,-37.0,-58.0,-454.0,-139.0,2.0,-1168.0,-42.0,2
12925,13.0,-316.0,-38.0,-55.0,-462.0,-143.0,13.0,-1209.0,-67.0,2
12926,15.0,-317.0,-38.0,-76.0,-477.0,-154.0,35.0,-1230.0,-55.0,2
12927,20.0,-320.0,-35.0,-88.0,-485.0,-166.0,43.0,-1232.0,-71.0,2
12928,25.0,-326.0,-46.0,-79.0,-480.0,-178.0,59.0,-1251.0,-114.0,2
12929,32.0,-326.0,-56.0,-72.0,-474.0,-179.0,98.0,-1257.0,-143.0,2
12930,48.0,-326.0,-58.0,-58.0,-464.0,-184.0,145.0,-1265.0,-155.0,2
12931,59.0,-329.0,-58.0,-30.0,-453.0,-191.0,190.0,-1271.0,-157.0,2
12932,66.0,-326.0,-56.0,8.0,-436.0,-206.0,215.0,-1256.0,-138.0,2
12933,70.0,-323.0,-54.0,62.0,-412.0,-215.0,227.0,-1241.0,-140.0,2
12934,73.0,-319.0,-56.0,109.0,-382.0,-223.0,234.0,-1219.0,-146.0,2
12935,76.0,-307.0,-58.0,134.0,-347.0,-223.0,246.0,-1193.0,-157.0,2
12936,78.0,-302.0,-63.0,147.0,-305.0,-221.0,253.0,-1172.0,-170.0,2
12937,81.0,-300.0,-67.0,152.0,-255.0,-211.0,271.0,-1161.0,-185.0,2
12938,82.0,-296.0,-64.0,157.0,-194.0,-205.0,269.0,-1154.0,-194.0,2
12939,76.0,-297.0,-66.0,162.0,-129.0,-195.0,262.0,-1149.0,-177.0,2
12940,69.0,-296.0,-55.0,173.0,-63.0,-180.0,237.0,-1150.0,-157.0,2
12941,66.0,-293.0,-54.0,186.0,-20.0,-164.0,227.0,-1145.0,-141.0,2
12942,67.0,-290.0,-54.0,200.0,17.0,-150.0,224.0,-1133.0,-139.0,2
12943,67.0,-286.0,-58.0,209.0,57.0,-135.0,229.0,-1120.0,-162.0,2
12944,68.0,-277.0,-66.0,209.0,99.0,-121.0,231.0,-1093.0,-206.0,2
12945,70.0,-269.0,-88.0,207.0,141.0,-98.0,229.0,-1061.0,-277.0,2
12946,62.0,-266.0,-100.0,211.0,188.0,-83.0,210.0,-1030.0,-331.0,2
12947,49.0,-257.0,-109.0,217.0,226.0,-68.0,168.0,-1018.0,-363.0,2
12948,27.0,-257.0,-109.0,218.0,236.0,-64.0,95.0,-1008.0,-366.0,2
12949,12.0,-257.0,-99.0,206.0,213.0,-54.0,36.0,-1001.0,-343.0,2
12950,7.0,-251.0,-95.0,188.0,157.0,-44.0,-3.0,-976.0,-306.0,2
12951,-7.0,-250.0,-91.0,183.0,69.0,-35.0,-41.0,-965.0,-283.0,2
12952,-13.0,-247.0,-85.0,189.0,3.0,-30.0,-75.0,-955.0,-286.0,2
12953,-20.0,-243.0,-93.0,206.0,-50.0,-23.0,-112.0,-932.0,-312.0,2
12954,-29.0,-233.0,-107.0,222.0,-94.0,-24.0,-142.0,-913.0,-356.0,2
12955,-35.0,-228.0,-115.0,234.0,-134.0,-16.0,-161.0,-884.0,-394.0,2
12956,-41.0,-219.0,-120.0,235.0,-172.0,-9.0,-185.0,-857.0,-424.0,2
12957,-44.0,-209.0,-127.0,222.0,-210.0,0.0,-198.0,-828.0,-444.0,2
12958,-46.0,-205.0,-132.0,192.0,-246.0,-1.0,-203.0,-810.0,-456.0,2
12959,-50.0,-202.0,-127.0,150.0,-280.0,-3.0,-202.0,-799.0,-447.0,2
12960,-47.0,-198.0,-121.0,107.0,-313.0,-8.0,-197.0,-789.0,-434.0,2
12961,-39.0,-201.0,-117.0,70.0,-348.0,-17.0,-179.0,-790.0,-410.0,2
12962,-35.0,-207.0,-110.0,45.0,-371.0,-29.0,-165.0,-798.0,-391.0,2
12963,-32.0,-209.0,-109.0,32.0,-387.0,-36.0,-157.0,-815.0,-386.0,2
12964,-29.0,-214.0,-113.0,24.0,-391.0,-44.0,-141.0,-830.0,-375.0,2
12965,-24.0,-214.0,-115.0,18.0,-383.0,-45.0,-128.0,-843.0,-373.0,2
12966,-20.0,-218.0,-108.0,7.0,-362.0,-46.0,-107.0,-852.0,-365.0,2
12967,-18.0,-213.0,-104.0,4.0,-329.0,-42.0,-107.0,-828.0,-339.0,2
12968,-16.0,-200.0,-102.0,20.0,-292.0,-39.0,-95.0,-787.0,-322.0,2
12969,-12.0,-197.0,-112.0,50.0,-259.0,-41.0,-82.0,-779.0,-370.0,2
12970,-18.0,-201.0,-121.0,21.0,-257.0,-34.0,-104.0,-800.0,-420.0,2
12971,-9.0,-206.0,-117.0,-56.0,-267.0,-8.0,-74.0,-807.0,-387.0,2
12972,4.0,-208.0,-114.0,-94.0,-251.0,9.0,-7.0,-817.0,-367.0,2
12973,2.0,-218.0,-112.0,-137.0,-244.0,26.0,-6.0,-859.0,-394.0,2
12974,1.0,-230.0,-105.0,-196.0,-252.0,40.0,-22.0,-894.0,-346.0,2
12975,8.0,-239.0,-92.0,-212.0,-241.0,59.0,11.0,-914.0,-299.0,2
12976,14.0,-243.0,-87.0,-181.0,-222.0,72.0,22.0,-937.0,-273.0,2
12977,14.0,-247.0,-81.0,-143.0,-198.0,90.0,22.0,-949.0,-268.0,2
12978,14.0,-252.0,-84.0,-109.0,-176.0,105.0,22.0,-968.0,-267.0,2
12979,16.0,-257.0,-89.0,-79.0,-166.0,118.0,36.0,-1004.0,-289.0,2
12980,21.0,-263.0,-96.0,-57.0,-157.0,130.0,40.0,-1029.0,-321.0,2
12981,15.0,-265.0,-95.0,-50.0,-145.0,151.0,31.0,-1051.0,-321.0,2
12982,16.0,-271.0,-97.0,-48.0,-128.0,180.0,25.0,-1052.0,-307.0,2
12983,16.0,-272.0,-89.0,-19.0,-100.0,206.0,22.0,-1048.0,-280.0,2
12984,14.0,-271.0,-89.0,30.0,-74.0,226.0,33.0,-1051.0,-283.0,2
12985,18.0,-269.0,-93.0,65.0,-61.0,246.0,28.0,-1053.0,-284.0,2
12986,20.0,-263.0,-85.0,82.0,-58.0,258.0,48.0,-1032.0,-270.0,2
12987,17.0,-260.0,-82.0,108.0,-51.0,264.0,39.0,-1005.0,-250.0,2
12988,16.0,-250.0,-83.0,132.0,-30.0,262.0,43.0,-972.0,-248.0,2
12989,11.0,-243.0,-75.0,154.0,-3.0,261.0,20.0,-941.0,-245.0,2
12990,12.0,-238.0,-78.0,171.0,31.0,262.0,12.0,-919.0,-224.0,2
12991,8.0,-233.0,-72.0,184.0,59.0,257.0,1.0,-900.0,-207.0,2
12992,1.0,-231.0,-71.0,183.0,67.0,246.0,-11.0,-894.0,-215.0,2
12993,-2.0,-227.0,-73.0,148.0,67.0,245.0,-34.0,-885.0,-197.0,2
12994,-9.0,-225.0,-64.0,117.0,75.0,241.0,-49.0,-878.0,-175.0,2
12995,-7.0,-222.0,-60.0,95.0,87.0,244.0,-59.0,-864.0,-161.0,2
12996,-11.0,-219.0,-59.0,96.0,96.0,246.0,-57.0,-860.0,-169.0,2
12997,-7.0,-215.0,-58.0,105.0,109.0,243.0,-48.0,-843.0,-163.0,2
12998,-8.0,-214.0,-63.0,126.0,123.0,238.0,-51.0,-826.0,-168.0,2
12999,-7.0,-207.0,-65.0,139.0,133.0,234.0,-60.0,-820.0,-189.0,2
13000,-12.0,-209.0,-71.0,129.0,132.0,232.0,-75.0,-819.0,-204.0,2
13001,-14.0,-207.0,-65.0,101.0,125.0,237.0,-79.0,-819.0,-201.0,2
13002,-15.0,-211.0,-66.0,70.0,113.0,236.0,-87.0,-823.0,-192.0,2
13003,-14.0,-213.0,-64.0,43.0,98.0,234.0,-91.0,-833.0,-186.0,2
13004,-20.0,-213.0,-63.0,8.0,95.0,230.0,-98.0,-845.0,-180.0,2
13005,-14.0,-224.0,-60.0,-18.0,98.0,233.0,-97.0,-862.0,-170.0,2
13006,-14.0,-223.0,-60.0,-43.0,103.0,239.0,-101.0,-879.0,-169.0,2
13007,-14.0,-230.0,-60.0,-63.0,101.0,248.0,-80.0,-890.0,-169.0,2
13008,-9.0,-237.0,-59.0,-73.0,97.0,249.0,-69.0,-907.0,-166.0,2
13009,-12.0,-237.0,-64.0,-76.0,92.0,253.0,-62.0,-916.0,-168.0,2
13010,-5.0,-240.0,-59.0,-77.0,93.0,252.0,-44.0,-925.0,-164.0,2
13011,-2.0,-242.0,-60.0,-74.0,100.0,251.0,-37.0,-928.0,-164.0,2
13012,3.0,-241.0,-57.0,-67.0,107.0,245.0,-19.0,-936.0,-166.0,2
13013,0.0,-243.0,-61.0,-60.0,110.0,234.0,-25.0,-933.0,-170.0,2
13014,2.0,-243.0,-57.0,-59.0,110.0,228.0,-15.0,-938.0,-160.0,2
13015,5.0,-239.0,-57.0,-49.0,120.0,220.0,-8.0,-921.0,-148.0,2
13016,6.0,-238.0,-55.0,-38.0,140.0,208.0,-9.0,-912.0,-142.0,2
13017,4.0,-235.0,-57.0,-36.0,161.0,199.0,-10.0,-908.0,-143.0,2
13018,4.0,-232.0,-57.0,-47.0,175.0,191.0,-16.0,-906.0,-150.0,2
13019,2.0,-232.0,-54.0,-64.0,186.0,183.0,-14.0,-897.0,-142.0,2
13020,3.0,-230.0,-47.0,-81.0,192.0,173.0,-14.0,-898.0,-131.0,2
13021,3.0,-232.0,-52.0,-92.0,203.0,165.0,-13.0,-897.0,-129.0,2
13022,4.0,-232.0,-49.0,-94.0,213.0,148.0,-18.0,-895.0,-126.0,2
13023,0.0,-232.0,-50.0,-92.0,221.0,134.0,-19.0,-895.0,-124.0,2
13024,0.0,-230.0,-52.0,-84.0,228.0,116.0,-30.0,-900.0,-126.0,2
13025,-4.0,-233.0,-50.0,-71.0,235.0,104.0,-33.0,-902.0,-124.0,2
13026,0.0,-233.0,-50.0,-62.0,243.0,89.0,-39.0,-893.0,-132.0,2
13027,-4.0,-228.0,-53.0,-57.0,255.0,78.0,-37.0,-890.0,-138.0,2
13028,-3.0,-231.0,-56.0,-59.0,274.0,71.0,-36.0,-894.0,-138.0,2
13029,-1.0,-229.0,-56.0,-66.0,296.0,70.0,-25.0,-897.0,-141.0,2
13030,3.0,-234.0,-52.0,-74.0,320.0,62.0,-20.0,-900.0,-128.0,2
13031,4.0,-233.0,-50.0,-86.0,342.0,57.0,-16.0,-906.0,-124.0,2
13032,4.0,-238.0,-47.0,-94.0,362.0,48.0,-10.0,-916.0,-109.0,2
13033,6.0,-239.0,-45.0,-95.0,378.0,38.0,-15.0,-928.0,-106.0,2
13034,6.0,-244.0,-44.0,-89.0,387.0,22.0,-14.0,-931.0,-96.0,2
13035,-2.0,-241.0,-42.0,-75.0,392.0,12.0,-15.0,-930.0,-92.0,2
13036,0.0,-244.0,-41.0,-62.0,388.0,1.0,-17.0,-931.0,-94.0,2
13037,0.0,-242.0,-43.0,-48.0,383.0,-8.0,-25.0,-927.0,-92.0,2
13038,-1.0,-243.0,-44.0,-38.0,378.0,-19.0,-28.0,-932.0,-109.0,2
13039,-1.0,-240.0,-46.0,-36.0,373.0,-28.0,-37.0,-925.0,-119.0,2
13040,-5.0,-239.0,-49.0,-41.0,371.0,-38.0,-43.0,-923.0,-132.0,2
13041,-8.0,-238.0,-54.0,-60.0,373.0,-46.0,-51.0,-919.0,-142.0,2
13042,-11.0,-241.0,-55.0,-85.0,378.0,-55.0,-76.0,-922.0,-144.0,2
13043,-19.0,-242.0,-55.0,-108.0,381.0,-61.0,-99.0,-928.0,-141.0,2
13044,-27.0,-243.0,-49.0,-122.0,376.0,-67.0,-122.0,-934.0,-141.0,2
13045,-31.0,-242.0,-55.0,-131.0,354.0,-73.0,-140.0,-937.0,-144.0,2
13046,-34.0,-245.0,-56.0,-137.0,332.0,-77.0,-167.0,-946.0,-145.0,2
13047,-37.0,-247.0,-58.0,-143.0,309.0,-76.0,-180.0,-949.0,-160.0,2
13048,-43.0,-246.0,-56.0,-150.0,288.0,-71.0,-191.0,-953.0,-153.0,2
13049,-39.0,-248.0,-56.0,-153.0,268.0,-60.0,-185.0,-957.0,-154.0,2
13050,-31.0,-254.0,-59.0,-153.0,256.0,-46.0,-165.0,-967.0,-159.0,2
13051,-23.0,-254.0,-55.0,-157.0,258.0,-30.0,-135.0,-978.0,-152.0,2
13052,-15.0,-255.0,-49.0,-158.0,273.0,-17.0,-110.0,-988.0,-140.0,2
13053,-12.0,-257.0,-49.0,-150.0,293.0,-7.0,-87.0,-999.0,-126.0,2
13054,-12.0,-256.0,-46.0,-135.0,302.0,-3.0,-73.0,-987.0,-115.0,2
13055,-11.0,-258.0,-49.0,-120.0,299.0,-4.0,-60.0,-993.0,-118.0,2
13056,-7.0,-254.0,-49.0,-109.0,283.0,-7.0,-57.0,-983.0,-124.0,2
13057,-8.0,-255.0,-50.0,-104.0,272.0,-8.0,-51.0,-974.0,-122.0,2
13058,-6.0,-253.0,-50.0,-105.0,265.0,-7.0,-47.0,-993.0,-129.0,2
13059,-9.0,-258.0,-53.0,-104.0,260.0,-4.0,-56.0,-1001.0,-130.0,2
13060,-10.0,-264.0,-50.0,-105.0,257.0,0.0,-67.0,-1018.0,-132.0,2
13061,-12.0,-263.0,-48.0,-106.0,252.0,1.0,-77.0,-1035.0,-111.0,2
13062,-12.0,-270.0,-43.0,-101.0,257.0,-2.0,-90.0,-1051.0,-87.0,2
13063,-15.0,-278.0,-37.0,-81.0,263.0,-5.0,-100.0,-1071.0,-69.0,2
13064,-19.0,-282.0,-32.0,-51.0,274.0,-9.0,-107.0,-1094.0,-50.0,2
13065,-17.0,-286.0,-24.0,-21.0,293.0,-15.0,-113.0,-1099.0,-33.0,2
13066,-18.0,-287.0,-26.0,12.0,311.0,-18.0,-112.0,-1106.0,-20.0,2
13067,-16.0,-288.0,-24.0,50.0,329.0,-18.0,-100.0,-1114.0,-14.0,2
13068,-12.0,-289.0,-19.0,73.0,346.0,-14.0,-84.0,-1110.0,-4.0,2
13069,-6.0,-288.0,-17.0,97.0,369.0,-4.0,-66.0,-1111.0,14.0,2
13070,2.0,-289.0,-18.0,124.0,397.0,-3.0,-25.0,-1115.0,6.0,2
13071,8.0,-288.0,-15.0,130.0,422.0,2.0,-15.0,-1115.0,7.0,2
13072,9.0,-286.0,-12.0,128.0,452.0,18.0,10.0,-1103.0,17.0,2
13073,17.0,-283.0,-13.0,136.0,468.0,32.0,24.0,-1093.0,30.0,2
13074,15.0,-279.0,-12.0,147.0,482.0,41.0,20.0,-1086.0,28.0,2
13075,15.0,-276.0,-11.0,153.0,500.0,49.0,21.0,-1069.0,27.0,2
13076,13.0,-264.0,-10.0,157.0,521.0,56.0,11.0,-1046.0,39.0,2
13077,9.0,-260.0,-10.0,164.0,537.0,65.0,4.0,-1014.0,51.0,2
13078,2.0,-255.0,-12.0,179.0,541.0,69.0,-23.0,-996.0,15.0,2
13079,-5.0,-250.0,-28.0,169.0,550.0,77.0,-61.0,-960.0,-23.0,2
13080,-11.0,-247.0,-34.0,132.0,559.0,86.0,-70.0,-949.0,-48.0,2
13081,-12.0,-247.0,-33.0,81.0,560.0,93.0,-87.0,-949.0,-51.0,2
13082,-17.0,-246.0,-32.0,41.0,564.0,100.0,-104.0,-953.0,-62.0,2
13083,-18.0,-258.0,-31.0,5.0,580.0,113.0,-103.0,-973.0,-49.0,2
13084,-12.0,-261.0,-33.0,-22.0,596.0,121.0,-101.0,-1017.0,-39.0,2
13085,-21.0,-261.0,-26.0,-36.0,605.0,125.0,-110.0,-1026.0,-22.0,2
13086,-21.0,-269.0,-27.0,-34.0,596.0,127.0,-119.0,-1052.0,-34.0,2
13087,-27.0,-279.0,-31.0,-31.0,581.0,118.0,-128.0,-1076.0,-58.0,2
13088,-32.0,-282.0,-32.0,-35.0,555.0,108.0,-146.0,-1089.0,-69.0,2
13089,-33.0,-288.0,-40.0,-36.0,521.0,97.0,-165.0,-1106.0,-80.0,2
13090,-38.0,-292.0,-41.0,-26.0,478.0,86.0,-179.0,-1122.0,-108.0,2
13091,-44.0,-291.0,-55.0,-9.0,432.0,79.0,-181.0,-1132.0,-140.0,2
13092,-40.0,-296.0,-63.0,5.0,390.0,75.0,-188.0,-1149.0,-172.0,2
13093,-41.0,-298.0,-66.0,7.0,348.0,74.0,-187.0,-1155.0,-203.0,2
13094,-43.0,-298.0,-68.0,1.0,309.0,78.0,-188.0,-1156.0,-210.0,2
13095,-39.0,-300.0,-69.0,-1.0,265.0,86.0,-186.0,-1164.0,-208.0,2
13096,-44.0,-308.0,-65.0,7.0,217.0,98.0,-197.0,-1178.0,-216.0,2
13097,-50.0,-307.0,-64.0,20.0,167.0,100.0,-218.0,-1178.0,-194.0,2
13098,-59.0,-309.0,-64.0,45.0,103.0,113.0,-245.0,-1182.0,-183.0,2
13099,-61.0,-304.0,-56.0,81.0,45.0,126.0,-251.0,-1170.0,-163.0,2
13100,-58.0,-302.0,-60.0,120.0,-27.0,140.0,-250.0,-1167.0,-171.0,2
13101,-58.0,-298.0,-73.0,147.0,-103.0,152.0,-253.0,-1156.0,-220.0,2
13102,-57.0,-296.0,-86.0,154.0,-163.0,159.0,-250.0,-1140.0,-276.0,2
13103,-53.0,-289.0,-97.0,153.0,-204.0,159.0,-239.0,-1120.0,-312.0,2
13104,-42.0,-282.0,-99.0,163.0,-222.0,151.0,-188.0,-1097.0,-331.0,2
13105,-22.0,-275.0,-106.0,183.0,-226.0,137.0,-124.0,-1074.0,-348.0,2
13106,-5.0,-264.0,-110.0,201.0,-217.0,127.0,-64.0,-1036.0,-369.0,2
13107,4.0,-256.0,-113.0,199.0,-189.0,112.0,-17.0,-1007.0,-380.0,2
13108,14.0,-248.0,-120.0,176.0,-162.0,101.0,11.0,-961.0,-386.0,2
13109,20.0,-243.0,-120.0,126.0,-132.0,103.0,47.0,-947.0,-408.0,2
13110,29.0,-235.0,-124.0,67.0,-108.0,104.0,82.0,-928.0,-433.0,2
13111,36.0,-235.0,-125.0,7.0,-83.0,109.0,112.0,-925.0,-433.0,2
13112,43.0,-238.0,-122.0,-41.0,-58.0,113.0,128.0,-925.0,-438.0,2
13113,44.0,-241.0,-123.0,-61.0,-34.0,122.0,144.0,-927.0,-431.0,2
13114,50.0,-241.0,-126.0,-61.0,-9.0,132.0,159.0,-937.0,-440.0,2
13115,53.0,-243.0,-125.0,-48.0,23.0,141.0,179.0,-936.0,-437.0,2
13116,57.0,-242.0,-128.0,-18.0,56.0,149.0,191.0,-929.0,-433.0,2
13117,61.0,-235.0,-127.0,18.0,86.0,157.0,201.0,-916.0,-434.0,2
13118,65.0,-231.0,-128.0,56.0,110.0,168.0,215.0,-897.0,-442.0,2
13119,67.0,-225.0,-129.0,77.0,133.0,170.0,229.0,-884.0,-446.0,2
13120,71.0,-219.0,-128.0,66.0,152.0,168.0,241.0,-869.0,-446.0,2
13121,65.0,-210.0,-118.0,39.0,165.0,160.0,244.0,-838.0,-405.0,2
13122,63.0,-204.0,-115.0,35.0,165.0,151.0,221.0,-809.0,-403.0,2
13123,55.0,-203.0,-124.0,41.0,161.0,138.0,199.0,-804.0,-410.0,2
13124,52.0,-202.0,-132.0,24.0,178.0,122.0,171.0,-806.0,-447.0,2
13125,50.0,-205.0,-126.0,-29.0,211.0,105.0,158.0,-815.0,-451.0,2
13126,44.0,-212.0,-132.0,-95.0,243.0,84.0,126.0,-841.0,-465.0,2
13127,38.0,-219.0,-126.0,-174.0,279.0,59.0,115.0,-866.0,-427.0,2
13128,31.0,-230.0,-111.0,-230.0,311.0,39.0,100.0,-890.0,-369.0,2
13129,28.0,-239.0,-98.0,-239.0,324.0,9.0,86.0,-921.0,-330.0,2
13130,27.0,-248.0,-92.0,-207.0,330.0,-24.0,85.0,-941.0,-294.0,2
13131,22.0,-252.0,-82.0,-155.0,334.0,-58.0,62.0,-947.0,-263.0,2
13132,27.0,-250.0,-93.0,-97.0,338.0,-99.0,65.0,-954.0,-284.0,2
13133,19.0,-248.0,-86.0,-61.0,343.0,-140.0,54.0,-945.0,-278.0,2
13134,16.0,-245.0,-87.0,-30.0,346.0,-177.0,55.0,-939.0,-278.0,2
13135,16.0,-239.0,-92.0,-9.0,338.0,-214.0,40.0,-925.0,-284.0,2
13136,6.0,-236.0,-93.0,2.0,318.0,-234.0,5.0,-910.0,-285.0,2
13137,2.0,-232.0,-93.0,-2.0,288.0,-247.0,-12.0,-899.0,-297.0,2
13138,-4.0,-230.0,-100.0,-15.0,259.0,-255.0,-37.0,-901.0,-318.0,2
13139,-11.0,-232.0,-96.0,-49.0,229.0,-264.0,-59.0,-898.0,-321.0,2
13140,-13.0,-233.0,-95.0,-108.0,195.0,-268.0,-90.0,-913.0,-310.0,2
13141,-20.0,-241.0,-87.0,-153.0,160.0,-264.0,-97.0,-929.0,-286.0,2
13142,-14.0,-247.0,-87.0,-179.0,122.0,-261.0,-100.0,-956.0,-279.0,2
13143,-18.0,-253.0,-81.0,-194.0,88.0,-261.0,-93.0,-982.0,-262.0,2
13144,-15.0,-259.0,-73.0,-194.0,62.0,-263.0,-97.0,-997.0,-237.0,2
13145,-17.0,-261.0,-69.0,-170.0,31.0,-256.0,-92.0,-1008.0,-210.0,2
13146,-12.0,-262.0,-67.0,-127.0,-7.0,-250.0,-94.0,-1013.0,-208.0,2
13147,-12.0,-263.0,-65.0,-75.0,-38.0,-249.0,-75.0,-1008.0,-205.0,2
13148,-10.0,-259.0,-66.0,-25.0,-64.0,-249.0,-63.0,-1000.0,-208.0,2
13149,-11.0,-252.0,-70.0,15.0,-93.0,-258.0,-59.0,-966.0,-206.0,2
13150,-4.0,-245.0,-71.0,43.0,-124.0,-263.0,-44.0,-946.0,-208.0,2
13151,-1.0,-235.0,-70.0,67.0,-146.0,-263.0,-27.0,-909.0,-215.0,2
13152,1.0,-226.0,-73.0,84.0,-161.0,-259.0,-10.0,-885.0,-223.0,2
13153,8.0,-225.0,-75.0,94.0,-163.0,-256.0,1.0,-859.0,-226.0,2
13154,14.0,-218.0,-75.0,86.0,-159.0,-257.0,32.0,-854.0,-230.0,2
13155,19.0,-215.0,-70.0,63.0,-156.0,-274.0,44.0,-842.0,-215.0,2
13156,21.0,-211.0,-72.0,36.0,-158.0,-289.0,56.0,-835.0,-210.0,2
13157,22.0,-209.0,-71.0,14.0,-155.0,-295.0,61.0,-827.0,-213.0,2
13158,29.0,-212.0,-71.0,-7.0,-150.0,-290.0,81.0,-825.0,-207.0,2
13159,31.0,-212.0,-70.0,-26.0,-147.0,-292.0,91.0,-834.0,-209.0,2
13160,34.0,-213.0,-66.0,-43.0,-147.0,-289.0,99.0,-841.0,-201.0,2
13161,35.0,-218.0,-67.0,-69.0,-144.0,-284.0,114.0,-849.0,-201.0,2
13162,41.0,-222.0,-65.0,-90.0,-141.0,-286.0,126.0,-856.0,-188.0,2
13163,42.0,-223.0,-64.0,-107.0,-139.0,-296.0,136.0,-873.0,-184.0,2
13164,40.0,-226.0,-63.0,-115.0,-135.0,-305.0,111.0,-883.0,-172.0,2
13165,39.0,-231.0,-65.0,-109.0,-132.0,-305.0,112.0,-900.0,-188.0,2
13166,42.0,-233.0,-67.0,-103.0,-114.0,-308.0,126.0,-909.0,-202.0,2
13167,39.0,-236.0,-64.0,-107.0,-91.0,-316.0,112.0,-910.0,-185.0,2
13168,31.0,-232.0,-65.0,-104.0,-78.0,-316.0,84.0,-908.0,-188.0,2
13169,26.0,-232.0,-64.0,-95.0,-68.0,-310.0,76.0,-902.0,-191.0,2
13170,23.0,-230.0,-67.0,-89.0,-58.0,-295.0,65.0,-895.0,-200.0,2
13171,21.0,-225.0,-66.0,-92.0,-50.0,-280.0,60.0,-894.0,-196.0,2
13172,24.0,-228.0,-69.0,-113.0,-46.0,-268.0,58.0,-882.0,-198.0,2
13173,18.0,-224.0,-66.0,-139.0,-44.0,-259.0,46.0,-878.0,-189.0,2
13174,15.0,-225.0,-64.0,-162.0,-48.0,-245.0,37.0,-876.0,-174.0,2
13175,16.0,-224.0,-59.0,-177.0,-55.0,-232.0,35.0,-876.0,-171.0,2
13176,18.0,-226.0,-59.0,-187.0,-64.0,-222.0,41.0,-882.0,-176.0,2
13177,11.0,-227.0,-60.0,-197.0,-65.0,-215.0,20.0,-888.0,-182.0,2
13178,11.0,-228.0,-62.0,-209.0,-65.0,-200.0,17.0,-894.0,-172.0,2
13179,17.0,-231.0,-57.0,-213.0,-69.0,-187.0,36.0,-893.0,-161.0,2
13180,15.0,-229.0,-55.0,-204.0,-79.0,-178.0,33.0,-882.0,-151.0,2
13181,18.0,-227.0,-55.0,-187.0,-92.0,-167.0,40.0,-886.0,-147.0,2
13182,19.0,-227.0,-56.0,-165.0,-103.0,-155.0,39.0,-883.0,-144.0,2
13183,18.0,-222.0,-55.0,-154.0,-110.0,-147.0,44.0,-880.0,-157.0,2
13184,19.0,-219.0,-62.0,-157.0,-111.0,-138.0,48.0,-862.0,-164.0,2
13185,21.0,-220.0,-61.0,-167.0,-115.0,-127.0,60.0,-856.0,-171.0,2
13186,22.0,-221.0,-60.0,-189.0,-122.0,-118.0,64.0,-856.0,-179.0,2
13187,26.0,-220.0,-61.0,-213.0,-128.0,-110.0,70.0,-865.0,-172.0,2
13188,32.0,-225.0,-61.0,-228.0,-137.0,-98.0,85.0,-876.0,-157.0,2
13189,27.0,-224.0,-53.0,-232.0,-142.0,-91.0,82.0,-889.0,-151.0,2
13190,32.0,-231.0,-55.0,-227.0,-141.0,-79.0,83.0,-902.0,-149.0,2
13191,29.0,-236.0,-53.0,-217.0,-135.0,-69.0,80.0,-915.0,-141.0,2
13192,30.0,-242.0,-53.0,-202.0,-125.0,-52.0,85.0,-929.0,-136.0,2
13193,28.0,-248.0,-51.0,-183.0,-117.0,-39.0,75.0,-949.0,-130.0,2
13194,22.0,-249.0,-48.0,-163.0,-116.0,-24.0,59.0,-954.0,-115.0,2
13195,20.0,-249.0,-43.0,-142.0,-121.0,-13.0,44.0,-969.0,-110.0,2
13196,14.0,-252.0,-44.0,-125.0,-132.0,-1.0,34.0,-975.0,-103.0,2
13197,10.0,-254.0,-45.0,-111.0,-146.0,9.0,25.0,-983.0,-95.0,2
13198,14.0,-257.0,-41.0,-103.0,-160.0,22.0,21.0,-992.0,-94.0,2
13199,13.0,-255.0,-43.0,-92.0,-173.0,33.0,21.0,-999.0,-91.0,2
13200,16.0,-257.0,-42.0,-80.0,-186.0,44.0,30.0,-1004.0,-95.0,2
13201,18.0,-257.0,-45.0,-68.0,-197.0,46.0,38.0,-999.0,-104.0,2
13202,22.0,-257.0,-48.0,-56.0,-207.0,52.0,46.0,-997.0,-116.0,2
13203,23.0,-258.0,-48.0,-39.0,-209.0,56.0,51.0,-998.0,-123.0,2
13204,24.0,-256.0,-52.0,-27.0,-203.0,58.0,73.0,-998.0,-135.0,2
13205,33.0,-256.0,-53.0,-13.0,-196.0,52.0,99.0,-990.0,-140.0,2
13206,37.0,-254.0,-56.0,0.0,-189.0,42.0,115.0,-978.0,-155.0,2
13207,42.0,-252.0,-60.0,2.0,-180.0,27.0,126.0,-978.0,-160.0,2
13208,41.0,-252.0,-59.0,-4.0,-169.0,19.0,136.0,-978.0,-163.0,2
13209,40.0,-251.0,-56.0,-14.0,-161.0,7.0,132.0,-982.0,-157.0,2
13210,42.0,-255.0,-54.0,-22.0,-156.0,1.0,125.0,-995.0,-150.0,2
13211,39.0,-256.0,-52.0,-26.0,-157.0,-8.0,118.0,-994.0,-145.0,2
13212,33.0,-255.0,-52.0,-20.0,-161.0,-14.0,103.0,-987.0,-134.0,2
13213,31.0,-256.0,-50.0,-8.0,-167.0,-26.0,95.0,-992.0,-134.0,2
13214,24.0,-254.0,-50.0,6.0,-175.0,-34.0,72.0,-988.0,-135.0,2
13215,21.0,-252.0,-53.0,13.0,-182.0,-41.0,57.0,-978.0,-152.0,2
13216,19.0,-254.0,-57.0,18.0,-189.0,-45.0,48.0,-968.0,-154.0,2
13217,18.0,-249.0,-59.0,23.0,-188.0,-49.0,34.0,-969.0,-166.0,2
13218,16.0,-250.0,-61.0,22.0,-192.0,-51.0,29.0,-966.0,-170.0,2
13219,16.0,-248.0,-64.0,19.0,-197.0,-54.0,27.0,-959.0,-180.0,2
13220,18.0,-250.0,-63.0,13.0,-202.0,-52.0,30.0,-959.0,-179.0,2
13221,6.0,-242.0,-52.0,8.0,-204.0,-45.0,38.0,-974.0,-167.0,2
13222,25.0,-255.0,-54.0,-1.0,-202.0,-38.0,69.0,-993.0,-139.0,2
13223,28.0,-261.0,-45.0,-10.0,-207.0,-27.0,80.0,-1016.0,-104.0,2
13224,33.0,-265.0,-42.0,-16.0,-211.0,-10.0,100.0,-1040.0,-79.0,2
13225,42.0,-272.0,-29.0,-13.0,-219.0,-2.0,119.0,-1057.0,-48.0,2
13226,44.0,-280.0,-32.0,-1.0,-231.0,1.0,137.0,-1078.0,-44.0,2
13227,44.0,-289.0,-33.0,2.0,-250.0,-3.0,135.0,-1111.0,-47.0,2
13228,40.0,-290.0,-17.0,0.0,-273.0,-3.0,134.0,-1111.0,-5.0,2
13229,38.0,-290.0,-19.0,40.0,-284.0,-11.0,112.0,-1128.0,-14.0,2
13230,30.0,-288.0,-24.0,85.0,-296.0,-14.0,95.0,-1125.0,-9.0,2
13231,24.0,-289.0,-21.0,125.0,-313.0,-12.0,63.0,-1118.0,-20.0,2
13232,22.0,-287.0,-26.0,146.0,-330.0,-5.0,54.0,-1116.0,-31.0,2
13233,22.0,-288.0,-34.0,140.0,-347.0,-2.0,58.0,-1120.0,-47.0,2
13234,25.0,-288.0,-41.0,112.0,-363.0,3.0,55.0,-1131.0,-71.0,2
13235,19.0,-292.0,-38.0,55.0,-376.0,-2.0,46.0,-1135.0,-66.0,2
13236,15.0,-295.0,-35.0,21.0,-383.0,-10.0,35.0,-1141.0,-63.0,2
13237,15.0,-295.0,-35.0,14.0,-390.0,-31.0,23.0,-1145.0,-48.0,2
13238,13.0,-298.0,-32.0,26.0,-406.0,-51.0,27.0,-1158.0,-49.0,2
13239,18.0,-298.0,-29.0,40.0,-432.0,-72.0,43.0,-1152.0,-57.0,2
13240,30.0,-295.0,-37.0,56.0,-454.0,-85.0,87.0,-1149.0,-71.0,2
13241,45.0,-297.0,-38.0,77.0,-456.0,-104.0,129.0,-1133.0,-79.0,2
13242,56.0,-291.0,-43.0,110.0,-437.0,-117.0,166.0,-1127.0,-88.0,2
13243,60.0,-286.0,-45.0,145.0,-402.0,-136.0,188.0,-1111.0,-98.0,2
13244,58.0,-286.0,-52.0,178.0,-363.0,-147.0,199.0,-1109.0,-126.0,2
13245,60.0,-282.0,-57.0,198.0,-317.0,-162.0,191.0,-1103.0,-155.0,2
13246,56.0,-279.0,-63.0,196.0,-288.0,-163.0,185.0,-1096.0,-181.0,2
13247,53.0,-279.0,-63.0,182.0,-262.0,-168.0,176.0,-1096.0,-197.0,2
13248,55.0,-280.0,-69.0,172.0,-237.0,-163.0,178.0,-1092.0,-203.0,2
13249,55.0,-279.0,-71.0,170.0,-208.0,-157.0,193.0,-1096.0,-216.0,2
13250,63.0,-283.0,-79.0,176.0,-169.0,-146.0,207.0,-1107.0,-224.0,2
13251,69.0,-286.0,-75.0,186.0,-119.0,-134.0,233.0,-1112.0,-243.0,2
13252,76.0,-289.0,-82.0,198.0,-53.0,-119.0,251.0,-1120.0,-255.0,2
13253,82.0,-288.0,-88.0,214.0,23.0,-112.0,281.0,-1126.0,-271.0,2
13254,96.0,-287.0,-94.0,222.0,98.0,-100.0,317.0,-1123.0,-287.0,2
13255,101.0,-282.0,-110.0,224.0,186.0,-105.0,345.0,-1112.0,-334.0,2
13256,105.0,-280.0,-115.0,220.0,255.0,-113.0,353.0,-1097.0,-397.0,2
13257,94.0,-273.0,-130.0,221.0,316.0,-116.0,325.0,-1080.0,-437.0,2
13258,79.0,-273.0,-125.0,224.0,361.0,-116.0,280.0,-1071.0,-438.0,2
13259,57.0,-269.0,-115.0,228.0,379.0,-115.0,206.0,-1066.0,-403.0,2
13260,44.0,-270.0,-108.0,238.0,374.0,-103.0,131.0,-1050.0,-355.0,2
13261,29.0,-263.0,-93.0,244.0,356.0,-88.0,71.0,-1031.0,-287.0,2
13262,17.0,-260.0,-83.0,255.0,331.0,-58.0,38.0,-1011.0,-255.0,2
13263,12.0,-252.0,-80.0,269.0,301.0,-32.0,28.0,-969.0,-255.0,2
13264,-1.0,-236.0,-94.0,283.0,261.0,-9.0,-13.0,-927.0,-292.0,2
13265,-12.0,-222.0,-107.0,287.0,217.0,-2.0,-64.0,-881.0,-343.0,2
13266,-27.0,-212.0,-114.0,288.0,153.0,1.0,-110.0,-833.0,-393.0,2
13267,-42.0,-200.0,-132.0,274.0,91.0,-7.0,-162.0,-805.0,-435.0,2
13268,-47.0,-198.0,-133.0,244.0,30.0,-19.0,-208.0,-782.0,-470.0,2
13269,-61.0,-193.0,-133.0,198.0,-25.0,-31.0,-257.0,-751.0,-480.0,2
13270,-69.0,-190.0,-134.0,151.0,-76.0,-32.0,-290.0,-751.0,-482.0,2
13271,-74.0,-194.0,-129.0,103.0,-116.0,-34.0,-301.0,-759.0,-475.0,2
13272,-74.0,-196.0,-129.0,55.0,-146.0,-30.0,-304.0,-777.0,-452.0,2
13273,-72.0,-205.0,-127.0,12.0,-165.0,-31.0,-295.0,-804.0,-447.0,2
13274,-64.0,-210.0,-123.0,-36.0,-176.0,-24.0,-281.0,-829.0,-428.0,2
13275,-53.0,-223.0,-118.0,-75.0,-179.0,-22.0,-246.0,-860.0,-412.0,2
13276,-43.0,-229.0,-117.0,-103.0,-169.0,-14.0,-214.0,-884.0,-387.0,2
13277,-36.0,-232.0,-107.0,-115.0,-152.0,-7.0,-174.0,-899.0,-373.0,2
13278,-24.0,-237.0,-109.0,-112.0,-131.0,7.0,-125.0,-904.0,-362.0,2
13279,-11.0,-234.0,-102.0,-104.0,-107.0,18.0,-77.0,-911.0,-356.0,2
13280,3.0,-232.0,-106.0,-96.0,-81.0,35.0,-22.0,-908.0,-350.0,2
13281,16.0,-232.0,-101.0,-94.0,-53.0,49.0,21.0,-907.0,-343.0,2
13282,31.0,-233.0,-103.0,-91.0,-31.0,68.0,77.0,-906.0,-338.0,2
13283,39.0,-236.0,-100.0,-96.0,-9.0,77.0,109.0,-918.0,-332.0,2
13284,44.0,-234.0,-90.0,-99.0,6.0,88.0,137.0,-898.0,-287.0,2
13285,45.0,-225.0,-87.0,-74.0,27.0,85.0,143.0,-877.0,-272.0,2
13286,39.0,-231.0,-101.0,-46.0,44.0,93.0,136.0,-908.0,-320.0,2
13287,44.0,-241.0,-92.0,-80.0,40.0,102.0,125.0,-926.0,-295.0,2
13288,43.0,-247.0,-84.0,-101.0,54.0,115.0,115.0,-943.0,-274.0,2
13289,33.0,-248.0,-87.0,-118.0,66.0,136.0,98.0,-976.0,-272.0,2
13290,23.0,-263.0,-78.0,-136.0,75.0,161.0,60.0,-1024.0,-263.0,2
13291,20.0,-270.0,-79.0,-127.0,97.0,190.0,27.0,-1056.0,-245.0,2
13292,13.0,-278.0,-75.0,-85.0,132.0,235.0,4.0,-1065.0,-237.0,2
13293,11.0,-281.0,-83.0,-10.0,168.0,277.0,11.0,-1091.0,-244.0,2
13294,17.0,-279.0,-87.0,73.0,207.0,310.0,22.0,-1087.0,-249.0,2
13295,14.0,-274.0,-87.0,144.0,244.0,323.0,21.0,-1081.0,-289.0,2
13296,12.0,-266.0,-95.0,185.0,276.0,334.0,13.0,-1056.0,-313.0,2
13297,9.0,-264.0,-95.0,208.0,307.0,342.0,-6.0,-1035.0,-309.0,2
13298,6.0,-258.0,-93.0,209.0,328.0,353.0,-1.0,-1011.0,-312.0,2
13299,6.0,-251.0,-87.0,191.0,336.0,358.0,-4.0,-969.0,-279.0,2
13300,10.0,-243.0,-84.0,182.0,348.0,358.0,20.0,-945.0,-255.0,2
13301,15.0,-240.0,-72.0,164.0,358.0,350.0,39.0,-923.0,-233.0,2
13302,14.0,-230.0,-69.0,149.0,364.0,343.0,31.0,-897.0,-202.0,2
13303,15.0,-223.0,-61.0,140.0,380.0,329.0,35.0,-867.0,-178.0,2
13304,17.0,-219.0,-61.0,138.0,401.0,319.0,42.0,-855.0,-176.0,2
13305,21.0,-217.0,-60.0,128.0,426.0,308.0,44.0,-839.0,-175.0,2
13306,13.0,-208.0,-62.0,119.0,449.0,299.0,26.0,-823.0,-176.0,2
13307,9.0,-207.0,-65.0,111.0,468.0,292.0,5.0,-810.0,-185.0,2
13308,7.0,-204.0,-65.0,95.0,495.0,295.0,-3.0,-799.0,-189.0,2
13309,0.0,-201.0,-65.0,80.0,516.0,290.0,-15.0,-787.0,-180.0,2
13310,-3.0,-200.0,-66.0,60.0,524.0,294.0,-41.0,-791.0,-185.0,2
13311,-6.0,-201.0,-57.0,35.0,528.0,293.0,-39.0,-790.0,-171.0,2
13312,-9.0,-204.0,-57.0,10.0,524.0,296.0,-57.0,-796.0,-161.0,2
13313,-12.0,-206.0,-57.0,-11.0,518.0,293.0,-79.0,-809.0,-158.0,2
13314,-15.0,-213.0,-55.0,-33.0,510.0,298.0,-95.0,-833.0,-149.0,2
13315,-20.0,-219.0,-56.0,-54.0,493.0,301.0,-109.0,-853.0,-160.0,2
13316,-20.0,-225.0,-60.0,-77.0,474.0,306.0,-119.0,-874.0,-157.0,2
13317,-25.0,-232.0,-58.0,-99.0,456.0,306.0,-128.0,-896.0,-159.0,2
13318,-27.0,-236.0,-59.0,-111.0,433.0,316.0,-127.0,-918.0,-160.0,2
13319,-25.0,-246.0,-59.0,-118.0,415.0,318.0,-125.0,-936.0,-160.0,2
13320,-25.0,-246.0,-57.0,-121.0,400.0,320.0,-119.0,-954.0,-154.0,2
13321,-19.0,-249.0,-54.0,-121.0,391.0,318.0,-111.0,-957.0,-142.0,2
13322,-16.0,-253.0,-53.0,-104.0,384.0,317.0,-103.0,-965.0,-142.0,2
13323,-15.0,-248.0,-54.0,-83.0,380.0,307.0,-97.0,-962.0,-139.0,2
13324,-14.0,-247.0,-56.0,-68.0,379.0,295.0,-86.0,-950.0,-153.0,2
13325,-13.0,-243.0,-58.0,-64.0,381.0,279.0,-78.0,-943.0,-152.0,2
13326,-11.0,-236.0,-61.0,-60.0,383.0,268.0,-67.0,-927.0,-156.0,2
13327,-5.0,-240.0,-55.0,-62.0,388.0,252.0,-56.0,-920.0,-162.0,2
13328,-5.0,-237.0,-56.0,-69.0,398.0,234.0,-48.0,-906.0,-163.0,2
13329,-3.0,-231.0,-56.0,-85.0,407.0,216.0,-36.0,-898.0,-159.0,2
13330,4.0,-232.0,-54.0,-99.0,415.0,201.0,-32.0,-888.0,-151.0,2
13331,-2.0,-224.0,-56.0,-113.0,421.0,181.0,-17.0,-891.0,-141.0,2
13332,9.0,-224.0,-53.0,-126.0,423.0,166.0,-2.0,-888.0,-140.0,2
13333,7.0,-228.0,-52.0,-132.0,429.0,144.0,0.0,-883.0,-132.0,2
13334,7.0,-227.0,-47.0,-130.0,428.0,127.0,3.0,-880.0,-120.0,2
13335,10.0,-228.0,-49.0,-122.0,417.0,106.0,5.0,-880.0,-116.0,2
13336,11.0,-226.0,-46.0,-118.0,411.0,93.0,11.0,-873.0,-111.0,2
13337,11.0,-225.0,-45.0,-118.0,419.0,72.0,4.0,-880.0,-116.0,2
13338,3.0,-228.0,-46.0,-122.0,429.0,59.0,-2.0,-886.0,-102.0,2
13339,4.0,-230.0,-47.0,-130.0,437.0,43.0,-10.0,-894.0,-107.0,2
13340,0.0,-233.0,-49.0,-138.0,441.0,37.0,-15.0,-903.0,-118.0,2
13341,0.0,-235.0,-49.0,-139.0,446.0,29.0,-26.0,-910.0,-116.0,2
13342,-3.0,-236.0,-48.0,-139.0,453.0,28.0,-29.0,-908.0,-118.0,2
13343,-2.0,-242.0,-49.0,-134.0,459.0,22.0,-31.0,-915.0,-117.0,2
13344,0.0,-242.0,-50.0,-129.0,462.0,22.0,-30.0,-927.0,-106.0,2
13345,-1.0,-246.0,-47.0,-128.0,461.0,15.0,-31.0,-933.0,-115.0,2
13346,2.0,-248.0,-45.0,-129.0,460.0,13.0,-27.0,-947.0,-93.0,2
13347,0.0,-246.0,-38.0,-122.0,456.0,-2.0,-15.0,-949.0,-85.0,2
13348,1.0,-248.0,-43.0,-107.0,443.0,-15.0,-19.0,-948.0,-89.0,2
13349,0.0,-246.0,-39.0,-92.0,430.0,-33.0,-32.0,-948.0,-99.0,2
13350,-5.0,-246.0,-42.0,-75.0,418.0,-41.0,-48.0,-941.0,-92.0,2
13351,-11.0,-242.0,-43.0,-67.0,405.0,-53.0,-63.0,-930.0,-103.0,2
13352,-12.0,-240.0,-45.0,-67.0,393.0,-60.0,-84.0,-926.0,-119.0,2
13353,-17.0,-241.0,-49.0,-78.0,378.0,-68.0,-100.0,-926.0,-132.0,2
13354,-24.0,-240.0,-55.0,-98.0,363.0,-70.0,-114.0,-926.0,-135.0,2
13355,-26.0,-243.0,-54.0,-119.0,346.0,-74.0,-127.0,-937.0,-143.0,2
13356,-31.0,-246.0,-57.0,-140.0,330.0,-71.0,-142.0,-946.0,-148.0,2
13357,-35.0,-249.0,-56.0,-155.0,314.0,-70.0,-157.0,-959.0,-152.0,2
13358,-32.0,-254.0,-58.0,-164.0,300.0,-60.0,-162.0,-975.0,-150.0,2
13359,-35.0,-257.0,-55.0,-164.0,286.0,-53.0,-169.0,-994.0,-157.0,2
13360,-37.0,-259.0,-55.0,-158.0,274.0,-39.0,-166.0,-1007.0,-146.0,2
13361,-28.0,-262.0,-54.0,-140.0,268.0,-29.0,-148.0,-1015.0,-137.0,2
13362,-23.0,-264.0,-44.0,-121.0,270.0,-11.0,-124.0,-1030.0,-122.0,2
13363,-13.0,-265.0,-46.0,-106.0,276.0,1.0,-84.0,-1030.0,-99.0,2
13364,-5.0,-262.0,-40.0,-91.0,287.0,15.0,-47.0,-1027.0,-89.0,2
13365,4.0,-266.0,-42.0,-74.0,296.0,20.0,-24.0,-1027.0,-86.0,2
13366,6.0,-264.0,-39.0,-52.0,303.0,25.0,-9.0,-1020.0,-89.0,2
13367,8.0,-261.0,-46.0,-33.0,304.0,29.0,3.0,-1014.0,-101.0,2
13368,7.0,-260.0,-44.0,-21.0,307.0,36.0,0.0,-1010.0,-109.0,2
13369,8.0,-260.0,-47.0,-20.0,311.0,40.0,0.0,-1010.0,-116.0,2
13370,2.0,-261.0,-48.0,-20.0,314.0,49.0,-14.0,-1015.0,-118.0,2
13371,2.0,-262.0,-44.0,-18.0,322.0,52.0,-21.0,-1016.0,-112.0,2
13372,-1.0,-261.0,-46.0,-10.0,331.0,61.0,-30.0,-1024.0,-100.0,2
13373,-4.0,-268.0,-42.0,12.0,346.0,53.0,-37.0,-1024.0,-84.0,2
13374,-4.0,-263.0,-39.0,46.0,358.0,55.0,-45.0,-1026.0,-81.0,2
13375,-1.0,-266.0,-37.0,85.0,375.0,52.0,-47.0,-1027.0,-85.0,2
13376,-2.0,-262.0,-37.0,118.0,400.0,57.0,-38.0,-1021.0,-62.0,2
13377,4.0,-261.0,-30.0,149.0,431.0,60.0,-22.0,-1015.0,-46.0,2
13378,4.0,-260.0,-29.0,170.0,463.0,63.0,-11.0,-1016.0,-45.0,2
13379,12.0,-259.0,-29.0,180.0,498.0,63.0,-2.0,-1011.0,-31.0,2
13380,12.0,-260.0,-26.0,183.0,533.0,70.0,22.0,-1011.0,-21.0,2
13381,18.0,-259.0,-27.0,189.0,568.0,71.0,40.0,-1010.0,-12.0,2
13382,24.0,-261.0,-19.0,200.0,597.0,76.0,59.0,-1017.0,-11.0,2
13383,27.0,-262.0,-26.0,201.0,633.0,75.0,73.0,-1019.0,-5.0,2
13384,29.0,-261.0,-16.0,199.0,671.0,85.0,78.0,-1023.0,-1.0,2
13385,32.0,-264.0,-17.0,196.0,705.0,92.0,91.0,-1034.0,10.0,2
13386,32.0,-263.0,-17.0,190.0,737.0,102.0,93.0,-1032.0,12.0,2
13387,28.0,-266.0,-9.0,179.0,763.0,106.0,82.0,-1032.0,26.0,2
13388,26.0,-265.0,-10.0,179.0,787.0,109.0,64.0,-1033.0,39.0,2
13389,15.0,-262.0,-6.0,188.0,808.0,108.0,46.0,-1025.0,51.0,2
13390,11.0,-263.0,-6.0,205.0,823.0,110.0,15.0,-1014.0,54.0,2
13391,4.0,-255.0,-9.0,220.0,836.0,105.0,-15.0,-1003.0,40.0,2
13392,-6.0,-250.0,-18.0,210.0,854.0,103.0,-38.0,-980.0,2.0,2
13393,-9.0,-246.0,-24.0,171.0,860.0,94.0,-62.0,-961.0,-20.0,2
13394,-12.0,-246.0,-40.0,123.0,853.0,89.0,-81.0,-956.0,-69.0,2
13395,-19.0,-247.0,-48.0,68.0,852.0,78.0,-107.0,-960.0,-129.0,2
13396,-21.0,-256.0,-55.0,6.0,870.0,79.0,-121.0,-978.0,-146.0,2
13397,-30.0,-262.0,-57.0,-47.0,890.0,75.0,-144.0,-1023.0,-146.0,2
13398,-36.0,-278.0,-47.0,-79.0,892.0,75.0,-176.0,-1062.0,-134.0,2
13399,-47.0,-286.0,-40.0,-91.0,867.0,72.0,-213.0,-1101.0,-103.0,2
13400,-55.0,-295.0,-37.0,-77.0,821.0,74.0,-231.0,-1142.0,-85.0,2
13401,-61.0,-301.0,-39.0,-54.0,762.0,64.0,-245.0,-1159.0,-81.0,2
13402,-57.0,-304.0,-41.0,-31.0,685.0,59.0,-256.0,-1177.0,-84.0,2
13403,-62.0,-306.0,-39.0,-5.0,615.0,57.0,-260.0,-1176.0,-108.0,2
13404,-65.0,-304.0,-55.0,6.0,548.0,62.0,-260.0,-1173.0,-153.0,2
13405,-64.0,-301.0,-68.0,8.0,483.0,70.0,-258.0,-1169.0,-184.0,2
13406,-63.0,-302.0,-73.0,-1.0,416.0,87.0,-263.0,-1174.0,-222.0,2
13407,-62.0,-305.0,-76.0,-19.0,353.0,97.0,-266.0,-1176.0,-234.0,2
13408,-68.0,-305.0,-76.0,-28.0,292.0,113.0,-288.0,-1179.0,-241.0,2
13409,-69.0,-306.0,-76.0,-26.0,230.0,133.0,-298.0,-1180.0,-240.0,2
13410,-77.0,-310.0,-69.0,-8.0,160.0,151.0,-309.0,-1189.0,-222.0,2
13411,-77.0,-310.0,-65.0,27.0,77.0,162.0,-326.0,-1189.0,-200.0,2
13412,-75.0,-307.0,-61.0,76.0,-22.0,185.0,-316.0,-1184.0,-173.0,2
13413,-70.0,-308.0,-61.0,137.0,-133.0,198.0,-296.0,-1189.0,-168.0,2
13414,-62.0,-304.0,-56.0,172.0,-202.0,213.0,-272.0,-1176.0,-165.0,2
13415,-52.0,-301.0,-63.0,194.0,-253.0,216.0,-231.0,-1175.0,-176.0,2
13416,-38.0,-294.0,-68.0,208.0,-296.0,212.0,-187.0,-1141.0,-211.0,2
13417,-32.0,-289.0,-83.0,221.0,-335.0,195.0,-158.0,-1110.0,-250.0,2
13418,-23.0,-278.0,-94.0,233.0,-363.0,177.0,-127.0,-1077.0,-297.0,2
13419,-19.0,-270.0,-102.0,244.0,-372.0,148.0,-102.0,-1044.0,-341.0,2
13420,-11.0,-260.0,-115.0,240.0,-362.0,117.0,-80.0,-1008.0,-377.0,2
13421,-5.0,-245.0,-117.0,213.0,-328.0,92.0,-45.0,-961.0,-393.0,2
13422,4.0,-240.0,-114.0,174.0,-287.0,75.0,-5.0,-941.0,-392.0,2
13423,15.0,-238.0,-112.0,130.0,-241.0,47.0,17.0,-922.0,-380.0,2
13424,14.0,-237.0,-112.0,81.0,-214.0,25.0,34.0,-918.0,-370.0,2
13425,22.0,-231.0,-111.0,49.0,-193.0,4.0,56.0,-907.0,-374.0,2
13426,33.0,-233.0,-116.0,28.0,-165.0,0.0,78.0,-902.0,-389.0,2
13427,36.0,-226.0,-119.0,16.0,-121.0,-5.0,96.0,-887.0,-400.0,2
13428,45.0,-226.0,-124.0,16.0,-62.0,6.0,135.0,-871.0,-413.0,2
13429,53.0,-225.0,-119.0,24.0,-3.0,7.0,172.0,-868.0,-408.0,2
13430,56.0,-217.0,-121.0,39.0,46.0,10.0,188.0,-852.0,-413.0,2
13431,63.0,-209.0,-123.0,52.0,84.0,16.0,211.0,-835.0,-417.0,2
13432,63.0,-202.0,-120.0,59.0,108.0,29.0,224.0,-808.0,-410.0,2
13433,68.0,-195.0,-119.0,51.0,115.0,41.0,242.0,-782.0,-410.0,2
13434,68.0,-190.0,-120.0,30.0,111.0,63.0,245.0,-763.0,-417.0,2
13435,71.0,-192.0,-125.0,-10.0,116.0,80.0,251.0,-769.0,-432.0,2
13436,69.0,-192.0,-120.0,-58.0,134.0,97.0,251.0,-759.0,-414.0,2
13437,65.0,-198.0,-117.0,-94.0,148.0,103.0,230.0,-781.0,-404.0,2
13438,58.0,-201.0,-117.0,-134.0,160.0,106.0,202.0,-802.0,-404.0,2
13439,51.0,-209.0,-117.0,-180.0,166.0,98.0,176.0,-826.0,-397.0,2
13440,42.0,-220.0,-110.0,-226.0,163.0,92.0,138.0,-849.0,-387.0,2
13441,34.0,-225.0,-103.0,-256.0,155.0,81.0,114.0,-881.0,-355.0,2
13442,32.0,-234.0,-103.0,-269.0,152.0,61.0,91.0,-914.0,-357.0,2
13443,31.0,-244.0,-101.0,-275.0,164.0,38.0,77.0,-942.0,-335.0,2
13444,24.0,-251.0,-94.0,-268.0,202.0,9.0,64.0,-973.0,-318.0,2
13445,20.0,-258.0,-90.0,-240.0,226.0,-30.0,44.0,-995.0,-293.0,2
13446,18.0,-262.0,-87.0,-203.0,229.0,-65.0,46.0,-1014.0,-286.0,2
13447,12.0,-260.0,-85.0,-166.0,221.0,-116.0,14.0,-1009.0,-274.0,2
13448,9.0,-259.0,-84.0,-127.0,211.0,-157.0,2.0,-1001.0,-252.0,2
13449,4.0,-254.0,-78.0,-82.0,204.0,-192.0,-4.0,-979.0,-255.0,2
13450,0.0,-251.0,-82.0,-44.0,200.0,-207.0,-30.0,-970.0,-254.0,2
13451,-9.0,-252.0,-87.0,-29.0,187.0,-221.0,-50.0,-975.0,-275.0,2
13452,-8.0,-258.0,-96.0,-35.0,163.0,-235.0,-56.0,-1010.0,-308.0,2
13453,-6.0,-261.0,-92.0,-71.0,140.0,-258.0,-58.0,-1015.0,-301.0,2
13454,-11.0,-263.0,-85.0,-108.0,114.0,-275.0,-64.0,-1019.0,-262.0,2
13455,-13.0,-267.0,-78.0,-110.0,78.0,-280.0,-86.0,-1028.0,-243.0,2
13456,-13.0,-267.0,-71.0,-85.0,55.0,-277.0,-79.0,-1032.0,-221.0,2
13457,-12.0,-266.0,-69.0,-45.0,37.0,-275.0,-72.0,-1035.0,-221.0,2
13458,-7.0,-267.0,-74.0,-5.0,25.0,-263.0,-65.0,-1028.0,-226.0,2
13459,-8.0,-260.0,-76.0,29.0,13.0,-261.0,-57.0,-1018.0,-227.0,2
13460,-6.0,-257.0,-75.0,59.0,-8.0,-254.0,-43.0,-1001.0,-221.0,2
13461,-3.0,-251.0,-73.0,93.0,-39.0,-251.0,-21.0,-973.0,-220.0,2
13462,6.0,-247.0,-79.0,126.0,-68.0,-250.0,0.0,-951.0,-227.0,2
13463,11.0,-236.0,-75.0,143.0,-84.0,-257.0,12.0,-920.0,-229.0,2
13464,8.0,-229.0,-74.0,140.0,-92.0,-260.0,10.0,-899.0,-224.0,2
13465,13.0,-221.0,-67.0,122.0,-96.0,-258.0,17.0,-869.0,-211.0,2
13466,15.0,-217.0,-68.0,95.0,-104.0,-254.0,41.0,-852.0,-192.0,2
13467,22.0,-213.0,-63.0,75.0,-116.0,-261.0,54.0,-835.0,-196.0,2
13468,27.0,-209.0,-68.0,58.0,-117.0,-268.0,71.0,-828.0,-196.0,2
13469,27.0,-206.0,-63.0,34.0,-102.0,-283.0,78.0,-806.0,-189.0,2
13470,29.0,-204.0,-67.0,9.0,-86.0,-289.0,83.0,-810.0,-196.0,2
13471,33.0,-207.0,-68.0,-13.0,-77.0,-299.0,101.0,-820.0,-196.0,2
13472,32.0,-212.0,-72.0,-36.0,-73.0,-312.0,98.0,-826.0,-198.0,2
13473,29.0,-212.0,-66.0,-57.0,-64.0,-328.0,86.0,-830.0,-186.0,2
13474,32.0,-213.0,-64.0,-72.0,-54.0,-323.0,97.0,-837.0,-182.0,2
13475,32.0,-213.0,-61.0,-86.0,-43.0,-325.0,97.0,-852.0,-181.0,2
13476,28.0,-219.0,-57.0,-109.0,-29.0,-319.0,81.0,-855.0,-162.0,2
13477,33.0,-224.0,-59.0,-129.0,-24.0,-316.0,103.0,-877.0,-172.0,2
13478,37.0,-231.0,-65.0,-151.0,-17.0,-321.0,105.0,-898.0,-174.0,2
13479,27.0,-236.0,-55.0,-170.0,-15.0,-328.0,87.0,-912.0,-158.0,2
13480,24.0,-240.0,-57.0,-174.0,-15.0,-328.0,77.0,-923.0,-154.0,2
13481,22.0,-241.0,-59.0,-159.0,-14.0,-327.0,63.0,-931.0,-147.0,2
13482,23.0,-238.0,-58.0,-143.0,-16.0,-317.0,52.0,-928.0,-165.0,2
13483,19.0,-238.0,-58.0,-134.0,-19.0,-309.0,38.0,-921.0,-167.0,2
13484,16.0,-238.0,-57.0,-131.0,-22.0,-293.0,38.0,-912.0,-159.0,2
13485,11.0,-234.0,-54.0,-136.0,-32.0,-280.0,21.0,-908.0,-153.0,2
13486,11.0,-230.0,-54.0,-143.0,-46.0,-263.0,17.0,-901.0,-160.0,2
13487,8.0,-231.0,-56.0,-155.0,-57.0,-253.0,9.0,-895.0,-153.0,2
13488,5.0,-227.0,-57.0,-162.0,-74.0,-239.0,-1.0,-888.0,-153.0,2
13489,4.0,-232.0,-54.0,-168.0,-90.0,-228.0,-6.0,-882.0,-148.0,2
13490,5.0,-226.0,-55.0,-175.0,-99.0,-213.0,-7.0,-877.0,-151.0,2
13491,7.0,-223.0,-56.0,-183.0,-106.0,-197.0,0.0,-878.0,-150.0,2
13492,5.0,-223.0,-55.0,-190.0,-110.0,-181.0,-1.0,-871.0,-150.0,2
13493,11.0,-226.0,-52.0,-199.0,-109.0,-169.0,6.0,-872.0,-138.0,2
13494,12.0,-224.0,-54.0,-209.0,-109.0,-155.0,21.0,-872.0,-132.0,2
13495,19.0,-228.0,-48.0,-217.0,-106.0,-145.0,31.0,-877.0,-116.0,2
13496,19.0,-227.0,-43.0,-216.0,-108.0,-136.0,49.0,-883.0,-97.0,2
13497,24.0,-226.0,-45.0,-216.0,-111.0,-128.0,56.0,-887.0,-90.0,2
13498,28.0,-229.0,-42.0,-215.0,-111.0,-118.0,73.0,-892.0,-89.0,2
13499,33.0,-233.0,-41.0,-213.0,-114.0,-115.0,91.0,-896.0,-90.0,2
13500,31.0,-231.0,-43.0,-211.0,-117.0,-107.0,96.0,-900.0,-94.0,2
13501,32.0,-233.0,-45.0,-207.0,-118.0,-103.0,109.0,-905.0,-98.0,2
13502,35.0,-234.0,-43.0,-197.0,-115.0,-96.0,109.0,-909.0,-93.0,2
13503,33.0,-237.0,-44.0,-186.0,-114.0,-93.0,108.0,-917.0,-96.0,2
13504,32.0,-240.0,-41.0,-178.0,-116.0,-88.0,98.0,-925.0,-93.0,2
13505,28.0,-241.0,-40.0,-170.0,-122.0,-81.0,87.0,-936.0,-92.0,2
13506,25.0,-247.0,-37.0,-165.0,-129.0,-72.0,75.0,-946.0,-86.0,2
13507,24.0,-248.0,-39.0,-156.0,-139.0,-60.0,60.0,-955.0,-83.0,2
13508,17.0,-251.0,-40.0,-140.0,-149.0,-46.0,42.0,-967.0,-72.0,2
13509,14.0,-254.0,-37.0,-125.0,-159.0,-34.0,33.0,-974.0,-80.0,2
13510,12.0,-252.0,-39.0,-108.0,-168.0,-19.0,23.0,-972.0,-75.0,2
13511,11.0,-251.0,-36.0,-88.0,-176.0,-5.0,25.0,-966.0,-73.0,2
13512,11.0,-249.0,-36.0,-69.0,-185.0,11.0,25.0,-958.0,-76.0,2
13513,15.0,-246.0,-38.0,-54.0,-198.0,20.0,18.0,-951.0,-77.0,2
13514,15.0,-240.0,-37.0,-46.0,-207.0,30.0,21.0,-930.0,-82.0,2
13515,12.0,-238.0,-42.0,-46.0,-216.0,39.0,28.0,-920.0,-88.0,2
13516,17.0,-233.0,-43.0,-59.0,-222.0,51.0,41.0,-913.0,-92.0,2
13517,20.0,-236.0,-41.0,-77.0,-226.0,60.0,48.0,-908.0,-93.0,2
13518,21.0,-237.0,-44.0,-98.0,-230.0,68.0,52.0,-914.0,-97.0,2
13519,26.0,-243.0,-47.0,-116.0,-232.0,68.0,57.0,-932.0,-103.0,2
13520,25.0,-248.0,-48.0,-135.0,-229.0,69.0,80.0,-949.0,-107.0,2
13521,36.0,-251.0,-47.0,-146.0,-222.0,67.0,95.0,-975.0,-111.0,2
13522,36.0,-256.0,-48.0,-146.0,-214.0,63.0,117.0,-992.0,-116.0,2
13523,42.0,-260.0,-54.0,-138.0,-205.0,52.0,144.0,-1004.0,-130.0,2
13524,48.0,-263.0,-53.0,-123.0,-192.0,37.0,152.0,-1020.0,-140.0,2
13525,50.0,-261.0,-55.0,-106.0,-180.0,22.0,153.0,-1027.0,-149.0,2
13526,48.0,-264.0,-58.0,-89.0,-167.0,11.0,152.0,-1028.0,-163.0,2
13527,46.0,-264.0,-61.0,-72.0,-151.0,-1.0,137.0,-1037.0,-174.0,2
13528,36.0,-262.0,-61.0,-59.0,-134.0,-15.0,118.0,-1028.0,-177.0,2
13529,32.0,-262.0,-65.0,-46.0,-123.0,-27.0,94.0,-1029.0,-178.0,2
13530,28.0,-263.0,-63.0,-38.0,-122.0,-37.0,77.0,-1023.0,-185.0,2
13531,23.0,-258.0,-67.0,-32.0,-129.0,-44.0,67.0,-1015.0,-190.0,2
13532,27.0,-258.0,-66.0,-25.0,-135.0,-45.0,74.0,-1004.0,-188.0,2
13533,28.0,-255.0,-64.0,-14.0,-135.0,-52.0,86.0,-995.0,-187.0,2
13534,36.0,-256.0,-62.0,0.0,-127.0,-53.0,104.0,-993.0,-160.0,2
13535,42.0,-257.0,-58.0,16.0,-118.0,-58.0,126.0,-996.0,-151.0,2
13536,44.0,-257.0,-50.0,26.0,-114.0,-67.0,135.0,-1003.0,-124.0,2
13537,43.0,-258.0,-45.0,33.0,-122.0,-82.0,136.0,-1012.0,-105.0,2
13538,42.0,-261.0,-38.0,37.0,-140.0,-97.0,135.0,-1021.0,-83.0,2
13539,40.0,-265.0,-34.0,40.0,-171.0,-102.0,128.0,-1032.0,-64.0,2
13540,38.0,-266.0,-29.0,45.0,-196.0,-112.0,119.0,-1034.0,-39.0,2
13541,36.0,-268.0,-26.0,60.0,-218.0,-123.0,108.0,-1042.0,-32.0,2
13542,26.0,-268.0,-22.0,76.0,-240.0,-128.0,83.0,-1050.0,-33.0,2
13543,20.0,-274.0,-29.0,91.0,-263.0,-132.0,55.0,-1066.0,-42.0,2
13544,14.0,-271.0,-10.0,97.0,-282.0,-131.0,30.0,-1053.0,-10.0,2
13545,5.0,-270.0,-16.0,128.0,-296.0,-130.0,9.0,-1042.0,23.0,2
13546,6.0,-265.0,-12.0,161.0,-308.0,-131.0,-3.0,-1042.0,29.0,2
13547,4.0,-265.0,-12.0,164.0,-323.0,-128.0,-17.0,-1052.0,25.0,2
13548,1.0,-269.0,-12.0,130.0,-336.0,-118.0,-23.0,-1070.0,19.0,2
13549,6.0,-278.0,-15.0,77.0,-356.0,-108.0,-3.0,-1089.0,1.0,2
13550,10.0,-283.0,-26.0,2.0,-391.0,-100.0,15.0,-1109.0,-30.0,2
13551,20.0,-294.0,-25.0,-49.0,-439.0,-92.0,45.0,-1135.0,-30.0,2
13552,32.0,-307.0,-32.0,-51.0,-484.0,-87.0,87.0,-1179.0,-53.0,2
13553,44.0,-313.0,-32.0,-29.0,-516.0,-88.0,133.0,-1201.0,-49.0,2
13554,54.0,-313.0,-32.0,18.0,-533.0,-90.0,177.0,-1203.0,-54.0,2
13555,66.0,-312.0,-33.0,77.0,-529.0,-101.0,217.0,-1202.0,-63.0,2
13556,75.0,-311.0,-38.0,136.0,-509.0,-114.0,247.0,-1198.0,-65.0,2
13557,84.0,-308.0,-42.0,182.0,-474.0,-123.0,268.0,-1193.0,-84.0,2
13558,81.0,-301.0,-48.0,212.0,-437.0,-130.0,282.0,-1171.0,-100.0,2
13559,83.0,-295.0,-55.0,223.0,-402.0,-137.0,284.0,-1158.0,-123.0,2
13560,82.0,-289.0,-59.0,221.0,-357.0,-141.0,270.0,-1136.0,-161.0,2
13561,76.0,-288.0,-63.0,211.0,-310.0,-141.0,256.0,-1118.0,-196.0,2
13562,75.0,-282.0,-72.0,202.0,-256.0,-137.0,240.0,-1108.0,-216.0,2
13563,68.0,-283.0,-78.0,189.0,-202.0,-129.0,221.0,-1105.0,-240.0,2
13564,61.0,-283.0,-78.0,173.0,-153.0,-119.0,207.0,-1105.0,-238.0,2
13565,58.0,-286.0,-82.0,162.0,-116.0,-106.0,200.0,-1110.0,-249.0,2
13566,64.0,-284.0,-81.0,161.0,-80.0,-91.0,212.0,-1108.0,-256.0,2
13567,76.0,-283.0,-89.0,169.0,-30.0,-72.0,235.0,-1103.0,-284.0,2
13568,82.0,-282.0,-103.0,174.0,38.0,-62.0,267.0,-1104.0,-341.0,2
13569,85.0,-282.0,-122.0,166.0,116.0,-60.0,287.0,-1101.0,-413.0,2
13570,86.0,-283.0,-135.0,152.0,202.0,-70.0,290.0,-1109.0,-472.0,2
13571,78.0,-290.0,-139.0,141.0,247.0,-87.0,274.0,-1126.0,-500.0,2
13572,53.0,-294.0,-132.0,143.0,274.0,-107.0,195.0,-1148.0,-480.0,2
13573,33.0,-298.0,-113.0,155.0,280.0,-117.0,110.0,-1156.0,-399.0,2
13574,16.0,-302.0,-93.0,174.0,270.0,-109.0,41.0,-1152.0,-298.0,2
13575,8.0,-298.0,-80.0,194.0,254.0,-89.0,1.0,-1158.0,-262.0,2
13576,-1.0,-290.0,-80.0,208.0,240.0,-69.0,-23.0,-1129.0,-254.0,2
13577,-8.0,-279.0,-90.0,234.0,217.0,-52.0,-50.0,-1070.0,-273.0,2
13578,-9.0,-262.0,-100.0,278.0,182.0,-37.0,-70.0,-1010.0,-339.0,2
13579,-17.0,-240.0,-115.0,327.0,140.0,-29.0,-91.0,-929.0,-393.0,2
13580,-24.0,-218.0,-126.0,366.0,103.0,-32.0,-117.0,-862.0,-440.0,2
13581,-31.0,-199.0,-132.0,378.0,64.0,-38.0,-139.0,-797.0,-474.0,2
13582,-37.0,-188.0,-136.0,350.0,31.0,-40.0,-165.0,-743.0,-489.0,2
13583,-41.0,-178.0,-142.0,289.0,-8.0,-41.0,-185.0,-704.0,-494.0,2
13584,-49.0,-169.0,-133.0,215.0,-47.0,-42.0,-206.0,-690.0,-486.0,2
13585,-51.0,-176.0,-133.0,141.0,-81.0,-39.0,-217.0,-695.0,-465.0,2
13586,-53.0,-185.0,-127.0,67.0,-109.0,-33.0,-229.0,-720.0,-450.0,2
13587,-49.0,-192.0,-122.0,5.0,-132.0,-27.0,-217.0,-761.0,-411.0,2
13588,-47.0,-199.0,-115.0,-36.0,-146.0,-18.0,-217.0,-788.0,-395.0,2
13589,-45.0,-207.0,-112.0,-55.0,-152.0,-4.0,-198.0,-816.0,-385.0,2
13590,-38.0,-215.0,-110.0,-61.0,-150.0,6.0,-179.0,-840.0,-377.0,2
13591,-25.0,-223.0,-111.0,-62.0,-134.0,22.0,-133.0,-861.0,-377.0,2
13592,-16.0,-228.0,-108.0,-59.0,-110.0,29.0,-108.0,-881.0,-370.0,2
13593,-16.0,-229.0,-103.0,-56.0,-88.0,42.0,-95.0,-884.0,-347.0,2
13594,-9.0,-231.0,-100.0,-41.0,-74.0,61.0,-70.0,-895.0,-329.0,2
13595,-8.0,-228.0,-100.0,-21.0,-63.0,80.0,-59.0,-887.0,-326.0,2
13596,3.0,-227.0,-102.0,-23.0,-50.0,106.0,-27.0,-901.0,-334.0,2
13597,10.0,-235.0,-98.0,-56.0,-44.0,128.0,7.0,-917.0,-331.0,2
13598,16.0,-242.0,-93.0,-96.0,-37.0,148.0,18.0,-933.0,-306.0,2
13599,18.0,-245.0,-83.0,-115.0,-20.0,170.0,27.0,-948.0,-271.0,2
13600,26.0,-250.0,-83.0,-101.0,9.0,190.0,60.0,-965.0,-254.0,2
13601,26.0,-253.0,-75.0,-80.0,47.0,208.0,76.0,-971.0,-233.0,2
13602,27.0,-253.0,-74.0,-47.0,86.0,224.0,70.0,-973.0,-220.0,2
13603,21.0,-254.0,-78.0,-6.0,109.0,236.0,50.0,-989.0,-244.0,2
13604,20.0,-258.0,-86.0,15.0,122.0,254.0,41.0,-999.0,-263.0,2
13605,18.0,-258.0,-87.0,14.0,130.0,273.0,34.0,-1003.0,-272.0,2
13606,8.0,-253.0,-86.0,18.0,134.0,287.0,9.0,-993.0,-280.0,2
13607,8.0,-253.0,-87.0,31.0,136.0,298.0,-3.0,-985.0,-278.0,2
13608,7.0,-256.0,-87.0,53.0,150.0,301.0,-4.0,-971.0,-277.0,2
13609,8.0,-254.0,-87.0,83.0,175.0,306.0,-4.0,-974.0,-281.0,2
13610,9.0,-253.0,-86.0,109.0,208.0,307.0,-4.0,-972.0,-281.0,2
13611,7.0,-251.0,-86.0,130.0,237.0,316.0,-2.0,-957.0,-264.0,2
13612,6.0,-247.0,-80.0,148.0,258.0,324.0,-7.0,-953.0,-262.0,2
13613,9.0,-245.0,-79.0,153.0,272.0,324.0,-1.0,-947.0,-248.0,2
13614,7.0,-242.0,-72.0,160.0,290.0,321.0,-8.0,-930.0,-223.0,2
13615,8.0,-238.0,-71.0,160.0,308.0,315.0,10.0,-925.0,-220.0,2
13616,5.0,-234.0,-73.0,147.0,316.0,301.0,5.0,-909.0,-219.0,2
13617,3.0,-229.0,-67.0,126.0,307.0,290.0,-13.0,-894.0,-210.0,2
13618,-2.0,-226.0,-65.0,108.0,301.0,291.0,-25.0,-876.0,-190.0,2
13619,7.0,-224.0,-69.0,107.0,293.0,294.0,5.0,-873.0,-200.0,2
13620,8.0,-222.0,-68.0,103.0,294.0,283.0,-10.0,-856.0,-195.0,2
13621,1.0,-218.0,-67.0,92.0,303.0,280.0,-22.0,-851.0,-201.0,2
13622,-2.0,-217.0,-61.0,79.0,323.0,276.0,-38.0,-838.0,-174.0,2
13623,-10.0,-214.0,-58.0,75.0,338.0,274.0,-59.0,-836.0,-163.0,2
13624,-12.0,-213.0,-54.0,75.0,346.0,273.0,-73.0,-829.0,-149.0,2
13625,-12.0,-212.0,-58.0,66.0,343.0,272.0,-76.0,-833.0,-151.0,2
13626,-15.0,-210.0,-56.0,49.0,331.0,267.0,-93.0,-828.0,-156.0,2
13627,-15.0,-214.0,-57.0,25.0,319.0,265.0,-107.0,-836.0,-152.0,2
13628,-20.0,-219.0,-51.0,1.0,310.0,265.0,-107.0,-851.0,-146.0,2
13629,-22.0,-224.0,-56.0,-21.0,299.0,267.0,-119.0,-867.0,-149.0,2
13630,-24.0,-227.0,-56.0,-41.0,285.0,268.0,-114.0,-881.0,-144.0,2
13631,-22.0,-233.0,-51.0,-59.0,269.0,269.0,-117.0,-902.0,-148.0,2
13632,-24.0,-238.0,-51.0,-74.0,251.0,265.0,-123.0,-918.0,-142.0,2
13633,-21.0,-246.0,-56.0,-79.0,235.0,267.0,-120.0,-938.0,-139.0,2
13634,-23.0,-245.0,-50.0,-81.0,220.0,268.0,-111.0,-947.0,-140.0,2
13635,-14.0,-248.0,-57.0,-78.0,214.0,268.0,-106.0,-957.0,-137.0,2
13636,-15.0,-249.0,-52.0,-71.0,212.0,263.0,-95.0,-959.0,-128.0,2
13637,-11.0,-250.0,-48.0,-57.0,207.0,254.0,-80.0,-954.0,-132.0,2
13638,-12.0,-244.0,-54.0,-42.0,204.0,242.0,-71.0,-953.0,-140.0,2
13639,-8.0,-247.0,-56.0,-40.0,204.0,230.0,-66.0,-936.0,-146.0,2
13640,-8.0,-238.0,-55.0,-43.0,212.0,217.0,-53.0,-918.0,-144.0,2
13641,-6.0,-238.0,-57.0,-48.0,223.0,209.0,-34.0,-921.0,-152.0,2
13642,-2.0,-235.0,-53.0,-60.0,230.0,196.0,-25.0,-906.0,-149.0,2
13643,1.0,-233.0,-55.0,-75.0,238.0,181.0,-18.0,-900.0,-143.0,2
13644,5.0,-231.0,-55.0,-88.0,247.0,164.0,-14.0,-892.0,-140.0,2
13645,5.0,-229.0,-56.0,-92.0,259.0,146.0,-15.0,-891.0,-137.0,2
13646,4.0,-229.0,-51.0,-102.0,269.0,129.0,-16.0,-887.0,-134.0,2
13647,1.0,-229.0,-52.0,-107.0,278.0,113.0,-17.0,-891.0,-133.0,2
13648,2.0,-231.0,-49.0,-109.0,289.0,97.0,-20.0,-886.0,-126.0,2
13649,5.0,-231.0,-48.0,-108.0,298.0,85.0,-20.0,-893.0,-122.0,2
13650,4.0,-230.0,-48.0,-109.0,302.0,69.0,-10.0,-886.0,-111.0,2
13651,2.0,-227.0,-48.0,-109.0,309.0,54.0,-11.0,-886.0,-102.0,2
13652,2.0,-226.0,-43.0,-111.0,308.0,37.0,-16.0,-880.0,-97.0,2
13653,2.0,-230.0,-42.0,-110.0,311.0,25.0,-16.0,-888.0,-94.0,2
13654,3.0,-228.0,-43.0,-110.0,323.0,13.0,-15.0,-892.0,-95.0,2
13655,4.0,-232.0,-44.0,-115.0,335.0,6.0,-11.0,-899.0,-92.0,2
13656,4.0,-235.0,-40.0,-121.0,349.0,-3.0,-16.0,-906.0,-89.0,2
13657,0.0,-235.0,-39.0,-129.0,360.0,-10.0,-21.0,-912.0,-86.0,2
13658,4.0,-238.0,-41.0,-134.0,364.0,-19.0,-25.0,-923.0,-75.0,2
13659,0.0,-240.0,-38.0,-134.0,360.0,-27.0,-23.0,-929.0,-67.0,2
13660,1.0,-243.0,-42.0,-128.0,357.0,-35.0,-17.0,-937.0,-71.0,2
13661,3.0,-245.0,-39.0,-119.0,358.0,-40.0,-22.0,-944.0,-74.0,2
13662,-1.0,-244.0,-37.0,-112.0,359.0,-49.0,-24.0,-943.0,-78.0,2
13663,-2.0,-245.0,-43.0,-105.0,351.0,-56.0,-37.0,-941.0,-90.0,2
13664,-9.0,-244.0,-45.0,-102.0,336.0,-65.0,-52.0,-936.0,-95.0,2
13665,-12.0,-244.0,-48.0,-100.0,318.0,-71.0,-71.0,-945.0,-105.0,2
13666,-15.0,-243.0,-53.0,-102.0,299.0,-73.0,-91.0,-945.0,-127.0,2
13667,-21.0,-244.0,-55.0,-110.0,280.0,-73.0,-116.0,-954.0,-145.0,2
13668,-28.0,-245.0,-55.0,-128.0,263.0,-72.0,-137.0,-956.0,-154.0,2
13669,-33.0,-253.0,-56.0,-148.0,245.0,-68.0,-167.0,-964.0,-156.0,2
13670,-42.0,-252.0,-61.0,-167.0,225.0,-63.0,-179.0,-974.0,-169.0,2
13671,-42.0,-257.0,-62.0,-184.0,203.0,-53.0,-186.0,-1002.0,-180.0,2
13672,-39.0,-261.0,-65.0,-198.0,184.0,-41.0,-184.0,-1010.0,-186.0,2
13673,-34.0,-262.0,-64.0,-209.0,173.0,-23.0,-173.0,-1019.0,-183.0,2
13674,-26.0,-265.0,-58.0,-210.0,178.0,-11.0,-141.0,-1030.0,-162.0,2
13675,-20.0,-268.0,-51.0,-202.0,196.0,9.0,-112.0,-1028.0,-143.0,2
13676,-10.0,-267.0,-47.0,-178.0,221.0,19.0,-75.0,-1023.0,-112.0,2
13677,-8.0,-261.0,-42.0,-153.0,243.0,25.0,-51.0,-1018.0,-99.0,2
13678,2.0,-260.0,-37.0,-135.0,262.0,29.0,-26.0,-1012.0,-85.0,2
13679,6.0,-257.0,-39.0,-124.0,277.0,32.0,-12.0,-1005.0,-84.0,2
13680,9.0,-256.0,-38.0,-122.0,286.0,31.0,2.0,-992.0,-80.0,2
13681,11.0,-257.0,-40.0,-119.0,289.0,34.0,11.0,-1000.0,-85.0,2
13682,12.0,-259.0,-44.0,-120.0,288.0,39.0,18.0,-1011.0,-91.0,2
13683,9.0,-259.0,-35.0,-122.0,295.0,38.0,13.0,-1002.0,-81.0,2
13684,8.0,-262.0,-37.0,-109.0,298.0,37.0,-3.0,-1014.0,-69.0,2
13685,5.0,-263.0,-32.0,-84.0,299.0,40.0,-4.0,-1024.0,-63.0,2
13686,2.0,-264.0,-30.0,-44.0,308.0,37.0,-23.0,-1029.0,-55.0,2
13687,-2.0,-267.0,-27.0,-9.0,317.0,40.0,-32.0,-1027.0,-51.0,2
13688,-8.0,-267.0,-30.0,27.0,336.0,40.0,-45.0,-1030.0,-46.0,2
13689,-7.0,-267.0,-30.0,58.0,359.0,40.0,-57.0,-1032.0,-41.0,2
13690,-9.0,-264.0,-34.0,87.0,380.0,39.0,-63.0,-1034.0,-47.0,2
13691,-6.0,-266.0,-36.0,102.0,399.0,42.0,-64.0,-1029.0,-46.0,2
13692,-5.0,-261.0,-28.0,110.0,418.0,44.0,-53.0,-1014.0,-41.0,2
13693,-1.0,-258.0,-27.0,117.0,437.0,51.0,-31.0,-1004.0,-34.0,2
13694,3.0,-257.0,-25.0,121.0,458.0,52.0,-16.0,-995.0,-26.0,2
13695,5.0,-252.0,-21.0,127.0,481.0,57.0,-5.0,-976.0,-12.0,2
13696,11.0,-252.0,-22.0,128.0,513.0,58.0,7.0,-972.0,-13.0,2
13697,13.0,-249.0,-20.0,123.0,538.0,59.0,13.0,-954.0,-1.0,2
13698,12.0,-245.0,-18.0,119.0,564.0,58.0,16.0,-953.0,-4.0,2
13699,12.0,-246.0,-18.0,106.0,588.0,61.0,14.0,-958.0,-5.0,2
13700,9.0,-246.0,-19.0,86.0,608.0,63.0,9.0,-956.0,-14.0,2
13701,8.0,-252.0,-16.0,66.0,626.0,66.0,0.0,-965.0,-14.0,2
13702,4.0,-251.0,-18.0,40.0,642.0,77.0,-14.0,-975.0,2.0,2
13703,-4.0,-253.0,-14.0,24.0,659.0,87.0,-35.0,-986.0,18.0,2
13704,-10.0,-254.0,-14.0,20.0,678.0,91.0,-61.0,-976.0,17.0,2
13705,-12.0,-255.0,-7.0,22.0,692.0,98.0,-74.0,-972.0,44.0,2
13706,-15.0,-250.0,-6.0,29.0,701.0,100.0,-91.0,-966.0,53.0,2
13707,-20.0,-252.0,-1.0,38.0,703.0,96.0,-114.0,-967.0,49.0,2
13708,-27.0,-252.0,-6.0,35.0,692.0,81.0,-136.0,-973.0,47.0,2
13709,-31.0,-253.0,-6.0,22.0,677.0,65.0,-144.0,-969.0,46.0,2
13710,-33.0,-249.0,-5.0,11.0,664.0,48.0,-154.0,-960.0,54.0,2
13711,-28.0,-249.0,-8.0,6.0,650.0,35.0,-151.0,-956.0,42.0,2
13712,-34.0,-253.0,-16.0,-4.0,636.0,15.0,-160.0,-973.0,15.0,2
13713,-31.0,-257.0,-27.0,-32.0,622.0,-2.0,-162.0,-1000.0,-36.0,2
13714,-35.0,-261.0,-40.0,-93.0,609.0,-18.0,-169.0,-1022.0,-89.0,2
13715,-35.0,-271.0,-52.0,-163.0,591.0,-25.0,-177.0,-1057.0,-128.0,2
13716,-42.0,-286.0,-56.0,-217.0,577.0,-31.0,-195.0,-1099.0,-151.0,2
13717,-47.0,-300.0,-57.0,-248.0,578.0,-20.0,-217.0,-1157.0,-150.0,2
13718,-49.0,-319.0,-45.0,-245.0,571.0,-12.0,-230.0,-1206.0,-121.0,2
13719,-60.0,-326.0,-38.0,-202.0,541.0,4.0,-246.0,-1255.0,-82.0,2
13720,-63.0,-332.0,-38.0,-136.0,481.0,19.0,-263.0,-1269.0,-67.0,2
13721,-64.0,-326.0,-42.0,-62.0,400.0,31.0,-254.0,-1257.0,-90.0,2
13722,-55.0,-321.0,-49.0,-9.0,322.0,33.0,-246.0,-1221.0,-133.0,2
13723,-52.0,-312.0,-61.0,16.0,255.0,41.0,-233.0,-1197.0,-182.0,2
13724,-49.0,-302.0,-76.0,20.0,202.0,42.0,-213.0,-1169.0,-221.0,2
13725,-44.0,-295.0,-79.0,13.0,169.0,55.0,-196.0,-1141.0,-248.0,2
13726,-41.0,-297.0,-81.0,4.0,146.0,74.0,-194.0,-1145.0,-265.0,2
13727,-33.0,-297.0,-79.0,-7.0,126.0,98.0,-168.0,-1150.0,-255.0,2
13728,-31.0,-303.0,-71.0,-4.0,88.0,116.0,-156.0,-1157.0,-222.0,2
13729,-40.0,-305.0,-68.0,15.0,31.0,156.0,-174.0,-1180.0,-208.0,2
13730,-41.0,-310.0,-64.0,44.0,-34.0,179.0,-179.0,-1195.0,-201.0,2
13731,-42.0,-313.0,-58.0,86.0,-95.0,190.0,-186.0,-1200.0,-181.0,2
13732,-40.0,-311.0,-59.0,132.0,-157.0,188.0,-188.0,-1194.0,-169.0,2
13733,-40.0,-304.0,-63.0,178.0,-220.0,193.0,-176.0,-1180.0,-177.0,2
13734,-35.0,-301.0,-71.0,217.0,-274.0,189.0,-161.0,-1159.0,-203.0,2
13735,-25.0,-292.0,-76.0,242.0,-310.0,178.0,-127.0,-1132.0,-239.0,2
13736,-15.0,-282.0,-89.0,257.0,-327.0,159.0,-105.0,-1101.0,-275.0,2
13737,-10.0,-275.0,-96.0,260.0,-320.0,131.0,-69.0,-1067.0,-314.0,2
13738,-3.0,-261.0,-98.0,255.0,-293.0,66.0,-44.0,-1017.0,-328.0,2
13739,1.0,-246.0,-105.0,230.0,-252.0,29.0,-26.0,-962.0,-341.0,2
13740,3.0,-234.0,-108.0,188.0,-211.0,-5.0,-19.0,-920.0,-359.0,2
13741,4.0,-223.0,-110.0,130.0,-173.0,-28.0,-6.0,-887.0,-363.0,2
13742,12.0,-221.0,-108.0,66.0,-141.0,-49.0,6.0,-874.0,-373.0,2
13743,14.0,-221.0,-114.0,3.0,-114.0,-65.0,18.0,-876.0,-383.0,2
13744,17.0,-226.0,-117.0,-47.0,-91.0,-80.0,35.0,-870.0,-395.0,2
13745,21.0,-224.0,-119.0,-77.0,-66.0,-84.0,47.0,-892.0,-403.0,2
13746,25.0,-231.0,-119.0,-96.0,-32.0,-86.0,65.0,-902.0,-412.0,2
13747,27.0,-236.0,-123.0,-99.0,7.0,-77.0,71.0,-912.0,-428.0,2
13748,28.0,-235.0,-123.0,-90.0,46.0,-75.0,78.0,-910.0,-427.0,2
13749,32.0,-236.0,-126.0,-68.0,85.0,-64.0,101.0,-912.0,-422.0,2
13750,34.0,-235.0,-127.0,-34.0,102.0,-56.0,104.0,-907.0,-431.0,2
13751,36.0,-227.0,-120.0,-11.0,112.0,-42.0,113.0,-888.0,-425.0,2
13752,39.0,-224.0,-122.0,5.0,113.0,-29.0,124.0,-876.0,-414.0,2
13753,42.0,-220.0,-120.0,7.0,103.0,-9.0,133.0,-853.0,-405.0,2
13754,43.0,-211.0,-117.0,1.0,85.0,6.0,141.0,-836.0,-393.0,2
13755,42.0,-211.0,-113.0,-5.0,57.0,27.0,132.0,-821.0,-388.0,2
13756,39.0,-203.0,-112.0,-12.0,19.0,36.0,133.0,-799.0,-380.0,2
13757,38.0,-200.0,-119.0,-18.0,-12.0,52.0,130.0,-790.0,-387.0,2
13758,40.0,-196.0,-120.0,-35.0,-23.0,59.0,125.0,-788.0,-418.0,2
13759,44.0,-197.0,-120.0,-72.0,-2.0,74.0,130.0,-791.0,-412.0,2
13760,42.0,-205.0,-118.0,-113.0,43.0,80.0,150.0,-811.0,-404.0,2
13761,45.0,-215.0,-117.0,-146.0,79.0,73.0,136.0,-856.0,-399.0,2
13762,41.0,-228.0,-114.0,-179.0,111.0,48.0,121.0,-891.0,-374.0,2
13763,38.0,-236.0,-106.0,-207.0,133.0,25.0,117.0,-919.0,-356.0,2
13764,37.0,-240.0,-99.0,-217.0,139.0,-10.0,117.0,-929.0,-318.0,2
13765,34.0,-245.0,-95.0,-193.0,137.0,-42.0,102.0,-940.0,-304.0,2
13766,30.0,-243.0,-95.0,-159.0,146.0,-77.0,93.0,-949.0,-313.0,2
13767,25.0,-245.0,-93.0,-124.0,166.0,-106.0,66.0,-948.0,-311.0,2
13768,18.0,-246.0,-98.0,-93.0,187.0,-138.0,42.0,-950.0,-328.0,2
13769,11.0,-247.0,-99.0,-86.0,207.0,-163.0,14.0,-961.0,-334.0,2
13770,2.0,-250.0,-95.0,-95.0,218.0,-196.0,-6.0,-966.0,-313.0,2
13771,-6.0,-249.0,-90.0,-107.0,210.0,-214.0,-41.0,-971.0,-303.0,2
13772,-9.0,-254.0,-86.0,-109.0,187.0,-223.0,-56.0,-966.0,-277.0,2
13773,-10.0,-257.0,-89.0,-104.0,161.0,-229.0,-70.0,-997.0,-281.0,2
13774,-12.0,-259.0,-77.0,-106.0,136.0,-236.0,-74.0,-1001.0,-262.0,2
13775,-12.0,-259.0,-79.0,-96.0,110.0,-237.0,-74.0,-1003.0,-240.0,2
13776,-14.0,-260.0,-79.0,-71.0,80.0,-239.0,-74.0,-1010.0,-240.0,2
13777,-12.0,-260.0,-74.0,-38.0,46.0,-235.0,-75.0,-1013.0,-226.0,2
13778,-12.0,-261.0,-78.0,-4.0,8.0,-241.0,-67.0,-1014.0,-233.0,2
13779,-9.0,-256.0,-78.0,27.0,-29.0,-244.0,-55.0,-1005.0,-241.0,2
13780,-5.0,-257.0,-77.0,54.0,-59.0,-255.0,-53.0,-984.0,-243.0,2
13781,-4.0,-254.0,-74.0,84.0,-94.0,-261.0,-37.0,-969.0,-234.0,2
13782,0.0,-246.0,-75.0,110.0,-123.0,-270.0,-19.0,-955.0,-234.0,2
13783,3.0,-241.0,-76.0,129.0,-148.0,-274.0,-15.0,-922.0,-235.0,2
13784,8.0,-234.0,-78.0,141.0,-166.0,-279.0,7.0,-918.0,-242.0,2
13785,9.0,-230.0,-73.0,143.0,-179.0,-285.0,15.0,-889.0,-220.0,2
13786,15.0,-222.0,-71.0,141.0,-187.0,-295.0,39.0,-874.0,-212.0,2
13787,19.0,-219.0,-69.0,140.0,-194.0,-298.0,57.0,-855.0,-194.0,2
13788,24.0,-222.0,-69.0,131.0,-194.0,-314.0,63.0,-860.0,-212.0,2
13789,26.0,-223.0,-68.0,106.0,-186.0,-326.0,73.0,-868.0,-211.0,2
13790,26.0,-219.0,-66.0,75.0,-172.0,-346.0,71.0,-864.0,-197.0,2
13791,27.0,-226.0,-65.0,60.0,-163.0,-361.0,77.0,-870.0,-192.0,2
13792,23.0,-221.0,-66.0,61.0,-159.0,-368.0,63.0,-870.0,-201.0,2
13793,24.0,-225.0,-72.0,66.0,-149.0,-364.0,66.0,-878.0,-215.0,2
13794,26.0,-222.0,-70.0,64.0,-134.0,-370.0,71.0,-873.0,-213.0,2
13795,24.0,-225.0,-73.0,59.0,-123.0,-365.0,63.0,-874.0,-212.0,2
13796,27.0,-222.0,-69.0,50.0,-120.0,-363.0,70.0,-871.0,-199.0,2
13797,22.0,-223.0,-66.0,39.0,-124.0,-359.0,66.0,-870.0,-194.0,2
13798,20.0,-223.0,-62.0,27.0,-129.0,-357.0,54.0,-873.0,-192.0,2
13799,22.0,-225.0,-62.0,14.0,-136.0,-351.0,56.0,-884.0,-180.0,2
13800,19.0,-230.0,-60.0,3.0,-141.0,-347.0,55.0,-896.0,-185.0,2
13801,18.0,-229.0,-60.0,-16.0,-147.0,-336.0,48.0,-895.0,-170.0,2
13802,13.0,-230.0,-58.0,-28.0,-154.0,-328.0,31.0,-901.0,-167.0,2
13803,18.0,-237.0,-60.0,-35.0,-164.0,-314.0,38.0,-917.0,-166.0,2
13804,14.0,-239.0,-56.0,-49.0,-175.0,-313.0,22.0,-920.0,-153.0,2
13805,8.0,-242.0,-55.0,-50.0,-193.0,-302.0,10.0,-928.0,-143.0,2
13806,6.0,-240.0,-57.0,-37.0,-206.0,-291.0,-2.0,-929.0,-152.0,2
13807,10.0,-239.0,-58.0,-25.0,-206.0,-273.0,9.0,-925.0,-163.0,2
13808,11.0,-234.0,-59.0,-20.0,-199.0,-261.0,15.0,-911.0,-167.0,2
13809,13.0,-233.0,-62.0,-26.0,-192.0,-245.0,22.0,-905.0,-175.0,2
13810,13.0,-227.0,-62.0,-45.0,-195.0,-238.0,26.0,-892.0,-168.0,2
13811,13.0,-227.0,-57.0,-63.0,-207.0,-228.0,32.0,-885.0,-145.0,2
13812,16.0,-228.0,-56.0,-78.0,-229.0,-228.0,38.0,-882.0,-142.0,2
13813,17.0,-225.0,-53.0,-84.0,-244.0,-222.0,46.0,-873.0,-137.0,2
13814,23.0,-225.0,-56.0,-86.0,-246.0,-213.0,55.0,-874.0,-139.0,2
13815,29.0,-224.0,-51.0,-90.0,-238.0,-198.0,75.0,-867.0,-133.0,2
13816,28.0,-221.0,-56.0,-91.0,-221.0,-191.0,82.0,-864.0,-133.0,2
13817,28.0,-219.0,-55.0,-93.0,-212.0,-176.0,93.0,-859.0,-136.0,2
13818,31.0,-220.0,-53.0,-96.0,-207.0,-169.0,93.0,-859.0,-139.0,2
13819,33.0,-222.0,-56.0,-98.0,-208.0,-153.0,100.0,-865.0,-146.0,2
13820,33.0,-220.0,-54.0,-102.0,-209.0,-141.0,105.0,-865.0,-145.0,2
13821,34.0,-224.0,-55.0,-109.0,-212.0,-125.0,108.0,-877.0,-139.0,2
13822,32.0,-227.0,-52.0,-113.0,-216.0,-113.0,98.0,-885.0,-138.0,2
13823,31.0,-231.0,-48.0,-116.0,-222.0,-92.0,89.0,-892.0,-130.0,2
13824,28.0,-233.0,-50.0,-115.0,-225.0,-81.0,77.0,-900.0,-134.0,2
13825,24.0,-236.0,-50.0,-116.0,-230.0,-62.0,66.0,-918.0,-128.0,2
13826,22.0,-240.0,-49.0,-117.0,-231.0,-47.0,50.0,-929.0,-125.0,2
13827,17.0,-242.0,-48.0,-112.0,-232.0,-25.0,41.0,-936.0,-121.0,2
13828,16.0,-245.0,-47.0,-103.0,-235.0,-10.0,25.0,-952.0,-117.0,2
13829,13.0,-247.0,-52.0,-89.0,-234.0,10.0,24.0,-952.0,-121.0,2
13830,12.0,-247.0,-50.0,-76.0,-234.0,23.0,22.0,-955.0,-116.0,2
13831,17.0,-247.0,-47.0,-66.0,-234.0,41.0,22.0,-957.0,-111.0,2
13832,17.0,-248.0,-49.0,-58.0,-236.0,52.0,24.0,-955.0,-115.0,2
13833,15.0,-249.0,-45.0,-55.0,-239.0,65.0,39.0,-947.0,-112.0,2
13834,18.0,-242.0,-47.0,-59.0,-247.0,69.0,49.0,-934.0,-104.0,2
13835,22.0,-241.0,-45.0,-65.0,-248.0,74.0,60.0,-928.0,-108.0,2
13836,27.0,-240.0,-48.0,-77.0,-245.0,73.0,79.0,-929.0,-109.0,2
13837,33.0,-236.0,-48.0,-93.0,-238.0,75.0,99.0,-923.0,-116.0,2
13838,38.0,-239.0,-50.0,-109.0,-226.0,71.0,112.0,-931.0,-131.0,2
13839,41.0,-243.0,-55.0,-130.0,-208.0,70.0,133.0,-937.0,-138.0,2
13840,48.0,-246.0,-56.0,-150.0,-185.0,62.0,143.0,-954.0,-144.0,2
13841,50.0,-250.0,-56.0,-166.0,-159.0,56.0,156.0,-966.0,-152.0,2
13842,54.0,-253.0,-58.0,-176.0,-138.0,44.0,175.0,-978.0,-163.0,2
13843,56.0,-258.0,-57.0,-178.0,-119.0,32.0,188.0,-999.0,-160.0,2
13844,56.0,-260.0,-55.0,-170.0,-105.0,14.0,192.0,-1011.0,-156.0,2
13845,49.0,-263.0,-52.0,-149.0,-95.0,3.0,165.0,-1025.0,-144.0,2
13846,42.0,-265.0,-49.0,-130.0,-96.0,-13.0,136.0,-1034.0,-121.0,2
13847,33.0,-263.0,-46.0,-112.0,-105.0,-22.0,107.0,-1029.0,-106.0,2
13848,25.0,-263.0,-40.0,-97.0,-120.0,-31.0,76.0,-1026.0,-96.0,2
13849,17.0,-265.0,-41.0,-84.0,-136.0,-31.0,47.0,-1026.0,-106.0,2
13850,7.0,-260.0,-46.0,-73.0,-154.0,-37.0,14.0,-1019.0,-104.0,2
13851,4.0,-260.0,-45.0,-66.0,-173.0,-38.0,-10.0,-1014.0,-120.0,2
13852,-2.0,-258.0,-50.0,-60.0,-196.0,-40.0,-25.0,-999.0,-123.0,2
13853,-4.0,-256.0,-47.0,-50.0,-219.0,-33.0,-35.0,-991.0,-120.0,2
13854,-4.0,-252.0,-47.0,-35.0,-239.0,-32.0,-36.0,-973.0,-123.0,2
13855,1.0,-251.0,-53.0,-24.0,-265.0,-25.0,-27.0,-966.0,-130.0,2
13856,5.0,-246.0,-51.0,-25.0,-285.0,-22.0,-14.0,-956.0,-130.0,2
13857,7.0,-250.0,-52.0,-30.0,-304.0,-12.0,0.0,-961.0,-131.0,2
13858,10.0,-250.0,-51.0,-37.0,-322.0,-9.0,16.0,-968.0,-138.0,2
13859,15.0,-253.0,-51.0,-49.0,-336.0,-9.0,35.0,-978.0,-132.0,2
13860,19.0,-257.0,-48.0,-66.0,-351.0,-10.0,41.0,-1000.0,-116.0,2
13861,18.0,-260.0,-41.0,-79.0,-366.0,-6.0,52.0,-1016.0,-101.0,2
13862,22.0,-267.0,-39.0,-87.0,-383.0,-10.0,57.0,-1030.0,-83.0,2
13863,20.0,-270.0,-34.0,-88.0,-399.0,-11.0,57.0,-1045.0,-61.0,2
13864,16.0,-275.0,-26.0,-86.0,-416.0,-19.0,54.0,-1058.0,-39.0,2
13865,16.0,-277.0,-25.0,-76.0,-434.0,-21.0,36.0,-1089.0,-24.0,2
13866,13.0,-286.0,-23.0,-60.0,-455.0,-25.0,21.0,-1108.0,-23.0,2
13867,8.0,-291.0,-18.0,-48.0,-486.0,-21.0,7.0,-1128.0,-14.0,2
13868,6.0,-295.0,-19.0,-31.0,-527.0,-28.0,0.0,-1143.0,-3.0,2
13869,6.0,-297.0,-15.0,0.0,-562.0,-35.0,-7.0,-1138.0,26.0,2
13870,9.0,-295.0,-11.0,51.0,-580.0,-51.0,5.0,-1126.0,27.0,2
13871,12.0,-287.0,-12.0,107.0,-587.0,-65.0,16.0,-1111.0,28.0,2
13872,15.0,-284.0,-15.0,150.0,-605.0,-67.0,31.0,-1101.0,16.0,2
13873,19.0,-283.0,-19.0,175.0,-623.0,-63.0,43.0,-1089.0,-1.0,2
13874,22.0,-275.0,-11.0,184.0,-636.0,-69.0,53.0,-1069.0,20.0,2
13875,26.0,-269.0,-11.0,203.0,-649.0,-79.0,66.0,-1042.0,30.0,2
13876,29.0,-260.0,-9.0,229.0,-656.0,-92.0,80.0,-1013.0,36.0,2
13877,38.0,-255.0,-10.0,243.0,-658.0,-94.0,105.0,-986.0,32.0,2
13878,41.0,-249.0,-18.0,240.0,-654.0,-96.0,136.0,-964.0,10.0,2
13879,43.0,-242.0,-24.0,217.0,-651.0,-96.0,149.0,-946.0,-20.0,2
13880,47.0,-242.0,-37.0,180.0,-655.0,-105.0,146.0,-944.0,-64.0,2
13881,47.0,-241.0,-43.0,139.0,-669.0,-106.0,153.0,-955.0,-107.0,2
13882,49.0,-250.0,-52.0,98.0,-677.0,-108.0,162.0,-980.0,-139.0,2
13883,54.0,-261.0,-53.0,61.0,-674.0,-98.0,177.0,-1020.0,-136.0,2
13884,60.0,-271.0,-51.0,43.0,-655.0,-91.0,197.0,-1055.0,-134.0,2
13885,67.0,-281.0,-42.0,39.0,-618.0,-80.0,217.0,-1088.0,-102.0,2
13886,72.0,-289.0,-38.0,50.0,-558.0,-69.0,239.0,-1116.0,-85.0,2
13887,76.0,-295.0,-38.0,77.0,-500.0,-58.0,260.0,-1134.0,-77.0,2
13888,78.0,-293.0,-46.0,105.0,-447.0,-55.0,263.0,-1150.0,-90.0,2
13889,77.0,-294.0,-52.0,125.0,-400.0,-53.0,256.0,-1150.0,-131.0,2
13890,69.0,-294.0,-64.0,129.0,-360.0,-58.0,242.0,-1150.0,-192.0,2
13891,61.0,-290.0,-79.0,117.0,-325.0,-59.0,200.0,-1140.0,-242.0,2
13892,54.0,-290.0,-84.0,100.0,-289.0,-59.0,179.0,-1135.0,-277.0,2
13893,51.0,-287.0,-94.0,90.0,-248.0,-53.0,163.0,-1127.0,-293.0,2
13894,54.0,-290.0,-96.0,88.0,-201.0,-48.0,173.0,-1121.0,-311.0,2
13895,64.0,-288.0,-100.0,90.0,-145.0,-44.0,197.0,-1122.0,-324.0,2
13896,73.0,-286.0,-99.0,98.0,-82.0,-50.0,231.0,-1124.0,-329.0,2
13897,81.0,-286.0,-100.0,105.0,0.0,-60.0,271.0,-1131.0,-337.0,2
13898,90.0,-291.0,-106.0,104.0,75.0,-84.0,305.0,-1129.0,-350.0,2
13899,94.0,-287.0,-109.0,96.0,149.0,-115.0,326.0,-1132.0,-372.0,2
13900,92.0,-285.0,-117.0,88.0,218.0,-157.0,318.0,-1127.0,-385.0,2
13901,82.0,-288.0,-119.0,89.0,282.0,-191.0,294.0,-1119.0,-410.0,2
13902,65.0,-284.0,-121.0,97.0,333.0,-224.0,225.0,-1115.0,-414.0,2
13903,38.0,-281.0,-112.0,115.0,367.0,-244.0,133.0,-1098.0,-392.0,2
13904,20.0,-275.0,-105.0,136.0,376.0,-248.0,68.0,-1076.0,-348.0,2
13905,12.0,-272.0,-101.0,159.0,373.0,-231.0,3.0,-1047.0,-324.0,2
13906,-1.0,-259.0,-100.0,188.0,358.0,-205.0,-28.0,-1000.0,-315.0,2
13907,-6.0,-246.0,-103.0,226.0,326.0,-166.0,-54.0,-938.0,-346.0,2
13908,-15.0,-227.0,-112.0,263.0,285.0,-140.0,-80.0,-890.0,-386.0,2
13909,-26.0,-212.0,-126.0,279.0,236.0,-126.0,-109.0,-839.0,-425.0,2
13910,-35.0,-204.0,-133.0,272.0,177.0,-121.0,-153.0,-804.0,-462.0,2
13911,-45.0,-194.0,-134.0,234.0,108.0,-115.0,-192.0,-773.0,-482.0,2
13912,-60.0,-188.0,-134.0,186.0,46.0,-117.0,-239.0,-739.0,-471.0,2
13913,-65.0,-186.0,-128.0,149.0,-8.0,-118.0,-269.0,-718.0,-451.0,2
13914,-69.0,-181.0,-123.0,129.0,-53.0,-130.0,-279.0,-707.0,-430.0,2
13915,-80.0,-192.0,-131.0,105.0,-105.0,-128.0,-336.0,-746.0,-472.0,2
13916,-88.0,-204.0,-132.0,40.0,-180.0,-109.0,-352.0,-797.0,-466.0,2
13917,-80.0,-214.0,-119.0,-29.0,-254.0,-85.0,-350.0,-829.0,-392.0,2
13918,-77.0,-223.0,-116.0,-49.0,-294.0,-69.0,-333.0,-879.0,-407.0,2
13919,-70.0,-243.0,-114.0,-76.0,-301.0,-34.0,-310.0,-932.0,-389.0,2
13920,-56.0,-257.0,-103.0,-103.0,-293.0,3.0,-255.0,-979.0,-354.0,2
13921,-46.0,-262.0,-105.0,-101.0,-293.0,31.0,-206.0,-1005.0,-337.0,2
13922,-36.0,-259.0,-101.0,-74.0,-306.0,41.0,-177.0,-1001.0,-333.0,2
13923,-32.0,-253.0,-101.0,-41.0,-311.0,61.0,-147.0,-988.0,-336.0,2
13924,-12.0,-250.0,-102.0,-12.0,-300.0,95.0,-92.0,-972.0,-337.0,2
13925,-1.0,-242.0,-103.0,8.0,-279.0,131.0,-25.0,-949.0,-330.0,2
13926,17.0,-238.0,-100.0,12.0,-247.0,150.0,28.0,-931.0,-329.0,2
13927,32.0,-233.0,-100.0,-3.0,-202.0,167.0,83.0,-918.0,-320.0,2
13928,49.0,-233.0,-93.0,-29.0,-150.0,184.0,128.0,-913.0,-293.0,2
13929,53.0,-234.0,-86.0,-59.0,-110.0,197.0,164.0,-911.0,-276.0,2
13930,58.0,-234.0,-77.0,-69.0,-70.0,201.0,186.0,-911.0,-247.0,2
13931,61.0,-238.0,-77.0,-61.0,-21.0,207.0,200.0,-921.0,-242.0,2
13932,58.0,-239.0,-74.0,-46.0,37.0,211.0,197.0,-921.0,-222.0,2
13933,59.0,-241.0,-72.0,-23.0,96.0,215.0,188.0,-930.0,-237.0,2
13934,65.0,-243.0,-87.0,-6.0,145.0,210.0,170.0,-932.0,-249.0,2
13935,46.0,-243.0,-80.0,-1.0,190.0,212.0,137.0,-930.0,-248.0,2
13936,42.0,-245.0,-81.0,10.0,225.0,217.0,108.0,-931.0,-248.0,2
13937,28.0,-247.0,-86.0,36.0,252.0,224.0,73.0,-952.0,-269.0,2
13938,19.0,-250.0,-88.0,58.0,272.0,236.0,40.0,-958.0,-286.0,2
13939,10.0,-251.0,-94.0,86.0,303.0,254.0,11.0,-962.0,-291.0,2
13940,2.0,-253.0,-94.0,109.0,319.0,265.0,-19.0,-971.0,-294.0,2
13941,-1.0,-252.0,-91.0,129.0,324.0,278.0,-39.0,-976.0,-296.0,2
13942,-1.0,-255.0,-88.0,137.0,331.0,292.0,-41.0,-999.0,-289.0,2
13943,-3.0,-254.0,-79.0,143.0,343.0,303.0,-41.0,-986.0,-247.0,2
13944,-2.0,-256.0,-83.0,154.0,363.0,303.0,-28.0,-1000.0,-254.0,2
13945,-7.0,-256.0,-70.0,146.0,373.0,304.0,-52.0,-985.0,-213.0,2
13946,-4.0,-256.0,-68.0,146.0,384.0,312.0,-47.0,-978.0,-192.0,2
13947,0.0,-250.0,-61.0,159.0,394.0,314.0,-26.0,-956.0,-166.0,2
13948,2.0,-241.0,-60.0,182.0,393.0,308.0,-16.0,-927.0,-173.0,2
13949,1.0,-229.0,-64.0,195.0,389.0,299.0,-21.0,-905.0,-186.0,2
13950,0.0,-224.0,-65.0,180.0,406.0,292.0,-20.0,-885.0,-187.0,2
13951,2.0,-219.0,-60.0,156.0,436.0,296.0,-24.0,-852.0,-172.0,2
13952,0.0,-214.0,-61.0,133.0,462.0,300.0,-26.0,-833.0,-163.0,2
13953,-2.0,-208.0,-60.0,115.0,469.0,300.0,-24.0,-820.0,-168.0,2
13954,-1.0,-206.0,-62.0,100.0,464.0,291.0,-35.0,-806.0,-168.0,2
13955,-5.0,-205.0,-62.0,84.0,457.0,290.0,-47.0,-803.0,-172.0,2
13956,-7.0,-205.0,-65.0,61.0,450.0,290.0,-59.0,-805.0,-187.0,2
13957,-12.0,-203.0,-59.0,30.0,445.0,291.0,-66.0,-809.0,-172.0,2
13958,-12.0,-210.0,-61.0,-1.0,443.0,292.0,-75.0,-826.0,-170.0,2
13959,-14.0,-217.0,-58.0,-39.0,435.0,295.0,-94.0,-847.0,-160.0,2
13960,-13.0,-223.0,-58.0,-67.0,421.0,296.0,-92.0,-868.0,-141.0,2
13961,-16.0,-232.0,-48.0,-78.0,408.0,292.0,-100.0,-892.0,-130.0,2
13962,-17.0,-235.0,-49.0,-75.0,395.0,284.0,-100.0,-912.0,-125.0,2
13963,-15.0,-244.0,-45.0,-62.0,382.0,276.0,-98.0,-926.0,-103.0,2
13964,-16.0,-248.0,-50.0,-45.0,369.0,263.0,-90.0,-950.0,-126.0,2
13965,-15.0,-250.0,-50.0,-45.0,353.0,255.0,-93.0,-968.0,-123.0,2
13966,-13.0,-255.0,-51.0,-50.0,344.0,248.0,-92.0,-974.0,-122.0,2
13967,-12.0,-260.0,-45.0,-52.0,339.0,241.0,-79.0,-1000.0,-103.0,2
13968,-11.0,-260.0,-45.0,-41.0,331.0,231.0,-77.0,-1002.0,-105.0,2
13969,-12.0,-258.0,-50.0,-17.0,322.0,217.0,-77.0,-992.0,-124.0,2
13970,-11.0,-252.0,-54.0,1.0,317.0,201.0,-78.0,-974.0,-140.0,2
13971,-11.0,-248.0,-54.0,12.0,319.0,194.0,-74.0,-955.0,-141.0,2
13972,-10.0,-242.0,-54.0,12.0,324.0,181.0,-64.0,-934.0,-146.0,2
13973,-6.0,-239.0,-53.0,7.0,327.0,168.0,-56.0,-924.0,-143.0,2
13974,-5.0,-232.0,-55.0,0.0,330.0,150.0,-44.0,-905.0,-139.0,2
13975,-4.0,-228.0,-54.0,-9.0,334.0,136.0,-36.0,-886.0,-136.0,2
13976,-2.0,-229.0,-55.0,-17.0,337.0,121.0,-28.0,-882.0,-135.0,2
13977,-2.0,-225.0,-53.0,-25.0,337.0,106.0,-21.0,-870.0,-136.0,2
13978,-3.0,-222.0,-49.0,-36.0,337.0,88.0,-26.0,-868.0,-133.0,2
13979,0.0,-225.0,-50.0,-47.0,340.0,76.0,-33.0,-870.0,-126.0,2
13980,0.0,-228.0,-52.0,-59.0,354.0,70.0,-22.0,-883.0,-130.0,2
13981,1.0,-226.0,-49.0,-77.0,364.0,66.0,-19.0,-888.0,-125.0,2
13982,2.0,-230.0,-45.0,-103.0,366.0,58.0,-16.0,-888.0,-114.0,2
13983,3.0,-237.0,-43.0,-112.0,369.0,52.0,-12.0,-900.0,-108.0,2
13984,6.0,-236.0,-46.0,-115.0,373.0,45.0,-6.0,-904.0,-89.0,2
13985,7.0,-243.0,-42.0,-107.0,379.0,37.0,1.0,-921.0,-89.0,2
13986,6.0,-242.0,-38.0,-98.0,380.0,24.0,5.0,-930.0,-87.0,2
13987,5.0,-245.0,-38.0,-87.0,381.0,14.0,-7.0,-939.0,-86.0,2
13988,1.0,-245.0,-39.0,-81.0,377.0,4.0,-19.0,-950.0,-88.0,2
13989,2.0,-246.0,-42.0,-78.0,374.0,-4.0,-27.0,-948.0,-88.0,2
13990,-1.0,-247.0,-40.0,-72.0,371.0,-10.0,-36.0,-951.0,-90.0,2
13991,-5.0,-247.0,-44.0,-64.0,370.0,-17.0,-50.0,-955.0,-93.0,2
13992,-8.0,-248.0,-45.0,-58.0,372.0,-22.0,-59.0,-951.0,-100.0,2
13993,-6.0,-249.0,-48.0,-62.0,376.0,-24.0,-60.0,-954.0,-107.0,2
13994,-12.0,-248.0,-46.0,-71.0,376.0,-27.0,-69.0,-958.0,-102.0,2
13995,-14.0,-248.0,-48.0,-80.0,373.0,-31.0,-78.0,-953.0,-102.0,2
13996,-15.0,-246.0,-48.0,-84.0,362.0,-37.0,-93.0,-955.0,-103.0,2
13997,-21.0,-247.0,-45.0,-88.0,344.0,-41.0,-106.0,-954.0,-117.0,2
13998,-24.0,-247.0,-51.0,-92.0,323.0,-45.0,-120.0,-952.0,-123.0,2
13999,-26.0,-252.0,-54.0,-101.0,300.0,-46.0,-132.0,-955.0,-137.0,2
14000,-32.0,-249.0,-53.0,-118.0,280.0,-48.0,-150.0,-958.0,-138.0,2
14001,-35.0,-251.0,-54.0,-131.0,257.0,-45.0,-168.0,-964.0,-143.0,2
14002,-36.0,-249.0,-53.0,-140.0,229.0,-38.0,-170.0,-962.0,-140.0,2
14003,-33.0,-251.0,-52.0,-147.0,216.0,-27.0,-167.0,-977.0,-137.0,2
14004,-26.0,-256.0,-52.0,-146.0,215.0,-16.0,-143.0,-981.0,-122.0,2
14005,-18.0,-256.0,-41.0,-142.0,229.0,-1.0,-111.0,-992.0,-97.0,2
14006,-11.0,-258.0,-39.0,-135.0,246.0,9.0,-86.0,-1000.0,-85.0,2
14007,-6.0,-257.0,-35.0,-127.0,265.0,16.0,-54.0,-1000.0,-67.0,2
14008,-2.0,-259.0,-35.0,-115.0,273.0,17.0,-37.0,-989.0,-59.0,2
14009,1.0,-251.0,-34.0,-99.0,273.0,16.0,-17.0,-977.0,-61.0,2
14010,5.0,-250.0,-38.0,-85.0,271.0,15.0,-8.0,-973.0,-79.0,2
14011,7.0,-250.0,-43.0,-75.0,271.0,14.0,-1.0,-968.0,-90.0,2
14012,6.0,-252.0,-46.0,-75.0,273.0,11.0,-2.0,-974.0,-97.0,2
14013,3.0,-256.0,-46.0,-77.0,277.0,11.0,-15.0,-978.0,-99.0,2
14014,3.0,-260.0,-46.0,-74.0,278.0,12.0,-22.0,-996.0,-100.0,2
14015,0.0,-260.0,-41.0,-61.0,284.0,7.0,-29.0,-1000.0,-95.0,2
14016,-3.0,-260.0,-42.0,-41.0,289.0,2.0,-40.0,-1003.0,-87.0,2
14017,-3.0,-261.0,-40.0,-13.0,297.0,1.0,-37.0,-1003.0,-82.0,2
14018,-2.0,-257.0,-37.0,10.0,311.0,2.0,-44.0,-1000.0,-80.0,2
14019,-4.0,-255.0,-34.0,26.0,330.0,2.0,-43.0,-979.0,-66.0,2
14020,-2.0,-253.0,-33.0,38.0,354.0,5.0,-40.0,-979.0,-49.0,2
14021,0.0,-253.0,-33.0,47.0,377.0,8.0,-33.0,-975.0,-49.0,2
14022,3.0,-251.0,-29.0,51.0,397.0,15.0,-17.0,-969.0,-44.0,2
14023,6.0,-252.0,-31.0,49.0,418.0,18.0,-5.0,-967.0,-39.0,2
14024,9.0,-252.0,-28.0,43.0,432.0,17.0,8.0,-969.0,-41.0,2
14025,12.0,-256.0,-29.0,38.0,449.0,17.0,23.0,-979.0,-38.0,2
14026,20.0,-254.0,-20.0,38.0,471.0,16.0,48.0,-966.0,-14.0,2
14027,16.0,-252.0,-29.0,54.0,502.0,13.0,27.0,-998.0,-34.0,2
14028,17.0,-259.0,-33.0,47.0,537.0,19.0,45.0,-1011.0,-43.0,2
14029,20.0,-263.0,-28.0,19.0,559.0,26.0,39.0,-1026.0,-33.0,2
14030,12.0,-265.0,-17.0,0.0,580.0,37.0,23.0,-1034.0,-7.0,2
14031,13.0,-268.0,-17.0,8.0,596.0,51.0,17.0,-1039.0,7.0,2
14032,9.0,-266.0,-19.0,29.0,611.0,55.0,-10.0,-1039.0,12.0,2
14033,1.0,-263.0,-17.0,49.0,626.0,58.0,-24.0,-1033.0,14.0,2
14034,-3.0,-261.0,-12.0,68.0,638.0,64.0,-39.0,-1014.0,25.0,2
14035,-7.0,-259.0,-17.0,79.0,640.0,68.0,-59.0,-999.0,27.0,2
14036,-11.0,-253.0,-13.0,79.0,638.0,67.0,-68.0,-971.0,22.0,2
14037,-12.0,-249.0,-10.0,68.0,636.0,61.0,-74.0,-953.0,21.0,2
14038,-13.0,-247.0,-11.0,53.0,629.0,53.0,-77.0,-944.0,36.0,2
14039,-18.0,-242.0,-7.0,37.0,619.0,39.0,-84.0,-928.0,41.0,2
14040,-16.0,-240.0,-5.0,24.0,607.0,27.0,-100.0,-929.0,49.0,2
14041,-19.0,-240.0,-7.0,9.0,600.0,10.0,-106.0,-931.0,48.0,2
14042,-21.0,-245.0,-3.0,-11.0,594.0,-8.0,-107.0,-946.0,51.0,2
14043,-21.0,-252.0,-5.0,-37.0,587.0,-32.0,-117.0,-966.0,41.0,2
14044,-32.0,-256.0,-8.0,-65.0,574.0,-63.0,-140.0,-995.0,46.0,2
14045,-35.0,-262.0,-22.0,-93.0,551.0,-79.0,-166.0,-1010.0,-7.0,2
14046,-41.0,-263.0,-37.0,-129.0,542.0,-88.0,-193.0,-1026.0,-62.0,2
14047,-49.0,-272.0,-51.0,-175.0,542.0,-87.0,-217.0,-1050.0,-107.0,2
14048,-53.0,-279.0,-50.0,-223.0,534.0,-84.0,-236.0,-1086.0,-132.0,2
14049,-62.0,-291.0,-55.0,-256.0,512.0,-78.0,-260.0,-1129.0,-141.0,2
14050,-66.0,-302.0,-47.0,-270.0,478.0,-65.0,-283.0,-1167.0,-117.0,2
14051,-69.0,-310.0,-38.0,-249.0,430.0,-46.0,-290.0,-1194.0,-88.0,2
14052,-72.0,-320.0,-40.0,-197.0,366.0,-29.0,-291.0,-1212.0,-84.0,2
14053,-71.0,-315.0,-39.0,-147.0,295.0,-14.0,-287.0,-1209.0,-79.0,2
14054,-64.0,-315.0,-41.0,-103.0,214.0,1.0,-279.0,-1196.0,-86.0,2
14055,-58.0,-308.0,-50.0,-69.0,119.0,11.0,-257.0,-1189.0,-119.0,2
14056,-55.0,-303.0,-56.0,-48.0,57.0,20.0,-237.0,-1166.0,-155.0,2
14057,-48.0,-299.0,-63.0,-41.0,15.0,38.0,-216.0,-1149.0,-196.0,2
14058,-45.0,-301.0,-72.0,-41.0,-25.0,55.0,-203.0,-1159.0,-215.0,2
14059,-45.0,-302.0,-70.0,-50.0,-70.0,66.0,-203.0,-1167.0,-217.0,2
14060,-46.0,-307.0,-69.0,-47.0,-123.0,79.0,-204.0,-1177.0,-214.0,2
14061,-47.0,-317.0,-62.0,-32.0,-179.0,95.0,-215.0,-1198.0,-200.0,2
14062,-52.0,-315.0,-61.0,-1.0,-239.0,112.0,-227.0,-1208.0,-190.0,2
14063,-53.0,-317.0,-63.0,47.0,-306.0,123.0,-231.0,-1208.0,-178.0,2
14064,-50.0,-318.0,-61.0,112.0,-377.0,144.0,-221.0,-1206.0,-168.0,2
14065,-49.0,-309.0,-57.0,173.0,-443.0,161.0,-220.0,-1178.0,-169.0,2
14066,-43.0,-299.0,-63.0,229.0,-493.0,161.0,-193.0,-1150.0,-188.0,2
14067,-30.0,-289.0,-72.0,252.0,-522.0,159.0,-148.0,-1121.0,-211.0,2
14068,-18.0,-279.0,-74.0,253.0,-539.0,150.0,-110.0,-1090.0,-240.0,2
14069,-7.0,-271.0,-84.0,243.0,-538.0,133.0,-65.0,-1058.0,-256.0,2
14070,-4.0,-261.0,-87.0,233.0,-518.0,97.0,-48.0,-1023.0,-273.0,2
14071,1.0,-249.0,-92.0,215.0,-494.0,50.0,-34.0,-975.0,-290.0,2
14072,1.0,-238.0,-96.0,185.0,-475.0,9.0,-23.0,-923.0,-308.0,2
14073,-1.0,-224.0,-97.0,143.0,-454.0,-26.0,-35.0,-879.0,-331.0,2
14074,0.0,-215.0,-109.0,86.0,-428.0,-47.0,-34.0,-852.0,-366.0,2
14075,2.0,-209.0,-112.0,16.0,-395.0,-60.0,-24.0,-829.0,-386.0,2
14076,1.0,-208.0,-114.0,-71.0,-349.0,-64.0,-17.0,-825.0,-391.0,2
14077,4.0,-216.0,-116.0,-130.0,-306.0,-62.0,-5.0,-837.0,-393.0,2
14078,13.0,-222.0,-119.0,-167.0,-264.0,-56.0,9.0,-864.0,-397.0,2
14079,18.0,-230.0,-119.0,-182.0,-231.0,-54.0,26.0,-888.0,-398.0,2
14080,19.0,-231.0,-118.0,-176.0,-202.0,-51.0,46.0,-898.0,-404.0,2
14081,21.0,-236.0,-117.0,-151.0,-170.0,-48.0,54.0,-917.0,-405.0,2
14082,23.0,-240.0,-118.0,-116.0,-146.0,-45.0,64.0,-921.0,-403.0,2
14083,28.0,-238.0,-118.0,-80.0,-130.0,-44.0,79.0,-922.0,-405.0,2
14084,32.0,-235.0,-119.0,-54.0,-126.0,-35.0,96.0,-913.0,-403.0,2
14085,36.0,-230.0,-116.0,-40.0,-132.0,-24.0,107.0,-904.0,-403.0,2
14086,39.0,-226.0,-118.0,-33.0,-145.0,-5.0,116.0,-892.0,-396.0,2
14087,41.0,-222.0,-117.0,-26.0,-160.0,11.0,119.0,-866.0,-410.0,2
14088,36.0,-212.0,-113.0,-14.0,-167.0,32.0,122.0,-839.0,-393.0,2
14089,35.0,-208.0,-112.0,12.0,-177.0,46.0,113.0,-817.0,-396.0,2
14090,39.0,-210.0,-127.0,28.0,-186.0,56.0,111.0,-840.0,-451.0,2
14091,41.0,-207.0,-129.0,-22.0,-173.0,57.0,124.0,-832.0,-460.0,2
14092,38.0,-211.0,-125.0,-99.0,-146.0,65.0,123.0,-836.0,-432.0,2
14093,43.0,-220.0,-114.0,-152.0,-121.0,67.0,125.0,-858.0,-397.0,2
14094,42.0,-225.0,-100.0,-176.0,-100.0,60.0,131.0,-878.0,-341.0,2
14095,39.0,-233.0,-98.0,-166.0,-83.0,44.0,129.0,-905.0,-314.0,2
14096,43.0,-246.0,-98.0,-140.0,-64.0,31.0,118.0,-952.0,-314.0,2
14097,38.0,-259.0,-101.0,-120.0,-23.0,-12.0,122.0,-1006.0,-320.0,2
14098,37.0,-262.0,-87.0,-104.0,11.0,-57.0,117.0,-1019.0,-287.0,2
14099,32.0,-259.0,-91.0,-63.0,20.0,-111.0,102.0,-1014.0,-281.0,2
14100,25.0,-252.0,-94.0,-14.0,12.0,-156.0,80.0,-975.0,-297.0,2
14101,18.0,-246.0,-101.0,34.0,3.0,-194.0,50.0,-951.0,-315.0,2
14102,3.0,-240.0,-101.0,62.0,-1.0,-219.0,4.0,-931.0,-330.0,2
14103,-3.0,-234.0,-96.0,55.0,-5.0,-227.0,-49.0,-916.0,-322.0,2
14104,-10.0,-235.0,-92.0,19.0,-14.0,-224.0,-74.0,-922.0,-296.0,2
14105,-12.0,-235.0,-84.0,-31.0,-28.0,-220.0,-93.0,-932.0,-270.0,2
14106,-15.0,-248.0,-74.0,-79.0,-49.0,-214.0,-101.0,-960.0,-235.0,2
14107,-24.0,-257.0,-66.0,-110.0,-86.0,-218.0,-113.0,-995.0,-200.0,2
14108,-24.0,-264.0,-60.0,-112.0,-127.0,-219.0,-119.0,-1023.0,-178.0,2
14109,-23.0,-274.0,-62.0,-80.0,-171.0,-225.0,-124.0,-1045.0,-171.0,2
14110,-29.0,-275.0,-62.0,-33.0,-212.0,-230.0,-123.0,-1063.0,-179.0,2
14111,-24.0,-277.0,-61.0,23.0,-256.0,-234.0,-126.0,-1075.0,-187.0,2
14112,-23.0,-274.0,-62.0,72.0,-304.0,-241.0,-119.0,-1065.0,-185.0,2
14113,-22.0,-268.0,-67.0,130.0,-359.0,-254.0,-118.0,-1044.0,-192.0,2
14114,-15.0,-262.0,-70.0,184.0,-408.0,-259.0,-95.0,-1024.0,-211.0,2
14115,-11.0,-255.0,-70.0,218.0,-442.0,-271.0,-78.0,-989.0,-217.0,2
14116,-7.0,-242.0,-71.0,235.0,-460.0,-274.0,-64.0,-934.0,-222.0,2
14117,-7.0,-233.0,-74.0,239.0,-464.0,-273.0,-49.0,-906.0,-237.0,2
14118,-2.0,-225.0,-78.0,227.0,-455.0,-270.0,-32.0,-876.0,-233.0,2
14119,1.0,-219.0,-71.0,212.0,-443.0,-276.0,-16.0,-853.0,-222.0,2
14120,10.0,-214.0,-73.0,194.0,-437.0,-283.0,12.0,-844.0,-212.0,2
14121,14.0,-211.0,-76.0,179.0,-433.0,-301.0,36.0,-833.0,-218.0,2
14122,19.0,-209.0,-71.0,159.0,-424.0,-309.0,42.0,-822.0,-213.0,2
14123,22.0,-211.0,-69.0,135.0,-410.0,-310.0,58.0,-821.0,-217.0,2
14124,27.0,-211.0,-67.0,105.0,-392.0,-310.0,84.0,-829.0,-207.0,2
14125,32.0,-213.0,-68.0,71.0,-377.0,-318.0,97.0,-838.0,-199.0,2
14126,35.0,-216.0,-65.0,36.0,-370.0,-323.0,107.0,-840.0,-186.0,2
14127,30.0,-216.0,-63.0,14.0,-366.0,-331.0,99.0,-851.0,-178.0,2
14128,29.0,-222.0,-64.0,-1.0,-360.0,-329.0,80.0,-855.0,-185.0,2
14129,27.0,-221.0,-62.0,-24.0,-351.0,-326.0,82.0,-874.0,-187.0,2
14130,28.0,-226.0,-65.0,-48.0,-346.0,-324.0,80.0,-885.0,-178.0,2
14131,25.0,-231.0,-59.0,-68.0,-346.0,-326.0,66.0,-903.0,-164.0,2
14132,24.0,-237.0,-57.0,-81.0,-345.0,-324.0,59.0,-908.0,-154.0,2
14133,17.0,-239.0,-57.0,-84.0,-349.0,-323.0,34.0,-926.0,-152.0,2
14134,12.0,-244.0,-56.0,-86.0,-361.0,-317.0,17.0,-940.0,-151.0,2
14135,8.0,-245.0,-57.0,-89.0,-377.0,-313.0,0.0,-952.0,-155.0,2
14136,1.0,-244.0,-55.0,-94.0,-395.0,-307.0,-23.0,-955.0,-154.0,2
14137,-4.0,-248.0,-59.0,-102.0,-412.0,-303.0,-41.0,-952.0,-153.0,2
14138,-9.0,-244.0,-54.0,-108.0,-430.0,-286.0,-59.0,-947.0,-149.0,2
14139,-10.0,-242.0,-58.0,-103.0,-453.0,-271.0,-66.0,-929.0,-153.0,2
14140,-10.0,-238.0,-57.0,-99.0,-468.0,-254.0,-69.0,-918.0,-159.0,2
14141,-2.0,-238.0,-61.0,-102.0,-474.0,-243.0,-42.0,-922.0,-166.0,2
14142,-7.0,-237.0,-58.0,-114.0,-479.0,-245.0,-27.0,-917.0,-171.0,2
14143,-5.0,-235.0,-65.0,-131.0,-483.0,-245.0,-48.0,-904.0,-183.0,2
14144,-7.0,-231.0,-63.0,-141.0,-486.0,-233.0,-53.0,-895.0,-180.0,2
14145,-3.0,-229.0,-64.0,-146.0,-486.0,-223.0,-40.0,-884.0,-169.0,2
14146,2.0,-224.0,-57.0,-145.0,-493.0,-214.0,-11.0,-876.0,-156.0,2
14147,8.0,-221.0,-55.0,-141.0,-507.0,-214.0,4.0,-861.0,-141.0,2
14148,13.0,-217.0,-52.0,-136.0,-518.0,-206.0,19.0,-856.0,-127.0,2
14149,16.0,-216.0,-48.0,-132.0,-524.0,-195.0,41.0,-853.0,-122.0,2
14150,26.0,-218.0,-48.0,-128.0,-521.0,-182.0,68.0,-851.0,-114.0,2
14151,28.0,-217.0,-45.0,-128.0,-512.0,-179.0,85.0,-854.0,-121.0,2
14152,32.0,-218.0,-51.0,-132.0,-506.0,-176.0,102.0,-851.0,-128.0,2
14153,38.0,-221.0,-56.0,-143.0,-506.0,-174.0,109.0,-858.0,-140.0,2
14154,33.0,-225.0,-56.0,-158.0,-502.0,-166.0,107.0,-870.0,-157.0,2
14155,36.0,-225.0,-57.0,-177.0,-497.0,-160.0,101.0,-883.0,-153.0,2
14156,32.0,-233.0,-59.0,-184.0,-492.0,-148.0,94.0,-901.0,-154.0,2
14157,30.0,-235.0,-56.0,-183.0,-484.0,-140.0,91.0,-920.0,-150.0,2
14158,25.0,-243.0,-50.0,-181.0,-481.0,-128.0,75.0,-929.0,-143.0,2
14159,21.0,-243.0,-54.0,-176.0,-478.0,-118.0,61.0,-946.0,-128.0,2
14160,16.0,-248.0,-49.0,-163.0,-478.0,-108.0,39.0,-957.0,-116.0,2
14161,12.0,-250.0,-48.0,-157.0,-485.0,-100.0,19.0,-966.0,-103.0,2
14162,8.0,-251.0,-44.0,-150.0,-497.0,-89.0,2.0,-969.0,-101.0,2
14163,3.0,-248.0,-41.0,-143.0,-509.0,-80.0,-6.0,-969.0,-99.0,2
14164,0.0,-249.0,-44.0,-134.0,-515.0,-68.0,-12.0,-967.0,-89.0,2
14165,-1.0,-248.0,-43.0,-119.0,-524.0,-58.0,-25.0,-959.0,-90.0,2
14166,3.0,-244.0,-43.0,-98.0,-533.0,-42.0,-19.0,-956.0,-101.0,2
14167,2.0,-247.0,-45.0,-82.0,-541.0,-29.0,-14.0,-944.0,-105.0,2
14168,9.0,-240.0,-50.0,-77.0,-544.0,-12.0,4.0,-936.0,-120.0,2
14169,14.0,-243.0,-52.0,-78.0,-541.0,-6.0,21.0,-923.0,-128.0,2
14170,17.0,-242.0,-49.0,-91.0,-532.0,1.0,42.0,-930.0,-127.0,2
14171,23.0,-240.0,-55.0,-107.0,-521.0,0.0,56.0,-940.0,-134.0,2
14172,22.0,-246.0,-54.0,-130.0,-509.0,-2.0,62.0,-954.0,-141.0,2
14173,27.0,-252.0,-57.0,-152.0,-502.0,-11.0,79.0,-969.0,-148.0,2
14174,29.0,-255.0,-56.0,-169.0,-500.0,-15.0,91.0,-978.0,-160.0,2
14175,36.0,-257.0,-57.0,-178.0,-500.0,-24.0,106.0,-1001.0,-163.0,2
14176,38.0,-259.0,-57.0,-174.0,-499.0,-32.0,114.0,-1010.0,-158.0,2
14177,40.0,-261.0,-54.0,-160.0,-493.0,-47.0,119.0,-1017.0,-145.0,2
14178,37.0,-261.0,-50.0,-139.0,-489.0,-58.0,118.0,-1018.0,-128.0,2
14179,34.0,-261.0,-47.0,-112.0,-491.0,-73.0,99.0,-1008.0,-110.0,2
14180,30.0,-261.0,-50.0,-89.0,-498.0,-85.0,86.0,-1013.0,-124.0,2
14181,22.0,-258.0,-51.0,-76.0,-503.0,-98.0,75.0,-1006.0,-137.0,2
14182,21.0,-257.0,-58.0,-71.0,-506.0,-103.0,56.0,-1006.0,-152.0,2
14183,17.0,-258.0,-59.0,-63.0,-505.0,-113.0,37.0,-1003.0,-172.0,2
14184,11.0,-260.0,-65.0,-50.0,-510.0,-119.0,12.0,-1001.0,-185.0,2
14185,6.0,-257.0,-67.0,-37.0,-520.0,-129.0,0.0,-993.0,-194.0,2
14186,6.0,-253.0,-64.0,-28.0,-534.0,-128.0,-2.0,-978.0,-189.0,2
14187,10.0,-253.0,-65.0,-24.0,-550.0,-130.0,8.0,-982.0,-186.0,2
14188,14.0,-251.0,-57.0,-25.0,-560.0,-127.0,25.0,-975.0,-173.0,2
14189,23.0,-254.0,-56.0,-36.0,-564.0,-130.0,52.0,-977.0,-159.0,2
14190,25.0,-254.0,-47.0,-46.0,-566.0,-133.0,69.0,-986.0,-130.0,2
14191,28.0,-256.0,-47.0,-54.0,-571.0,-140.0,81.0,-1000.0,-101.0,2
14192,26.0,-258.0,-43.0,-62.0,-582.0,-144.0,75.0,-1009.0,-86.0,2
14193,25.0,-261.0,-37.0,-69.0,-597.0,-158.0,71.0,-1020.0,-63.0,2
14194,21.0,-264.0,-29.0,-74.0,-620.0,-160.0,59.0,-1031.0,-39.0,2
14195,19.0,-270.0,-29.0,-78.0,-645.0,-161.0,44.0,-1047.0,-22.0,2
14196,11.0,-275.0,-21.0,-76.0,-673.0,-159.0,29.0,-1069.0,-10.0,2
14197,11.0,-279.0,-23.0,-66.0,-696.0,-159.0,15.0,-1088.0,-11.0,2
14198,7.0,-283.0,-17.0,-54.0,-722.0,-148.0,5.0,-1095.0,-16.0,2
14199,7.0,-286.0,-20.0,-43.0,-744.0,-138.0,8.0,-1119.0,-22.0,2
14200,7.0,-290.0,-30.0,-33.0,-763.0,-129.0,-1.0,-1128.0,-43.0,2
14201,4.0,-291.0,-39.0,-33.0,-788.0,-125.0,-10.0,-1130.0,-74.0,2
14202,2.0,-294.0,-46.0,-53.0,-809.0,-125.0,-13.0,-1144.0,-112.0,2
14203,2.0,-296.0,-50.0,-76.0,-831.0,-133.0,-20.0,-1155.0,-125.0,2
14204,3.0,-303.0,-46.0,-87.0,-852.0,-135.0,-23.0,-1161.0,-117.0,2
14205,6.0,-302.0,-44.0,-85.0,-874.0,-142.0,-10.0,-1169.0,-117.0,2
14206,22.0,-300.0,-39.0,-73.0,-890.0,-146.0,24.0,-1152.0,-52.0,2
14207,28.0,-297.0,-33.0,-31.0,-891.0,-161.0,72.0,-1129.0,-64.0,2
14208,44.0,-289.0,-32.0,29.0,-881.0,-175.0,122.0,-1107.0,-54.0,2
14209,51.0,-280.0,-48.0,84.0,-862.0,-201.0,162.0,-1084.0,-105.0,2
14210,52.0,-274.0,-55.0,105.0,-835.0,-219.0,175.0,-1071.0,-142.0,2
14211,53.0,-269.0,-67.0,100.0,-802.0,-235.0,177.0,-1064.0,-190.0,2
14212,50.0,-272.0,-74.0,65.0,-756.0,-243.0,162.0,-1064.0,-217.0,2
14213,46.0,-273.0,-74.0,24.0,-724.0,-257.0,140.0,-1072.0,-224.0,2
14214,40.0,-276.0,-80.0,-5.0,-699.0,-264.0,118.0,-1085.0,-243.0,2
14215,35.0,-282.0,-80.0,-25.0,-678.0,-272.0,97.0,-1098.0,-253.0,2
14216,32.0,-284.0,-78.0,-40.0,-651.0,-265.0,89.0,-1112.0,-246.0,2
14217,37.0,-291.0,-79.0,-44.0,-615.0,-257.0,101.0,-1138.0,-240.0,2
14218,43.0,-295.0,-79.0,-35.0,-572.0,-248.0,126.0,-1138.0,-238.0,2
14219,54.0,-298.0,-80.0,-12.0,-519.0,-252.0,164.0,-1150.0,-248.0,2
14220,62.0,-299.0,-85.0,7.0,-459.0,-251.0,198.0,-1159.0,-269.0,2
14221,72.0,-296.0,-101.0,9.0,-393.0,-264.0,232.0,-1159.0,-311.0,2
14222,77.0,-296.0,-112.0,4.0,-308.0,-275.0,257.0,-1161.0,-371.0,2
14223,76.0,-295.0,-115.0,7.0,-239.0,-290.0,252.0,-1155.0,-404.0,2
14224,68.0,-296.0,-119.0,29.0,-180.0,-303.0,214.0,-1150.0,-411.0,2
14225,53.0,-294.0,-111.0,67.0,-143.0,-312.0,159.0,-1138.0,-373.0,2
14226,34.0,-284.0,-99.0,105.0,-130.0,-303.0,107.0,-1107.0,-316.0,2
14227,28.0,-277.0,-85.0,137.0,-138.0,-287.0,71.0,-1085.0,-274.0,2
14228,23.0,-267.0,-81.0,152.0,-155.0,-254.0,56.0,-1053.0,-251.0,2
14229,15.0,-261.0,-82.0,159.0,-168.0,-226.0,25.0,-1016.0,-258.0,2
14230,-1.0,-249.0,-88.0,169.0,-183.0,-191.0,-16.0,-967.0,-281.0,2
14231,-10.0,-244.0,-95.0,182.0,-202.0,-168.0,-66.0,-939.0,-318.0,2
14232,-24.0,-234.0,-108.0,189.0,-234.0,-141.0,-117.0,-915.0,-372.0,2
14233,-38.0,-228.0,-120.0,184.0,-294.0,-129.0,-166.0,-893.0,-406.0,2
14234,-47.0,-226.0,-122.0,176.0,-355.0,-113.0,-196.0,-877.0,-431.0,2
14235,-50.0,-221.0,-123.0,165.0,-421.0,-102.0,-218.0,-859.0,-444.0,2
14236,-52.0,-212.0,-125.0,160.0,-481.0,-89.0,-220.0,-830.0,-441.0,2
14237,-48.0,-208.0,-133.0,163.0,-528.0,-86.0,-218.0,-817.0,-450.0,2
14238,-52.0,-201.0,-128.0,162.0,-558.0,-78.0,-220.0,-794.0,-449.0,2
14239,-49.0,-201.0,-131.0,152.0,-585.0,-75.0,-213.0,-788.0,-461.0,2
14240,-50.0,-198.0,-136.0,132.0,-605.0,-77.0,-216.0,-784.0,-464.0,2
14241,-49.0,-198.0,-129.0,94.0,-623.0,-85.0,-216.0,-772.0,-446.0,2
14242,-49.0,-195.0,-121.0,56.0,-645.0,-86.0,-217.0,-760.0,-430.0,2
14243,-39.0,-194.0,-119.0,31.0,-670.0,-95.0,-189.0,-752.0,-415.0,2
14244,-42.0,-194.0,-119.0,3.0,-672.0,-101.0,-185.0,-744.0,-407.0,2
14245,-43.0,-192.0,-113.0,-29.0,-663.0,-102.0,-194.0,-756.0,-389.0,2
14246,-39.0,-198.0,-112.0,-62.0,-646.0,-92.0,-194.0,-772.0,-374.0,2
14247,-36.0,-201.0,-108.0,-87.0,-626.0,-80.0,-177.0,-791.0,-371.0,2
14248,-32.0,-208.0,-111.0,-109.0,-606.0,-61.0,-157.0,-816.0,-371.0,2
14249,-22.0,-211.0,-108.0,-130.0,-584.0,-45.0,-115.0,-843.0,-358.0,2
14250,-14.0,-217.0,-108.0,-140.0,-565.0,-28.0,-86.0,-853.0,-356.0,2
14251,-6.0,-223.0,-103.0,-148.0,-550.0,-14.0,-51.0,-875.0,-343.0,2
14252,3.0,-232.0,-102.0,-147.0,-541.0,-3.0,-10.0,-903.0,-340.0,2
14253,11.0,-239.0,-103.0,-149.0,-534.0,5.0,10.0,-926.0,-358.0,2
14254,16.0,-243.0,-97.0,-167.0,-517.0,14.0,25.0,-933.0,-319.0,2
14255,21.0,-246.0,-93.0,-160.0,-487.0,20.0,43.0,-945.0,-291.0,2
14256,17.0,-247.0,-88.0,-141.0,-458.0,23.0,44.0,-958.0,-278.0,2
14257,15.0,-253.0,-86.0,-124.0,-445.0,25.0,26.0,-977.0,-271.0,2
14258,10.0,-256.0,-81.0,-106.0,-442.0,34.0,13.0,-998.0,-259.0,2
14259,2.0,-261.0,-89.0,-86.0,-431.0,42.0,-16.0,-1010.0,-271.0,2
14260,-4.0,-262.0,-84.0,-69.0,-422.0,66.0,-39.0,-1018.0,-262.0,2
14261,-4.0,-265.0,-91.0,-46.0,-414.0,86.0,-38.0,-1026.0,-265.0,2
14262,0.0,-265.0,-87.0,-10.0,-395.0,104.0,-41.0,-1039.0,-282.0,2
14263,0.0,-267.0,-92.0,30.0,-376.0,113.0,-31.0,-1032.0,-293.0,2
14264,-4.0,-265.0,-95.0,72.0,-353.0,127.0,-48.0,-1036.0,-317.0,2
14265,-5.0,-264.0,-98.0,109.0,-334.0,133.0,-43.0,-1034.0,-328.0,2
14266,-8.0,-261.0,-95.0,125.0,-317.0,138.0,-59.0,-1014.0,-313.0,2
14267,-8.0,-259.0,-98.0,143.0,-296.0,147.0,-58.0,-1015.0,-329.0,2
14268,-10.0,-253.0,-93.0,135.0,-283.0,156.0,-47.0,-999.0,-306.0,2
14269,-10.0,-253.0,-92.0,129.0,-278.0,158.0,-61.0,-973.0,-297.0,2
14270,-7.0,-245.0,-92.0,127.0,-279.0,164.0,-61.0,-947.0,-291.0,2
14271,-11.0,-240.0,-89.0,121.0,-285.0,159.0,-59.0,-923.0,-284.0,2
14272,-11.0,-232.0,-88.0,124.0,-285.0,157.0,-59.0,-907.0,-268.0,2
14273,-11.0,-226.0,-80.0,126.0,-283.0,160.0,-64.0,-892.0,-255.0,2
14274,-8.0,-221.0,-80.0,128.0,-279.0,165.0,-54.0,-869.0,-249.0,2
14275,-8.0,-218.0,-78.0,128.0,-265.0,160.0,-52.0,-855.0,-225.0,2
14276,-12.0,-213.0,-71.0,126.0,-256.0,158.0,-71.0,-839.0,-222.0,2
14277,-13.0,-211.0,-75.0,118.0,-257.0,153.0,-83.0,-829.0,-219.0,2
14278,-17.0,-212.0,-72.0,103.0,-264.0,152.0,-87.0,-833.0,-224.0,2
14279,-16.0,-212.0,-66.0,81.0,-270.0,149.0,-106.0,-830.0,-209.0,2
14280,-19.0,-213.0,-68.0,70.0,-266.0,150.0,-105.0,-836.0,-211.0,2
14281,-24.0,-214.0,-71.0,53.0,-263.0,143.0,-124.0,-833.0,-211.0,2
14282,-28.0,-218.0,-67.0,36.0,-268.0,147.0,-137.0,-850.0,-208.0,2
14283,-30.0,-219.0,-63.0,21.0,-281.0,150.0,-139.0,-852.0,-198.0,2
14284,-27.0,-225.0,-66.0,13.0,-297.0,153.0,-139.0,-871.0,-192.0,2
14285,-30.0,-228.0,-62.0,3.0,-316.0,149.0,-138.0,-886.0,-193.0,2
14286,-28.0,-233.0,-62.0,-16.0,-331.0,147.0,-138.0,-886.0,-179.0,2
14287,-28.0,-233.0,-61.0,-21.0,-345.0,139.0,-132.0,-901.0,-170.0,2
14288,-26.0,-239.0,-62.0,-25.0,-359.0,139.0,-123.0,-916.0,-170.0,2
14289,-18.0,-242.0,-65.0,-28.0,-368.0,133.0,-110.0,-929.0,-183.0,2
14290,-17.0,-242.0,-63.0,-37.0,-371.0,131.0,-105.0,-932.0,-179.0,2
14291,-20.0,-233.0,-52.0,-41.0,-368.0,123.0,-99.0,-936.0,-168.0,2
14292,-12.0,-245.0,-59.0,-37.0,-365.0,118.0,-88.0,-938.0,-171.0,2
14293,-11.0,-243.0,-60.0,-32.0,-362.0,106.0,-77.0,-940.0,-184.0,2
14294,-12.0,-242.0,-67.0,-35.0,-363.0,97.0,-67.0,-936.0,-195.0,2
14295,-5.0,-243.0,-69.0,-45.0,-364.0,83.0,-62.0,-938.0,-198.0,2
14296,-4.0,-240.0,-64.0,-54.0,-359.0,75.0,-45.0,-927.0,-189.0,2
14297,-8.0,-240.0,-67.0,-52.0,-350.0,61.0,-39.0,-926.0,-191.0,2
14298,-2.0,-239.0,-68.0,-50.0,-340.0,51.0,-39.0,-923.0,-188.0,2
14299,-6.0,-238.0,-65.0,-45.0,-327.0,38.0,-41.0,-916.0,-180.0,2
14300,-6.0,-237.0,-62.0,-44.0,-311.0,28.0,-37.0,-915.0,-182.0,2
14301,-3.0,-235.0,-61.0,-50.0,-295.0,18.0,-48.0,-912.0,-179.0,2
14302,-5.0,-233.0,-56.0,-55.0,-275.0,11.0,-34.0,-909.0,-172.0,2
14303,1.0,-236.0,-63.0,-59.0,-253.0,1.0,-27.0,-911.0,-173.0,2
14304,0.0,-238.0,-61.0,-64.0,-231.0,-4.0,-20.0,-916.0,-168.0,2
14305,2.0,-239.0,-58.0,-67.0,-210.0,-14.0,-15.0,-921.0,-158.0,2
14306,4.0,-236.0,-57.0,-68.0,-193.0,-19.0,-12.0,-917.0,-146.0,2
14307,3.0,-236.0,-58.0,-61.0,-176.0,-28.0,-15.0,-921.0,-148.0,2
14308,0.0,-238.0,-57.0,-59.0,-164.0,-33.0,-16.0,-922.0,-152.0,2
14309,2.0,-241.0,-53.0,-61.0,-154.0,-40.0,-25.0,-925.0,-150.0,2
14310,-1.0,-241.0,-56.0,-65.0,-140.0,-45.0,-33.0,-929.0,-146.0,2
14311,-2.0,-241.0,-52.0,-62.0,-129.0,-54.0,-33.0,-933.0,-134.0,2
14312,-2.0,-243.0,-48.0,-60.0,-122.0,-59.0,-38.0,-933.0,-126.0,2
14313,-8.0,-241.0,-47.0,-48.0,-112.0,-62.0,-47.0,-928.0,-124.0,2
14314,-3.0,-241.0,-50.0,-30.0,-98.0,-61.0,-46.0,-932.0,-124.0,2
14315,-5.0,-240.0,-51.0,-14.0,-83.0,-63.0,-47.0,-931.0,-119.0,2
14316,-4.0,-243.0,-50.0,-4.0,-62.0,-64.0,-49.0,-924.0,-128.0,2
14317,-3.0,-244.0,-50.0,-4.0,-38.0,-68.0,-51.0,-935.0,-124.0,2
14318,-7.0,-246.0,-45.0,-13.0,-23.0,-68.0,-46.0,-944.0,-118.0,2
14319,-7.0,-246.0,-47.0,-16.0,-13.0,-71.0,-51.0,-950.0,-114.0,2
14320,-6.0,-248.0,-47.0,-13.0,-10.0,-71.0,-50.0,-950.0,-104.0,2
14321,-4.0,-250.0,-49.0,-6.0,-13.0,-72.0,-52.0,-956.0,-103.0,2
14322,-4.0,-251.0,-48.0,4.0,-13.0,-72.0,-45.0,-953.0,-103.0,2
14323,-8.0,-250.0,-48.0,9.0,-11.0,-75.0,-55.0,-954.0,-109.0,2
14324,-9.0,-248.0,-47.0,15.0,-11.0,-77.0,-65.0,-953.0,-111.0,2
14325,-12.0,-247.0,-50.0,18.0,-15.0,-82.0,-80.0,-953.0,-115.0,2
14326,-19.0,-248.0,-47.0,20.0,-27.0,-86.0,-100.0,-956.0,-119.0,2
14327,-24.0,-250.0,-43.0,25.0,-40.0,-96.0,-121.0,-957.0,-111.0,2
14328,-30.0,-248.0,-47.0,35.0,-60.0,-99.0,-133.0,-949.0,-119.0,2
14329,-28.0,-246.0,-51.0,47.0,-76.0,-104.0,-147.0,-950.0,-128.0,2
14330,-31.0,-245.0,-52.0,54.0,-91.0,-105.0,-152.0,-947.0,-135.0,2
14331,-33.0,-244.0,-56.0,61.0,-101.0,-108.0,-169.0,-944.0,-157.0,2
14332,-37.0,-241.0,-59.0,65.0,-108.0,-107.0,-177.0,-935.0,-167.0,2
14333,-36.0,-243.0,-62.0,66.0,-112.0,-103.0,-177.0,-935.0,-174.0,2
14334,-35.0,-241.0,-55.0,62.0,-114.0,-95.0,-167.0,-930.0,-164.0,2
14335,-29.0,-241.0,-57.0,60.0,-115.0,-89.0,-149.0,-930.0,-158.0,2
14336,-24.0,-241.0,-54.0,56.0,-111.0,-82.0,-127.0,-930.0,-141.0,2
14337,-13.0,-241.0,-51.0,52.0,-106.0,-78.0,-95.0,-929.0,-129.0,2
14338,-11.0,-241.0,-52.0,43.0,-96.0,-75.0,-68.0,-939.0,-126.0,2
14339,-3.0,-243.0,-45.0,27.0,-79.0,-80.0,-38.0,-934.0,-119.0,2
14340,3.0,-245.0,-47.0,14.0,-64.0,-83.0,-18.0,-949.0,-115.0,2
14341,5.0,-246.0,-47.0,7.0,-46.0,-90.0,-12.0,-958.0,-100.0,2
14342,8.0,-252.0,-43.0,11.0,-29.0,-92.0,0.0,-985.0,-99.0,2
14343,10.0,-257.0,-42.0,20.0,-12.0,-93.0,0.0,-1003.0,-100.0,2
14344,5.0,-261.0,-44.0,31.0,8.0,-94.0,-3.0,-1016.0,-103.0,2
14345,3.0,-264.0,-41.0,41.0,27.0,-100.0,-14.0,-1026.0,-88.0,2
14346,4.0,-265.0,-36.0,65.0,40.0,-96.0,-15.0,-1037.0,-79.0,2
14347,2.0,-270.0,-32.0,95.0,54.0,-96.0,-17.0,-1046.0,-75.0,2
14348,4.0,-272.0,-38.0,123.0,75.0,-94.0,-18.0,-1049.0,-67.0,2
14349,4.0,-272.0,-32.0,146.0,104.0,-96.0,-14.0,-1054.0,-52.0,2
14350,1.0,-271.0,-27.0,176.0,121.0,-96.0,-20.0,-1056.0,-44.0,2
14351,4.0,-272.0,-30.0,202.0,135.0,-101.0,-21.0,-1057.0,-35.0,2
14352,4.0,-274.0,-24.0,223.0,147.0,-103.0,-24.0,-1054.0,-27.0,2
14353,-2.0,-274.0,-25.0,240.0,159.0,-109.0,-27.0,-1055.0,-17.0,2
14354,2.0,-276.0,-21.0,259.0,165.0,-114.0,-33.0,-1061.0,-10.0,2
14355,-7.0,-273.0,-19.0,276.0,164.0,-120.0,-49.0,-1065.0,-11.0,2
14356,-8.0,-271.0,-18.0,295.0,165.0,-120.0,-71.0,-1052.0,-2.0,2
14357,-16.0,-267.0,-18.0,316.0,167.0,-114.0,-81.0,-1048.0,4.0,2
14358,-20.0,-264.0,-19.0,337.0,179.0,-105.0,-110.0,-1030.0,4.0,2
14359,-23.0,-262.0,-20.0,357.0,199.0,-85.0,-128.0,-1026.0,-9.0,2
14360,-28.0,-259.0,-21.0,368.0,226.0,-72.0,-147.0,-1015.0,-11.0,2
14361,-33.0,-259.0,-22.0,371.0,235.0,-64.0,-163.0,-1004.0,-20.0,2
14362,-39.0,-253.0,-21.0,368.0,241.0,-54.0,-173.0,-987.0,-22.0,2
14363,-40.0,-248.0,-20.0,364.0,243.0,-50.0,-183.0,-961.0,-11.0,2
14364,-42.0,-247.0,-18.0,356.0,238.0,-42.0,-184.0,-951.0,-16.0,2
14365,-39.0,-241.0,-20.0,338.0,226.0,-35.0,-182.0,-930.0,-7.0,2
14366,-38.0,-237.0,-14.0,313.0,214.0,-28.0,-171.0,-921.0,8.0,2
14367,-36.0,-235.0,-13.0,276.0,208.0,-26.0,-171.0,-916.0,12.0,2
14368,-40.0,-238.0,-3.0,232.0,199.0,-29.0,-166.0,-926.0,52.0,2
14369,-36.0,-238.0,-4.0,194.0,179.0,-37.0,-165.0,-930.0,58.0,2
14370,-41.0,-242.0,-8.0,162.0,148.0,-53.0,-182.0,-924.0,39.0,2
14371,-43.0,-243.0,-22.0,111.0,126.0,-66.0,-200.0,-930.0,-1.0,2
14372,-49.0,-244.0,-31.0,52.0,100.0,-78.0,-215.0,-952.0,-54.0,2
14373,-51.0,-250.0,-48.0,-22.0,71.0,-97.0,-228.0,-972.0,-109.0,2
14374,-53.0,-260.0,-52.0,-101.0,48.0,-114.0,-243.0,-1017.0,-144.0,2
14375,-57.0,-271.0,-55.0,-171.0,33.0,-128.0,-257.0,-1060.0,-151.0,2
14376,-63.0,-282.0,-56.0,-216.0,30.0,-137.0,-276.0,-1099.0,-144.0,2
14377,-63.0,-297.0,-52.0,-235.0,26.0,-142.0,-289.0,-1145.0,-133.0,2
14378,-76.0,-306.0,-46.0,-238.0,9.0,-144.0,-305.0,-1171.0,-126.0,2
14379,-77.0,-310.0,-50.0,-229.0,-31.0,-144.0,-314.0,-1191.0,-120.0,2
14380,-78.0,-315.0,-56.0,-214.0,-101.0,-141.0,-332.0,-1210.0,-145.0,2
14381,-79.0,-313.0,-66.0,-194.0,-194.0,-136.0,-329.0,-1212.0,-186.0,2
14382,-81.0,-315.0,-73.0,-179.0,-264.0,-123.0,-341.0,-1209.0,-222.0,2
14383,-84.0,-313.0,-77.0,-165.0,-324.0,-102.0,-345.0,-1204.0,-247.0,2
14384,-78.0,-315.0,-78.0,-147.0,-376.0,-76.0,-332.0,-1205.0,-253.0,2
14385,-77.0,-316.0,-81.0,-122.0,-434.0,-53.0,-318.0,-1215.0,-251.0,2
14386,-75.0,-320.0,-73.0,-90.0,-491.0,-34.0,-312.0,-1215.0,-224.0,2
14387,-71.0,-319.0,-59.0,-46.0,-544.0,-17.0,-310.0,-1208.0,-187.0,2
14388,-67.0,-313.0,-56.0,10.0,-593.0,3.0,-289.0,-1199.0,-163.0,2
14389,-61.0,-305.0,-55.0,71.0,-641.0,14.0,-262.0,-1169.0,-146.0,2
14390,-56.0,-300.0,-50.0,133.0,-691.0,18.0,-237.0,-1150.0,-131.0,2
14391,-47.0,-287.0,-54.0,187.0,-756.0,12.0,-209.0,-1115.0,-152.0,2
14392,-36.0,-276.0,-63.0,222.0,-804.0,5.0,-177.0,-1086.0,-184.0,2
14393,-27.0,-270.0,-74.0,230.0,-837.0,-5.0,-146.0,-1048.0,-224.0,2
14394,-19.0,-260.0,-84.0,218.0,-849.0,-13.0,-119.0,-1019.0,-261.0,2
14395,-12.0,-256.0,-89.0,195.0,-842.0,-29.0,-82.0,-1001.0,-279.0,2
14396,-4.0,-250.0,-88.0,167.0,-826.0,-46.0,-54.0,-973.0,-267.0,2
14397,-5.0,-246.0,-80.0,138.0,-807.0,-70.0,-39.0,-955.0,-259.0,2
14398,-3.0,-240.0,-83.0,108.0,-797.0,-98.0,-41.0,-938.0,-260.0,2
14399,-1.0,-234.0,-82.0,73.0,-792.0,-124.0,-39.0,-919.0,-259.0,2
14400,-1.0,-234.0,-83.0,31.0,-785.0,-143.0,-26.0,-903.0,-268.0,2
14401,2.0,-230.0,-85.0,-7.0,-773.0,-159.0,-26.0,-896.0,-273.0,2
14402,-1.0,-229.0,-92.0,-42.0,-755.0,-177.0,-27.0,-894.0,-284.0,2
14403,-2.0,-228.0,-99.0,-78.0,-745.0,-188.0,-36.0,-892.0,-303.0,2
14404,-9.0,-233.0,-101.0,-100.0,-740.0,-193.0,-45.0,-904.0,-329.0,2
14405,-6.0,-239.0,-106.0,-108.0,-735.0,-195.0,-54.0,-911.0,-342.0,2
14406,-7.0,-234.0,-108.0,-102.0,-723.0,-193.0,-50.0,-909.0,-354.0,2
14407,-5.0,-234.0,-111.0,-89.0,-711.0,-184.0,-52.0,-910.0,-373.0,2
14408,-3.0,-231.0,-112.0,-71.0,-703.0,-175.0,-40.0,-897.0,-379.0,2
14409,-5.0,-224.0,-111.0,-58.0,-710.0,-165.0,-35.0,-880.0,-383.0,2
14410,-1.0,-222.0,-117.0,-45.0,-729.0,-154.0,-27.0,-865.0,-406.0,2
14411,-1.0,-214.0,-123.0,-49.0,-757.0,-143.0,-18.0,-843.0,-425.0,2
14412,3.0,-206.0,-126.0,-74.0,-784.0,-127.0,-11.0,-829.0,-440.0,2
14413,5.0,-202.0,-126.0,-125.0,-801.0,-112.0,-2.0,-811.0,-443.0,2
14414,9.0,-200.0,-127.0,-164.0,-807.0,-89.0,8.0,-804.0,-440.0,2
14415,19.0,-207.0,-123.0,-195.0,-807.0,-71.0,44.0,-814.0,-423.0,2
14416,24.0,-211.0,-116.0,-213.0,-802.0,-62.0,74.0,-828.0,-398.0,2
14417,26.0,-209.0,-109.0,-210.0,-800.0,-58.0,89.0,-829.0,-368.0,2
14418,31.0,-214.0,-112.0,-195.0,-807.0,-56.0,94.0,-837.0,-376.0,2
14419,39.0,-221.0,-120.0,-198.0,-798.0,-57.0,106.0,-860.0,-401.0,2
14420,38.0,-231.0,-119.0,-227.0,-766.0,-65.0,115.0,-901.0,-422.0,2
14421,39.0,-240.0,-112.0,-266.0,-731.0,-78.0,126.0,-926.0,-366.0,2
14422,43.0,-247.0,-102.0,-276.0,-712.0,-101.0,126.0,-953.0,-341.0,2
14423,40.0,-249.0,-103.0,-248.0,-708.0,-133.0,124.0,-960.0,-329.0,2
14424,40.0,-249.0,-98.0,-202.0,-700.0,-157.0,115.0,-970.0,-327.0,2
14425,34.0,-250.0,-97.0,-163.0,-677.0,-181.0,107.0,-967.0,-308.0,2
14426,30.0,-254.0,-96.0,-123.0,-651.0,-197.0,97.0,-972.0,-308.0,2
14427,28.0,-252.0,-95.0,-86.0,-625.0,-214.0,78.0,-973.0,-297.0,2
14428,17.0,-253.0,-96.0,-58.0,-614.0,-229.0,57.0,-976.0,-307.0,2
14429,13.0,-252.0,-93.0,-38.0,-615.0,-249.0,31.0,-980.0,-311.0,2
14430,5.0,-255.0,-96.0,-28.0,-629.0,-271.0,-6.0,-990.0,-324.0,2
14431,0.0,-254.0,-99.0,-36.0,-645.0,-286.0,-23.0,-996.0,-321.0,2
14432,-6.0,-255.0,-91.0,-45.0,-659.0,-298.0,-43.0,-1000.0,-314.0,2
14433,-9.0,-258.0,-88.0,-57.0,-678.0,-299.0,-58.0,-1004.0,-291.0,2
14434,-11.0,-260.0,-87.0,-58.0,-706.0,-298.0,-67.0,-1013.0,-261.0,2
14435,-10.0,-262.0,-80.0,-44.0,-728.0,-299.0,-73.0,-1021.0,-253.0,2
14436,-12.0,-265.0,-76.0,-28.0,-754.0,-300.0,-70.0,-1025.0,-239.0,2
14437,-12.0,-264.0,-75.0,-4.0,-780.0,-304.0,-70.0,-1029.0,-236.0,2
14438,-12.0,-264.0,-76.0,22.0,-813.0,-313.0,-70.0,-1023.0,-231.0,2
14439,-12.0,-261.0,-75.0,43.0,-849.0,-325.0,-70.0,-1018.0,-233.0,2
14440,-12.0,-260.0,-76.0,65.0,-882.0,-332.0,-72.0,-1011.0,-240.0,2
14441,-10.0,-257.0,-77.0,85.0,-906.0,-341.0,-63.0,-1000.0,-233.0,2
14442,-6.0,-256.0,-78.0,107.0,-920.0,-348.0,-50.0,-993.0,-235.0,2
14443,-3.0,-251.0,-75.0,121.0,-927.0,-356.0,-41.0,-968.0,-231.0,2
14444,2.0,-245.0,-77.0,133.0,-933.0,-364.0,-25.0,-948.0,-234.0,2
14445,8.0,-242.0,-79.0,142.0,-934.0,-366.0,-4.0,-932.0,-237.0,2
14446,12.0,-239.0,-76.0,140.0,-932.0,-372.0,18.0,-923.0,-238.0,2
14447,19.0,-235.0,-77.0,133.0,-920.0,-380.0,37.0,-911.0,-241.0,2
14448,20.0,-232.0,-75.0,130.0,-908.0,-388.0,52.0,-893.0,-222.0,2
14449,24.0,-225.0,-80.0,129.0,-903.0,-392.0,62.0,-876.0,-234.0,2
14450,25.0,-220.0,-75.0,123.0,-902.0,-398.0,64.0,-862.0,-238.0,2
14451,23.0,-217.0,-77.0,105.0,-901.0,-402.0,68.0,-853.0,-225.0,2
14452,23.0,-218.0,-75.0,85.0,-906.0,-405.0,64.0,-855.0,-222.0,2
14453,27.0,-216.0,-74.0,61.0,-907.0,-407.0,78.0,-855.0,-222.0,2
14454,29.0,-218.0,-71.0,37.0,-903.0,-414.0,85.0,-856.0,-218.0,2
14455,32.0,-221.0,-71.0,15.0,-892.0,-420.0,90.0,-866.0,-219.0,2
14456,31.0,-225.0,-72.0,-8.0,-884.0,-426.0,85.0,-870.0,-213.0,2
14457,27.0,-223.0,-73.0,-16.0,-880.0,-429.0,75.0,-875.0,-213.0,2
14458,22.0,-227.0,-73.0,-18.0,-879.0,-434.0,63.0,-885.0,-217.0,2
14459,22.0,-227.0,-74.0,-28.0,-888.0,-438.0,56.0,-892.0,-219.0,2
14460,17.0,-225.0,-70.0,-48.0,-892.0,-439.0,41.0,-886.0,-217.0,2
14461,19.0,-227.0,-73.0,-71.0,-888.0,-432.0,40.0,-880.0,-209.0,2
14462,14.0,-225.0,-73.0,-87.0,-882.0,-430.0,40.0,-885.0,-214.0,2
14463,15.0,-228.0,-71.0,-99.0,-878.0,-429.0,25.0,-886.0,-214.0,2
14464,12.0,-228.0,-67.0,-112.0,-884.0,-432.0,21.0,-883.0,-208.0,2
14465,11.0,-227.0,-71.0,-125.0,-893.0,-430.0,16.0,-887.0,-215.0,2
14466,5.0,-227.0,-72.0,-148.0,-905.0,-424.0,-4.0,-887.0,-213.0,2
14467,2.0,-228.0,-73.0,-162.0,-921.0,-412.0,-14.0,-886.0,-207.0,2
14468,12.0,-232.0,-72.0,-168.0,-925.0,-405.0,12.0,-899.0,-221.0,2
14469,10.0,-231.0,-71.0,-178.0,-924.0,-402.0,12.0,-905.0,-219.0,2
14470,11.0,-233.0,-72.0,-181.0,-923.0,-402.0,6.0,-902.0,-213.0,2
14471,8.0,-230.0,-72.0,-182.0,-924.0,-393.0,0.0,-896.0,-216.0,2
14472,8.0,-229.0,-70.0,-186.0,-922.0,-380.0,16.0,-896.0,-211.0,2
14473,13.0,-229.0,-70.0,-188.0,-917.0,-361.0,18.0,-893.0,-205.0,2
14474,16.0,-232.0,-67.0,-190.0,-910.0,-347.0,27.0,-903.0,-199.0,2
14475,18.0,-229.0,-71.0,-196.0,-901.0,-328.0,34.0,-897.0,-193.0,2
14476,21.0,-231.0,-64.0,-200.0,-891.0,-312.0,52.0,-893.0,-185.0,2
14477,26.0,-234.0,-68.0,-195.0,-886.0,-297.0,63.0,-899.0,-194.0,2
14478,29.0,-229.0,-70.0,-188.0,-881.0,-286.0,94.0,-905.0,-207.0,2
14479,39.0,-231.0,-69.0,-188.0,-869.0,-273.0,116.0,-905.0,-215.0,2
14480,43.0,-231.0,-74.0,-192.0,-852.0,-262.0,139.0,-902.0,-214.0,2
14481,48.0,-238.0,-75.0,-186.0,-834.0,-248.0,140.0,-913.0,-221.0,2
14482,42.0,-238.0,-79.0,-183.0,-809.0,-245.0,126.0,-929.0,-240.0,2
14483,42.0,-245.0,-74.0,-196.0,-773.0,-239.0,132.0,-949.0,-237.0,2
14484,46.0,-247.0,-69.0,-210.0,-741.0,-231.0,139.0,-949.0,-217.0,2
14485,49.0,-248.0,-71.0,-216.0,-717.0,-219.0,152.0,-956.0,-202.0,2
14486,52.0,-249.0,-65.0,-211.0,-685.0,-206.0,161.0,-970.0,-194.0,2
14487,51.0,-252.0,-66.0,-194.0,-630.0,-194.0,156.0,-984.0,-178.0,2
14488,47.0,-253.0,-61.0,-177.0,-581.0,-187.0,146.0,-991.0,-164.0,2
14489,39.0,-254.0,-58.0,-162.0,-541.0,-180.0,135.0,-993.0,-156.0,2
14490,40.0,-254.0,-54.0,-144.0,-514.0,-176.0,127.0,-976.0,-147.0,2
14491,44.0,-250.0,-56.0,-124.0,-499.0,-164.0,136.0,-971.0,-152.0,2
14492,47.0,-247.0,-61.0,-106.0,-478.0,-156.0,140.0,-956.0,-167.0,2
14493,46.0,-246.0,-60.0,-96.0,-448.0,-146.0,146.0,-958.0,-172.0,2
14494,40.0,-244.0,-60.0,-93.0,-414.0,-145.0,138.0,-950.0,-169.0,2
14495,39.0,-243.0,-60.0,-92.0,-389.0,-143.0,126.0,-938.0,-154.0,2
14496,39.0,-242.0,-53.0,-91.0,-368.0,-141.0,113.0,-926.0,-145.0,2
14497,31.0,-241.0,-53.0,-85.0,-343.0,-127.0,98.0,-925.0,-136.0,2
14498,31.0,-238.0,-54.0,-78.0,-322.0,-115.0,89.0,-920.0,-135.0,2
14499,26.0,-236.0,-53.0,-73.0,-302.0,-100.0,78.0,-922.0,-135.0,2
14500,24.0,-236.0,-51.0,-70.0,-282.0,-87.0,66.0,-913.0,-125.0,2
14501,23.0,-235.0,-54.0,-69.0,-268.0,-75.0,59.0,-912.0,-126.0,2
14502,22.0,-234.0,-52.0,-70.0,-259.0,-65.0,56.0,-920.0,-129.0,2
14503,21.0,-239.0,-48.0,-76.0,-254.0,-53.0,47.0,-917.0,-117.0,2
14504,19.0,-238.0,-48.0,-81.0,-249.0,-49.0,44.0,-924.0,-104.0,2
14505,16.0,-240.0,-43.0,-83.0,-248.0,-40.0,41.0,-924.0,-102.0,2
14506,21.0,-237.0,-48.0,-81.0,-251.0,-34.0,56.0,-923.0,-115.0,2
14507,26.0,-238.0,-51.0,-82.0,-255.0,-24.0,67.0,-925.0,-132.0,2
14508,27.0,-238.0,-58.0,-87.0,-255.0,-21.0,76.0,-922.0,-143.0,2
14509,25.0,-241.0,-57.0,-91.0,-257.0,-18.0,78.0,-928.0,-156.0,2
14510,24.0,-242.0,-56.0,-88.0,-267.0,-17.0,70.0,-933.0,-153.0,2
14511,20.0,-240.0,-53.0,-77.0,-279.0,-11.0,61.0,-939.0,-149.0,2
14512,18.0,-244.0,-56.0,-68.0,-291.0,-12.0,50.0,-936.0,-142.0,2
14513,16.0,-243.0,-51.0,-64.0,-297.0,-7.0,39.0,-943.0,-131.0,2
14514,11.0,-243.0,-46.0,-63.0,-305.0,-6.0,22.0,-944.0,-112.0,2
14515,9.0,-248.0,-45.0,-59.0,-314.0,1.0,5.0,-951.0,-104.0,2
14516,5.0,-249.0,-47.0,-56.0,-325.0,2.0,-2.0,-952.0,-100.0,2
14517,-1.0,-248.0,-42.0,-56.0,-340.0,5.0,-15.0,-957.0,-108.0,2
14518,1.0,-247.0,-48.0,-52.0,-361.0,7.0,-23.0,-954.0,-99.0,2
14519,0.0,-248.0,-49.0,-47.0,-387.0,11.0,-24.0,-957.0,-118.0,2
14520,0.0,-250.0,-50.0,-47.0,-412.0,13.0,-15.0,-960.0,-125.0,2
14521,6.0,-253.0,-53.0,-47.0,-436.0,18.0,-5.0,-968.0,-144.0,2
14522,10.0,-253.0,-57.0,-42.0,-458.0,17.0,11.0,-971.0,-149.0,2
14523,15.0,-256.0,-58.0,-39.0,-471.0,22.0,22.0,-979.0,-154.0,2
14524,17.0,-257.0,-58.0,-32.0,-479.0,22.0,38.0,-986.0,-160.0,2
14525,20.0,-253.0,-59.0,-25.0,-482.0,24.0,42.0,-993.0,-165.0,2
14526,19.0,-255.0,-57.0,-20.0,-480.0,25.0,47.0,-988.0,-165.0,2
14527,24.0,-255.0,-57.0,-18.0,-476.0,29.0,55.0,-974.0,-158.0,2
14528,22.0,-255.0,-57.0,-16.0,-473.0,24.0,59.0,-988.0,-145.0,2
14529,22.0,-255.0,-53.0,-14.0,-474.0,20.0,60.0,-997.0,-143.0,2
14530,21.0,-257.0,-54.0,-17.0,-483.0,15.0,60.0,-997.0,-131.0,2
14531,19.0,-259.0,-48.0,-21.0,-497.0,9.0,48.0,-1009.0,-117.0,2
14532,14.0,-260.0,-45.0,-19.0,-511.0,-3.0,31.0,-1011.0,-92.0,2
14533,18.0,-264.0,-41.0,-3.0,-528.0,-10.0,38.0,-1014.0,-81.0,2
14534,14.0,-261.0,-38.0,8.0,-541.0,-16.0,28.0,-1026.0,-72.0,2
14535,13.0,-268.0,-34.0,22.0,-546.0,-19.0,21.0,-1044.0,-65.0,2
14536,12.0,-271.0,-33.0,33.0,-549.0,-31.0,16.0,-1052.0,-60.0,2
14537,6.0,-269.0,-32.0,40.0,-562.0,-40.0,0.0,-1058.0,-57.0,2
14538,7.0,-272.0,-32.0,53.0,-577.0,-54.0,0.0,-1062.0,-46.0,2
14539,5.0,-271.0,-33.0,75.0,-594.0,-65.0,-2.0,-1059.0,-48.0,2
14540,3.0,-271.0,-30.0,95.0,-613.0,-76.0,-10.0,-1049.0,-56.0,2
14541,5.0,-267.0,-34.0,98.0,-622.0,-78.0,-8.0,-1049.0,-62.0,2
14542,6.0,-268.0,-33.0,90.0,-631.0,-83.0,7.0,-1034.0,-59.0,2
14543,11.0,-262.0,-35.0,78.0,-639.0,-82.0,27.0,-1033.0,-67.0,2
14544,22.0,-262.0,-37.0,55.0,-647.0,-84.0,51.0,-1024.0,-86.0,2
14545,25.0,-262.0,-49.0,24.0,-651.0,-88.0,69.0,-1017.0,-100.0,2
14546,25.0,-262.0,-49.0,-9.0,-660.0,-97.0,67.0,-1021.0,-121.0,2
14547,26.0,-265.0,-58.0,-43.0,-676.0,-97.0,86.0,-1028.0,-145.0,2
14548,33.0,-273.0,-57.0,-74.0,-695.0,-100.0,94.0,-1054.0,-159.0,2
14549,39.0,-278.0,-60.0,-95.0,-710.0,-100.0,110.0,-1078.0,-161.0,2
14550,45.0,-286.0,-52.0,-95.0,-715.0,-105.0,132.0,-1106.0,-149.0,2
14551,50.0,-295.0,-50.0,-73.0,-702.0,-105.0,163.0,-1140.0,-137.0,2
14552,59.0,-299.0,-53.0,-48.0,-669.0,-113.0,191.0,-1161.0,-126.0,2
14553,66.0,-305.0,-54.0,-18.0,-626.0,-120.0,219.0,-1169.0,-120.0,2
14554,67.0,-305.0,-53.0,8.0,-577.0,-129.0,230.0,-1174.0,-134.0,2
14555,70.0,-306.0,-58.0,32.0,-529.0,-134.0,227.0,-1180.0,-159.0,2
14556,65.0,-303.0,-69.0,43.0,-479.0,-144.0,225.0,-1171.0,-199.0,2
14557,60.0,-303.0,-76.0,36.0,-436.0,-147.0,206.0,-1180.0,-228.0,2
14558,58.0,-302.0,-80.0,32.0,-401.0,-152.0,186.0,-1174.0,-253.0,2
14559,53.0,-301.0,-80.0,39.0,-363.0,-155.0,171.0,-1167.0,-253.0,2
14560,53.0,-300.0,-85.0,73.0,-323.0,-166.0,172.0,-1157.0,-264.0,2
14561,53.0,-299.0,-84.0,114.0,-274.0,-171.0,172.0,-1151.0,-274.0,2
14562,57.0,-293.0,-86.0,136.0,-231.0,-178.0,186.0,-1148.0,-274.0,2
14563,65.0,-293.0,-84.0,149.0,-178.0,-184.0,214.0,-1145.0,-263.0,2
14564,72.0,-291.0,-80.0,149.0,-116.0,-197.0,233.0,-1137.0,-249.0,2
14565,79.0,-292.0,-77.0,149.0,-47.0,-207.0,258.0,-1143.0,-242.0,2
14566,84.0,-289.0,-76.0,146.0,29.0,-229.0,278.0,-1136.0,-226.0,2
14567,83.0,-287.0,-74.0,150.0,97.0,-247.0,285.0,-1118.0,-233.0,2
14568,78.0,-285.0,-83.0,157.0,163.0,-264.0,278.0,-1117.0,-251.0,2
14569,73.0,-281.0,-77.0,168.0,215.0,-270.0,248.0,-1094.0,-229.0,2
14570,65.0,-276.0,-69.0,198.0,249.0,-275.0,219.0,-1074.0,-206.0,2
14571,51.0,-266.0,-62.0,245.0,270.0,-263.0,175.0,-1051.0,-180.0,2
14572,44.0,-262.0,-57.0,301.0,269.0,-247.0,128.0,-1023.0,-159.0,2
14573,21.0,-254.0,-55.0,332.0,252.0,-222.0,60.0,-983.0,-154.0,2
14574,10.0,-242.0,-60.0,339.0,216.0,-175.0,10.0,-949.0,-168.0,2
14575,-1.0,-233.0,-63.0,319.0,171.0,-113.0,-40.0,-904.0,-186.0,2
14576,-19.0,-221.0,-69.0,292.0,119.0,-64.0,-93.0,-864.0,-213.0,2
14577,-30.0,-209.0,-79.0,257.0,56.0,-13.0,-139.0,-835.0,-250.0,2
14578,-35.0,-203.0,-88.0,217.0,-16.0,26.0,-166.0,-807.0,-280.0,2
14579,-41.0,-201.0,-97.0,181.0,-88.0,58.0,-170.0,-795.0,-317.0,2
14580,-42.0,-201.0,-109.0,154.0,-149.0,76.0,-184.0,-807.0,-381.0,2
14581,-49.0,-207.0,-120.0,129.0,-195.0,94.0,-209.0,-812.0,-420.0,2
14582,-48.0,-209.0,-129.0,104.0,-245.0,98.0,-210.0,-820.0,-446.0,2
14583,-45.0,-212.0,-135.0,85.0,-293.0,100.0,-195.0,-828.0,-485.0,2
14584,-41.0,-211.0,-145.0,69.0,-344.0,91.0,-174.0,-828.0,-515.0,2
14585,-37.0,-212.0,-145.0,49.0,-387.0,75.0,-160.0,-828.0,-518.0,2
14586,-35.0,-210.0,-145.0,27.0,-427.0,54.0,-152.0,-829.0,-510.0,2
14587,-29.0,-211.0,-137.0,4.0,-460.0,37.0,-132.0,-827.0,-492.0,2
14588,-24.0,-212.0,-131.0,-15.0,-483.0,5.0,-116.0,-832.0,-468.0,2
14589,-15.0,-213.0,-123.0,-41.0,-492.0,-27.0,-95.0,-843.0,-436.0,2
14590,-13.0,-215.0,-121.0,-74.0,-490.0,-68.0,-87.0,-853.0,-410.0,2
14591,-12.0,-222.0,-112.0,-110.0,-481.0,-95.0,-89.0,-860.0,-381.0,2
14592,-12.0,-222.0,-106.0,-130.0,-461.0,-120.0,-74.0,-871.0,-350.0,2
14593,-6.0,-227.0,-103.0,-126.0,-431.0,-122.0,-59.0,-870.0,-340.0,2
14594,2.0,-225.0,-109.0,-105.0,-388.0,-122.0,-19.0,-876.0,-357.0,2
14595,8.0,-224.0,-112.0,-87.0,-329.0,-113.0,-1.0,-877.0,-376.0,2
14596,11.0,-228.0,-117.0,-82.0,-265.0,-107.0,3.0,-882.0,-386.0,2
14597,11.0,-227.0,-111.0,-97.0,-210.0,-91.0,17.0,-893.0,-389.0,2
14598,11.0,-229.0,-111.0,-115.0,-174.0,-76.0,10.0,-902.0,-372.0,2
14599,13.0,-233.0,-110.0,-127.0,-158.0,-55.0,11.0,-908.0,-359.0,2
14600,11.0,-236.0,-101.0,-136.0,-157.0,-38.0,18.0,-915.0,-332.0,2
14601,12.0,-243.0,-96.0,-135.0,-165.0,-17.0,21.0,-927.0,-327.0,2
14602,13.0,-246.0,-97.0,-132.0,-171.0,2.0,21.0,-952.0,-308.0,2
14603,12.0,-256.0,-92.0,-113.0,-172.0,23.0,17.0,-974.0,-295.0,2
14604,5.0,-258.0,-90.0,-85.0,-163.0,42.0,-2.0,-996.0,-295.0,2
14605,2.0,-262.0,-88.0,-49.0,-155.0,77.0,-18.0,-1014.0,-282.0,2
14606,3.0,-267.0,-90.0,2.0,-146.0,114.0,-20.0,-1032.0,-287.0,2
14607,-1.0,-270.0,-89.0,54.0,-125.0,156.0,-33.0,-1057.0,-283.0,2
14608,-2.0,-272.0,-92.0,99.0,-100.0,191.0,-37.0,-1069.0,-276.0,2
14609,-2.0,-277.0,-86.0,138.0,-76.0,231.0,-29.0,-1076.0,-266.0,2
14610,4.0,-275.0,-88.0,174.0,-65.0,252.0,-13.0,-1080.0,-276.0,2
14611,8.0,-275.0,-87.0,192.0,-59.0,272.0,-7.0,-1077.0,-266.0,2
14612,15.0,-271.0,-85.0,207.0,-40.0,289.0,19.0,-1071.0,-265.0,2
14613,16.0,-269.0,-82.0,217.0,3.0,304.0,37.0,-1062.0,-262.0,2
14614,17.0,-262.0,-84.0,217.0,37.0,304.0,23.0,-1035.0,-254.0,2
14615,17.0,-259.0,-83.0,219.0,60.0,312.0,25.0,-1014.0,-253.0,2
14616,22.0,-255.0,-80.0,211.0,81.0,314.0,43.0,-981.0,-254.0,2
14617,19.0,-245.0,-74.0,199.0,97.0,320.0,42.0,-951.0,-230.0,2
14618,19.0,-237.0,-74.0,196.0,110.0,316.0,41.0,-926.0,-220.0,2
14619,18.0,-232.0,-73.0,190.0,117.0,309.0,38.0,-902.0,-221.0,2
14620,15.0,-223.0,-66.0,188.0,134.0,299.0,37.0,-871.0,-205.0,2
14621,13.0,-215.0,-69.0,190.0,148.0,289.0,27.0,-850.0,-208.0,2
14622,7.0,-208.0,-71.0,176.0,151.0,273.0,4.0,-820.0,-215.0,2
14623,2.0,-200.0,-69.0,143.0,153.0,263.0,-24.0,-798.0,-190.0,2
14624,-6.0,-197.0,-63.0,105.0,162.0,259.0,-40.0,-781.0,-172.0,2
14625,-8.0,-196.0,-56.0,84.0,174.0,260.0,-55.0,-774.0,-160.0,2
14626,-10.0,-196.0,-58.0,68.0,189.0,258.0,-69.0,-774.0,-151.0,2
14627,-15.0,-197.0,-58.0,50.0,201.0,265.0,-82.0,-779.0,-162.0,2
14628,-14.0,-203.0,-60.0,20.0,205.0,271.0,-92.0,-795.0,-166.0,2
14629,-15.0,-204.0,-56.0,-12.0,197.0,278.0,-98.0,-810.0,-161.0,2
14630,-16.0,-211.0,-58.0,-44.0,184.0,277.0,-102.0,-830.0,-154.0,2
14631,-13.0,-219.0,-60.0,-69.0,171.0,278.0,-98.0,-852.0,-163.0,2
14632,-17.0,-225.0,-58.0,-87.0,162.0,273.0,-94.0,-875.0,-165.0,2
14633,-12.0,-233.0,-55.0,-97.0,157.0,274.0,-90.0,-903.0,-150.0,2
14634,-12.0,-240.0,-57.0,-100.0,153.0,274.0,-73.0,-924.0,-149.0,2
14635,-10.0,-246.0,-58.0,-98.0,149.0,275.0,-63.0,-953.0,-157.0,2
14636,-4.0,-252.0,-55.0,-103.0,148.0,266.0,-43.0,-965.0,-147.0,2
14637,-4.0,-254.0,-55.0,-106.0,149.0,262.0,-34.0,-978.0,-147.0,2
14638,0.0,-258.0,-54.0,-109.0,147.0,252.0,-31.0,-986.0,-139.0,2
14639,3.0,-257.0,-53.0,-108.0,145.0,246.0,-18.0,-996.0,-139.0,2
14640,-1.0,-255.0,-53.0,-102.0,147.0,226.0,-17.0,-978.0,-128.0,2
14641,-1.0,-253.0,-56.0,-93.0,152.0,214.0,-19.0,-986.0,-144.0,2
14642,2.0,-253.0,-53.0,-93.0,157.0,199.0,-26.0,-964.0,-133.0,2
14643,1.0,-248.0,-51.0,-87.0,163.0,189.0,-22.0,-958.0,-118.0,2
14644,1.0,-245.0,-49.0,-76.0,168.0,176.0,-23.0,-949.0,-123.0,2
14645,3.0,-238.0,-51.0,-60.0,176.0,165.0,-18.0,-927.0,-133.0,2
14646,-2.0,-235.0,-49.0,-50.0,185.0,152.0,-32.0,-906.0,-130.0,2
14647,-2.0,-234.0,-51.0,-42.0,193.0,146.0,-31.0,-903.0,-131.0,2
14648,-4.0,-229.0,-53.0,-40.0,198.0,137.0,-37.0,-889.0,-132.0,2
14649,-5.0,-227.0,-55.0,-47.0,202.0,134.0,-37.0,-885.0,-140.0,2
14650,-4.0,-227.0,-55.0,-62.0,208.0,127.0,-30.0,-886.0,-149.0,2
14651,-5.0,-226.0,-52.0,-85.0,219.0,120.0,-41.0,-880.0,-137.0,2
14652,-1.0,-230.0,-51.0,-101.0,231.0,112.0,-35.0,-884.0,-123.0,2
14653,-3.0,-228.0,-45.0,-111.0,240.0,106.0,-32.0,-887.0,-111.0,2
14654,0.0,-232.0,-47.0,-115.0,249.0,95.0,-32.0,-895.0,-104.0,2
14655,-7.0,-234.0,-43.0,-114.0,258.0,84.0,-48.0,-902.0,-102.0,2
14656,-10.0,-235.0,-41.0,-108.0,266.0,73.0,-61.0,-905.0,-99.0,2
14657,-11.0,-234.0,-44.0,-98.0,269.0,65.0,-71.0,-911.0,-90.0,2
14658,-12.0,-238.0,-43.0,-86.0,271.0,56.0,-80.0,-905.0,-94.0,2
14659,-15.0,-233.0,-52.0,-77.0,272.0,54.0,-79.0,-909.0,-89.0,2
14660,-9.0,-243.0,-44.0,-73.0,278.0,47.0,-67.0,-906.0,-89.0,2
14661,-6.0,-232.0,-36.0,-72.0,289.0,46.0,-66.0,-906.0,-80.0,2
14662,-7.0,-241.0,-40.0,-69.0,300.0,42.0,-51.0,-906.0,-70.0,2
14663,-4.0,-235.0,-37.0,-68.0,315.0,40.0,-43.0,-909.0,-71.0,2
14664,-1.0,-237.0,-38.0,-70.0,333.0,31.0,-41.0,-908.0,-83.0,2
14665,-1.0,-236.0,-41.0,-78.0,351.0,23.0,-39.0,-908.0,-89.0,2
14666,0.0,-239.0,-45.0,-91.0,368.0,12.0,-28.0,-914.0,-92.0,2
14667,-1.0,-238.0,-40.0,-101.0,375.0,3.0,-26.0,-918.0,-87.0,2
14668,1.0,-240.0,-42.0,-108.0,374.0,-13.0,-15.0,-927.0,-89.0,2
14669,5.0,-239.0,-41.0,-110.0,371.0,-22.0,-10.0,-932.0,-83.0,2
14670,3.0,-242.0,-41.0,-107.0,371.0,-38.0,-12.0,-928.0,-89.0,2
14671,4.0,-240.0,-42.0,-103.0,369.0,-47.0,-8.0,-927.0,-86.0,2
14672,-2.0,-240.0,-45.0,-97.0,363.0,-61.0,-27.0,-928.0,-98.0,2
14673,-7.0,-240.0,-48.0,-97.0,355.0,-68.0,-52.0,-929.0,-110.0,2
14674,-12.0,-238.0,-57.0,-101.0,349.0,-78.0,-75.0,-928.0,-128.0,2
14675,-18.0,-240.0,-54.0,-113.0,337.0,-81.0,-97.0,-921.0,-155.0,2
14676,-24.0,-240.0,-62.0,-134.0,311.0,-84.0,-112.0,-928.0,-177.0,2
14677,-26.0,-241.0,-66.0,-170.0,286.0,-80.0,-126.0,-937.0,-200.0,2
14678,-31.0,-241.0,-69.0,-200.0,264.0,-76.0,-136.0,-951.0,-205.0,2
14679,-28.0,-252.0,-65.0,-222.0,250.0,-65.0,-142.0,-967.0,-205.0,2
14680,-25.0,-255.0,-63.0,-225.0,250.0,-56.0,-130.0,-982.0,-194.0,2
14681,-23.0,-259.0,-63.0,-210.0,255.0,-45.0,-119.0,-1005.0,-187.0,2
14682,-13.0,-259.0,-66.0,-186.0,259.0,-40.0,-101.0,-1009.0,-186.0,2
14683,-14.0,-258.0,-63.0,-160.0,255.0,-38.0,-87.0,-999.0,-187.0,2
14684,-22.0,-254.0,-72.0,-138.0,242.0,-44.0,-99.0,-980.0,-202.0,2
14685,-27.0,-250.0,-70.0,-121.0,220.0,-47.0,-123.0,-973.0,-206.0,2
14686,-31.0,-251.0,-69.0,-112.0,193.0,-46.0,-144.0,-971.0,-218.0,2
14687,-33.0,-250.0,-68.0,-113.0,169.0,-36.0,-167.0,-961.0,-200.0,2
14688,-34.0,-254.0,-64.0,-109.0,170.0,-24.0,-163.0,-978.0,-186.0,2
14689,-35.0,-258.0,-49.0,-101.0,185.0,-3.0,-166.0,-994.0,-131.0,2
14690,-33.0,-262.0,-41.0,-78.0,205.0,17.0,-153.0,-1014.0,-95.0,2
14691,-25.0,-273.0,-31.0,-49.0,230.0,41.0,-131.0,-1044.0,-56.0,2
14692,-13.0,-279.0,-29.0,-18.0,258.0,57.0,-107.0,-1072.0,-34.0,2
14693,-11.0,-281.0,-20.0,9.0,279.0,73.0,-76.0,-1094.0,-21.0,2
14694,-3.0,-287.0,-22.0,38.0,300.0,83.0,-43.0,-1110.0,-12.0,2
14695,5.0,-290.0,-24.0,71.0,319.0,102.0,-15.0,-1120.0,-19.0,2
14696,15.0,-290.0,-28.0,103.0,346.0,122.0,10.0,-1119.0,-29.0,2
14697,29.0,-292.0,-27.0,135.0,391.0,151.0,56.0,-1124.0,-31.0,2
14698,31.0,-288.0,-27.0,174.0,440.0,158.0,87.0,-1123.0,-32.0,2
14699,35.0,-289.0,-29.0,205.0,484.0,169.0,99.0,-1108.0,-27.0,2
14700,38.0,-282.0,-26.0,233.0,518.0,176.0,103.0,-1100.0,-31.0,2
14701,40.0,-279.0,-24.0,254.0,554.0,184.0,106.0,-1076.0,-17.0,2
14702,37.0,-272.0,-24.0,277.0,592.0,184.0,106.0,-1055.0,-7.0,2
14703,35.0,-266.0,-19.0,293.0,633.0,179.0,96.0,-1030.0,2.0,2
14704,33.0,-261.0,-18.0,297.0,680.0,168.0,77.0,-1011.0,6.0,2
14705,15.0,-255.0,-17.0,296.0,728.0,156.0,27.0,-1000.0,9.0,2
14706,9.0,-251.0,-13.0,278.0,770.0,151.0,-1.0,-969.0,17.0,2
14707,1.0,-245.0,-20.0,254.0,798.0,153.0,-25.0,-945.0,13.0,2
14708,-11.0,-239.0,-26.0,216.0,810.0,157.0,-57.0,-938.0,-24.0,2
14709,-13.0,-236.0,-34.0,166.0,819.0,168.0,-99.0,-917.0,-49.0,2
14710,-26.0,-239.0,-40.0,112.0,826.0,173.0,-125.0,-921.0,-81.0,2
14711,-38.0,-242.0,-42.0,55.0,822.0,177.0,-173.0,-933.0,-91.0,2
14712,-51.0,-246.0,-42.0,16.0,799.0,176.0,-213.0,-945.0,-97.0,2
14713,-58.0,-256.0,-46.0,-4.0,770.0,175.0,-260.0,-977.0,-106.0,2
14714,-66.0,-261.0,-46.0,-21.0,746.0,177.0,-275.0,-1009.0,-108.0,2
14715,-65.0,-267.0,-45.0,-38.0,718.0,174.0,-281.0,-1039.0,-97.0,2
14716,-73.0,-271.0,-43.0,-44.0,675.0,154.0,-293.0,-1053.0,-98.0,2
14717,-74.0,-275.0,-47.0,-42.0,612.0,128.0,-297.0,-1073.0,-113.0,2
14718,-74.0,-278.0,-54.0,-40.0,525.0,92.0,-308.0,-1082.0,-136.0,2
14719,-75.0,-286.0,-59.0,-48.0,456.0,65.0,-309.0,-1109.0,-175.0,2
14720,-77.0,-289.0,-64.0,-65.0,396.0,40.0,-319.0,-1120.0,-192.0,2
14721,-76.0,-299.0,-70.0,-80.0,331.0,29.0,-329.0,-1154.0,-224.0,2
14722,-77.0,-303.0,-77.0,-98.0,267.0,17.0,-335.0,-1173.0,-244.0,2
14723,-78.0,-309.0,-74.0,-109.0,203.0,21.0,-332.0,-1195.0,-253.0,2
14724,-77.0,-320.0,-78.0,-107.0,134.0,32.0,-331.0,-1220.0,-249.0,2
14725,-77.0,-322.0,-77.0,-91.0,64.0,47.0,-333.0,-1242.0,-248.0,2
14726,-76.0,-325.0,-74.0,-65.0,-1.0,66.0,-334.0,-1246.0,-230.0,2
14727,-77.0,-330.0,-72.0,-29.0,-59.0,91.0,-331.0,-1270.0,-214.0,2
14728,-72.0,-329.0,-64.0,12.0,-109.0,111.0,-303.0,-1266.0,-187.0,2
14729,-67.0,-324.0,-59.0,73.0,-173.0,132.0,-286.0,-1250.0,-170.0,2
14730,-58.0,-321.0,-68.0,124.0,-233.0,146.0,-252.0,-1236.0,-188.0,2
14731,-46.0,-313.0,-71.0,169.0,-293.0,164.0,-224.0,-1207.0,-207.0,2
14732,-40.0,-307.0,-76.0,209.0,-343.0,173.0,-199.0,-1182.0,-238.0,2
14733,-34.0,-299.0,-81.0,250.0,-375.0,173.0,-155.0,-1157.0,-256.0,2
14734,-21.0,-289.0,-87.0,290.0,-391.0,158.0,-112.0,-1121.0,-259.0,2
14735,-11.0,-273.0,-87.0,325.0,-394.0,130.0,-81.0,-1075.0,-272.0,2
14736,6.0,-261.0,-92.0,344.0,-394.0,102.0,-22.0,-1030.0,-285.0,2
14737,14.0,-247.0,-98.0,333.0,-387.0,65.0,16.0,-975.0,-306.0,2
14738,16.0,-236.0,-109.0,293.0,-374.0,27.0,24.0,-933.0,-346.0,2
14739,17.0,-227.0,-112.0,232.0,-342.0,-8.0,43.0,-894.0,-386.0,2
14740,25.0,-230.0,-122.0,159.0,-316.0,-36.0,58.0,-900.0,-415.0,2
14741,29.0,-231.0,-129.0,95.0,-288.0,-52.0,79.0,-910.0,-440.0,2
14742,34.0,-238.0,-128.0,31.0,-258.0,-67.0,97.0,-929.0,-433.0,2
14743,34.0,-247.0,-126.0,-13.0,-235.0,-77.0,101.0,-958.0,-426.0,2
14744,36.0,-255.0,-112.0,-35.0,-219.0,-87.0,98.0,-985.0,-392.0,2
14745,35.0,-258.0,-115.0,-26.0,-205.0,-94.0,94.0,-1002.0,-392.0,2
14746,31.0,-254.0,-118.0,1.0,-188.0,-98.0,96.0,-999.0,-395.0,2
14747,31.0,-253.0,-123.0,34.0,-165.0,-101.0,89.0,-977.0,-414.0,2
14748,31.0,-247.0,-123.0,62.0,-141.0,-102.0,81.0,-950.0,-421.0,2
14749,27.0,-235.0,-120.0,94.0,-115.0,-95.0,78.0,-919.0,-420.0,2
14750,30.0,-223.0,-123.0,125.0,-96.0,-86.0,81.0,-881.0,-430.0,2
14751,29.0,-211.0,-123.0,138.0,-92.0,-75.0,86.0,-837.0,-427.0,2
14752,27.0,-197.0,-121.0,140.0,-95.0,-67.0,81.0,-793.0,-417.0,2
14753,30.0,-190.0,-118.0,125.0,-100.0,-56.0,85.0,-741.0,-414.0,2
14754,31.0,-181.0,-120.0,95.0,-103.0,-47.0,92.0,-719.0,-414.0,2
14755,33.0,-172.0,-123.0,49.0,-102.0,-29.0,103.0,-693.0,-426.0,2
14756,36.0,-170.0,-123.0,-10.0,-91.0,-13.0,111.0,-685.0,-430.0,2
14757,43.0,-177.0,-124.0,-71.0,-66.0,7.0,129.0,-697.0,-421.0,2
14758,43.0,-179.0,-113.0,-123.0,-26.0,20.0,140.0,-705.0,-391.0,2
14759,50.0,-192.0,-109.0,-142.0,16.0,29.0,171.0,-757.0,-371.0,2
14760,57.0,-203.0,-107.0,-166.0,58.0,19.0,195.0,-805.0,-362.0,2
14761,61.0,-214.0,-102.0,-194.0,93.0,1.0,216.0,-847.0,-336.0,2
14762,60.0,-230.0,-104.0,-215.0,123.0,-26.0,206.0,-895.0,-341.0,2
14763,58.0,-240.0,-98.0,-229.0,142.0,-58.0,198.0,-920.0,-323.0,2
14764,51.0,-246.0,-94.0,-209.0,147.0,-94.0,171.0,-946.0,-305.0,2
14765,45.0,-251.0,-95.0,-159.0,156.0,-127.0,146.0,-963.0,-299.0,2
14766,44.0,-252.0,-97.0,-102.0,167.0,-157.0,118.0,-960.0,-312.0,2
14767,32.0,-249.0,-101.0,-57.0,182.0,-183.0,95.0,-959.0,-330.0,2
14768,22.0,-246.0,-98.0,-37.0,194.0,-204.0,59.0,-954.0,-323.0,2
14769,16.0,-245.0,-99.0,-34.0,193.0,-218.0,33.0,-950.0,-323.0,2
14770,7.0,-246.0,-97.0,-49.0,183.0,-237.0,7.0,-952.0,-322.0,2
14771,5.0,-248.0,-91.0,-79.0,165.0,-248.0,-3.0,-966.0,-301.0,2
14772,-4.0,-251.0,-91.0,-103.0,146.0,-264.0,-24.0,-970.0,-286.0,2
14773,-6.0,-253.0,-85.0,-121.0,130.0,-266.0,-43.0,-977.0,-273.0,2
14774,-12.0,-260.0,-82.0,-124.0,110.0,-269.0,-66.0,-1008.0,-261.0,2
14775,-14.0,-261.0,-81.0,-118.0,90.0,-273.0,-86.0,-1013.0,-242.0,2
14776,-16.0,-261.0,-76.0,-100.0,67.0,-277.0,-96.0,-1013.0,-226.0,2
14777,-14.0,-264.0,-75.0,-68.0,39.0,-275.0,-96.0,-1026.0,-228.0,2
14778,-14.0,-260.0,-73.0,-33.0,6.0,-274.0,-82.0,-1016.0,-221.0,2
14779,-11.0,-258.0,-75.0,13.0,-23.0,-280.0,-74.0,-1005.0,-229.0,2
14780,-5.0,-252.0,-79.0,52.0,-55.0,-290.0,-51.0,-969.0,-241.0,2
14781,-4.0,-246.0,-77.0,80.0,-84.0,-302.0,-43.0,-943.0,-248.0,2
14782,-3.0,-235.0,-77.0,84.0,-108.0,-308.0,-30.0,-908.0,-237.0,2
14783,0.0,-226.0,-77.0,76.0,-132.0,-306.0,-18.0,-884.0,-229.0,2
14784,8.0,-221.0,-71.0,60.0,-155.0,-304.0,2.0,-862.0,-214.0,2
14785,15.0,-212.0,-66.0,46.0,-173.0,-302.0,31.0,-842.0,-204.0,2
14786,18.0,-210.0,-64.0,35.0,-183.0,-302.0,53.0,-826.0,-200.0,2
14787,28.0,-208.0,-67.0,23.0,-178.0,-302.0,71.0,-825.0,-207.0,2
14788,29.0,-210.0,-73.0,12.0,-163.0,-302.0,97.0,-830.0,-201.0,2
14789,35.0,-215.0,-70.0,-3.0,-152.0,-310.0,100.0,-852.0,-212.0,2
14790,33.0,-221.0,-71.0,-24.0,-141.0,-320.0,99.0,-859.0,-209.0,2
14791,36.0,-227.0,-68.0,-43.0,-131.0,-329.0,109.0,-877.0,-199.0,2
14792,37.0,-228.0,-65.0,-54.0,-128.0,-339.0,117.0,-888.0,-191.0,2
14793,37.0,-229.0,-63.0,-56.0,-124.0,-346.0,108.0,-887.0,-175.0,2
14794,35.0,-229.0,-62.0,-54.0,-122.0,-348.0,104.0,-888.0,-179.0,2
14795,34.0,-226.0,-64.0,-59.0,-118.0,-341.0,95.0,-887.0,-181.0,2
14796,33.0,-228.0,-67.0,-70.0,-117.0,-333.0,105.0,-886.0,-187.0,2
14797,34.0,-231.0,-69.0,-85.0,-114.0,-328.0,94.0,-898.0,-194.0,2
14798,32.0,-233.0,-68.0,-105.0,-107.0,-324.0,84.0,-908.0,-195.0,2
14799,28.0,-237.0,-62.0,-121.0,-105.0,-321.0,78.0,-915.0,-187.0,2
14800,24.0,-239.0,-64.0,-130.0,-105.0,-319.0,64.0,-916.0,-185.0,2
14801,20.0,-245.0,-68.0,-133.0,-107.0,-316.0,61.0,-940.0,-192.0,2
14802,21.0,-245.0,-62.0,-141.0,-112.0,-318.0,44.0,-946.0,-176.0,2
14803,11.0,-244.0,-59.0,-134.0,-119.0,-317.0,26.0,-943.0,-165.0,2
14804,7.0,-242.0,-61.0,-123.0,-129.0,-309.0,4.0,-937.0,-170.0,2
14805,8.0,-239.0,-57.0,-112.0,-142.0,-293.0,6.0,-924.0,-169.0,2
14806,11.0,-235.0,-59.0,-106.0,-152.0,-279.0,8.0,-915.0,-182.0,2
14807,11.0,-237.0,-64.0,-110.0,-161.0,-263.0,13.0,-908.0,-175.0,2
14808,8.0,-232.0,-62.0,-118.0,-173.0,-248.0,9.0,-904.0,-185.0,2
14809,11.0,-234.0,-57.0,-135.0,-187.0,-236.0,18.0,-900.0,-171.0,2
14810,10.0,-230.0,-58.0,-144.0,-198.0,-223.0,13.0,-897.0,-152.0,2
14811,11.0,-231.0,-56.0,-142.0,-210.0,-212.0,16.0,-891.0,-143.0,2
14812,11.0,-228.0,-50.0,-130.0,-219.0,-198.0,14.0,-883.0,-143.0,2
14813,12.0,-227.0,-49.0,-111.0,-224.0,-185.0,17.0,-879.0,-137.0,2
14814,16.0,-223.0,-53.0,-104.0,-224.0,-169.0,30.0,-874.0,-132.0,2
14815,17.0,-220.0,-52.0,-100.0,-225.0,-156.0,44.0,-867.0,-143.0,2
14816,18.0,-218.0,-56.0,-100.0,-229.0,-149.0,55.0,-853.0,-144.0,2
14817,22.0,-220.0,-55.0,-102.0,-237.0,-141.0,60.0,-846.0,-140.0,2
14818,25.0,-218.0,-57.0,-103.0,-243.0,-130.0,72.0,-844.0,-146.0,2
14819,27.0,-218.0,-58.0,-103.0,-245.0,-123.0,77.0,-846.0,-150.0,2
14820,29.0,-218.0,-57.0,-104.0,-241.0,-113.0,82.0,-849.0,-154.0,2
14821,27.0,-219.0,-57.0,-103.0,-236.0,-101.0,75.0,-856.0,-154.0,2
14822,31.0,-220.0,-53.0,-105.0,-231.0,-85.0,89.0,-862.0,-143.0,2
14823,31.0,-221.0,-56.0,-108.0,-227.0,-69.0,95.0,-867.0,-143.0,2
14824,33.0,-227.0,-53.0,-115.0,-225.0,-57.0,95.0,-874.0,-141.0,2
14825,27.0,-226.0,-53.0,-118.0,-225.0,-43.0,91.0,-883.0,-138.0,2
14826,30.0,-230.0,-49.0,-118.0,-229.0,-30.0,79.0,-893.0,-131.0,2
14827,26.0,-233.0,-53.0,-115.0,-236.0,-16.0,77.0,-909.0,-131.0,2
14828,25.0,-240.0,-50.0,-109.0,-244.0,0.0,73.0,-920.0,-125.0,2
14829,25.0,-243.0,-47.0,-107.0,-252.0,13.0,62.0,-939.0,-112.0,2
14830,25.0,-248.0,-43.0,-103.0,-263.0,27.0,64.0,-952.0,-97.0,2
14831,26.0,-247.0,-38.0,-97.0,-269.0,38.0,68.0,-957.0,-88.0,2
14832,23.0,-249.0,-33.0,-88.0,-276.0,51.0,62.0,-959.0,-81.0,2
14833,24.0,-252.0,-38.0,-74.0,-276.0,60.0,67.0,-974.0,-86.0,2
14834,24.0,-251.0,-43.0,-55.0,-273.0,69.0,80.0,-967.0,-93.0,2
14835,26.0,-251.0,-46.0,-47.0,-270.0,75.0,79.0,-970.0,-105.0,2
14836,26.0,-252.0,-49.0,-41.0,-264.0,77.0,69.0,-971.0,-123.0,2
14837,25.0,-251.0,-52.0,-40.0,-262.0,73.0,73.0,-972.0,-128.0,2
14838,28.0,-251.0,-51.0,-49.0,-262.0,67.0,74.0,-975.0,-132.0,2
14839,29.0,-256.0,-54.0,-59.0,-266.0,62.0,90.0,-981.0,-141.0,2
14840,32.0,-257.0,-54.0,-65.0,-270.0,54.0,99.0,-998.0,-145.0,2
14841,33.0,-259.0,-58.0,-68.0,-270.0,42.0,101.0,-1005.0,-153.0,2
14842,38.0,-257.0,-60.0,-64.0,-268.0,33.0,104.0,-1007.0,-157.0,2
14843,37.0,-261.0,-62.0,-58.0,-265.0,25.0,105.0,-1010.0,-170.0,2
14844,36.0,-259.0,-61.0,-51.0,-255.0,15.0,109.0,-1008.0,-184.0,2
14845,38.0,-257.0,-67.0,-47.0,-243.0,2.0,110.0,-1003.0,-197.0,2
14846,35.0,-255.0,-69.0,-50.0,-230.0,-10.0,102.0,-1003.0,-203.0,2
14847,28.0,-258.0,-71.0,-66.0,-222.0,-23.0,83.0,-1007.0,-209.0,2
14848,21.0,-258.0,-63.0,-84.0,-223.0,-33.0,65.0,-1005.0,-196.0,2
14849,21.0,-257.0,-61.0,-92.0,-229.0,-41.0,43.0,-1006.0,-189.0,2
14850,13.0,-257.0,-65.0,-92.0,-239.0,-43.0,19.0,-1005.0,-187.0,2
14851,13.0,-255.0,-68.0,-82.0,-245.0,-43.0,21.0,-990.0,-200.0,2
14852,19.0,-257.0,-69.0,-69.0,-250.0,-36.0,38.0,-990.0,-207.0,2
14853,22.0,-255.0,-68.0,-57.0,-252.0,-33.0,55.0,-988.0,-204.0,2
14854,27.0,-254.0,-64.0,-46.0,-252.0,-24.0,84.0,-999.0,-199.0,2
14855,35.0,-254.0,-61.0,-42.0,-250.0,-28.0,105.0,-1002.0,-171.0,2
14856,40.0,-257.0,-54.0,-44.0,-250.0,-26.0,127.0,-1006.0,-142.0,2
14857,44.0,-262.0,-44.0,-52.0,-257.0,-27.0,140.0,-1017.0,-110.0,2
14858,48.0,-265.0,-36.0,-63.0,-264.0,-35.0,162.0,-1039.0,-61.0,2
14859,53.0,-276.0,-23.0,-70.0,-277.0,-46.0,171.0,-1072.0,-37.0,2
14860,53.0,-282.0,-22.0,-68.0,-287.0,-56.0,167.0,-1100.0,-11.0,2
14861,48.0,-290.0,-18.0,-53.0,-299.0,-72.0,161.0,-1125.0,-8.0,2
14862,44.0,-296.0,-17.0,-32.0,-312.0,-81.0,134.0,-1142.0,-6.0,2
14863,40.0,-302.0,-21.0,-4.0,-332.0,-93.0,117.0,-1158.0,-8.0,2
14864,30.0,-302.0,-18.0,28.0,-354.0,-102.0,89.0,-1162.0,5.0,2
14865,25.0,-300.0,-27.0,66.0,-370.0,-110.0,69.0,-1166.0,-19.0,2
14866,17.0,-291.0,-14.0,105.0,-378.0,-117.0,44.0,-1140.0,18.0,2
14867,15.0,-288.0,-16.0,147.0,-376.0,-118.0,32.0,-1125.0,19.0,2
14868,14.0,-283.0,-19.0,161.0,-369.0,-110.0,27.0,-1113.0,1.0,2
14869,16.0,-285.0,-15.0,149.0,-373.0,-99.0,28.0,-1099.0,14.0,2
14870,19.0,-279.0,-18.0,131.0,-382.0,-89.0,54.0,-1090.0,1.0,2
14871,26.0,-279.0,-22.0,106.0,-406.0,-91.0,67.0,-1081.0,-16.0,2
14872,27.0,-276.0,-26.0,78.0,-435.0,-96.0,85.0,-1068.0,-25.0,2
14873,36.0,-273.0,-23.0,76.0,-459.0,-108.0,110.0,-1051.0,-18.0,2
14874,43.0,-270.0,-25.0,105.0,-472.0,-120.0,129.0,-1044.0,-36.0,2
14875,47.0,-265.0,-33.0,141.0,-478.0,-135.0,149.0,-1033.0,-63.0,2
14876,52.0,-264.0,-38.0,160.0,-474.0,-142.0,176.0,-1029.0,-76.0,2
14877,57.0,-264.0,-41.0,160.0,-454.0,-144.0,194.0,-1033.0,-90.0,2
14878,62.0,-267.0,-43.0,146.0,-422.0,-143.0,210.0,-1033.0,-89.0,2
14879,63.0,-266.0,-40.0,129.0,-389.0,-146.0,218.0,-1050.0,-94.0,2
14880,61.0,-269.0,-42.0,113.0,-357.0,-146.0,214.0,-1044.0,-86.0,2
14881,61.0,-270.0,-44.0,102.0,-323.0,-144.0,207.0,-1056.0,-104.0,2
14882,60.0,-274.0,-47.0,86.0,-288.0,-138.0,198.0,-1059.0,-113.0,2
14883,56.0,-274.0,-50.0,75.0,-252.0,-126.0,199.0,-1064.0,-132.0,2
14884,57.0,-276.0,-59.0,78.0,-217.0,-112.0,196.0,-1079.0,-152.0,2
14885,59.0,-276.0,-66.0,82.0,-188.0,-105.0,198.0,-1090.0,-191.0,2
14886,60.0,-278.0,-73.0,84.0,-161.0,-99.0,200.0,-1096.0,-227.0,2
14887,61.0,-280.0,-79.0,85.0,-125.0,-96.0,194.0,-1095.0,-249.0,2
14888,63.0,-281.0,-88.0,84.0,-92.0,-86.0,211.0,-1097.0,-275.0,2
14889,75.0,-281.0,-99.0,80.0,-47.0,-83.0,246.0,-1100.0,-323.0,2
14890,83.0,-279.0,-115.0,70.0,11.0,-84.0,277.0,-1096.0,-381.0,2
14891,96.0,-280.0,-132.0,56.0,81.0,-94.0,315.0,-1100.0,-442.0,2
14892,96.0,-286.0,-136.0,42.0,158.0,-111.0,310.0,-1108.0,-487.0,2
14893,88.0,-289.0,-140.0,51.0,240.0,-129.0,301.0,-1132.0,-490.0,2
14894,77.0,-295.0,-128.0,80.0,309.0,-139.0,250.0,-1145.0,-446.0,2
14895,54.0,-295.0,-111.0,119.0,362.0,-149.0,179.0,-1152.0,-384.0,2
14896,32.0,-297.0,-92.0,150.0,379.0,-148.0,101.0,-1152.0,-311.0,2
14897,15.0,-294.0,-85.0,169.0,359.0,-135.0,40.0,-1144.0,-264.0,2
14898,3.0,-287.0,-85.0,176.0,331.0,-115.0,-9.0,-1127.0,-258.0,2
14899,-8.0,-283.0,-89.0,186.0,309.0,-92.0,-65.0,-1095.0,-280.0,2
14900,-18.0,-267.0,-100.0,218.0,281.0,-60.0,-99.0,-1042.0,-320.0,2
14901,-25.0,-255.0,-108.0,265.0,243.0,-36.0,-121.0,-974.0,-376.0,2
14902,-31.0,-237.0,-123.0,315.0,193.0,-22.0,-144.0,-906.0,-427.0,2
14903,-40.0,-215.0,-130.0,345.0,135.0,-27.0,-168.0,-845.0,-461.0,2
14904,-44.0,-200.0,-136.0,346.0,74.0,-35.0,-193.0,-793.0,-485.0,2
14905,-51.0,-190.0,-143.0,316.0,17.0,-50.0,-219.0,-754.0,-504.0,2
14906,-55.0,-186.0,-144.0,252.0,-31.0,-61.0,-236.0,-733.0,-520.0,2
14907,-59.0,-181.0,-146.0,169.0,-69.0,-69.0,-245.0,-723.0,-527.0,2
14908,-59.0,-189.0,-145.0,94.0,-105.0,-70.0,-252.0,-741.0,-518.0,2
14909,-63.0,-194.0,-143.0,19.0,-133.0,-74.0,-260.0,-774.0,-512.0,2
14910,-67.0,-202.0,-139.0,-44.0,-162.0,-70.0,-277.0,-808.0,-491.0,2
14911,-63.0,-215.0,-123.0,-92.0,-196.0,-67.0,-272.0,-836.0,-434.0,2
14912,-54.0,-225.0,-116.0,-107.0,-228.0,-57.0,-235.0,-872.0,-400.0,2
14913,-45.0,-235.0,-108.0,-99.0,-247.0,-52.0,-202.0,-897.0,-365.0,2
14914,-31.0,-239.0,-100.0,-66.0,-243.0,-37.0,-161.0,-911.0,-347.0,2
14915,-21.0,-241.0,-104.0,-23.0,-222.0,-26.0,-126.0,-922.0,-338.0,2
14916,-8.0,-243.0,-101.0,10.0,-191.0,-12.0,-72.0,-939.0,-333.0,2
14917,-2.0,-245.0,-104.0,29.0,-158.0,5.0,-26.0,-945.0,-334.0,2
14918,9.0,-247.0,-100.0,33.0,-130.0,31.0,11.0,-948.0,-328.0,2
14919,17.0,-241.0,-98.0,30.0,-111.0,48.0,38.0,-945.0,-319.0,2
14920,26.0,-238.0,-98.0,27.0,-98.0,70.0,66.0,-949.0,-317.0,2
14921,31.0,-241.0,-94.0,16.0,-79.0,89.0,92.0,-930.0,-296.0,2
14922,37.0,-243.0,-81.0,16.0,-49.0,113.0,104.0,-924.0,-263.0,2
14923,36.0,-238.0,-82.0,27.0,-24.0,134.0,108.0,-928.0,-258.0,2
14924,33.0,-237.0,-81.0,30.0,1.0,158.0,103.0,-924.0,-252.0,2
14925,33.0,-241.0,-82.0,25.0,34.0,178.0,90.0,-927.0,-256.0,2
14926,32.0,-240.0,-82.0,17.0,69.0,208.0,83.0,-932.0,-251.0,2
14927,25.0,-244.0,-83.0,19.0,104.0,233.0,66.0,-947.0,-261.0,2
14928,22.0,-247.0,-83.0,22.0,140.0,260.0,50.0,-956.0,-266.0,2
14929,15.0,-252.0,-94.0,31.0,172.0,283.0,40.0,-998.0,-286.0,2
14930,15.0,-256.0,-91.0,32.0,202.0,310.0,22.0,-1001.0,-282.0,2
14931,14.0,-262.0,-90.0,41.0,224.0,335.0,28.0,-1016.0,-293.0,2
14932,17.0,-260.0,-88.0,59.0,244.0,359.0,31.0,-1014.0,-281.0,2
14933,18.0,-258.0,-91.0,97.0,264.0,366.0,40.0,-1011.0,-291.0,2
14934,18.0,-258.0,-91.0,134.0,279.0,367.0,40.0,-1002.0,-290.0,2
14935,20.0,-252.0,-89.0,156.0,298.0,358.0,60.0,-974.0,-274.0,2
14936,20.0,-247.0,-86.0,172.0,322.0,355.0,54.0,-961.0,-275.0,2
14937,20.0,-236.0,-77.0,172.0,343.0,343.0,41.0,-924.0,-239.0,2
14938,18.0,-228.0,-74.0,176.0,368.0,329.0,39.0,-899.0,-241.0,2
14939,13.0,-225.0,-77.0,163.0,385.0,307.0,21.0,-879.0,-225.0,2
14940,9.0,-223.0,-69.0,148.0,409.0,302.0,6.0,-865.0,-211.0,2
14941,12.0,-222.0,-66.0,139.0,429.0,298.0,7.0,-860.0,-191.0,2
14942,11.0,-217.0,-69.0,137.0,448.0,290.0,17.0,-851.0,-189.0,2
14943,8.0,-214.0,-62.0,131.0,467.0,275.0,9.0,-842.0,-185.0,2
14944,9.0,-217.0,-62.0,119.0,486.0,268.0,-1.0,-839.0,-187.0,2
14945,0.0,-213.0,-68.0,98.0,506.0,261.0,-25.0,-840.0,-183.0,2
14946,-9.0,-213.0,-61.0,74.0,516.0,263.0,-53.0,-833.0,-173.0,2
14947,-11.0,-213.0,-58.0,58.0,517.0,261.0,-75.0,-839.0,-166.0,2
14948,-15.0,-214.0,-56.0,51.0,511.0,267.0,-83.0,-838.0,-151.0,2
14949,-14.0,-217.0,-58.0,53.0,506.0,266.0,-96.0,-840.0,-158.0,2
14950,-23.0,-214.0,-60.0,50.0,496.0,270.0,-108.0,-840.0,-168.0,2
14951,-28.0,-216.0,-57.0,33.0,473.0,272.0,-132.0,-845.0,-169.0,2
14952,-31.0,-218.0,-61.0,12.0,449.0,279.0,-145.0,-849.0,-169.0,2
14953,-35.0,-218.0,-57.0,-6.0,423.0,280.0,-158.0,-859.0,-163.0,2
14954,-38.0,-223.0,-57.0,-17.0,399.0,283.0,-166.0,-861.0,-157.0,2
14955,-37.0,-227.0,-56.0,-23.0,374.0,279.0,-171.0,-877.0,-147.0,2
14956,-36.0,-229.0,-53.0,-31.0,351.0,279.0,-168.0,-892.0,-153.0,2
14957,-34.0,-233.0,-54.0,-44.0,325.0,277.0,-162.0,-903.0,-151.0,2
14958,-33.0,-235.0,-49.0,-59.0,304.0,276.0,-160.0,-910.0,-135.0,2
14959,-31.0,-241.0,-53.0,-65.0,287.0,273.0,-146.0,-918.0,-135.0,2
14960,-26.0,-245.0,-51.0,-65.0,272.0,265.0,-129.0,-929.0,-130.0,2
14961,-24.0,-242.0,-55.0,-59.0,253.0,246.0,-117.0,-937.0,-135.0,2
14962,-21.0,-241.0,-50.0,-55.0,243.0,231.0,-114.0,-934.0,-141.0,2
14963,-20.0,-238.0,-55.0,-53.0,233.0,216.0,-112.0,-926.0,-142.0,2
14964,-15.0,-238.0,-58.0,-55.0,228.0,206.0,-102.0,-918.0,-153.0,2
14965,-14.0,-235.0,-55.0,-62.0,226.0,192.0,-78.0,-910.0,-159.0,2
14966,-10.0,-233.0,-57.0,-72.0,225.0,179.0,-63.0,-899.0,-147.0,2
14967,-9.0,-228.0,-57.0,-81.0,224.0,160.0,-51.0,-886.0,-145.0,2
14968,-8.0,-226.0,-55.0,-86.0,223.0,146.0,-37.0,-883.0,-156.0,2
14969,1.0,-228.0,-56.0,-101.0,220.0,130.0,-22.0,-889.0,-152.0,2
14970,5.0,-230.0,-54.0,-111.0,224.0,118.0,-11.0,-885.0,-128.0,2
14971,8.0,-229.0,-52.0,-114.0,229.0,102.0,0.0,-885.0,-130.0,2
14972,2.0,-225.0,-48.0,-110.0,232.0,86.0,-1.0,-887.0,-123.0,2
14973,7.0,-227.0,-48.0,-110.0,234.0,73.0,-3.0,-885.0,-118.0,2
14974,5.0,-228.0,-44.0,-113.0,236.0,68.0,-3.0,-883.0,-106.0,2
14975,3.0,-230.0,-50.0,-121.0,240.0,54.0,-1.0,-890.0,-115.0,2
14976,7.0,-233.0,-51.0,-131.0,250.0,44.0,-2.0,-897.0,-119.0,2
14977,4.0,-234.0,-40.0,-143.0,262.0,26.0,-9.0,-899.0,-94.0,2
14978,1.0,-232.0,-42.0,-145.0,268.0,17.0,-24.0,-899.0,-92.0,2
14979,1.0,-234.0,-47.0,-139.0,268.0,3.0,-32.0,-903.0,-97.0,2
14980,-4.0,-235.0,-42.0,-131.0,266.0,-5.0,-38.0,-906.0,-103.0,2
14981,0.0,-235.0,-49.0,-128.0,264.0,-21.0,-32.0,-907.0,-114.0,2
14982,-6.0,-234.0,-48.0,-133.0,260.0,-32.0,-34.0,-909.0,-117.0,2
14983,-4.0,-235.0,-42.0,-138.0,249.0,-46.0,-42.0,-907.0,-102.0,2
14984,-9.0,-232.0,-45.0,-142.0,241.0,-54.0,-49.0,-906.0,-110.0,2
14985,-5.0,-235.0,-44.0,-150.0,235.0,-60.0,-57.0,-910.0,-101.0,2
14986,-8.0,-241.0,-42.0,-157.0,237.0,-61.0,-62.0,-916.0,-96.0,2
14987,-7.0,-242.0,-40.0,-164.0,241.0,-67.0,-62.0,-924.0,-93.0,2
14988,-7.0,-244.0,-37.0,-169.0,246.0,-66.0,-57.0,-933.0,-77.0,2
14989,-10.0,-246.0,-37.0,-168.0,251.0,-70.0,-66.0,-947.0,-75.0,2
14990,-10.0,-251.0,-37.0,-167.0,255.0,-69.0,-73.0,-958.0,-72.0,2
14991,-12.0,-253.0,-36.0,-164.0,256.0,-74.0,-78.0,-968.0,-80.0,2
14992,-18.0,-254.0,-42.0,-159.0,254.0,-72.0,-107.0,-976.0,-86.0,2
14993,-19.0,-255.0,-43.0,-149.0,244.0,-68.0,-116.0,-987.0,-104.0,2
14994,-24.0,-253.0,-48.0,-140.0,230.0,-57.0,-127.0,-997.0,-128.0,2
14995,-26.0,-257.0,-52.0,-133.0,214.0,-45.0,-130.0,-1001.0,-137.0,2
14996,-23.0,-260.0,-53.0,-125.0,201.0,-25.0,-123.0,-1007.0,-141.0,2
14997,-21.0,-258.0,-55.0,-115.0,193.0,-7.0,-117.0,-1006.0,-137.0,2
14998,-13.0,-259.0,-54.0,-105.0,196.0,13.0,-99.0,-1010.0,-136.0,2
14999,-10.0,-258.0,-51.0,-99.0,205.0,26.0,-70.0,-1008.0,-124.0,2
15000,-4.0,-258.0,-49.0,-92.0,217.0,39.0,-51.0,-1008.0,-116.0,2
15001,1.0,-260.0,-47.0,-84.0,228.0,41.0,-34.0,-1008.0,-108.0,2
15002,-1.0,-261.0,-48.0,-76.0,242.0,45.0,-25.0,-1012.0,-111.0,2
15003,1.0,-266.0,-46.0,-58.0,253.0,40.0,-23.0,-1023.0,-112.0,2
15004,3.0,-265.0,-48.0,-40.0,260.0,43.0,-18.0,-1038.0,-124.0,2
15005,4.0,-270.0,-49.0,-21.0,268.0,40.0,-17.0,-1050.0,-122.0,2
15006,6.0,-272.0,-48.0,-4.0,278.0,45.0,-19.0,-1055.0,-113.0,2
15007,3.0,-274.0,-42.0,15.0,293.0,45.0,-36.0,-1070.0,-96.0,2
15008,-6.0,-275.0,-40.0,37.0,311.0,49.0,-50.0,-1074.0,-85.0,2
15009,-10.0,-279.0,-35.0,61.0,331.0,51.0,-64.0,-1073.0,-57.0,2
15010,-9.0,-276.0,-25.0,90.0,351.0,63.0,-71.0,-1071.0,-29.0,2
15011,-11.0,-275.0,-22.0,135.0,376.0,70.0,-73.0,-1062.0,-20.0,2
15012,-8.0,-275.0,-22.0,179.0,409.0,80.0,-68.0,-1062.0,-12.0,2
15013,-4.0,-275.0,-23.0,208.0,445.0,85.0,-44.0,-1067.0,-12.0,2
15014,1.0,-273.0,-24.0,225.0,482.0,89.0,-24.0,-1059.0,-6.0,2
15015,8.0,-269.0,-18.0,231.0,511.0,89.0,0.0,-1060.0,8.0,2
15016,18.0,-285.0,-10.0,241.0,541.0,96.0,23.0,-1047.0,23.0,2
15017,14.0,-269.0,-15.0,265.0,569.0,90.0,26.0,-1052.0,19.0,2
15018,26.0,-265.0,-13.0,277.0,599.0,102.0,65.0,-1053.0,30.0,2
15019,31.0,-267.0,-14.0,275.0,626.0,106.0,83.0,-1045.0,20.0,2
15020,32.0,-264.0,-9.0,259.0,660.0,117.0,95.0,-1037.0,41.0,2
15021,31.0,-261.0,-8.0,242.0,693.0,122.0,85.0,-1025.0,46.0,2
15022,28.0,-260.0,-9.0,224.0,726.0,123.0,71.0,-1013.0,51.0,2
15023,17.0,-250.0,-6.0,204.0,756.0,116.0,45.0,-972.0,60.0,2
15024,11.0,-247.0,-10.0,188.0,768.0,120.0,17.0,-955.0,38.0,2
15025,1.0,-244.0,-24.0,152.0,768.0,119.0,-23.0,-947.0,-18.0,2
15026,-7.0,-239.0,-34.0,93.0,768.0,122.0,-45.0,-939.0,-48.0,2
15027,-13.0,-243.0,-41.0,28.0,760.0,115.0,-71.0,-936.0,-67.0,2
15028,-21.0,-248.0,-42.0,-26.0,756.0,116.0,-108.0,-953.0,-95.0,2
15029,-24.0,-256.0,-46.0,-73.0,773.0,117.0,-125.0,-999.0,-91.0,2
15030,-35.0,-262.0,-36.0,-113.0,794.0,119.0,-153.0,-1030.0,-66.0,2
15031,-41.0,-276.0,-29.0,-128.0,800.0,116.0,-196.0,-1077.0,-38.0,2
15032,-54.0,-283.0,-24.0,-126.0,781.0,107.0,-228.0,-1096.0,-27.0,2
15033,-63.0,-288.0,-24.0,-112.0,736.0,88.0,-257.0,-1111.0,-28.0,2
15034,-71.0,-293.0,-34.0,-93.0,661.0,65.0,-292.0,-1129.0,-52.0,2
15035,-76.0,-290.0,-41.0,-84.0,558.0,42.0,-328.0,-1128.0,-95.0,2
15036,-84.0,-292.0,-53.0,-87.0,476.0,34.0,-352.0,-1132.0,-139.0,2
15037,-88.0,-292.0,-63.0,-99.0,399.0,26.0,-364.0,-1126.0,-185.0,2
15038,-89.0,-292.0,-73.0,-112.0,329.0,27.0,-368.0,-1133.0,-226.0,2
15039,-90.0,-298.0,-80.0,-125.0,256.0,26.0,-368.0,-1142.0,-239.0,2
15040,-89.0,-298.0,-85.0,-130.0,183.0,38.0,-372.0,-1148.0,-257.0,2
15041,-88.0,-305.0,-83.0,-125.0,115.0,47.0,-363.0,-1156.0,-259.0,2
15042,-90.0,-306.0,-81.0,-109.0,47.0,55.0,-370.0,-1176.0,-260.0,2
15043,-88.0,-309.0,-73.0,-87.0,-22.0,59.0,-367.0,-1191.0,-244.0,2
15044,-81.0,-316.0,-69.0,-48.0,-94.0,73.0,-359.0,-1218.0,-218.0,2
15045,-78.0,-319.0,-66.0,3.0,-187.0,87.0,-330.0,-1219.0,-196.0,2
15046,-72.0,-320.0,-66.0,56.0,-269.0,106.0,-289.0,-1223.0,-204.0,2
15047,-58.0,-317.0,-69.0,92.0,-343.0,118.0,-242.0,-1221.0,-219.0,2
15048,-44.0,-316.0,-78.0,123.0,-402.0,134.0,-205.0,-1213.0,-246.0,2
15049,-32.0,-313.0,-88.0,149.0,-440.0,146.0,-155.0,-1198.0,-270.0,2
15050,-18.0,-305.0,-94.0,175.0,-456.0,152.0,-108.0,-1177.0,-291.0,2
15051,-3.0,-297.0,-94.0,204.0,-453.0,148.0,-49.0,-1150.0,-312.0,2
15052,11.0,-283.0,-96.0,230.0,-437.0,140.0,-2.0,-1109.0,-318.0,2
15053,20.0,-272.0,-104.0,243.0,-410.0,115.0,41.0,-1059.0,-325.0,2
15054,28.0,-259.0,-104.0,243.0,-381.0,92.0,73.0,-1009.0,-348.0,2
15055,40.0,-250.0,-111.0,233.0,-358.0,56.0,110.0,-970.0,-366.0,2
15056,47.0,-241.0,-118.0,202.0,-326.0,34.0,144.0,-940.0,-397.0,2
15057,52.0,-237.0,-122.0,163.0,-290.0,10.0,170.0,-930.0,-413.0,2
15058,56.0,-238.0,-123.0,115.0,-249.0,-2.0,184.0,-928.0,-424.0,2
15059,56.0,-236.0,-124.0,65.0,-210.0,-13.0,192.0,-923.0,-415.0,2
15060,55.0,-235.0,-121.0,32.0,-170.0,-20.0,191.0,-920.0,-418.0,2
15061,55.0,-236.0,-125.0,29.0,-135.0,-30.0,193.0,-927.0,-443.0,2
15062,56.0,-232.0,-134.0,31.0,-97.0,-38.0,190.0,-914.0,-463.0,2
15063,54.0,-234.0,-138.0,35.0,-54.0,-45.0,178.0,-900.0,-477.0,2
15064,51.0,-225.0,-138.0,45.0,-12.0,-43.0,168.0,-884.0,-486.0,2
15065,50.0,-217.0,-136.0,53.0,28.0,-39.0,147.0,-854.0,-470.0,2
15066,48.0,-204.0,-128.0,53.0,63.0,-19.0,154.0,-825.0,-462.0,2
15067,49.0,-197.0,-127.0,31.0,83.0,-6.0,154.0,-784.0,-445.0,2
15068,42.0,-187.0,-125.0,5.0,101.0,12.0,142.0,-744.0,-434.0,2
15069,43.0,-182.0,-126.0,-28.0,115.0,23.0,130.0,-713.0,-426.0,2
15070,35.0,-174.0,-117.0,-56.0,122.0,35.0,112.0,-684.0,-398.0,2
15071,30.0,-177.0,-123.0,-61.0,111.0,41.0,82.0,-686.0,-430.0,2
15072,24.0,-176.0,-124.0,-84.0,115.0,44.0,73.0,-705.0,-440.0,2
15073,25.0,-183.0,-126.0,-133.0,143.0,48.0,75.0,-722.0,-436.0,2
15074,23.0,-195.0,-122.0,-193.0,172.0,54.0,69.0,-776.0,-412.0,2
15075,26.0,-211.0,-115.0,-244.0,181.0,46.0,59.0,-825.0,-392.0,2
15076,24.0,-226.0,-106.0,-285.0,174.0,28.0,70.0,-880.0,-368.0,2
15077,22.0,-237.0,-102.0,-322.0,162.0,2.0,63.0,-927.0,-335.0,2
15078,29.0,-254.0,-91.0,-327.0,159.0,-28.0,78.0,-983.0,-297.0,2
15079,29.0,-264.0,-81.0,-305.0,163.0,-69.0,88.0,-1012.0,-255.0,2
15080,31.0,-268.0,-76.0,-252.0,160.0,-103.0,91.0,-1039.0,-241.0,2
15081,29.0,-271.0,-75.0,-188.0,157.0,-140.0,86.0,-1041.0,-235.0,2
15082,27.0,-265.0,-83.0,-119.0,154.0,-170.0,68.0,-1033.0,-243.0,2
15083,20.0,-261.0,-85.0,-54.0,146.0,-200.0,53.0,-1023.0,-267.0,2
15084,17.0,-259.0,-89.0,-13.0,124.0,-227.0,30.0,-1019.0,-282.0,2
15085,12.0,-257.0,-91.0,-3.0,96.0,-249.0,12.0,-1000.0,-289.0,2
15086,8.0,-251.0,-92.0,-8.0,69.0,-259.0,6.0,-983.0,-290.0,2
15087,7.0,-251.0,-92.0,-12.0,53.0,-275.0,-8.0,-970.0,-299.0,2
15088,-2.0,-249.0,-92.0,-25.0,53.0,-277.0,-36.0,-959.0,-282.0,2
15089,-7.0,-248.0,-88.0,-40.0,52.0,-276.0,-51.0,-968.0,-278.0,2
15090,-12.0,-251.0,-84.0,-51.0,46.0,-272.0,-63.0,-958.0,-255.0,2
15091,-11.0,-252.0,-76.0,-45.0,28.0,-270.0,-76.0,-966.0,-238.0,2
15092,-10.0,-247.0,-78.0,-34.0,6.0,-271.0,-66.0,-965.0,-239.0,2
15093,-5.0,-251.0,-73.0,-24.0,-8.0,-280.0,-55.0,-956.0,-225.0,2
15094,-4.0,-246.0,-71.0,-15.0,-19.0,-282.0,-36.0,-949.0,-210.0,2
15095,2.0,-244.0,-64.0,-3.0,-27.0,-284.0,-19.0,-937.0,-203.0,2
15096,7.0,-236.0,-61.0,12.0,-36.0,-284.0,-2.0,-924.0,-192.0,2
15097,10.0,-231.0,-69.0,23.0,-44.0,-284.0,10.0,-899.0,-191.0,2
15098,14.0,-225.0,-65.0,32.0,-44.0,-278.0,35.0,-880.0,-199.0,2
15099,18.0,-219.0,-63.0,39.0,-47.0,-276.0,43.0,-854.0,-193.0,2
15100,25.0,-215.0,-68.0,41.0,-49.0,-275.0,71.0,-845.0,-214.0,2
15101,30.0,-213.0,-72.0,24.0,-43.0,-282.0,90.0,-839.0,-219.0,2
15102,34.0,-210.0,-71.0,-1.0,-31.0,-286.0,102.0,-825.0,-211.0,2
15103,33.0,-209.0,-69.0,-22.0,-18.0,-292.0,102.0,-825.0,-189.0,2
15104,32.0,-209.0,-66.0,-34.0,-4.0,-296.0,102.0,-820.0,-178.0,2
15105,29.0,-213.0,-63.0,-42.0,5.0,-298.0,100.0,-843.0,-178.0,2
15106,34.0,-217.0,-63.0,-59.0,4.0,-300.0,104.0,-861.0,-178.0,2
15107,32.0,-225.0,-60.0,-88.0,2.0,-304.0,99.0,-864.0,-170.0,2
15108,35.0,-230.0,-58.0,-118.0,4.0,-302.0,98.0,-877.0,-168.0,2
15109,34.0,-229.0,-60.0,-139.0,9.0,-298.0,101.0,-892.0,-164.0,2
15110,36.0,-232.0,-61.0,-138.0,14.0,-286.0,109.0,-906.0,-172.0,2
15111,39.0,-232.0,-60.0,-131.0,24.0,-276.0,113.0,-907.0,-178.0,2
15112,33.0,-237.0,-61.0,-128.0,41.0,-266.0,106.0,-916.0,-179.0,2
15113,33.0,-235.0,-65.0,-133.0,50.0,-261.0,109.0,-926.0,-185.0,2
15114,33.0,-244.0,-59.0,-141.0,52.0,-263.0,100.0,-939.0,-155.0,2
15115,25.0,-244.0,-55.0,-136.0,34.0,-272.0,69.0,-938.0,-148.0,2
15116,21.0,-242.0,-57.0,-120.0,24.0,-269.0,57.0,-936.0,-150.0,2
15117,16.0,-240.0,-61.0,-111.0,29.0,-257.0,43.0,-929.0,-163.0,2
15118,12.0,-233.0,-58.0,-118.0,43.0,-237.0,28.0,-920.0,-159.0,2
15119,11.0,-238.0,-56.0,-132.0,45.0,-225.0,18.0,-913.0,-152.0,2
15120,10.0,-235.0,-56.0,-146.0,32.0,-213.0,19.0,-911.0,-154.0,2
15121,6.0,-231.0,-56.0,-161.0,16.0,-205.0,8.0,-905.0,-145.0,2
15122,12.0,-231.0,-52.0,-168.0,0.0,-194.0,7.0,-905.0,-137.0,2
15123,5.0,-234.0,-52.0,-167.0,-11.0,-190.0,1.0,-906.0,-138.0,2
15124,5.0,-234.0,-55.0,-163.0,-17.0,-180.0,-3.0,-906.0,-139.0,2
15125,5.0,-233.0,-54.0,-167.0,-25.0,-169.0,-11.0,-899.0,-135.0,2
15126,4.0,-233.0,-54.0,-168.0,-36.0,-153.0,-11.0,-896.0,-124.0,2
15127,9.0,-231.0,-49.0,-163.0,-50.0,-141.0,1.0,-900.0,-117.0,2
15128,9.0,-233.0,-44.0,-159.0,-62.0,-132.0,14.0,-896.0,-109.0,2
15129,15.0,-230.0,-40.0,-151.0,-69.0,-129.0,23.0,-896.0,-90.0,2
15130,18.0,-226.0,-45.0,-134.0,-66.0,-123.0,41.0,-885.0,-91.0,2
15131,20.0,-222.0,-43.0,-127.0,-65.0,-120.0,55.0,-883.0,-97.0,2
15132,25.0,-223.0,-44.0,-129.0,-64.0,-113.0,61.0,-875.0,-106.0,2
15133,27.0,-223.0,-50.0,-142.0,-66.0,-108.0,74.0,-872.0,-116.0,2
15134,28.0,-223.0,-49.0,-158.0,-73.0,-97.0,80.0,-869.0,-121.0,2
15135,29.0,-226.0,-49.0,-166.0,-76.0,-90.0,86.0,-872.0,-121.0,2
15136,34.0,-226.0,-48.0,-166.0,-81.0,-82.0,91.0,-878.0,-111.0,2
15137,34.0,-227.0,-47.0,-163.0,-84.0,-71.0,100.0,-883.0,-104.0,2
15138,31.0,-230.0,-46.0,-163.0,-88.0,-60.0,100.0,-892.0,-107.0,2
15139,29.0,-232.0,-47.0,-162.0,-92.0,-50.0,93.0,-900.0,-114.0,2
15140,28.0,-234.0,-48.0,-167.0,-99.0,-37.0,79.0,-919.0,-114.0,2
15141,24.0,-238.0,-47.0,-174.0,-105.0,-28.0,76.0,-928.0,-109.0,2
15142,22.0,-244.0,-48.0,-175.0,-112.0,-16.0,67.0,-939.0,-100.0,2
15143,21.0,-246.0,-44.0,-166.0,-123.0,-2.0,53.0,-955.0,-95.0,2
15144,18.0,-250.0,-40.0,-152.0,-133.0,16.0,47.0,-967.0,-89.0,2
15145,16.0,-252.0,-40.0,-137.0,-140.0,31.0,41.0,-968.0,-84.0,2
15146,18.0,-254.0,-39.0,-122.0,-139.0,48.0,37.0,-976.0,-81.0,2
15147,16.0,-253.0,-36.0,-107.0,-136.0,61.0,40.0,-977.0,-77.0,2
15148,20.0,-254.0,-41.0,-98.0,-133.0,71.0,55.0,-978.0,-80.0,2
15149,23.0,-253.0,-37.0,-90.0,-130.0,73.0,64.0,-976.0,-74.0,2
15150,24.0,-253.0,-39.0,-79.0,-134.0,65.0,67.0,-974.0,-73.0,2
15151,27.0,-251.0,-42.0,-76.0,-140.0,57.0,79.0,-982.0,-83.0,2
15152,33.0,-253.0,-44.0,-82.0,-145.0,51.0,95.0,-975.0,-97.0,2
15153,38.0,-254.0,-43.0,-88.0,-146.0,41.0,108.0,-982.0,-106.0,2
15154,41.0,-252.0,-51.0,-89.0,-144.0,33.0,123.0,-975.0,-128.0,2
15155,44.0,-251.0,-56.0,-85.0,-137.0,25.0,134.0,-973.0,-139.0,2
15156,45.0,-250.0,-59.0,-78.0,-129.0,12.0,150.0,-970.0,-158.0,2
15157,48.0,-250.0,-61.0,-74.0,-117.0,-1.0,151.0,-969.0,-180.0,2
15158,48.0,-253.0,-62.0,-79.0,-108.0,-15.0,146.0,-971.0,-188.0,2
15159,40.0,-252.0,-64.0,-86.0,-97.0,-27.0,136.0,-974.0,-184.0,2
15160,38.0,-253.0,-63.0,-93.0,-88.0,-38.0,116.0,-986.0,-179.0,2
15161,34.0,-257.0,-61.0,-96.0,-88.0,-48.0,98.0,-1002.0,-168.0,2
15162,26.0,-259.0,-56.0,-93.0,-95.0,-55.0,77.0,-1007.0,-161.0,2
15163,18.0,-258.0,-55.0,-86.0,-103.0,-59.0,58.0,-1016.0,-156.0,2
15164,13.0,-261.0,-56.0,-74.0,-111.0,-57.0,30.0,-1013.0,-151.0,2
15165,13.0,-261.0,-57.0,-58.0,-120.0,-53.0,22.0,-1022.0,-161.0,2
15166,16.0,-262.0,-61.0,-37.0,-134.0,-45.0,27.0,-1016.0,-168.0,2
15167,20.0,-260.0,-59.0,-20.0,-148.0,-40.0,43.0,-1016.0,-164.0,2
15168,23.0,-259.0,-57.0,0.0,-159.0,-38.0,70.0,-1011.0,-153.0,2
15169,30.0,-257.0,-54.0,19.0,-167.0,-29.0,92.0,-1005.0,-146.0,2
15170,36.0,-255.0,-50.0,31.0,-167.0,-26.0,108.0,-1000.0,-130.0,2
15171,44.0,-254.0,-47.0,42.0,-170.0,-31.0,128.0,-1000.0,-117.0,2
15172,45.0,-257.0,-46.0,58.0,-175.0,-38.0,147.0,-997.0,-111.0,2
15173,49.0,-259.0,-43.0,65.0,-185.0,-44.0,148.0,-1004.0,-95.0,2
15174,50.0,-259.0,-37.0,65.0,-191.0,-53.0,161.0,-1001.0,-81.0,2
15175,51.0,-258.0,-33.0,70.0,-194.0,-63.0,164.0,-998.0,-66.0,2
15176,45.0,-257.0,-35.0,93.0,-194.0,-83.0,148.0,-997.0,-49.0,2
15177,41.0,-255.0,-32.0,116.0,-197.0,-103.0,127.0,-999.0,-48.0,2
15178,31.0,-257.0,-33.0,122.0,-205.0,-119.0,102.0,-1004.0,-46.0,2
15179,27.0,-259.0,-26.0,114.0,-215.0,-127.0,74.0,-1003.0,-33.0,2
15180,23.0,-261.0,-22.0,107.0,-229.0,-133.0,61.0,-1013.0,-5.0,2
15181,21.0,-263.0,-15.0,101.0,-245.0,-133.0,54.0,-1018.0,11.0,2
15182,16.0,-266.0,-11.0,100.0,-265.0,-135.0,33.0,-1033.0,27.0,2
15183,18.0,-270.0,-8.0,97.0,-282.0,-126.0,39.0,-1041.0,47.0,2
15184,19.0,-272.0,-10.0,99.0,-298.0,-113.0,40.0,-1052.0,46.0,2
15185,20.0,-271.0,-11.0,99.0,-315.0,-100.0,61.0,-1065.0,37.0,2
15186,23.0,-273.0,-21.0,94.0,-335.0,-91.0,76.0,-1069.0,-7.0,2
15187,34.0,-278.0,-35.0,77.0,-363.0,-87.0,88.0,-1077.0,-45.0,2
15188,34.0,-280.0,-46.0,55.0,-396.0,-88.0,94.0,-1095.0,-93.0,2
15189,34.0,-288.0,-51.0,35.0,-435.0,-89.0,100.0,-1112.0,-133.0,2
15190,34.0,-293.0,-53.0,31.0,-464.0,-90.0,103.0,-1136.0,-138.0,2
15191,42.0,-297.0,-54.0,43.0,-481.0,-87.0,122.0,-1151.0,-122.0,2
15192,52.0,-302.0,-48.0,70.0,-483.0,-85.0,168.0,-1171.0,-111.0,2
15193,62.0,-300.0,-40.0,102.0,-461.0,-90.0,208.0,-1168.0,-83.0,2
15194,77.0,-302.0,-40.0,121.0,-424.0,-96.0,240.0,-1171.0,-75.0,2
15195,79.0,-303.0,-44.0,135.0,-375.0,-101.0,266.0,-1172.0,-81.0,2
15196,81.0,-299.0,-46.0,144.0,-323.0,-108.0,278.0,-1162.0,-112.0,2
15197,81.0,-296.0,-59.0,144.0,-280.0,-112.0,273.0,-1151.0,-157.0,2
15198,83.0,-294.0,-71.0,131.0,-238.0,-114.0,276.0,-1143.0,-201.0,2
15199,80.0,-294.0,-81.0,114.0,-193.0,-114.0,264.0,-1140.0,-244.0,2
15200,76.0,-294.0,-83.0,88.0,-143.0,-116.0,256.0,-1142.0,-251.0,2
15201,75.0,-293.0,-84.0,69.0,-97.0,-116.0,242.0,-1141.0,-258.0,2
15202,71.0,-292.0,-86.0,63.0,-53.0,-117.0,242.0,-1144.0,-259.0,2
15203,73.0,-295.0,-85.0,65.0,0.0,-119.0,240.0,-1151.0,-260.0,2
15204,77.0,-297.0,-87.0,69.0,51.0,-114.0,261.0,-1157.0,-292.0,2
15205,85.0,-296.0,-104.0,66.0,116.0,-117.0,288.0,-1159.0,-337.0,2
15206,88.0,-295.0,-118.0,58.0,189.0,-120.0,303.0,-1155.0,-394.0,2
15207,92.0,-298.0,-133.0,54.0,269.0,-123.0,303.0,-1158.0,-444.0,2
15208,79.0,-301.0,-133.0,58.0,345.0,-133.0,264.0,-1170.0,-473.0,2
15209,56.0,-307.0,-127.0,73.0,403.0,-144.0,192.0,-1180.0,-446.0,2
15210,31.0,-305.0,-110.0,87.0,424.0,-145.0,96.0,-1188.0,-380.0,2
15211,12.0,-300.0,-99.0,101.0,411.0,-129.0,29.0,-1173.0,-324.0,2
15212,0.0,-297.0,-87.0,108.0,379.0,-106.0,-13.0,-1158.0,-290.0,2
15213,-4.0,-290.0,-91.0,114.0,342.0,-71.0,-42.0,-1127.0,-280.0,2
15214,-7.0,-275.0,-93.0,136.0,311.0,-40.0,-52.0,-1075.0,-296.0,2
15215,-10.0,-260.0,-109.0,169.0,282.0,-11.0,-55.0,-1014.0,-358.0,2
15216,-14.0,-242.0,-123.0,203.0,248.0,2.0,-82.0,-949.0,-442.0,2
15217,-20.0,-227.0,-140.0,218.0,213.0,10.0,-105.0,-882.0,-494.0,2
15218,-24.0,-212.0,-148.0,212.0,177.0,17.0,-120.0,-833.0,-524.0,2
15219,-30.0,-200.0,-152.0,182.0,137.0,26.0,-136.0,-802.0,-534.0,2
15220,-33.0,-196.0,-147.0,135.0,104.0,31.0,-138.0,-780.0,-530.0,2
15221,-33.0,-195.0,-140.0,82.0,77.0,39.0,-160.0,-774.0,-508.0,2
15222,-33.0,-196.0,-132.0,42.0,42.0,43.0,-150.0,-776.0,-475.0,2
15223,-34.0,-199.0,-125.0,23.0,2.0,35.0,-142.0,-785.0,-446.0,2
15224,-31.0,-203.0,-120.0,17.0,-42.0,27.0,-148.0,-796.0,-410.0,2
15225,-35.0,-209.0,-118.0,23.0,-63.0,21.0,-167.0,-811.0,-398.0,2
15226,-37.0,-211.0,-119.0,22.0,-68.0,21.0,-170.0,-829.0,-409.0,2
15227,-38.0,-212.0,-117.0,7.0,-60.0,29.0,-176.0,-831.0,-408.0,2
15228,-38.0,-214.0,-120.0,-4.0,-45.0,41.0,-177.0,-832.0,-412.0,2
15229,-33.0,-214.0,-117.0,-8.0,-26.0,61.0,-161.0,-839.0,-399.0,2
15230,-31.0,-211.0,-119.0,-9.0,-5.0,80.0,-135.0,-830.0,-392.0,2
15231,-16.0,-215.0,-115.0,-5.0,19.0,99.0,-98.0,-834.0,-380.0,2
15232,-11.0,-211.0,-111.0,-6.0,44.0,112.0,-68.0,-828.0,-368.0,2
15233,-1.0,-209.0,-107.0,-18.0,70.0,124.0,-37.0,-825.0,-357.0,2
15234,2.0,-209.0,-100.0,-34.0,95.0,126.0,-17.0,-829.0,-330.0,2
15235,6.0,-212.0,-90.0,-57.0,105.0,128.0,-4.0,-830.0,-311.0,2
15236,10.0,-216.0,-92.0,-77.0,115.0,128.0,3.0,-843.0,-297.0,2
15237,10.0,-220.0,-88.0,-93.0,116.0,129.0,16.0,-851.0,-283.0,2
15238,14.0,-224.0,-84.0,-97.0,120.0,130.0,15.0,-870.0,-275.0,2
15239,8.0,-227.0,-85.0,-90.0,126.0,134.0,10.0,-885.0,-273.0,2
15240,7.0,-233.0,-84.0,-79.0,138.0,142.0,2.0,-905.0,-272.0,2
15241,10.0,-239.0,-92.0,-66.0,154.0,157.0,9.0,-932.0,-281.0,2
15242,1.0,-247.0,-88.0,-57.0,164.0,172.0,-11.0,-941.0,-273.0,2
15243,0.0,-247.0,-88.0,-34.0,164.0,195.0,-28.0,-956.0,-272.0,2
15244,2.0,-251.0,-88.0,-9.0,168.0,215.0,-12.0,-974.0,-297.0,2
15245,7.0,-252.0,-94.0,-4.0,178.0,246.0,5.0,-983.0,-291.0,2
15246,11.0,-261.0,-88.0,9.0,198.0,268.0,10.0,-1008.0,-284.0,2
15247,12.0,-260.0,-93.0,31.0,229.0,288.0,23.0,-1021.0,-293.0,2
15248,15.0,-263.0,-97.0,51.0,253.0,308.0,26.0,-1030.0,-309.0,2
15249,22.0,-265.0,-98.0,68.0,274.0,318.0,46.0,-1034.0,-309.0,2
15250,23.0,-263.0,-91.0,80.0,298.0,318.0,55.0,-1032.0,-299.0,2
15251,25.0,-259.0,-81.0,94.0,320.0,320.0,56.0,-1004.0,-273.0,2
15252,25.0,-256.0,-80.0,112.0,338.0,321.0,59.0,-997.0,-255.0,2
15253,24.0,-254.0,-70.0,129.0,354.0,318.0,60.0,-973.0,-226.0,2
15254,21.0,-245.0,-64.0,148.0,369.0,309.0,54.0,-951.0,-204.0,2
15255,21.0,-244.0,-63.0,169.0,381.0,294.0,57.0,-927.0,-187.0,2
15256,12.0,-234.0,-61.0,191.0,389.0,281.0,34.0,-912.0,-171.0,2
15257,12.0,-229.0,-60.0,209.0,395.0,280.0,18.0,-897.0,-165.0,2
15258,15.0,-227.0,-57.0,224.0,410.0,274.0,21.0,-883.0,-166.0,2
15259,5.0,-220.0,-60.0,226.0,425.0,263.0,2.0,-860.0,-164.0,2
15260,-1.0,-217.0,-57.0,222.0,443.0,258.0,-18.0,-853.0,-177.0,2
15261,-3.0,-213.0,-62.0,203.0,459.0,258.0,-30.0,-841.0,-182.0,2
15262,-4.0,-216.0,-62.0,173.0,473.0,253.0,-41.0,-840.0,-185.0,2
15263,-10.0,-213.0,-65.0,140.0,482.0,254.0,-66.0,-839.0,-184.0,2
15264,-11.0,-218.0,-62.0,103.0,477.0,257.0,-75.0,-849.0,-178.0,2
15265,-18.0,-219.0,-58.0,77.0,467.0,259.0,-80.0,-851.0,-167.0,2
15266,-18.0,-223.0,-59.0,61.0,446.0,254.0,-105.0,-856.0,-163.0,2
15267,-23.0,-221.0,-57.0,52.0,425.0,260.0,-118.0,-862.0,-163.0,2
15268,-22.0,-224.0,-57.0,43.0,402.0,264.0,-118.0,-868.0,-167.0,2
15269,-21.0,-228.0,-58.0,25.0,381.0,264.0,-111.0,-879.0,-171.0,2
15270,-26.0,-229.0,-59.0,3.0,365.0,263.0,-118.0,-894.0,-164.0,2
15271,-25.0,-230.0,-58.0,-8.0,360.0,268.0,-125.0,-905.0,-154.0,2
15272,-21.0,-239.0,-59.0,-13.0,354.0,272.0,-116.0,-925.0,-172.0,2
15273,-19.0,-243.0,-61.0,-21.0,344.0,273.0,-105.0,-936.0,-171.0,2
15274,-16.0,-249.0,-60.0,-28.0,332.0,262.0,-100.0,-949.0,-169.0,2
15275,-16.0,-249.0,-57.0,-27.0,318.0,256.0,-88.0,-955.0,-159.0,2
15276,-15.0,-249.0,-56.0,-21.0,298.0,241.0,-87.0,-961.0,-157.0,2
15277,-12.0,-248.0,-54.0,-13.0,279.0,233.0,-77.0,-959.0,-142.0,2
15278,-13.0,-246.0,-55.0,-4.0,268.0,226.0,-73.0,-950.0,-137.0,2
15279,-10.0,-242.0,-54.0,2.0,262.0,219.0,-63.0,-933.0,-145.0,2
15280,-10.0,-236.0,-54.0,-2.0,262.0,209.0,-55.0,-915.0,-143.0,2
15281,-6.0,-235.0,-56.0,-5.0,273.0,202.0,-42.0,-917.0,-145.0,2
15282,-2.0,-235.0,-54.0,-13.0,281.0,186.0,-38.0,-901.0,-139.0,2
15283,-3.0,-230.0,-54.0,-24.0,282.0,174.0,-35.0,-896.0,-135.0,2
15284,1.0,-229.0,-49.0,-28.0,283.0,157.0,-26.0,-889.0,-128.0,2
15285,2.0,-230.0,-53.0,-30.0,281.0,146.0,-15.0,-887.0,-132.0,2
15286,2.0,-229.0,-49.0,-31.0,277.0,123.0,-17.0,-879.0,-132.0,2
15287,-2.0,-224.0,-50.0,-31.0,274.0,105.0,-24.0,-880.0,-125.0,2
15288,0.0,-226.0,-51.0,-35.0,275.0,90.0,-23.0,-877.0,-122.0,2
15289,-4.0,-224.0,-48.0,-41.0,278.0,79.0,-24.0,-876.0,-126.0,2
15290,0.0,-225.0,-48.0,-53.0,281.0,66.0,-24.0,-873.0,-119.0,2
15291,3.0,-226.0,-47.0,-68.0,285.0,55.0,-23.0,-878.0,-117.0,2
15292,0.0,-229.0,-46.0,-86.0,291.0,41.0,-25.0,-884.0,-118.0,2
15293,0.0,-229.0,-48.0,-103.0,294.0,33.0,-26.0,-891.0,-111.0,2
15294,2.0,-233.0,-44.0,-116.0,295.0,21.0,-20.0,-898.0,-104.0,2
15295,2.0,-236.0,-44.0,-121.0,296.0,15.0,-16.0,-900.0,-95.0,2
15296,1.0,-235.0,-43.0,-121.0,297.0,0.0,-18.0,-906.0,-92.0,2
15297,-1.0,-235.0,-40.0,-123.0,294.0,-8.0,-20.0,-911.0,-88.0,2
15298,1.0,-237.0,-43.0,-121.0,291.0,-26.0,-20.0,-919.0,-93.0,2
15299,-5.0,-239.0,-43.0,-124.0,276.0,-36.0,-31.0,-915.0,-97.0,2
15300,-7.0,-238.0,-40.0,-124.0,264.0,-49.0,-42.0,-918.0,-88.0,2
15301,-9.0,-239.0,-42.0,-118.0,254.0,-54.0,-58.0,-920.0,-83.0,2
15302,-12.0,-241.0,-40.0,-110.0,237.0,-62.0,-66.0,-923.0,-82.0,2
15303,-10.0,-240.0,-42.0,-100.0,220.0,-64.0,-74.0,-923.0,-86.0,2
15304,-14.0,-241.0,-41.0,-100.0,201.0,-70.0,-83.0,-927.0,-90.0,2
15305,-18.0,-242.0,-43.0,-105.0,187.0,-74.0,-107.0,-930.0,-90.0,2
15306,-21.0,-242.0,-44.0,-113.0,171.0,-78.0,-114.0,-929.0,-91.0,2
15307,-29.0,-243.0,-45.0,-123.0,150.0,-75.0,-136.0,-941.0,-109.0,2
15308,-37.0,-247.0,-52.0,-127.0,127.0,-74.0,-160.0,-953.0,-119.0,2
15309,-39.0,-249.0,-53.0,-129.0,96.0,-66.0,-183.0,-946.0,-146.0,2
15310,-43.0,-251.0,-56.0,-132.0,74.0,-55.0,-193.0,-964.0,-149.0,2
15311,-35.0,-253.0,-54.0,-138.0,63.0,-33.0,-181.0,-975.0,-150.0,2
15312,-29.0,-256.0,-51.0,-147.0,65.0,-11.0,-144.0,-988.0,-130.0,2
15313,-19.0,-258.0,-44.0,-148.0,79.0,10.0,-111.0,-998.0,-103.0,2
15314,-11.0,-257.0,-41.0,-141.0,97.0,23.0,-69.0,-998.0,-92.0,2
15315,3.0,-254.0,-38.0,-130.0,116.0,34.0,-37.0,-979.0,-79.0,2
15316,6.0,-252.0,-39.0,-113.0,131.0,36.0,-11.0,-969.0,-77.0,2
15317,9.0,-250.0,-37.0,-98.0,139.0,39.0,8.0,-969.0,-81.0,2
15318,11.0,-247.0,-41.0,-95.0,145.0,40.0,14.0,-960.0,-88.0,2
15319,15.0,-251.0,-48.0,-99.0,152.0,45.0,23.0,-956.0,-100.0,2
15320,15.0,-249.0,-50.0,-108.0,163.0,47.0,32.0,-965.0,-110.0,2
15321,15.0,-252.0,-47.0,-112.0,176.0,53.0,29.0,-969.0,-116.0,2
15322,15.0,-256.0,-49.0,-114.0,189.0,57.0,22.0,-978.0,-121.0,2
15323,13.0,-258.0,-47.0,-110.0,210.0,58.0,17.0,-1005.0,-120.0,2
15324,9.0,-261.0,-49.0,-98.0,232.0,52.0,5.0,-1013.0,-106.0,2
15325,7.0,-263.0,-46.0,-80.0,254.0,47.0,-12.0,-1023.0,-102.0,2
15326,1.0,-265.0,-43.0,-59.0,279.0,31.0,-23.0,-1030.0,-91.0,2
15327,1.0,-267.0,-38.0,-32.0,304.0,20.0,-25.0,-1037.0,-78.0,2
15328,2.0,-267.0,-34.0,-5.0,330.0,11.0,-21.0,-1040.0,-64.0,2
15329,3.0,-268.0,-28.0,21.0,357.0,7.0,-15.0,-1043.0,-52.0,2
15330,10.0,-270.0,-28.0,45.0,403.0,-4.0,-4.0,-1049.0,-25.0,2
15331,11.0,-271.0,-25.0,74.0,443.0,-2.0,8.0,-1067.0,-31.0,2
15332,17.0,-273.0,-24.0,89.0,476.0,0.0,22.0,-1056.0,-27.0,2
15333,22.0,-271.0,-19.0,107.0,509.0,3.0,49.0,-1052.0,-14.0,2
15334,22.0,-270.0,-22.0,129.0,539.0,4.0,66.0,-1049.0,0.0,2
15335,27.0,-270.0,-19.0,158.0,564.0,10.0,62.0,-1043.0,-2.0,2
15336,27.0,-269.0,-18.0,179.0,589.0,14.0,67.0,-1042.0,0.0,2
15337,25.0,-267.0,-16.0,195.0,618.0,20.0,69.0,-1040.0,3.0,2
15338,23.0,-267.0,-14.0,203.0,646.0,25.0,58.0,-1040.0,9.0,2
15339,18.0,-265.0,-13.0,207.0,674.0,36.0,44.0,-1032.0,28.0,2
15340,16.0,-266.0,-11.0,217.0,697.0,53.0,21.0,-1031.0,33.0,2
15341,8.0,-261.0,-10.0,226.0,724.0,73.0,7.0,-1022.0,36.0,2
15342,1.0,-258.0,-7.0,233.0,754.0,85.0,-18.0,-1008.0,35.0,2
15343,-5.0,-256.0,-11.0,239.0,785.0,105.0,-47.0,-978.0,46.0,2
15344,-11.0,-247.0,-7.0,248.0,798.0,119.0,-65.0,-960.0,47.0,2
15345,-17.0,-244.0,-9.0,253.0,798.0,132.0,-91.0,-940.0,40.0,2
15346,-18.0,-239.0,-9.0,245.0,792.0,135.0,-106.0,-928.0,35.0,2
15347,-22.0,-237.0,-5.0,224.0,782.0,132.0,-119.0,-908.0,49.0,2
15348,-28.0,-232.0,2.0,199.0,765.0,121.0,-131.0,-898.0,64.0,2
15349,-27.0,-233.0,0.0,174.0,746.0,112.0,-144.0,-906.0,64.0,2
15350,-33.0,-232.0,-2.0,133.0,735.0,92.0,-167.0,-906.0,65.0,2
15351,-35.0,-236.0,1.0,75.0,721.0,67.0,-169.0,-918.0,83.0,2
15352,-38.0,-244.0,-7.0,15.0,692.0,36.0,-177.0,-943.0,47.0,2
15353,-41.0,-251.0,-28.0,-45.0,664.0,10.0,-201.0,-964.0,-26.0,2
15354,-46.0,-258.0,-46.0,-131.0,653.0,-11.0,-215.0,-1010.0,-101.0,2
15355,-53.0,-265.0,-57.0,-231.0,645.0,-27.0,-240.0,-1041.0,-159.0,2
15356,-65.0,-282.0,-61.0,-312.0,636.0,-41.0,-266.0,-1091.0,-176.0,2
15357,-71.0,-298.0,-56.0,-352.0,624.0,-41.0,-304.0,-1142.0,-156.0,2
15358,-80.0,-312.0,-46.0,-341.0,590.0,-33.0,-333.0,-1191.0,-119.0,2
15359,-86.0,-323.0,-36.0,-289.0,527.0,-19.0,-357.0,-1236.0,-79.0,2
15360,-90.0,-324.0,-35.0,-217.0,441.0,-12.0,-372.0,-1242.0,-64.0,2
15361,-89.0,-318.0,-38.0,-145.0,337.0,11.0,-362.0,-1220.0,-82.0,2
15362,-83.0,-309.0,-59.0,-96.0,194.0,15.0,-349.0,-1186.0,-170.0,2
15363,-82.0,-297.0,-85.0,-96.0,76.0,19.0,-345.0,-1156.0,-275.0,2
15364,-78.0,-293.0,-109.0,-131.0,-22.0,30.0,-333.0,-1141.0,-348.0,2
15365,-76.0,-293.0,-112.0,-184.0,-97.0,54.0,-314.0,-1139.0,-385.0,2
15366,-74.0,-300.0,-109.0,-224.0,-159.0,79.0,-308.0,-1158.0,-365.0,2
15367,-69.0,-309.0,-101.0,-231.0,-220.0,111.0,-302.0,-1191.0,-327.0,2
15368,-67.0,-323.0,-85.0,-196.0,-279.0,140.0,-290.0,-1225.0,-275.0,2
15369,-65.0,-329.0,-72.0,-129.0,-345.0,172.0,-273.0,-1248.0,-234.0,2
15370,-62.0,-329.0,-72.0,-45.0,-421.0,193.0,-256.0,-1260.0,-225.0,2
15371,-49.0,-326.0,-77.0,32.0,-508.0,213.0,-231.0,-1255.0,-245.0,2
15372,-47.0,-326.0,-98.0,94.0,-594.0,227.0,-198.0,-1242.0,-298.0,2
15373,-37.0,-318.0,-104.0,143.0,-677.0,236.0,-174.0,-1223.0,-349.0,2
15374,-24.0,-318.0,-109.0,186.0,-719.0,232.0,-133.0,-1213.0,-365.0,2
15375,-11.0,-308.0,-110.0,229.0,-731.0,230.0,-84.0,-1197.0,-365.0,2
15376,6.0,-299.0,-106.0,260.0,-715.0,216.0,-5.0,-1157.0,-335.0,2
15377,21.0,-287.0,-98.0,285.0,-683.0,190.0,51.0,-1123.0,-324.0,2
15378,30.0,-272.0,-99.0,292.0,-648.0,144.0,81.0,-1069.0,-331.0,2
15379,37.0,-258.0,-112.0,280.0,-609.0,94.0,99.0,-1004.0,-363.0,2
15380,38.0,-243.0,-115.0,249.0,-561.0,34.0,111.0,-951.0,-390.0,2
15381,37.0,-233.0,-120.0,213.0,-505.0,-12.0,112.0,-909.0,-417.0,2
15382,39.0,-225.0,-125.0,175.0,-449.0,-52.0,117.0,-884.0,-436.0,2
15383,38.0,-216.0,-126.0,139.0,-391.0,-85.0,111.0,-866.0,-442.0,2
15384,42.0,-215.0,-132.0,92.0,-353.0,-108.0,120.0,-860.0,-450.0,2
15385,38.0,-213.0,-130.0,58.0,-311.0,-123.0,118.0,-849.0,-454.0,2
15386,40.0,-212.0,-137.0,35.0,-263.0,-130.0,118.0,-845.0,-466.0,2
15387,41.0,-213.0,-135.0,22.0,-206.0,-130.0,115.0,-829.0,-485.0,2
15388,42.0,-207.0,-138.0,12.0,-144.0,-126.0,124.0,-828.0,-493.0,2
15389,44.0,-205.0,-133.0,1.0,-84.0,-115.0,133.0,-816.0,-482.0,2
15390,46.0,-200.0,-129.0,-12.0,-40.0,-101.0,142.0,-803.0,-457.0,2
15391,46.0,-197.0,-130.0,-26.0,-5.0,-78.0,149.0,-783.0,-449.0,2
15392,49.0,-194.0,-131.0,-43.0,18.0,-60.0,159.0,-755.0,-445.0,2
15393,50.0,-187.0,-128.0,-65.0,31.0,-31.0,166.0,-743.0,-454.0,2
15394,50.0,-185.0,-127.0,-103.0,41.0,-3.0,174.0,-742.0,-445.0,2
15395,53.0,-190.0,-124.0,-155.0,48.0,21.0,183.0,-742.0,-431.0,2
15396,52.0,-188.0,-116.0,-188.0,46.0,38.0,185.0,-737.0,-392.0,2
15397,51.0,-190.0,-112.0,-200.0,40.0,56.0,177.0,-745.0,-394.0,2
15398,51.0,-193.0,-116.0,-218.0,44.0,60.0,168.0,-752.0,-391.0,2
15399,46.0,-195.0,-112.0,-236.0,53.0,71.0,156.0,-762.0,-370.0,2
15400,49.0,-206.0,-110.0,-253.0,61.0,73.0,153.0,-802.0,-366.0,2
15401,46.0,-220.0,-109.0,-270.0,73.0,64.0,147.0,-855.0,-366.0,2
15402,38.0,-232.0,-110.0,-296.0,86.0,35.0,128.0,-910.0,-357.0,2
15403,41.0,-242.0,-104.0,-319.0,103.0,8.0,121.0,-934.0,-347.0,2
15404,39.0,-253.0,-99.0,-321.0,113.0,-36.0,118.0,-963.0,-326.0,2
15405,33.0,-256.0,-97.0,-297.0,122.0,-80.0,101.0,-1000.0,-326.0,2
15406,30.0,-261.0,-96.0,-270.0,132.0,-132.0,78.0,-1016.0,-303.0,2
15407,19.0,-260.0,-86.0,-236.0,139.0,-172.0,36.0,-1008.0,-279.0,2
15408,10.0,-260.0,-86.0,-193.0,141.0,-208.0,8.0,-1015.0,-269.0,2
15409,1.0,-260.0,-81.0,-151.0,134.0,-235.0,-22.0,-1009.0,-254.0,2
15410,-11.0,-260.0,-80.0,-112.0,113.0,-256.0,-54.0,-1004.0,-250.0,2
15411,-12.0,-261.0,-85.0,-79.0,88.0,-274.0,-75.0,-1009.0,-267.0,2
15412,-21.0,-261.0,-87.0,-63.0,61.0,-293.0,-104.0,-1014.0,-282.0,2
15413,-25.0,-263.0,-86.0,-63.0,26.0,-299.0,-123.0,-1020.0,-275.0,2
15414,-26.0,-266.0,-84.0,-64.0,-15.0,-307.0,-133.0,-1029.0,-273.0,2
15415,-31.0,-266.0,-79.0,-61.0,-65.0,-309.0,-152.0,-1032.0,-256.0,2
15416,-28.0,-264.0,-76.0,-42.0,-100.0,-312.0,-140.0,-1031.0,-245.0,2
15417,-24.0,-264.0,-76.0,-17.0,-133.0,-313.0,-117.0,-1028.0,-230.0,2
15418,-17.0,-262.0,-69.0,13.0,-159.0,-317.0,-118.0,-1015.0,-221.0,2
15419,-18.0,-259.0,-74.0,48.0,-181.0,-311.0,-96.0,-1005.0,-224.0,2
15420,-14.0,-253.0,-73.0,80.0,-203.0,-305.0,-83.0,-970.0,-214.0,2
15421,-11.0,-245.0,-68.0,108.0,-230.0,-293.0,-66.0,-951.0,-214.0,2
15422,-4.0,-240.0,-73.0,133.0,-258.0,-290.0,-51.0,-921.0,-226.0,2
15423,2.0,-233.0,-76.0,137.0,-275.0,-289.0,-14.0,-907.0,-231.0,2
15424,9.0,-229.0,-74.0,126.0,-291.0,-295.0,8.0,-892.0,-220.0,2
15425,16.0,-224.0,-69.0,113.0,-308.0,-300.0,32.0,-874.0,-218.0,2
15426,20.0,-221.0,-70.0,97.0,-324.0,-305.0,55.0,-860.0,-216.0,2
15427,23.0,-218.0,-68.0,86.0,-325.0,-305.0,68.0,-846.0,-203.0,2
15428,26.0,-215.0,-66.0,76.0,-323.0,-315.0,80.0,-836.0,-202.0,2
15429,26.0,-214.0,-64.0,66.0,-317.0,-319.0,85.0,-840.0,-198.0,2
15430,29.0,-216.0,-67.0,55.0,-312.0,-322.0,92.0,-834.0,-203.0,2
15431,32.0,-216.0,-68.0,45.0,-310.0,-317.0,91.0,-838.0,-192.0,2
15432,36.0,-218.0,-61.0,37.0,-303.0,-314.0,105.0,-846.0,-187.0,2
15433,36.0,-217.0,-63.0,32.0,-299.0,-313.0,112.0,-848.0,-187.0,2
15434,37.0,-219.0,-61.0,18.0,-295.0,-317.0,111.0,-858.0,-185.0,2
15435,39.0,-225.0,-60.0,-4.0,-293.0,-316.0,124.0,-869.0,-177.0,2
15436,40.0,-228.0,-62.0,-29.0,-292.0,-324.0,121.0,-885.0,-168.0,2
15437,37.0,-232.0,-62.0,-52.0,-293.0,-329.0,108.0,-901.0,-164.0,2
15438,30.0,-234.0,-57.0,-65.0,-292.0,-329.0,95.0,-909.0,-157.0,2
15439,32.0,-237.0,-58.0,-68.0,-291.0,-323.0,94.0,-914.0,-148.0,2
15440,40.0,-243.0,-58.0,-68.0,-287.0,-327.0,107.0,-936.0,-167.0,2
15441,30.0,-244.0,-61.0,-80.0,-271.0,-335.0,100.0,-944.0,-159.0,2
15442,27.0,-243.0,-57.0,-91.0,-263.0,-339.0,74.0,-944.0,-148.0,2
15443,23.0,-242.0,-55.0,-86.0,-253.0,-329.0,60.0,-935.0,-151.0,2
15444,22.0,-240.0,-57.0,-78.0,-238.0,-319.0,50.0,-927.0,-160.0,2
15445,20.0,-237.0,-57.0,-77.0,-225.0,-303.0,44.0,-920.0,-163.0,2
15446,20.0,-237.0,-59.0,-82.0,-219.0,-292.0,47.0,-909.0,-157.0,2
15447,18.0,-233.0,-59.0,-94.0,-219.0,-277.0,54.0,-905.0,-161.0,2
15448,16.0,-229.0,-56.0,-107.0,-224.0,-268.0,45.0,-902.0,-161.0,2
15449,19.0,-227.0,-57.0,-121.0,-231.0,-250.0,44.0,-885.0,-158.0,2
15450,15.0,-225.0,-55.0,-134.0,-235.0,-235.0,39.0,-882.0,-145.0,2
15451,17.0,-227.0,-56.0,-144.0,-235.0,-214.0,42.0,-878.0,-141.0,2
15452,21.0,-226.0,-49.0,-153.0,-231.0,-199.0,53.0,-879.0,-132.0,2
15453,22.0,-226.0,-49.0,-158.0,-223.0,-186.0,61.0,-877.0,-121.0,2
15454,26.0,-224.0,-49.0,-153.0,-215.0,-175.0,68.0,-877.0,-119.0,2
15455,29.0,-221.0,-53.0,-144.0,-203.0,-156.0,76.0,-875.0,-126.0,2
15456,29.0,-220.0,-54.0,-142.0,-185.0,-144.0,93.0,-862.0,-136.0,2
15457,35.0,-223.0,-57.0,-148.0,-164.0,-129.0,104.0,-863.0,-145.0,2
15458,34.0,-220.0,-56.0,-161.0,-148.0,-123.0,105.0,-854.0,-147.0,2
15459,36.0,-220.0,-57.0,-175.0,-141.0,-115.0,112.0,-860.0,-150.0,2
15460,34.0,-220.0,-55.0,-186.0,-139.0,-114.0,113.0,-864.0,-150.0,2
15461,40.0,-223.0,-56.0,-194.0,-136.0,-112.0,111.0,-873.0,-154.0,2
15462,33.0,-228.0,-56.0,-195.0,-129.0,-109.0,99.0,-885.0,-144.0,2
15463,33.0,-229.0,-57.0,-195.0,-122.0,-99.0,99.0,-892.0,-146.0,2
15464,31.0,-231.0,-55.0,-190.0,-115.0,-89.0,90.0,-897.0,-142.0,2
15465,28.0,-234.0,-54.0,-184.0,-106.0,-72.0,80.0,-907.0,-139.0,2
15466,28.0,-238.0,-52.0,-184.0,-98.0,-61.0,75.0,-912.0,-139.0,2
15467,25.0,-242.0,-51.0,-189.0,-95.0,-46.0,63.0,-927.0,-133.0,2
15468,21.0,-246.0,-48.0,-194.0,-93.0,-36.0,58.0,-948.0,-123.0,2
15469,16.0,-248.0,-52.0,-194.0,-94.0,-23.0,41.0,-958.0,-117.0,2
15470,16.0,-252.0,-45.0,-187.0,-100.0,-16.0,33.0,-964.0,-95.0,2
15471,14.0,-250.0,-44.0,-171.0,-109.0,-5.0,27.0,-969.0,-85.0,2
15472,15.0,-254.0,-42.0,-152.0,-115.0,0.0,30.0,-970.0,-90.0,2
15473,16.0,-251.0,-42.0,-137.0,-122.0,9.0,30.0,-971.0,-95.0,2
15474,20.0,-253.0,-42.0,-123.0,-125.0,15.0,43.0,-974.0,-93.0,2
15475,21.0,-249.0,-47.0,-116.0,-125.0,20.0,45.0,-970.0,-99.0,2
15476,26.0,-250.0,-48.0,-116.0,-113.0,20.0,59.0,-969.0,-112.0,2
15477,27.0,-253.0,-50.0,-120.0,-96.0,23.0,91.0,-974.0,-126.0,2
15478,36.0,-256.0,-53.0,-123.0,-75.0,18.0,110.0,-980.0,-138.0,2
15479,44.0,-256.0,-53.0,-123.0,-53.0,7.0,131.0,-996.0,-147.0,2
15480,45.0,-259.0,-57.0,-113.0,-38.0,-12.0,135.0,-1004.0,-146.0,2
15481,43.0,-261.0,-52.0,-98.0,-33.0,-29.0,137.0,-1013.0,-133.0,2
15482,44.0,-260.0,-49.0,-82.0,-38.0,-49.0,133.0,-1013.0,-121.0,2
15483,42.0,-260.0,-48.0,-62.0,-48.0,-64.0,125.0,-1012.0,-101.0,2
15484,35.0,-261.0,-47.0,-46.0,-60.0,-79.0,115.0,-1008.0,-103.0,2
15485,34.0,-260.0,-43.0,-28.0,-70.0,-87.0,101.0,-1010.0,-102.0,2
15486,30.0,-260.0,-43.0,-16.0,-82.0,-95.0,86.0,-1009.0,-108.0,2
15487,23.0,-258.0,-47.0,-4.0,-96.0,-101.0,61.0,-1008.0,-115.0,2
15488,18.0,-260.0,-46.0,6.0,-114.0,-107.0,40.0,-1009.0,-117.0,2
15489,11.0,-257.0,-45.0,9.0,-132.0,-107.0,12.0,-1010.0,-125.0,2
15490,4.0,-258.0,-50.0,9.0,-158.0,-105.0,-4.0,-1007.0,-121.0,2
15491,3.0,-258.0,-48.0,7.0,-181.0,-97.0,-17.0,-991.0,-120.0,2
15492,0.0,-252.0,-53.0,10.0,-202.0,-91.0,-15.0,-976.0,-121.0,2
15493,4.0,-251.0,-53.0,17.0,-220.0,-80.0,-6.0,-965.0,-132.0,2
15494,9.0,-249.0,-54.0,20.0,-235.0,-71.0,8.0,-959.0,-142.0,2
15495,11.0,-247.0,-56.0,17.0,-246.0,-63.0,16.0,-947.0,-150.0,2
15496,15.0,-243.0,-54.0,7.0,-251.0,-54.0,34.0,-937.0,-141.0,2
15497,16.0,-241.0,-53.0,0.0,-254.0,-45.0,45.0,-937.0,-134.0,2
15498,25.0,-244.0,-50.0,-10.0,-260.0,-32.0,61.0,-943.0,-128.0,2
15499,26.0,-246.0,-52.0,-21.0,-265.0,-22.0,70.0,-948.0,-113.0,2
15500,27.0,-248.0,-43.0,-29.0,-274.0,-11.0,80.0,-954.0,-95.0,2
15501,29.0,-252.0,-41.0,-25.0,-281.0,6.0,93.0,-970.0,-84.0,2
15502,35.0,-254.0,-38.0,-17.0,-294.0,11.0,97.0,-988.0,-73.0,2
15503,35.0,-259.0,-34.0,-13.0,-311.0,11.0,105.0,-1003.0,-70.0,2
15504,35.0,-259.0,-36.0,-13.0,-331.0,6.0,114.0,-1011.0,-67.0,2
15505,41.0,-262.0,-35.0,-21.0,-352.0,12.0,119.0,-1027.0,-66.0,2
15506,38.0,-265.0,-32.0,-28.0,-365.0,6.0,118.0,-1024.0,-56.0,2
15507,35.0,-267.0,-33.0,-26.0,-367.0,0.0,114.0,-1036.0,-49.0,2
15508,33.0,-270.0,-29.0,-22.0,-366.0,-12.0,97.0,-1044.0,-46.0,2
15509,34.0,-269.0,-26.0,-26.0,-364.0,-18.0,93.0,-1052.0,-41.0,2
15510,29.0,-273.0,-30.0,-33.0,-361.0,-24.0,81.0,-1066.0,-35.0,2
15511,28.0,-277.0,-27.0,-50.0,-363.0,-22.0,74.0,-1083.0,-31.0,2
15512,30.0,-281.0,-15.0,-59.0,-370.0,-25.0,92.0,-1091.0,22.0,2
15513,30.0,-287.0,-8.0,-35.0,-372.0,-31.0,89.0,-1102.0,32.0,2
15514,35.0,-289.0,-12.0,-7.0,-385.0,-45.0,101.0,-1110.0,25.0,2
15515,32.0,-289.0,-10.0,14.0,-398.0,-60.0,96.0,-1118.0,39.0,2
15516,37.0,-290.0,-11.0,39.0,-413.0,-69.0,106.0,-1124.0,31.0,2
15517,42.0,-288.0,-14.0,56.0,-423.0,-69.0,126.0,-1114.0,21.0,2
15518,49.0,-284.0,-25.0,75.0,-427.0,-69.0,158.0,-1100.0,-8.0,2
15519,51.0,-278.0,-34.0,82.0,-427.0,-73.0,180.0,-1093.0,-62.0,2
15520,55.0,-277.0,-50.0,73.0,-427.0,-77.0,179.0,-1087.0,-113.0,2
15521,51.0,-281.0,-55.0,56.0,-425.0,-78.0,176.0,-1104.0,-153.0,2
15522,53.0,-287.0,-55.0,38.0,-422.0,-73.0,169.0,-1110.0,-143.0,2
15523,58.0,-291.0,-52.0,49.0,-405.0,-67.0,191.0,-1130.0,-128.0,2
15524,61.0,-293.0,-43.0,79.0,-368.0,-68.0,207.0,-1138.0,-94.0,2
15525,68.0,-296.0,-36.0,119.0,-318.0,-67.0,233.0,-1150.0,-81.0,2
15526,73.0,-298.0,-38.0,150.0,-265.0,-74.0,244.0,-1152.0,-86.0,2
15527,75.0,-297.0,-45.0,170.0,-220.0,-77.0,251.0,-1150.0,-101.0,2
15528,77.0,-294.0,-54.0,179.0,-184.0,-81.0,252.0,-1147.0,-146.0,2
15529,71.0,-288.0,-68.0,171.0,-152.0,-86.0,253.0,-1132.0,-186.0,2
15530,70.0,-288.0,-81.0,154.0,-123.0,-89.0,234.0,-1126.0,-233.0,2
15531,63.0,-284.0,-87.0,133.0,-95.0,-91.0,221.0,-1121.0,-265.0,2
15532,58.0,-285.0,-91.0,117.0,-57.0,-97.0,200.0,-1123.0,-291.0,2
15533,55.0,-286.0,-93.0,106.0,-21.0,-96.0,190.0,-1124.0,-294.0,2
15534,59.0,-288.0,-93.0,109.0,17.0,-96.0,196.0,-1131.0,-310.0,2
15535,65.0,-290.0,-94.0,113.0,64.0,-97.0,220.0,-1129.0,-302.0,2
15536,75.0,-291.0,-96.0,129.0,118.0,-99.0,249.0,-1131.0,-311.0,2
15537,83.0,-287.0,-97.0,138.0,185.0,-101.0,284.0,-1135.0,-306.0,2
15538,91.0,-287.0,-98.0,147.0,263.0,-110.0,307.0,-1128.0,-329.0,2
15539,87.0,-287.0,-108.0,144.0,339.0,-125.0,309.0,-1124.0,-358.0,2
15540,84.0,-285.0,-112.0,130.0,406.0,-142.0,289.0,-1122.0,-375.0,2
15541,71.0,-288.0,-114.0,121.0,458.0,-160.0,227.0,-1127.0,-370.0,2
15542,41.0,-286.0,-100.0,124.0,491.0,-176.0,128.0,-1109.0,-312.0,2
15543,13.0,-283.0,-91.0,144.0,490.0,-162.0,29.0,-1102.0,-292.0,2
15544,1.0,-277.0,-76.0,162.0,483.0,-127.0,-20.0,-1090.0,-249.0,2
15545,-6.0,-266.0,-73.0,190.0,462.0,-87.0,-42.0,-1050.0,-228.0,2
15546,-11.0,-250.0,-83.0,226.0,431.0,-49.0,-49.0,-985.0,-253.0,2
15547,-6.0,-230.0,-101.0,263.0,390.0,-4.0,-51.0,-912.0,-327.0,2
15548,-5.0,-211.0,-118.0,284.0,348.0,25.0,-40.0,-832.0,-403.0,2
15549,-11.0,-197.0,-128.0,277.0,303.0,34.0,-59.0,-777.0,-460.0,2
15550,-15.0,-187.0,-143.0,236.0,252.0,30.0,-91.0,-736.0,-512.0,2
15551,-29.0,-181.0,-151.0,167.0,197.0,15.0,-130.0,-715.0,-525.0,2
15552,-44.0,-180.0,-144.0,88.0,145.0,-4.0,-176.0,-714.0,-522.0,2
15553,-50.0,-184.0,-142.0,0.0,87.0,-13.0,-212.0,-724.0,-503.0,2
15554,-52.0,-193.0,-133.0,-56.0,36.0,-17.0,-220.0,-743.0,-478.0,2
15555,-51.0,-207.0,-132.0,-87.0,-12.0,-21.0,-218.0,-795.0,-459.0,2
15556,-51.0,-214.0,-128.0,-109.0,-57.0,-25.0,-223.0,-832.0,-430.0,2
15557,-51.0,-226.0,-119.0,-117.0,-91.0,-30.0,-224.0,-871.0,-409.0,2
15558,-49.0,-239.0,-119.0,-119.0,-112.0,-32.0,-220.0,-908.0,-391.0,2
15559,-47.0,-246.0,-107.0,-119.0,-117.0,-30.0,-220.0,-945.0,-372.0,2
15560,-42.0,-250.0,-102.0,-118.0,-113.0,-27.0,-208.0,-962.0,-352.0,2
15561,-37.0,-250.0,-104.0,-103.0,-109.0,-23.0,-176.0,-969.0,-342.0,2
15562,-30.0,-247.0,-103.0,-79.0,-112.0,-17.0,-148.0,-950.0,-323.0,2
15563,-19.0,-241.0,-103.0,-43.0,-111.0,-4.0,-106.0,-927.0,-340.0,2
15564,-11.0,-235.0,-107.0,-4.0,-96.0,7.0,-65.0,-902.0,-351.0,2
15565,2.0,-226.0,-113.0,13.0,-77.0,21.0,-22.0,-880.0,-366.0,2
15566,11.0,-217.0,-112.0,11.0,-52.0,28.0,13.0,-853.0,-378.0,2
15567,17.0,-214.0,-112.0,-15.0,-30.0,30.0,36.0,-851.0,-380.0,2
15568,13.0,-215.0,-109.0,-60.0,-20.0,37.0,31.0,-843.0,-371.0,2
15569,14.0,-217.0,-100.0,-99.0,-17.0,46.0,28.0,-844.0,-343.0,2
15570,13.0,-218.0,-98.0,-110.0,-14.0,57.0,33.0,-852.0,-325.0,2
15571,13.0,-222.0,-95.0,-105.0,-8.0,70.0,22.0,-866.0,-318.0,2
15572,12.0,-225.0,-88.0,-95.0,1.0,90.0,31.0,-882.0,-302.0,2
15573,14.0,-234.0,-89.0,-79.0,24.0,110.0,24.0,-899.0,-289.0,2
15574,14.0,-238.0,-88.0,-64.0,53.0,140.0,19.0,-923.0,-268.0,2
15575,14.0,-248.0,-88.0,-45.0,81.0,170.0,19.0,-959.0,-269.0,2
15576,17.0,-257.0,-90.0,-37.0,113.0,196.0,34.0,-996.0,-284.0,2
15577,20.0,-262.0,-80.0,-34.0,146.0,220.0,42.0,-1015.0,-272.0,2
15578,18.0,-266.0,-85.0,-20.0,179.0,248.0,42.0,-1044.0,-267.0,2
15579,26.0,-277.0,-87.0,-4.0,215.0,278.0,53.0,-1069.0,-280.0,2
15580,22.0,-276.0,-83.0,7.0,251.0,300.0,60.0,-1076.0,-265.0,2
15581,25.0,-281.0,-89.0,29.0,281.0,319.0,60.0,-1097.0,-271.0,2
15582,26.0,-282.0,-80.0,54.0,307.0,335.0,60.0,-1091.0,-262.0,2
15583,22.0,-275.0,-76.0,82.0,330.0,346.0,63.0,-1072.0,-246.0,2
15584,26.0,-269.0,-74.0,121.0,345.0,354.0,70.0,-1049.0,-227.0,2
15585,22.0,-260.0,-70.0,166.0,344.0,357.0,64.0,-1013.0,-212.0,2
15586,20.0,-251.0,-69.0,191.0,335.0,362.0,46.0,-975.0,-207.0,2
15587,19.0,-241.0,-65.0,201.0,330.0,361.0,46.0,-925.0,-187.0,2
15588,16.0,-232.0,-63.0,210.0,331.0,352.0,48.0,-895.0,-169.0,2
15589,20.0,-220.0,-59.0,222.0,338.0,339.0,42.0,-853.0,-175.0,2
15590,17.0,-207.0,-64.0,224.0,361.0,324.0,24.0,-832.0,-191.0,2
15591,10.0,-202.0,-68.0,206.0,388.0,310.0,9.0,-795.0,-197.0,2
15592,0.0,-200.0,-68.0,167.0,406.0,302.0,-21.0,-783.0,-211.0,2
15593,-5.0,-199.0,-68.0,117.0,417.0,307.0,-41.0,-780.0,-204.0,2
15594,-9.0,-200.0,-67.0,70.0,420.0,313.0,-47.0,-781.0,-194.0,2
15595,-8.0,-202.0,-63.0,33.0,403.0,311.0,-60.0,-796.0,-191.0,2
15596,-12.0,-203.0,-64.0,-4.0,389.0,303.0,-79.0,-793.0,-179.0,2
15597,-16.0,-205.0,-57.0,-23.0,374.0,298.0,-97.0,-800.0,-167.0,2
15598,-21.0,-211.0,-55.0,-33.0,354.0,301.0,-107.0,-821.0,-163.0,2
15599,-21.0,-214.0,-58.0,-40.0,337.0,306.0,-107.0,-833.0,-147.0,2
15600,-18.0,-218.0,-56.0,-40.0,328.0,310.0,-107.0,-846.0,-159.0,2
15601,-17.0,-224.0,-59.0,-48.0,328.0,314.0,-101.0,-874.0,-159.0,2
15602,-13.0,-230.0,-56.0,-67.0,330.0,320.0,-83.0,-887.0,-148.0,2
15603,-12.0,-234.0,-57.0,-84.0,331.0,317.0,-78.0,-910.0,-149.0,2
15604,-11.0,-240.0,-57.0,-101.0,322.0,313.0,-62.0,-923.0,-156.0,2
15605,-8.0,-242.0,-55.0,-113.0,309.0,303.0,-44.0,-937.0,-143.0,2
15606,1.0,-244.0,-55.0,-117.0,286.0,293.0,-31.0,-949.0,-141.0,2
15607,1.0,-245.0,-52.0,-109.0,280.0,278.0,-16.0,-952.0,-138.0,2
15608,4.0,-244.0,-57.0,-92.0,282.0,262.0,-1.0,-943.0,-136.0,2
15609,8.0,-242.0,-55.0,-71.0,288.0,246.0,-2.0,-937.0,-142.0,2
15610,8.0,-235.0,-57.0,-57.0,299.0,235.0,11.0,-924.0,-151.0,2
15611,12.0,-235.0,-58.0,-57.0,308.0,222.0,10.0,-914.0,-156.0,2
15612,15.0,-233.0,-54.0,-66.0,324.0,210.0,22.0,-906.0,-155.0,2
15613,12.0,-232.0,-57.0,-83.0,335.0,194.0,24.0,-900.0,-148.0,2
15614,11.0,-229.0,-54.0,-98.0,347.0,182.0,12.0,-890.0,-147.0,2
15615,13.0,-229.0,-55.0,-109.0,357.0,170.0,21.0,-890.0,-140.0,2
15616,14.0,-230.0,-55.0,-112.0,371.0,159.0,21.0,-887.0,-143.0,2
15617,8.0,-228.0,-48.0,-119.0,385.0,147.0,12.0,-879.0,-126.0,2
15618,8.0,-227.0,-45.0,-123.0,393.0,137.0,7.0,-881.0,-119.0,2
15619,6.0,-225.0,-46.0,-124.0,393.0,123.0,4.0,-883.0,-102.0,2
15620,8.0,-227.0,-42.0,-124.0,391.0,109.0,0.0,-881.0,-93.0,2
15621,-1.0,-227.0,-39.0,-123.0,388.0,95.0,-14.0,-885.0,-86.0,2
15622,2.0,-228.0,-38.0,-123.0,382.0,83.0,-24.0,-886.0,-81.0,2
15623,0.0,-229.0,-38.0,-119.0,379.0,69.0,-36.0,-892.0,-84.0,2
15624,-2.0,-235.0,-35.0,-113.0,378.0,62.0,-41.0,-900.0,-84.0,2
15625,-8.0,-234.0,-40.0,-108.0,378.0,52.0,-53.0,-903.0,-72.0,2
15626,-11.0,-237.0,-35.0,-94.0,377.0,45.0,-59.0,-913.0,-73.0,2
15627,-9.0,-241.0,-39.0,-81.0,376.0,36.0,-64.0,-919.0,-78.0,2
15628,-12.0,-243.0,-40.0,-65.0,378.0,31.0,-70.0,-927.0,-86.0,2
15629,-11.0,-242.0,-45.0,-57.0,384.0,24.0,-65.0,-935.0,-89.0,2
15630,-7.0,-245.0,-43.0,-53.0,392.0,17.0,-62.0,-937.0,-89.0,2
15631,-5.0,-243.0,-39.0,-50.0,398.0,8.0,-46.0,-946.0,-97.0,2
15632,-7.0,-244.0,-40.0,-50.0,403.0,2.0,-42.0,-942.0,-88.0,2
15633,-4.0,-245.0,-40.0,-45.0,407.0,-9.0,-45.0,-947.0,-83.0,2
15634,-5.0,-248.0,-37.0,-41.0,405.0,-20.0,-37.0,-948.0,-66.0,2
15635,-1.0,-246.0,-29.0,-36.0,397.0,-33.0,-32.0,-949.0,-60.0,2
15636,-2.0,-244.0,-29.0,-29.0,384.0,-45.0,-26.0,-951.0,-51.0,2
15637,-5.0,-247.0,-34.0,-21.0,372.0,-61.0,-33.0,-944.0,-50.0,2
15638,-6.0,-243.0,-34.0,-13.0,359.0,-73.0,-50.0,-941.0,-58.0,2
15639,-12.0,-245.0,-38.0,-10.0,343.0,-83.0,-64.0,-933.0,-74.0,2
15640,-17.0,-243.0,-40.0,-8.0,325.0,-87.0,-95.0,-939.0,-97.0,2
15641,-22.0,-244.0,-46.0,-10.0,304.0,-91.0,-115.0,-947.0,-111.0,2
15642,-27.0,-245.0,-52.0,-17.0,283.0,-87.0,-134.0,-946.0,-130.0,2
15643,-28.0,-247.0,-50.0,-31.0,260.0,-80.0,-140.0,-947.0,-132.0,2
15644,-26.0,-242.0,-54.0,-40.0,245.0,-65.0,-135.0,-950.0,-142.0,2
15645,-24.0,-246.0,-52.0,-49.0,238.0,-51.0,-121.0,-948.0,-138.0,2
15646,-17.0,-247.0,-55.0,-47.0,235.0,-31.0,-106.0,-950.0,-139.0,2
15647,-12.0,-250.0,-54.0,-43.0,237.0,-16.0,-82.0,-957.0,-137.0,2
15648,-7.0,-249.0,-53.0,-41.0,251.0,1.0,-61.0,-965.0,-133.0,2
15649,3.0,-250.0,-52.0,-39.0,266.0,7.0,-25.0,-965.0,-137.0,2
15650,1.0,-251.0,-50.0,-35.0,279.0,10.0,-16.0,-960.0,-133.0,2
15651,5.0,-250.0,-56.0,-30.0,281.0,6.0,-6.0,-960.0,-144.0,2
15652,1.0,-252.0,-56.0,-33.0,273.0,3.0,-13.0,-964.0,-151.0,2
15653,-4.0,-253.0,-55.0,-39.0,263.0,3.0,-30.0,-969.0,-149.0,2
15654,-6.0,-256.0,-53.0,-41.0,258.0,11.0,-50.0,-977.0,-142.0,2
15655,-6.0,-259.0,-49.0,-32.0,263.0,18.0,-67.0,-994.0,-129.0,2
15656,-11.0,-262.0,-46.0,-17.0,280.0,40.0,-79.0,-1019.0,-116.0,2
15657,-11.0,-269.0,-42.0,-2.0,316.0,55.0,-77.0,-1037.0,-89.0,2
15658,-11.0,-273.0,-32.0,15.0,358.0,78.0,-78.0,-1056.0,-53.0,2
15659,-12.0,-279.0,-19.0,35.0,404.0,100.0,-74.0,-1072.0,-21.0,2
15660,-8.0,-281.0,-15.0,63.0,440.0,122.0,-57.0,-1088.0,0.0,2
15661,2.0,-280.0,-13.0,91.0,471.0,138.0,-26.0,-1097.0,20.0,2
15662,10.0,-284.0,-13.0,118.0,500.0,154.0,13.0,-1102.0,36.0,2
15663,22.0,-285.0,-10.0,145.0,524.0,162.0,47.0,-1110.0,39.0,2
15664,35.0,-287.0,-6.0,168.0,544.0,170.0,88.0,-1113.0,39.0,2
15665,39.0,-285.0,-2.0,187.0,563.0,161.0,115.0,-1106.0,56.0,2
15666,45.0,-286.0,-6.0,201.0,581.0,157.0,135.0,-1107.0,56.0,2
15667,43.0,-285.0,-5.0,202.0,606.0,141.0,128.0,-1111.0,52.0,2
15668,40.0,-283.0,-5.0,185.0,640.0,126.0,110.0,-1100.0,59.0,2
15669,29.0,-282.0,0.0,163.0,687.0,114.0,74.0,-1092.0,65.0,2
15670,15.0,-275.0,-1.0,150.0,712.0,104.0,27.0,-1075.0,53.0,2
15671,5.0,-270.0,-15.0,142.0,722.0,90.0,-3.0,-1050.0,16.0,2
15672,-4.0,-267.0,-32.0,122.0,726.0,82.0,-45.0,-1043.0,-49.0,2
15673,-12.0,-260.0,-51.0,74.0,740.0,78.0,-90.0,-1023.0,-106.0,2
15674,-21.0,-259.0,-50.0,9.0,762.0,89.0,-109.0,-1006.0,-112.0,2
15675,-32.0,-263.0,-48.0,-34.0,784.0,99.0,-156.0,-1016.0,-101.0,2
15676,-40.0,-265.0,-42.0,-55.0,798.0,120.0,-186.0,-1031.0,-83.0,2
15677,-50.0,-274.0,-31.0,-62.0,800.0,133.0,-220.0,-1063.0,-51.0,2
15678,-59.0,-282.0,-17.0,-57.0,780.0,142.0,-246.0,-1080.0,-2.0,2
15679,-66.0,-285.0,-13.0,-32.0,722.0,138.0,-262.0,-1093.0,12.0,2
15680,-68.0,-284.0,-20.0,-3.0,656.0,130.0,-275.0,-1102.0,3.0,2
15681,-70.0,-287.0,-28.0,14.0,582.0,113.0,-290.0,-1102.0,-41.0,2
15682,-70.0,-281.0,-40.0,17.0,505.0,95.0,-291.0,-1095.0,-83.0,2
15683,-68.0,-283.0,-54.0,9.0,430.0,78.0,-283.0,-1098.0,-141.0,2
15684,-69.0,-284.0,-64.0,-8.0,363.0,63.0,-284.0,-1107.0,-204.0,2
15685,-69.0,-286.0,-74.0,-39.0,296.0,48.0,-284.0,-1115.0,-238.0,2
15686,-69.0,-292.0,-88.0,-68.0,225.0,42.0,-284.0,-1146.0,-274.0,2
15687,-73.0,-303.0,-89.0,-96.0,148.0,38.0,-298.0,-1167.0,-285.0,2
15688,-73.0,-311.0,-84.0,-119.0,70.0,51.0,-306.0,-1199.0,-282.0,2
15689,-75.0,-323.0,-80.0,-129.0,-3.0,69.0,-313.0,-1221.0,-265.0,2
15690,-80.0,-322.0,-76.0,-108.0,-85.0,95.0,-339.0,-1235.0,-244.0,2
15691,-81.0,-325.0,-78.0,-64.0,-156.0,125.0,-346.0,-1251.0,-247.0,2
15692,-80.0,-327.0,-83.0,-13.0,-226.0,161.0,-336.0,-1254.0,-256.0,2
15693,-69.0,-326.0,-85.0,38.0,-293.0,201.0,-302.0,-1253.0,-278.0,2
15694,-61.0,-325.0,-90.0,91.0,-358.0,253.0,-258.0,-1255.0,-307.0,2
15695,-43.0,-322.0,-92.0,147.0,-392.0,281.0,-191.0,-1235.0,-317.0,2
15696,-19.0,-311.0,-96.0,209.0,-398.0,282.0,-118.0,-1193.0,-309.0,2
15697,5.0,-296.0,-96.0,268.0,-394.0,264.0,-22.0,-1150.0,-310.0,2
15698,23.0,-280.0,-106.0,304.0,-385.0,236.0,57.0,-1095.0,-335.0,2
15699,36.0,-258.0,-114.0,308.0,-371.0,189.0,94.0,-1016.0,-368.0,2
15700,37.0,-242.0,-118.0,281.0,-344.0,133.0,112.0,-942.0,-398.0,2
15701,40.0,-225.0,-131.0,239.0,-307.0,95.0,114.0,-893.0,-453.0,2
15702,46.0,-214.0,-151.0,185.0,-251.0,79.0,139.0,-845.0,-512.0,2
15703,52.0,-205.0,-155.0,114.0,-189.0,72.0,171.0,-830.0,-551.0,2
15704,60.0,-199.0,-154.0,41.0,-125.0,70.0,199.0,-804.0,-554.0,2
15705,65.0,-197.0,-152.0,-16.0,-69.0,71.0,222.0,-798.0,-549.0,2
15706,70.0,-196.0,-145.0,-54.0,-22.0,82.0,240.0,-790.0,-519.0,2
15707,77.0,-201.0,-137.0,-73.0,25.0,84.0,264.0,-797.0,-492.0,2
15708,79.0,-201.0,-134.0,-81.0,66.0,87.0,259.0,-797.0,-473.0,2
15709,72.0,-201.0,-127.0,-85.0,111.0,84.0,256.0,-799.0,-445.0,2
15710,70.0,-202.0,-121.0,-81.0,147.0,97.0,245.0,-807.0,-421.0,2
15711,69.0,-210.0,-123.0,-71.0,174.0,105.0,235.0,-822.0,-408.0,2
15712,64.0,-210.0,-124.0,-70.0,190.0,116.0,219.0,-828.0,-416.0,2
15713,56.0,-211.0,-125.0,-68.0,207.0,121.0,196.0,-837.0,-431.0,2
15714,51.0,-215.0,-134.0,-76.0,227.0,125.0,175.0,-843.0,-449.0,2
15715,41.0,-215.0,-128.0,-96.0,242.0,115.0,142.0,-857.0,-456.0,2
15716,36.0,-221.0,-128.0,-120.0,242.0,99.0,112.0,-864.0,-444.0,2
15717,26.0,-223.0,-122.0,-143.0,228.0,66.0,82.0,-873.0,-417.0,2
15718,17.0,-225.0,-108.0,-167.0,201.0,40.0,51.0,-881.0,-387.0,2
15719,10.0,-226.0,-110.0,-196.0,172.0,9.0,19.0,-887.0,-363.0,2
15720,13.0,-233.0,-99.0,-225.0,153.0,-12.0,21.0,-909.0,-322.0,2
15721,13.0,-241.0,-94.0,-246.0,145.0,-50.0,23.0,-933.0,-303.0,2
15722,15.0,-246.0,-91.0,-249.0,152.0,-81.0,18.0,-949.0,-291.0,2
15723,12.0,-250.0,-91.0,-232.0,160.0,-116.0,17.0,-963.0,-287.0,2
15724,12.0,-255.0,-93.0,-202.0,166.0,-147.0,12.0,-965.0,-291.0,2
15725,7.0,-251.0,-91.0,-163.0,168.0,-181.0,-4.0,-957.0,-287.0,2
15726,7.0,-248.0,-90.0,-117.0,168.0,-204.0,0.0,-951.0,-284.0,2
15727,5.0,-244.0,-88.0,-78.0,167.0,-230.0,-9.0,-942.0,-284.0,2
15728,3.0,-243.0,-90.0,-44.0,159.0,-245.0,-27.0,-932.0,-282.0,2
15729,-3.0,-240.0,-87.0,-30.0,153.0,-272.0,-39.0,-927.0,-318.0,2
15730,-11.0,-239.0,-94.0,-50.0,145.0,-284.0,-61.0,-926.0,-323.0,2
15731,-13.0,-245.0,-95.0,-74.0,124.0,-291.0,-86.0,-936.0,-298.0,2
15732,-18.0,-249.0,-89.0,-89.0,83.0,-290.0,-105.0,-956.0,-295.0,2
15733,-20.0,-252.0,-86.0,-90.0,43.0,-286.0,-114.0,-965.0,-284.0,2
15734,-21.0,-254.0,-85.0,-88.0,8.0,-278.0,-107.0,-976.0,-265.0,2
15735,-18.0,-259.0,-80.0,-77.0,-28.0,-274.0,-102.0,-985.0,-247.0,2
15736,-14.0,-256.0,-73.0,-60.0,-55.0,-268.0,-86.0,-977.0,-220.0,2
15737,-10.0,-251.0,-70.0,-37.0,-71.0,-268.0,-63.0,-970.0,-214.0,2
15738,-9.0,-247.0,-70.0,-16.0,-82.0,-265.0,-63.0,-954.0,-212.0,2
15739,-7.0,-239.0,-68.0,1.0,-88.0,-264.0,-59.0,-926.0,-211.0,2
15740,-6.0,-238.0,-67.0,17.0,-104.0,-255.0,-41.0,-916.0,-203.0,2
15741,-4.0,-228.0,-68.0,31.0,-131.0,-254.0,-26.0,-893.0,-211.0,2
15742,8.0,-225.0,-71.0,43.0,-161.0,-253.0,1.0,-879.0,-209.0,2
15743,13.0,-220.0,-69.0,53.0,-175.0,-264.0,21.0,-852.0,-209.0,2
15744,18.0,-212.0,-73.0,58.0,-180.0,-268.0,41.0,-835.0,-212.0,2
15745,22.0,-206.0,-67.0,54.0,-176.0,-272.0,58.0,-811.0,-206.0,2
15746,29.0,-201.0,-71.0,48.0,-171.0,-271.0,79.0,-798.0,-206.0,2
15747,34.0,-197.0,-66.0,29.0,-165.0,-279.0,109.0,-792.0,-201.0,2
15748,41.0,-202.0,-64.0,2.0,-159.0,-288.0,126.0,-794.0,-189.0,2
15749,42.0,-205.0,-65.0,-29.0,-158.0,-306.0,129.0,-806.0,-199.0,2
15750,38.0,-209.0,-64.0,-63.0,-156.0,-321.0,124.0,-821.0,-197.0,2
15751,37.0,-214.0,-62.0,-95.0,-153.0,-335.0,103.0,-840.0,-192.0,2
15752,38.0,-225.0,-66.0,-114.0,-151.0,-339.0,119.0,-868.0,-196.0,2
15753,32.0,-233.0,-63.0,-124.0,-141.0,-350.0,103.0,-890.0,-187.0,2
15754,28.0,-233.0,-63.0,-124.0,-132.0,-348.0,85.0,-905.0,-183.0,2
15755,27.0,-235.0,-64.0,-123.0,-127.0,-350.0,66.0,-912.0,-187.0,2
15756,22.0,-238.0,-66.0,-126.0,-119.0,-342.0,52.0,-919.0,-188.0,2
15757,14.0,-236.0,-61.0,-132.0,-113.0,-334.0,36.0,-918.0,-181.0,2
15758,10.0,-237.0,-60.0,-133.0,-120.0,-325.0,20.0,-914.0,-172.0,2
15759,7.0,-233.0,-64.0,-133.0,-139.0,-321.0,7.0,-912.0,-174.0,2
15760,4.0,-236.0,-58.0,-141.0,-155.0,-308.0,0.0,-908.0,-172.0,2
15761,4.0,-233.0,-58.0,-153.0,-164.0,-299.0,-10.0,-905.0,-169.0,2
15762,-1.0,-229.0,-58.0,-165.0,-167.0,-287.0,-20.0,-900.0,-164.0,2
15763,-3.0,-229.0,-57.0,-176.0,-176.0,-274.0,-33.0,-885.0,-159.0,2
15764,-1.0,-225.0,-57.0,-196.0,-187.0,-257.0,-33.0,-880.0,-156.0,2
15765,-3.0,-222.0,-55.0,-209.0,-204.0,-244.0,-21.0,-866.0,-154.0,2
15766,2.0,-221.0,-60.0,-220.0,-219.0,-225.0,-19.0,-857.0,-158.0,2
15767,6.0,-221.0,-60.0,-231.0,-227.0,-217.0,-4.0,-856.0,-162.0,2
15768,6.0,-222.0,-60.0,-243.0,-231.0,-205.0,0.0,-856.0,-165.0,2
15769,12.0,-223.0,-58.0,-254.0,-237.0,-198.0,9.0,-854.0,-159.0,2
15770,15.0,-222.0,-57.0,-263.0,-250.0,-184.0,23.0,-864.0,-147.0,2
15771,20.0,-222.0,-47.0,-265.0,-262.0,-182.0,44.0,-861.0,-134.0,2
15772,22.0,-221.0,-48.0,-257.0,-272.0,-180.0,57.0,-859.0,-128.0,2
15773,26.0,-223.0,-49.0,-242.0,-276.0,-185.0,77.0,-862.0,-121.0,2
15774,33.0,-221.0,-48.0,-230.0,-277.0,-180.0,98.0,-865.0,-116.0,2
15775,39.0,-221.0,-52.0,-224.0,-272.0,-177.0,111.0,-857.0,-120.0,2
15776,40.0,-220.0,-52.0,-226.0,-263.0,-167.0,121.0,-865.0,-132.0,2
15777,39.0,-224.0,-53.0,-229.0,-250.0,-161.0,121.0,-872.0,-139.0,2
15778,37.0,-225.0,-52.0,-232.0,-236.0,-148.0,116.0,-881.0,-144.0,2
15779,38.0,-229.0,-56.0,-230.0,-226.0,-138.0,117.0,-893.0,-144.0,2
15780,39.0,-234.0,-54.0,-224.0,-217.0,-122.0,110.0,-906.0,-146.0,2
15781,35.0,-239.0,-52.0,-215.0,-212.0,-108.0,98.0,-922.0,-139.0,2
15782,31.0,-244.0,-57.0,-205.0,-209.0,-88.0,95.0,-939.0,-137.0,2
15783,27.0,-249.0,-53.0,-194.0,-215.0,-66.0,85.0,-950.0,-139.0,2
15784,23.0,-249.0,-49.0,-181.0,-216.0,-39.0,70.0,-964.0,-134.0,2
15785,25.0,-251.0,-51.0,-161.0,-213.0,-19.0,63.0,-972.0,-131.0,2
15786,24.0,-256.0,-48.0,-136.0,-208.0,7.0,62.0,-988.0,-121.0,2
15787,22.0,-254.0,-47.0,-109.0,-205.0,25.0,53.0,-974.0,-109.0,2
15788,25.0,-256.0,-45.0,-83.0,-204.0,43.0,56.0,-965.0,-104.0,2
15789,25.0,-250.0,-45.0,-59.0,-209.0,53.0,66.0,-956.0,-105.0,2
15790,25.0,-246.0,-43.0,-43.0,-216.0,63.0,65.0,-935.0,-108.0,2
15791,24.0,-240.0,-45.0,-40.0,-226.0,63.0,65.0,-929.0,-116.0,2
15792,24.0,-237.0,-47.0,-51.0,-236.0,62.0,67.0,-923.0,-127.0,2
15793,26.0,-238.0,-49.0,-70.0,-245.0,56.0,81.0,-920.0,-132.0,2
15794,28.0,-239.0,-56.0,-90.0,-249.0,55.0,92.0,-928.0,-139.0,2
15795,35.0,-243.0,-56.0,-108.0,-246.0,50.0,105.0,-940.0,-149.0,2
15796,36.0,-246.0,-57.0,-114.0,-235.0,47.0,115.0,-939.0,-159.0,2
15797,40.0,-249.0,-61.0,-112.0,-220.0,38.0,123.0,-954.0,-171.0,2
15798,39.0,-254.0,-62.0,-109.0,-205.0,34.0,129.0,-970.0,-187.0,2
15799,41.0,-256.0,-69.0,-103.0,-193.0,23.0,128.0,-1003.0,-191.0,2
15800,41.0,-257.0,-63.0,-93.0,-184.0,18.0,116.0,-1011.0,-185.0,2
15801,38.0,-262.0,-65.0,-81.0,-176.0,8.0,103.0,-1030.0,-187.0,2
15802,27.0,-266.0,-62.0,-69.0,-175.0,0.0,74.0,-1037.0,-170.0,2
15803,18.0,-268.0,-62.0,-59.0,-182.0,-13.0,54.0,-1047.0,-168.0,2
15804,11.0,-268.0,-62.0,-51.0,-197.0,-25.0,28.0,-1049.0,-168.0,2
15805,7.0,-272.0,-61.0,-45.0,-224.0,-36.0,5.0,-1051.0,-179.0,2
15806,5.0,-268.0,-66.0,-32.0,-243.0,-37.0,-2.0,-1043.0,-188.0,2
15807,6.0,-266.0,-71.0,-15.0,-255.0,-39.0,4.0,-1040.0,-202.0,2
15808,15.0,-262.0,-67.0,4.0,-263.0,-34.0,21.0,-1027.0,-208.0,2
15809,25.0,-260.0,-67.0,15.0,-267.0,-34.0,48.0,-1019.0,-199.0,2
15810,29.0,-258.0,-60.0,19.0,-268.0,-29.0,79.0,-1014.0,-177.0,2
15811,41.0,-260.0,-50.0,19.0,-264.0,-32.0,110.0,-1015.0,-150.0,2
15812,45.0,-261.0,-49.0,16.0,-261.0,-31.0,134.0,-1021.0,-113.0,2
15813,47.0,-267.0,-38.0,9.0,-263.0,-35.0,157.0,-1039.0,-75.0,2
15814,44.0,-267.0,-31.0,6.0,-270.0,-44.0,147.0,-1055.0,-47.0,2
15815,42.0,-275.0,-25.0,4.0,-283.0,-56.0,129.0,-1070.0,-30.0,2
15816,32.0,-280.0,-22.0,11.0,-292.0,-61.0,107.0,-1088.0,-13.0,2
15817,27.0,-286.0,-17.0,25.0,-304.0,-70.0,78.0,-1099.0,-8.0,2
15818,16.0,-285.0,-17.0,39.0,-326.0,-73.0,45.0,-1114.0,-6.0,2
15819,9.0,-292.0,-19.0,50.0,-354.0,-73.0,18.0,-1128.0,-3.0,2
15820,12.0,-292.0,-16.0,58.0,-383.0,-64.0,7.0,-1124.0,2.0,2
15821,9.0,-288.0,-13.0,83.0,-408.0,-55.0,-5.0,-1122.0,15.0,2
15822,5.0,-285.0,-8.0,113.0,-421.0,-42.0,0.0,-1119.0,34.0,2
15823,7.0,-282.0,-11.0,139.0,-431.0,-39.0,4.0,-1101.0,35.0,2
15824,10.0,-280.0,-4.0,149.0,-443.0,-35.0,13.0,-1088.0,46.0,2
15825,13.0,-273.0,0.0,151.0,-457.0,-33.0,21.0,-1079.0,65.0,2
15826,28.0,-272.0,1.0,154.0,-481.0,-26.0,69.0,-1064.0,67.0,2
15827,39.0,-264.0,-4.0,156.0,-495.0,-29.0,120.0,-1039.0,66.0,2
15828,45.0,-262.0,-6.0,159.0,-501.0,-39.0,157.0,-1023.0,32.0,2
15829,55.0,-260.0,-25.0,151.0,-506.0,-61.0,189.0,-1011.0,-17.0,2
15830,63.0,-257.0,-36.0,135.0,-504.0,-84.0,214.0,-1001.0,-81.0,2
15831,66.0,-255.0,-52.0,110.0,-501.0,-108.0,222.0,-1010.0,-131.0,2
15832,71.0,-264.0,-60.0,81.0,-491.0,-120.0,229.0,-1027.0,-165.0,2
15833,67.0,-267.0,-59.0,59.0,-476.0,-133.0,228.0,-1054.0,-169.0,2
15834,74.0,-280.0,-54.0,47.0,-446.0,-135.0,238.0,-1089.0,-149.0,2
15835,77.0,-287.0,-45.0,54.0,-402.0,-140.0,253.0,-1112.0,-103.0,2
15836,77.0,-291.0,-35.0,86.0,-332.0,-141.0,260.0,-1132.0,-56.0,2
15837,79.0,-294.0,-31.0,144.0,-270.0,-140.0,259.0,-1141.0,-43.0,2
15838,77.0,-290.0,-34.0,183.0,-217.0,-137.0,249.0,-1130.0,-59.0,2
15839,63.0,-285.0,-45.0,200.0,-180.0,-138.0,220.0,-1107.0,-113.0,2
15840,50.0,-278.0,-58.0,189.0,-154.0,-128.0,160.0,-1090.0,-165.0,2
15841,39.0,-273.0,-73.0,173.0,-139.0,-114.0,116.0,-1062.0,-225.0,2
15842,32.0,-264.0,-95.0,157.0,-131.0,-91.0,96.0,-1042.0,-292.0,2
15843,34.0,-264.0,-114.0,148.0,-118.0,-72.0,85.0,-1033.0,-372.0,2
15844,39.0,-261.0,-124.0,128.0,-95.0,-49.0,103.0,-1025.0,-440.0,2
15845,49.0,-260.0,-143.0,92.0,-56.0,-35.0,151.0,-1043.0,-509.0,2
15846,61.0,-270.0,-163.0,37.0,-11.0,-33.0,206.0,-1071.0,-585.0,2
15847,77.0,-280.0,-183.0,-37.0,54.0,-62.0,248.0,-1101.0,-655.0,2
15848,79.0,-296.0,-193.0,-80.0,119.0,-99.0,264.0,-1150.0,-696.0,2
15849,64.0,-310.0,-182.0,-86.0,180.0,-155.0,228.0,-1201.0,-662.0,2
15850,43.0,-324.0,-151.0,-46.0,234.0,-200.0,145.0,-1244.0,-569.0,2
15851,9.0,-323.0,-117.0,24.0,256.0,-243.0,35.0,-1251.0,-432.0,2
15852,-6.0,-320.0,-99.0,103.0,230.0,-264.0,-25.0,-1227.0,-338.0,2
15853,-12.0,-302.0,-98.0,171.0,182.0,-282.0,-74.0,-1148.0,-324.0,2
15854,-17.0,-273.0,-103.0,238.0,143.0,-285.0,-111.0,-1057.0,-347.0,2
15855,-28.0,-248.0,-121.0,312.0,123.0,-282.0,-141.0,-944.0,-413.0,2
15856,-38.0,-222.0,-138.0,381.0,112.0,-269.0,-182.0,-853.0,-503.0,2
15857,-47.0,-197.0,-167.0,410.0,103.0,-264.0,-201.0,-776.0,-579.0,2
15858,-58.0,-176.0,-180.0,358.0,93.0,-260.0,-227.0,-706.0,-623.0,2
15859,-67.0,-168.0,-160.0,251.0,74.0,-260.0,-252.0,-667.0,-634.0,2
15860,-65.0,-172.0,-173.0,115.0,46.0,-248.0,-265.0,-673.0,-623.0,2
15861,-59.0,-166.0,-156.0,-20.0,15.0,-233.0,-269.0,-707.0,-578.0,2
15862,-59.0,-178.0,-152.0,-124.0,-15.0,-207.0,-254.0,-767.0,-523.0,2
15863,-47.0,-221.0,-120.0,-171.0,-48.0,-183.0,-220.0,-830.0,-453.0,2
15864,-45.0,-234.0,-121.0,-170.0,-77.0,-152.0,-189.0,-887.0,-399.0,2
15865,-30.0,-255.0,-99.0,-130.0,-96.0,-122.0,-147.0,-943.0,-345.0,2
15866,-26.0,-261.0,-97.0,-76.0,-104.0,-89.0,-124.0,-1012.0,-338.0,2
15867,-11.0,-265.0,-117.0,-24.0,-100.0,-45.0,-97.0,-1052.0,-329.0,2
15868,-10.0,-274.0,-109.0,35.0,-86.0,-9.0,-75.0,-1077.0,-335.0,2
15869,-4.0,-275.0,-104.0,82.0,-62.0,29.0,-56.0,-1089.0,-349.0,2
15870,3.0,-274.0,-103.0,119.0,-33.0,85.0,-25.0,-1086.0,-363.0,2
15871,12.0,-277.0,-109.0,152.0,1.0,137.0,13.0,-1062.0,-351.0,2
15872,27.0,-264.0,-108.0,174.0,42.0,185.0,50.0,-1032.0,-339.0,2
15873,24.0,-255.0,-86.0,182.0,93.0,228.0,82.0,-1003.0,-345.0,2
15874,39.0,-250.0,-99.0,164.0,151.0,270.0,106.0,-971.0,-335.0,2
15875,44.0,-241.0,-97.0,127.0,203.0,298.0,131.0,-949.0,-323.0,2
15876,45.0,-244.0,-92.0,101.0,247.0,323.0,135.0,-937.0,-291.0,2
15877,44.0,-238.0,-96.0,80.0,286.0,340.0,139.0,-922.0,-298.0,2
15878,42.0,-231.0,-91.0,63.0,327.0,353.0,125.0,-905.0,-280.0,2
15879,36.0,-227.0,-91.0,71.0,357.0,358.0,113.0,-882.0,-293.0,2
15880,26.0,-222.0,-100.0,75.0,377.0,362.0,81.0,-871.0,-310.0,2
15881,22.0,-218.0,-92.0,78.0,400.0,361.0,61.0,-853.0,-293.0,2
15882,26.0,-214.0,-93.0,100.0,427.0,355.0,57.0,-841.0,-290.0,2
15883,19.0,-211.0,-95.0,119.0,451.0,343.0,42.0,-830.0,-299.0,2
15884,11.0,-207.0,-90.0,125.0,474.0,332.0,19.0,-811.0,-281.0,2
15885,9.0,-207.0,-86.0,135.0,486.0,318.0,9.0,-809.0,-272.0,2
15886,10.0,-205.0,-90.0,146.0,489.0,306.0,12.0,-812.0,-288.0,2
15887,10.0,-210.0,-90.0,135.0,495.0,290.0,11.0,-807.0,-301.0,2
15888,5.0,-205.0,-95.0,113.0,514.0,284.0,-4.0,-805.0,-294.0,2
15889,1.0,-206.0,-95.0,79.0,535.0,279.0,-19.0,-808.0,-309.0,2
15890,-4.0,-207.0,-97.0,47.0,551.0,278.0,-45.0,-822.0,-301.0,2
15891,-7.0,-209.0,-90.0,11.0,558.0,276.0,-50.0,-828.0,-286.0,2
15892,-8.0,-210.0,-84.0,-15.0,559.0,284.0,-58.0,-839.0,-252.0,2
15893,-7.0,-212.0,-76.0,-25.0,561.0,293.0,-51.0,-834.0,-227.0,2
15894,-8.0,-211.0,-72.0,-26.0,563.0,305.0,-49.0,-839.0,-224.0,2
15895,-7.0,-209.0,-67.0,-28.0,559.0,307.0,-45.0,-838.0,-215.0,2
15896,-1.0,-220.0,-62.0,-28.0,560.0,305.0,-39.0,-844.0,-204.0,2
15897,-7.0,-223.0,-70.0,-21.0,568.0,301.0,-54.0,-849.0,-202.0,2
15898,-10.0,-228.0,-66.0,-17.0,578.0,311.0,-74.0,-860.0,-190.0,2
15899,-19.0,-228.0,-72.0,-11.0,583.0,316.0,-85.0,-863.0,-194.0,2
15900,-9.0,-222.0,-61.0,-13.0,576.0,322.0,-91.0,-868.0,-190.0,2
15901,-16.0,-226.0,-68.0,-21.0,568.0,323.0,-100.0,-878.0,-202.0,2
15902,-20.0,-234.0,-64.0,-35.0,562.0,326.0,-104.0,-890.0,-188.0,2
15903,-17.0,-242.0,-63.0,-51.0,559.0,322.0,-110.0,-902.0,-184.0,2
15904,-28.0,-238.0,-55.0,-55.0,554.0,321.0,-112.0,-912.0,-172.0,2
15905,-22.0,-241.0,-58.0,-49.0,544.0,317.0,-125.0,-926.0,-162.0,2
15906,-26.0,-241.0,-64.0,-35.0,533.0,308.0,-123.0,-924.0,-161.0,2
15907,-23.0,-240.0,-55.0,-21.0,519.0,298.0,-120.0,-926.0,-165.0,2
15908,-25.0,-240.0,-65.0,-13.0,498.0,287.0,-116.0,-928.0,-170.0,2
15909,-14.0,-244.0,-65.0,-15.0,471.0,275.0,-103.0,-933.0,-182.0,2
15910,-6.0,-247.0,-70.0,-25.0,455.0,267.0,-78.0,-936.0,-179.0,2
15911,-12.0,-243.0,-69.0,-33.0,441.0,252.0,-63.0,-942.0,-179.0,2
15912,-8.0,-244.0,-57.0,-33.0,432.0,236.0,-56.0,-938.0,-167.0,2
15913,-9.0,-242.0,-58.0,-28.0,423.0,218.0,-55.0,-928.0,-167.0,2
15914,-9.0,-239.0,-62.0,-27.0,419.0,203.0,-62.0,-930.0,-165.0,2
15915,-12.0,-237.0,-57.0,-22.0,416.0,184.0,-61.0,-921.0,-161.0,2
15916,-9.0,-235.0,-54.0,-15.0,413.0,169.0,-58.0,-913.0,-165.0,2
15917,-8.0,-237.0,-57.0,-6.0,406.0,153.0,-49.0,-905.0,-155.0,2
15918,-6.0,-230.0,-60.0,8.0,397.0,133.0,-46.0,-897.0,-150.0,2
15919,-9.0,-228.0,-56.0,19.0,384.0,111.0,-53.0,-886.0,-161.0,2
15920,-9.0,-229.0,-60.0,22.0,370.0,99.0,-68.0,-884.0,-168.0,2
15921,-10.0,-229.0,-59.0,11.0,357.0,90.0,-66.0,-888.0,-172.0,2
15922,-9.0,-229.0,-53.0,-7.0,349.0,83.0,-68.0,-891.0,-155.0,2
15923,-6.0,-234.0,-53.0,-25.0,346.0,75.0,-59.0,-904.0,-132.0,2
15924,-7.0,-237.0,-55.0,-39.0,348.0,67.0,-60.0,-913.0,-130.0,2
15925,-12.0,-239.0,-49.0,-58.0,352.0,60.0,-71.0,-924.0,-106.0,2
15926,-8.0,-245.0,-41.0,-68.0,357.0,58.0,-64.0,-936.0,-86.0,2
15927,-3.0,-252.0,-39.0,-66.0,361.0,54.0,-52.0,-955.0,-73.0,2
15928,-4.0,-254.0,-35.0,-51.0,362.0,46.0,-48.0,-964.0,-67.0,2
15929,-5.0,-254.0,-38.0,-34.0,354.0,29.0,-50.0,-965.0,-68.0,2
15930,-7.0,-252.0,-37.0,-8.0,344.0,18.0,-41.0,-967.0,-69.0,2
15931,-8.0,-249.0,-44.0,10.0,332.0,4.0,-48.0,-959.0,-92.0,2
15932,-3.0,-247.0,-46.0,18.0,315.0,-6.0,-46.0,-950.0,-103.0,2
15933,-4.0,-245.0,-49.0,20.0,306.0,-19.0,-31.0,-948.0,-116.0,2
15934,-2.0,-245.0,-44.0,17.0,303.0,-26.0,-39.0,-934.0,-100.0,2
15935,-8.0,-238.0,-45.0,22.0,298.0,-31.0,-52.0,-925.0,-99.0,2
15936,-11.0,-236.0,-43.0,20.0,294.0,-33.0,-61.0,-912.0,-100.0,2
15937,-10.0,-234.0,-42.0,10.0,290.0,-33.0,-70.0,-912.0,-98.0,2
15938,-12.0,-235.0,-44.0,-2.0,283.0,-34.0,-75.0,-910.0,-93.0,2
15939,-12.0,-235.0,-42.0,-10.0,272.0,-39.0,-90.0,-902.0,-90.0,2
15940,-22.0,-234.0,-47.0,-14.0,256.0,-47.0,-112.0,-902.0,-99.0,2
15941,-28.0,-233.0,-46.0,-18.0,239.0,-52.0,-125.0,-896.0,-102.0,2
15942,-29.0,-233.0,-46.0,-18.0,218.0,-52.0,-138.0,-903.0,-111.0,2
15943,-28.0,-233.0,-47.0,-20.0,200.0,-53.0,-140.0,-901.0,-110.0,2
15944,-26.0,-233.0,-43.0,-18.0,187.0,-49.0,-140.0,-907.0,-104.0,2
15945,-22.0,-238.0,-40.0,-17.0,185.0,-41.0,-129.0,-916.0,-86.0,2
15946,-13.0,-239.0,-44.0,-18.0,191.0,-33.0,-95.0,-920.0,-85.0,2
15947,-9.0,-244.0,-38.0,-28.0,208.0,-25.0,-73.0,-926.0,-74.0,2
15948,-3.0,-244.0,-40.0,-42.0,232.0,-22.0,-45.0,-927.0,-61.0,2
15949,3.0,-243.0,-33.0,-54.0,250.0,-24.0,-22.0,-923.0,-52.0,2
15950,3.0,-243.0,-36.0,-56.0,256.0,-32.0,-11.0,-927.0,-68.0,2
15951,5.0,-240.0,-41.0,-59.0,255.0,-39.0,-12.0,-926.0,-82.0,2
15952,6.0,-242.0,-46.0,-67.0,257.0,-47.0,-4.0,-931.0,-101.0,2
15953,7.0,-245.0,-44.0,-81.0,261.0,-53.0,-12.0,-941.0,-103.0,2
15954,4.0,-245.0,-46.0,-103.0,263.0,-61.0,-13.0,-955.0,-105.0,2
15955,4.0,-256.0,-40.0,-120.0,263.0,-67.0,-22.0,-971.0,-100.0,2
15956,-4.0,-260.0,-40.0,-128.0,259.0,-74.0,-39.0,-1002.0,-86.0,2
15957,-1.0,-255.0,-31.0,-124.0,250.0,-82.0,-60.0,-1019.0,-67.0,2
15958,-6.0,-273.0,-38.0,-101.0,243.0,-82.0,-77.0,-1046.0,-53.0,2
15959,-9.0,-272.0,-23.0,-66.0,245.0,-84.0,-90.0,-1054.0,-46.0,2
15960,-12.0,-278.0,-33.0,-24.0,252.0,-83.0,-99.0,-1059.0,-45.0,2
15961,-15.0,-277.0,-26.0,13.0,283.0,-83.0,-98.0,-1068.0,-41.0,2
15962,-11.0,-288.0,-37.0,39.0,314.0,-81.0,-93.0,-1073.0,-30.0,2
15963,0.0,-270.0,-37.0,60.0,347.0,-75.0,-74.0,-1074.0,-13.0,2
15964,-11.0,-275.0,-20.0,78.0,374.0,-68.0,-52.0,-1074.0,-7.0,2
15965,2.0,-273.0,-7.0,96.0,392.0,-64.0,-35.0,-1070.0,13.0,2
15966,-2.0,-285.0,-15.0,115.0,402.0,-54.0,-7.0,-1070.0,18.0,2
15967,19.0,-280.0,-12.0,135.0,412.0,-39.0,17.0,-1068.0,17.0,2
15968,19.0,-276.0,-20.0,146.0,426.0,-27.0,51.0,-1062.0,17.0,2
15969,21.0,-272.0,-11.0,147.0,443.0,-18.0,64.0,-1068.0,11.0,2
15970,17.0,-276.0,-26.0,132.0,462.0,-13.0,58.0,-1063.0,3.0,2
15971,27.0,-274.0,-22.0,111.0,477.0,1.0,51.0,-1074.0,-9.0,2
15972,12.0,-278.0,-22.0,81.0,485.0,18.0,34.0,-1072.0,-1.0,2
15973,0.0,-292.0,-49.0,67.0,489.0,39.0,17.0,-1086.0,-30.0,2
15974,11.0,-279.0,-27.0,44.0,510.0,61.0,0.0,-1085.0,-30.0,2
15975,11.0,-283.0,-22.0,23.0,532.0,83.0,-3.0,-1095.0,-20.0,2
15976,-1.0,-281.0,-29.0,15.0,545.0,99.0,-28.0,-1094.0,-38.0,2
15977,-5.0,-280.0,-38.0,-3.0,559.0,122.0,-46.0,-1094.0,-66.0,2
15978,-10.0,-280.0,-44.0,-26.0,575.0,143.0,-60.0,-1100.0,-95.0,2
15979,-13.0,-286.0,-45.0,-54.0,586.0,155.0,-90.0,-1105.0,-103.0,2
15980,-22.0,-288.0,-43.0,-75.0,585.0,166.0,-120.0,-1119.0,-103.0,2
15981,-35.0,-293.0,-49.0,-89.0,564.0,180.0,-160.0,-1140.0,-110.0,2
15982,-45.0,-305.0,-47.0,-106.0,518.0,198.0,-193.0,-1170.0,-120.0,2
15983,-51.0,-313.0,-57.0,-119.0,479.0,209.0,-225.0,-1186.0,-124.0,2
15984,-56.0,-313.0,-42.0,-112.0,434.0,210.0,-236.0,-1202.0,-122.0,2
15985,-67.0,-315.0,-54.0,-81.0,378.0,209.0,-278.0,-1219.0,-140.0,2
15986,-79.0,-323.0,-63.0,-40.0,307.0,213.0,-300.0,-1230.0,-170.0,2
15987,-75.0,-312.0,-76.0,3.0,227.0,222.0,-326.0,-1235.0,-186.0,2
15988,-79.0,-312.0,-60.0,53.0,153.0,217.0,-350.0,-1220.0,-196.0,2
15989,-82.0,-319.0,-65.0,110.0,77.0,220.0,-347.0,-1209.0,-186.0,2
15990,-74.0,-307.0,-67.0,168.0,-1.0,226.0,-332.0,-1185.0,-182.0,2
15991,-74.0,-302.0,-59.0,226.0,-70.0,226.0,-306.0,-1160.0,-171.0,2
15992,-61.0,-288.0,-53.0,277.0,-139.0,209.0,-281.0,-1122.0,-165.0,2
15993,-56.0,-275.0,-60.0,322.0,-190.0,198.0,-252.0,-1092.0,-169.0,2
15994,-44.0,-265.0,-64.0,337.0,-232.0,177.0,-222.0,-1055.0,-204.0,2
15995,-31.0,-260.0,-88.0,325.0,-264.0,150.0,-193.0,-1018.0,-253.0,2
15996,-39.0,-251.0,-99.0,297.0,-287.0,123.0,-160.0,-974.0,-313.0,2
15997,-16.0,-238.0,-115.0,267.0,-293.0,103.0,-116.0,-948.0,-370.0,2
15998,-12.0,-230.0,-121.0,235.0,-282.0,83.0,-61.0,-925.0,-434.0,2
15999,13.0,-235.0,-134.0,185.0,-256.0,69.0,-1.0,-916.0,-464.0,2
16000,18.0,-236.0,-135.0,122.0,-218.0,62.0,34.0,-923.0,-485.0,2
16001,26.0,-238.0,-134.0,49.0,-176.0,63.0,70.0,-927.0,-466.0,2
16002,35.0,-238.0,-126.0,-17.0,-141.0,68.0,97.0,-938.0,-462.0,2
16003,39.0,-245.0,-129.0,-77.0,-105.0,77.0,114.0,-953.0,-456.0,2
16004,44.0,-250.0,-137.0,-111.0,-74.0,88.0,128.0,-967.0,-459.0,2
16005,40.0,-253.0,-131.0,-128.0,-40.0,101.0,127.0,-977.0,-455.0,2
16006,47.0,-256.0,-124.0,-118.0,-9.0,123.0,135.0,-980.0,-442.0,2
16007,45.0,-255.0,-123.0,-88.0,10.0,150.0,144.0,-1000.0,-418.0,2
16008,49.0,-255.0,-117.0,-46.0,15.0,175.0,156.0,-993.0,-411.0,2
16009,53.0,-253.0,-119.0,-9.0,14.0,198.0,172.0,-985.0,-404.0,2
16010,53.0,-246.0,-116.0,17.0,7.0,216.0,187.0,-969.0,-404.0,2
16011,54.0,-241.0,-120.0,36.0,-4.0,231.0,188.0,-926.0,-400.0,2
16012,55.0,-234.0,-117.0,52.0,-15.0,237.0,197.0,-908.0,-413.0,2
16013,53.0,-224.0,-121.0,73.0,-25.0,238.0,184.0,-867.0,-424.0,2
16014,50.0,-209.0,-125.0,103.0,-30.0,234.0,168.0,-820.0,-427.0,2
16015,48.0,-203.0,-137.0,133.0,-32.0,226.0,160.0,-803.0,-477.0,2
16016,49.0,-193.0,-147.0,121.0,-19.0,210.0,156.0,-775.0,-512.0,2
16017,42.0,-189.0,-151.0,72.0,11.0,195.0,131.0,-754.0,-531.0,2
16018,34.0,-193.0,-151.0,-7.0,47.0,174.0,106.0,-763.0,-537.0,2
16019,32.0,-191.0,-137.0,-111.0,86.0,147.0,93.0,-790.0,-516.0,2
16020,25.0,-209.0,-133.0,-212.0,118.0,113.0,60.0,-824.0,-466.0,2
16021,19.0,-218.0,-120.0,-290.0,144.0,88.0,43.0,-855.0,-411.0,2
16022,18.0,-237.0,-109.0,-338.0,167.0,58.0,47.0,-899.0,-369.0,2
16023,19.0,-244.0,-97.0,-354.0,194.0,11.0,56.0,-938.0,-336.0,2
16024,16.0,-252.0,-82.0,-325.0,233.0,-30.0,38.0,-959.0,-261.0,2
16025,5.0,-261.0,-76.0,-264.0,252.0,-67.0,-6.0,-1003.0,-231.0,2
16026,-4.0,-265.0,-68.0,-185.0,249.0,-104.0,-28.0,-1014.0,-220.0,2
16027,-10.0,-264.0,-72.0,-104.0,220.0,-130.0,-58.0,-1030.0,-209.0,2
16028,-8.0,-273.0,-82.0,-41.0,177.0,-154.0,-59.0,-1069.0,-247.0,2
16029,-9.0,-279.0,-83.0,-29.0,137.0,-189.0,-66.0,-1091.0,-263.0,2
16030,-14.0,-279.0,-85.0,-45.0,108.0,-230.0,-82.0,-1089.0,-260.0,2
16031,-20.0,-274.0,-74.0,-61.0,69.0,-257.0,-111.0,-1075.0,-243.0,2
16032,-23.0,-279.0,-70.0,-49.0,17.0,-273.0,-118.0,-1082.0,-224.0,2
16033,-25.0,-277.0,-71.0,-11.0,-42.0,-283.0,-120.0,-1071.0,-218.0,2
16034,-20.0,-271.0,-67.0,43.0,-107.0,-293.0,-111.0,-1058.0,-215.0,2
16035,-20.0,-266.0,-71.0,79.0,-152.0,-296.0,-112.0,-1037.0,-218.0,2
16036,-20.0,-260.0,-73.0,100.0,-183.0,-295.0,-106.0,-1012.0,-215.0,2
16037,-12.0,-255.0,-71.0,108.0,-205.0,-286.0,-73.0,-994.0,-205.0,2
16038,-4.0,-248.0,-71.0,110.0,-226.0,-285.0,-42.0,-958.0,-210.0,2
16039,-2.0,-242.0,-69.0,110.0,-242.0,-287.0,-25.0,-932.0,-216.0,2
16040,4.0,-235.0,-69.0,110.0,-250.0,-286.0,-5.0,-909.0,-203.0,2
16041,11.0,-228.0,-71.0,111.0,-258.0,-277.0,14.0,-889.0,-208.0,2
16042,13.0,-223.0,-65.0,114.0,-257.0,-274.0,28.0,-867.0,-193.0,2
16043,14.0,-217.0,-68.0,122.0,-258.0,-270.0,40.0,-850.0,-187.0,2
16044,17.0,-214.0,-68.0,123.0,-262.0,-270.0,50.0,-840.0,-205.0,2
16045,24.0,-210.0,-62.0,109.0,-263.0,-266.0,63.0,-827.0,-197.0,2
16046,23.0,-211.0,-67.0,98.0,-258.0,-268.0,61.0,-824.0,-199.0,2
16047,23.0,-211.0,-68.0,82.0,-254.0,-266.0,69.0,-831.0,-201.0,2
16048,28.0,-211.0,-68.0,65.0,-256.0,-274.0,73.0,-834.0,-204.0,2
16049,25.0,-214.0,-64.0,48.0,-259.0,-279.0,65.0,-828.0,-200.0,2
16050,24.0,-210.0,-66.0,43.0,-257.0,-286.0,65.0,-832.0,-189.0,2
16051,22.0,-216.0,-63.0,44.0,-249.0,-285.0,58.0,-836.0,-188.0,2
16052,21.0,-211.0,-64.0,45.0,-236.0,-288.0,63.0,-844.0,-173.0,2
16053,22.0,-219.0,-63.0,41.0,-232.0,-290.0,57.0,-853.0,-175.0,2
16054,16.0,-228.0,-63.0,31.0,-232.0,-296.0,51.0,-861.0,-176.0,2
16055,19.0,-223.0,-61.0,7.0,-235.0,-295.0,46.0,-874.0,-175.0,2
16056,18.0,-227.0,-57.0,-14.0,-237.0,-302.0,36.0,-885.0,-164.0,2
16057,13.0,-232.0,-55.0,-32.0,-237.0,-303.0,30.0,-893.0,-153.0,2
16058,14.0,-232.0,-56.0,-48.0,-239.0,-300.0,19.0,-902.0,-151.0,2
16059,24.0,-239.0,-57.0,-66.0,-245.0,-296.0,49.0,-922.0,-158.0,2
16060,14.0,-237.0,-56.0,-92.0,-250.0,-311.0,39.0,-921.0,-151.0,2
16061,10.0,-234.0,-57.0,-106.0,-255.0,-314.0,11.0,-912.0,-147.0,2
16062,7.0,-234.0,-56.0,-112.0,-263.0,-307.0,5.0,-910.0,-163.0,2
16063,10.0,-230.0,-62.0,-120.0,-271.0,-292.0,15.0,-907.0,-173.0,2
16064,11.0,-230.0,-62.0,-128.0,-272.0,-284.0,19.0,-898.0,-180.0,2
16065,15.0,-230.0,-62.0,-129.0,-268.0,-276.0,24.0,-890.0,-178.0,2
16066,12.0,-228.0,-60.0,-135.0,-269.0,-268.0,15.0,-884.0,-176.0,2
16067,12.0,-228.0,-58.0,-134.0,-269.0,-254.0,15.0,-883.0,-168.0,2
16068,12.0,-228.0,-57.0,-134.0,-275.0,-245.0,16.0,-889.0,-162.0,2
16069,11.0,-227.0,-56.0,-136.0,-281.0,-238.0,22.0,-883.0,-150.0,2
16070,13.0,-229.0,-51.0,-127.0,-287.0,-237.0,23.0,-881.0,-134.0,2
16071,16.0,-224.0,-48.0,-106.0,-294.0,-232.0,31.0,-874.0,-124.0,2
16072,16.0,-224.0,-51.0,-84.0,-303.0,-226.0,23.0,-873.0,-126.0,2
16073,18.0,-224.0,-53.0,-70.0,-308.0,-215.0,38.0,-867.0,-135.0,2
16074,21.0,-222.0,-58.0,-71.0,-308.0,-205.0,49.0,-859.0,-152.0,2
16075,23.0,-219.0,-61.0,-78.0,-302.0,-195.0,60.0,-858.0,-166.0,2
16076,23.0,-221.0,-66.0,-98.0,-292.0,-189.0,66.0,-862.0,-174.0,2
16077,27.0,-222.0,-63.0,-121.0,-285.0,-177.0,79.0,-868.0,-188.0,2
16078,30.0,-223.0,-64.0,-144.0,-277.0,-168.0,82.0,-878.0,-184.0,2
16079,32.0,-229.0,-61.0,-160.0,-264.0,-155.0,90.0,-884.0,-169.0,2
16080,30.0,-231.0,-58.0,-164.0,-250.0,-145.0,90.0,-899.0,-164.0,2
16081,34.0,-235.0,-56.0,-158.0,-235.0,-132.0,96.0,-905.0,-151.0,2
16082,32.0,-238.0,-53.0,-147.0,-219.0,-126.0,95.0,-913.0,-143.0,2
16083,30.0,-241.0,-53.0,-133.0,-208.0,-114.0,92.0,-924.0,-138.0,2
16084,30.0,-242.0,-50.0,-124.0,-201.0,-106.0,79.0,-927.0,-130.0,2
16085,25.0,-239.0,-51.0,-112.0,-200.0,-95.0,68.0,-927.0,-126.0,2
16086,20.0,-240.0,-49.0,-102.0,-206.0,-86.0,53.0,-924.0,-120.0,2
16087,17.0,-236.0,-45.0,-98.0,-208.0,-72.0,44.0,-915.0,-122.0,2
16088,14.0,-238.0,-45.0,-98.0,-210.0,-60.0,40.0,-921.0,-112.0,2
16089,13.0,-238.0,-45.0,-101.0,-209.0,-46.0,22.0,-925.0,-99.0,2
16090,10.0,-241.0,-44.0,-102.0,-208.0,-37.0,21.0,-924.0,-90.0,2
16091,13.0,-242.0,-41.0,-103.0,-208.0,-27.0,14.0,-932.0,-86.0,2
16092,14.0,-243.0,-38.0,-106.0,-206.0,-20.0,18.0,-939.0,-87.0,2
16093,13.0,-246.0,-36.0,-107.0,-204.0,-10.0,23.0,-949.0,-81.0,2
16094,14.0,-250.0,-39.0,-103.0,-202.0,-9.0,33.0,-952.0,-82.0,2
16095,16.0,-251.0,-37.0,-102.0,-205.0,-11.0,38.0,-960.0,-82.0,2
16096,20.0,-254.0,-38.0,-101.0,-212.0,-18.0,53.0,-969.0,-84.0,2
16097,28.0,-253.0,-42.0,-101.0,-220.0,-20.0,73.0,-974.0,-90.0,2
16098,35.0,-256.0,-46.0,-101.0,-227.0,-25.0,94.0,-978.0,-98.0,2
16099,33.0,-254.0,-44.0,-104.0,-228.0,-28.0,104.0,-984.0,-115.0,2
16100,39.0,-259.0,-51.0,-103.0,-228.0,-35.0,110.0,-1000.0,-125.0,2
16101,38.0,-253.0,-55.0,-97.0,-231.0,-36.0,119.0,-987.0,-143.0,2
16102,39.0,-251.0,-58.0,-84.0,-222.0,-37.0,122.0,-978.0,-154.0,2
16103,32.0,-252.0,-59.0,-71.0,-205.0,-32.0,105.0,-978.0,-162.0,2
16104,30.0,-254.0,-61.0,-62.0,-180.0,-33.0,96.0,-980.0,-169.0,2
16105,22.0,-255.0,-62.0,-61.0,-165.0,-32.0,64.0,-976.0,-159.0,2
16106,16.0,-255.0,-56.0,-71.0,-165.0,-36.0,40.0,-986.0,-152.0,2
16107,14.0,-252.0,-49.0,-81.0,-181.0,-37.0,20.0,-976.0,-136.0,2
16108,9.0,-255.0,-54.0,-85.0,-195.0,-41.0,-2.0,-975.0,-140.0,2
16109,6.0,-252.0,-57.0,-83.0,-205.0,-35.0,-16.0,-966.0,-147.0,2
16110,3.0,-246.0,-57.0,-78.0,-211.0,-31.0,-7.0,-953.0,-153.0,2
16111,9.0,-241.0,-64.0,-68.0,-216.0,-24.0,-1.0,-950.0,-174.0,2
16112,11.0,-242.0,-67.0,-61.0,-223.0,-21.0,19.0,-933.0,-192.0,2
16113,16.0,-240.0,-67.0,-65.0,-232.0,-13.0,34.0,-928.0,-202.0,2
16114,23.0,-238.0,-67.0,-78.0,-239.0,-10.0,52.0,-931.0,-191.0,2
16115,27.0,-246.0,-59.0,-96.0,-242.0,-2.0,73.0,-946.0,-170.0,2
16116,32.0,-252.0,-53.0,-114.0,-237.0,-8.0,94.0,-969.0,-137.0,2
16117,35.0,-261.0,-43.0,-123.0,-237.0,-4.0,106.0,-999.0,-94.0,2
16118,34.0,-265.0,-33.0,-120.0,-237.0,-10.0,101.0,-1047.0,-55.0,2
16119,31.0,-277.0,-29.0,-110.0,-247.0,-16.0,92.0,-1071.0,-39.0,2
16120,24.0,-283.0,-15.0,-94.0,-262.0,-30.0,70.0,-1096.0,-1.0,2
16121,20.0,-289.0,-19.0,-71.0,-286.0,-34.0,48.0,-1123.0,3.0,2
16122,14.0,-296.0,-19.0,-54.0,-306.0,-41.0,25.0,-1142.0,-4.0,2
16123,5.0,-299.0,-13.0,-37.0,-328.0,-45.0,3.0,-1151.0,-4.0,2
16124,2.0,-300.0,-22.0,-15.0,-355.0,-53.0,-23.0,-1157.0,-6.0,2
16125,-4.0,-300.0,-22.0,9.0,-381.0,-53.0,-42.0,-1156.0,-13.0,2
16126,-8.0,-299.0,-22.0,37.0,-407.0,-54.0,-60.0,-1149.0,-17.0,2
16127,-6.0,-292.0,-22.0,62.0,-431.0,-40.0,-62.0,-1130.0,-15.0,2
16128,-4.0,-285.0,-22.0,84.0,-451.0,-30.0,-42.0,-1110.0,-15.0,2
16129,0.0,-278.0,-29.0,97.0,-460.0,-25.0,-33.0,-1098.0,-36.0,2
16130,4.0,-272.0,-31.0,74.0,-473.0,-31.0,-14.0,-1078.0,-57.0,2
16131,5.0,-268.0,-34.0,30.0,-497.0,-39.0,7.0,-1049.0,-65.0,2
16132,12.0,-267.0,-35.0,-7.0,-526.0,-54.0,23.0,-1044.0,-73.0,2
16133,16.0,-271.0,-37.0,-25.0,-556.0,-67.0,40.0,-1056.0,-77.0,2
16134,25.0,-279.0,-40.0,-22.0,-576.0,-81.0,63.0,-1073.0,-76.0,2
16135,36.0,-281.0,-40.0,-11.0,-580.0,-86.0,109.0,-1101.0,-85.0,2
16136,53.0,-287.0,-24.0,11.0,-567.0,-90.0,170.0,-1099.0,-14.0,2
16137,69.0,-286.0,-35.0,81.0,-527.0,-101.0,229.0,-1122.0,-53.0,2
16138,80.0,-287.0,-38.0,123.0,-477.0,-131.0,257.0,-1109.0,-68.0,2
16139,80.0,-282.0,-44.0,140.0,-412.0,-146.0,271.0,-1108.0,-93.0,2
16140,76.0,-279.0,-56.0,125.0,-367.0,-154.0,267.0,-1112.0,-134.0,2
16141,80.0,-280.0,-62.0,90.0,-323.0,-154.0,261.0,-1097.0,-169.0,2
16142,73.0,-274.0,-74.0,52.0,-281.0,-158.0,253.0,-1092.0,-210.0,2
16143,75.0,-278.0,-79.0,14.0,-243.0,-158.0,248.0,-1097.0,-257.0,2
16144,70.0,-285.0,-90.0,-17.0,-207.0,-157.0,232.0,-1112.0,-287.0,2
16145,64.0,-292.0,-94.0,-38.0,-166.0,-150.0,216.0,-1140.0,-300.0,2
16146,63.0,-299.0,-94.0,-44.0,-118.0,-145.0,210.0,-1155.0,-296.0,2
16147,65.0,-303.0,-91.0,-24.0,-59.0,-136.0,214.0,-1174.0,-282.0,2
16148,68.0,-307.0,-94.0,20.0,4.0,-140.0,229.0,-1191.0,-300.0,2
16149,74.0,-306.0,-99.0,68.0,88.0,-145.0,244.0,-1189.0,-327.0,2
16150,80.0,-307.0,-112.0,110.0,161.0,-156.0,261.0,-1194.0,-360.0,2
16151,78.0,-302.0,-120.0,115.0,227.0,-171.0,261.0,-1181.0,-401.0,2
16152,72.0,-301.0,-126.0,108.0,280.0,-194.0,246.0,-1173.0,-433.0,2
16153,58.0,-305.0,-127.0,104.0,318.0,-215.0,208.0,-1171.0,-433.0,2
16154,35.0,-299.0,-119.0,117.0,330.0,-234.0,127.0,-1173.0,-411.0,2
16155,19.0,-299.0,-106.0,147.0,319.0,-238.0,43.0,-1155.0,-363.0,2
16156,-1.0,-293.0,-95.0,189.0,292.0,-230.0,-22.0,-1135.0,-310.0,2
16157,-12.0,-282.0,-84.0,239.0,256.0,-203.0,-67.0,-1093.0,-263.0,2
16158,-14.0,-266.0,-80.0,291.0,214.0,-173.0,-97.0,-1030.0,-255.0,2
16159,-20.0,-250.0,-88.0,346.0,166.0,-132.0,-100.0,-957.0,-279.0,2
16160,-20.0,-230.0,-100.0,400.0,105.0,-108.0,-106.0,-895.0,-325.0,2
16161,-24.0,-207.0,-114.0,415.0,55.0,-91.0,-124.0,-833.0,-377.0,2
16162,-36.0,-191.0,-122.0,405.0,0.0,-89.0,-142.0,-780.0,-413.0,2
16163,-43.0,-188.0,-125.0,375.0,-55.0,-91.0,-192.0,-723.0,-440.0,2
16164,-55.0,-177.0,-131.0,327.0,-115.0,-97.0,-239.0,-696.0,-458.0,2
16165,-66.0,-172.0,-128.0,266.0,-180.0,-93.0,-276.0,-680.0,-452.0,2
16166,-74.0,-170.0,-124.0,203.0,-244.0,-85.0,-288.0,-669.0,-441.0,2
16167,-74.0,-170.0,-123.0,148.0,-306.0,-75.0,-295.0,-674.0,-427.0,2
16168,-70.0,-173.0,-121.0,99.0,-357.0,-67.0,-285.0,-686.0,-418.0,2
16169,-60.0,-183.0,-114.0,53.0,-390.0,-50.0,-269.0,-704.0,-400.0,2
16170,-51.0,-189.0,-112.0,21.0,-400.0,-38.0,-235.0,-722.0,-368.0,2
16171,-40.0,-189.0,-108.0,5.0,-382.0,-32.0,-185.0,-737.0,-370.0,2
16172,-32.0,-200.0,-115.0,-12.0,-351.0,-37.0,-142.0,-785.0,-403.0,2
16173,-26.0,-204.0,-114.0,-64.0,-331.0,-26.0,-134.0,-816.0,-403.0,2
16174,-19.0,-217.0,-117.0,-113.0,-320.0,-18.0,-102.0,-853.0,-384.0,2
16175,-4.0,-229.0,-114.0,-138.0,-317.0,-6.0,-40.0,-887.0,-375.0,2
16176,9.0,-243.0,-116.0,-154.0,-321.0,0.0,3.0,-936.0,-390.0,2
16177,22.0,-251.0,-104.0,-188.0,-329.0,21.0,46.0,-967.0,-351.0,2
16178,34.0,-256.0,-94.0,-196.0,-317.0,32.0,89.0,-998.0,-302.0,2
16179,40.0,-259.0,-91.0,-170.0,-282.0,46.0,119.0,-1008.0,-289.0,2
16180,44.0,-260.0,-91.0,-138.0,-239.0,50.0,143.0,-1007.0,-277.0,2
16181,43.0,-255.0,-87.0,-109.0,-195.0,50.0,128.0,-1002.0,-275.0,2
16182,35.0,-251.0,-89.0,-89.0,-170.0,49.0,107.0,-994.0,-274.0,2
16183,33.0,-256.0,-83.0,-77.0,-142.0,63.0,94.0,-980.0,-261.0,2
16184,32.0,-258.0,-87.0,-66.0,-109.0,75.0,82.0,-1004.0,-276.0,2
16185,27.0,-261.0,-82.0,-69.0,-74.0,96.0,70.0,-1011.0,-266.0,2
16186,26.0,-265.0,-82.0,-58.0,-38.0,114.0,58.0,-1021.0,-252.0,2
16187,22.0,-267.0,-86.0,-30.0,-3.0,136.0,53.0,-1033.0,-264.0,2
16188,17.0,-266.0,-85.0,0.0,25.0,153.0,35.0,-1045.0,-274.0,2
16189,15.0,-270.0,-89.0,34.0,53.0,182.0,19.0,-1053.0,-278.0,2
16190,12.0,-272.0,-86.0,74.0,80.0,205.0,14.0,-1050.0,-273.0,2
16191,4.0,-266.0,-81.0,130.0,107.0,226.0,-14.0,-1034.0,-265.0,2
16192,7.0,-263.0,-85.0,190.0,137.0,241.0,-6.0,-1037.0,-293.0,2
16193,8.0,-259.0,-90.0,213.0,150.0,258.0,-3.0,-1017.0,-291.0,2
16194,12.0,-253.0,-80.0,222.0,167.0,270.0,11.0,-981.0,-263.0,2
16195,11.0,-247.0,-81.0,233.0,188.0,281.0,13.0,-966.0,-262.0,2
16196,17.0,-246.0,-74.0,223.0,204.0,288.0,27.0,-953.0,-240.0,2
16197,18.0,-240.0,-71.0,219.0,221.0,294.0,38.0,-934.0,-209.0,2
16198,20.0,-240.0,-71.0,227.0,244.0,290.0,50.0,-921.0,-207.0,2
16199,19.0,-231.0,-66.0,226.0,263.0,281.0,47.0,-896.0,-193.0,2
16200,13.0,-227.0,-59.0,220.0,285.0,273.0,17.0,-877.0,-174.0,2
16201,11.0,-222.0,-59.0,209.0,305.0,283.0,10.0,-868.0,-173.0,2
16202,14.0,-217.0,-56.0,196.0,327.0,286.0,17.0,-853.0,-163.0,2
16203,9.0,-218.0,-59.0,180.0,346.0,286.0,9.0,-844.0,-174.0,2
16204,9.0,-215.0,-61.0,159.0,367.0,281.0,-2.0,-834.0,-169.0,2
16205,2.0,-213.0,-65.0,137.0,383.0,283.0,-17.0,-832.0,-173.0,2
16206,3.0,-213.0,-62.0,114.0,394.0,282.0,-18.0,-834.0,-187.0,2
16207,-2.0,-212.0,-63.0,93.0,402.0,279.0,-30.0,-834.0,-189.0,2
16208,-1.0,-215.0,-66.0,79.0,412.0,275.0,-35.0,-843.0,-189.0,2
16209,-6.0,-219.0,-65.0,64.0,418.0,272.0,-44.0,-844.0,-196.0,2
16210,-5.0,-218.0,-69.0,47.0,432.0,261.0,-51.0,-853.0,-192.0,2
16211,-8.0,-218.0,-66.0,22.0,447.0,258.0,-63.0,-863.0,-187.0,2
16212,-9.0,-225.0,-63.0,-2.0,458.0,252.0,-62.0,-881.0,-179.0,2
16213,-10.0,-228.0,-64.0,-29.0,470.0,252.0,-60.0,-888.0,-171.0,2
16214,-7.0,-233.0,-58.0,-44.0,476.0,245.0,-62.0,-901.0,-158.0,2
16215,-8.0,-237.0,-54.0,-50.0,477.0,243.0,-63.0,-910.0,-135.0,2
16216,-11.0,-237.0,-51.0,-47.0,478.0,233.0,-66.0,-921.0,-135.0,2
16217,-6.0,-242.0,-51.0,-44.0,481.0,230.0,-55.0,-923.0,-132.0,2
16218,-5.0,-241.0,-53.0,-42.0,485.0,217.0,-44.0,-931.0,-132.0,2
16219,-6.0,-240.0,-57.0,-48.0,487.0,205.0,-41.0,-929.0,-136.0,2
16220,-5.0,-241.0,-55.0,-56.0,489.0,194.0,-39.0,-929.0,-142.0,2
16221,-4.0,-242.0,-55.0,-66.0,494.0,191.0,-43.0,-937.0,-144.0,2
16222,-3.0,-242.0,-55.0,-72.0,498.0,183.0,-37.0,-936.0,-145.0,2
16223,2.0,-239.0,-57.0,-75.0,503.0,174.0,-22.0,-921.0,-162.0,2
16224,1.0,-237.0,-58.0,-77.0,507.0,162.0,-26.0,-920.0,-155.0,2
16225,3.0,-239.0,-55.0,-75.0,513.0,154.0,-23.0,-915.0,-155.0,2
16226,-2.0,-237.0,-59.0,-72.0,514.0,144.0,-34.0,-908.0,-154.0,2
16227,-1.0,-235.0,-53.0,-66.0,516.0,139.0,-38.0,-903.0,-149.0,2
16228,-4.0,-234.0,-54.0,-53.0,515.0,129.0,-40.0,-896.0,-144.0,2
16229,-2.0,-231.0,-55.0,-44.0,507.0,122.0,-42.0,-887.0,-142.0,2
16230,-6.0,-229.0,-54.0,-41.0,496.0,111.0,-49.0,-886.0,-146.0,2
16231,-3.0,-227.0,-52.0,-48.0,486.0,106.0,-48.0,-883.0,-141.0,2
16232,-4.0,-227.0,-55.0,-59.0,484.0,98.0,-45.0,-882.0,-136.0,2
16233,-4.0,-228.0,-50.0,-72.0,486.0,93.0,-41.0,-887.0,-130.0,2
16234,-5.0,-230.0,-49.0,-82.0,488.0,81.0,-41.0,-895.0,-125.0,2
16235,-5.0,-232.0,-48.0,-88.0,486.0,74.0,-40.0,-898.0,-112.0,2
16236,-4.0,-233.0,-43.0,-92.0,485.0,65.0,-42.0,-908.0,-98.0,2
16237,-4.0,-238.0,-45.0,-95.0,483.0,56.0,-42.0,-912.0,-89.0,2
16238,-3.0,-240.0,-41.0,-94.0,480.0,42.0,-40.0,-918.0,-86.0,2
16239,-11.0,-239.0,-40.0,-87.0,473.0,30.0,-52.0,-928.0,-87.0,2
16240,-8.0,-243.0,-45.0,-81.0,458.0,17.0,-54.0,-927.0,-97.0,2
16241,-6.0,-245.0,-49.0,-74.0,442.0,9.0,-54.0,-935.0,-117.0,2
16242,-8.0,-243.0,-50.0,-80.0,428.0,2.0,-54.0,-935.0,-122.0,2
16243,-6.0,-244.0,-51.0,-97.0,415.0,2.0,-47.0,-936.0,-120.0,2
16244,-7.0,-243.0,-46.0,-105.0,405.0,-5.0,-42.0,-942.0,-117.0,2
16245,-9.0,-244.0,-47.0,-111.0,392.0,-8.0,-56.0,-943.0,-111.0,2
16246,-12.0,-242.0,-47.0,-110.0,380.0,-16.0,-68.0,-939.0,-101.0,2
16247,-13.0,-244.0,-49.0,-111.0,367.0,-18.0,-77.0,-940.0,-114.0,2
16248,-20.0,-244.0,-50.0,-116.0,347.0,-26.0,-104.0,-937.0,-125.0,2
16249,-24.0,-244.0,-55.0,-124.0,325.0,-26.0,-118.0,-939.0,-144.0,2
16250,-26.0,-244.0,-57.0,-133.0,299.0,-28.0,-129.0,-943.0,-156.0,2
16251,-31.0,-243.0,-60.0,-147.0,271.0,-26.0,-153.0,-931.0,-172.0,2
16252,-35.0,-242.0,-58.0,-163.0,242.0,-24.0,-169.0,-934.0,-176.0,2
16253,-35.0,-242.0,-64.0,-177.0,219.0,-14.0,-171.0,-934.0,-181.0,2
16254,-31.0,-243.0,-58.0,-190.0,206.0,-3.0,-156.0,-944.0,-172.0,2
16255,-23.0,-246.0,-57.0,-200.0,206.0,15.0,-130.0,-950.0,-158.0,2
16256,-19.0,-245.0,-55.0,-206.0,220.0,26.0,-108.0,-952.0,-136.0,2
16257,-12.0,-247.0,-47.0,-210.0,243.0,37.0,-80.0,-954.0,-115.0,2
16258,-5.0,-246.0,-43.0,-216.0,263.0,41.0,-58.0,-959.0,-102.0,2
16259,-1.0,-249.0,-46.0,-225.0,280.0,45.0,-37.0,-963.0,-94.0,2
16260,0.0,-250.0,-38.0,-235.0,295.0,43.0,-16.0,-960.0,-84.0,2
16261,4.0,-251.0,-41.0,-235.0,305.0,45.0,-2.0,-961.0,-83.0,2
16262,12.0,-255.0,-45.0,-228.0,310.0,45.0,8.0,-969.0,-100.0,2
16263,13.0,-255.0,-49.0,-224.0,318.0,46.0,20.0,-985.0,-121.0,2
16264,13.0,-258.0,-50.0,-221.0,328.0,45.0,22.0,-999.0,-115.0,2
16265,15.0,-260.0,-51.0,-215.0,336.0,45.0,21.0,-1009.0,-116.0,2
16266,13.0,-262.0,-42.0,-193.0,351.0,41.0,21.0,-1023.0,-97.0,2
16267,14.0,-266.0,-40.0,-165.0,366.0,39.0,6.0,-1028.0,-83.0,2
16268,6.0,-267.0,-40.0,-133.0,383.0,31.0,0.0,-1044.0,-68.0,2
16269,5.0,-271.0,-36.0,-99.0,402.0,27.0,-11.0,-1047.0,-66.0,2
16270,2.0,-270.0,-34.0,-65.0,422.0,18.0,-11.0,-1056.0,-64.0,2
16271,3.0,-274.0,-34.0,-35.0,444.0,16.0,-15.0,-1056.0,-63.0,2
16272,2.0,-271.0,-38.0,-1.0,466.0,11.0,-17.0,-1055.0,-64.0,2
16273,4.0,-271.0,-35.0,26.0,487.0,9.0,-18.0,-1048.0,-66.0,2
16274,4.0,-269.0,-38.0,50.0,504.0,4.0,-20.0,-1039.0,-70.0,2
16275,3.0,-267.0,-35.0,68.0,519.0,6.0,-24.0,-1034.0,-64.0,2
16276,-1.0,-260.0,-36.0,85.0,533.0,12.0,-21.0,-1005.0,-55.0,2
16277,3.0,-258.0,-30.0,108.0,550.0,21.0,-11.0,-1001.0,-50.0,2
16278,6.0,-257.0,-32.0,126.0,563.0,24.0,-2.0,-987.0,-54.0,2
16279,6.0,-253.0,-34.0,131.0,580.0,26.0,-1.0,-998.0,-58.0,2
16280,9.0,-255.0,-36.0,119.0,595.0,22.0,0.0,-994.0,-54.0,2
16281,1.0,-254.0,-28.0,100.0,609.0,26.0,-17.0,-993.0,-38.0,2
16282,-3.0,-255.0,-26.0,86.0,619.0,24.0,-35.0,-982.0,-32.0,2
16283,-5.0,-255.0,-25.0,83.0,629.0,27.0,-42.0,-991.0,-19.0,2
16284,-9.0,-259.0,-19.0,83.0,635.0,39.0,-47.0,-1000.0,-12.0,2
16285,-6.0,-259.0,-18.0,84.0,646.0,55.0,-57.0,-1004.0,0.0,2
16286,-8.0,-259.0,-14.0,90.0,660.0,74.0,-66.0,-1006.0,17.0,2
16287,-11.0,-259.0,-14.0,103.0,673.0,88.0,-67.0,-1002.0,28.0,2
16288,-13.0,-258.0,-11.0,113.0,681.0,92.0,-85.0,-991.0,22.0,2
16289,-18.0,-253.0,-12.0,116.0,678.0,95.0,-97.0,-974.0,27.0,2
16290,-21.0,-252.0,-14.0,111.0,668.0,85.0,-108.0,-967.0,19.0,2
16291,-22.0,-248.0,-14.0,98.0,647.0,74.0,-114.0,-952.0,4.0,2
16292,-21.0,-244.0,-30.0,77.0,624.0,59.0,-111.0,-948.0,-37.0,2
16293,-19.0,-249.0,-37.0,32.0,611.0,49.0,-107.0,-955.0,-82.0,2
16294,-18.0,-250.0,-52.0,-36.0,610.0,37.0,-106.0,-978.0,-120.0,2
16295,-23.0,-258.0,-53.0,-113.0,613.0,25.0,-114.0,-1015.0,-134.0,2
16296,-26.0,-268.0,-51.0,-177.0,615.0,18.0,-133.0,-1052.0,-134.0,2
16297,-35.0,-283.0,-48.0,-216.0,615.0,17.0,-156.0,-1092.0,-128.0,2
16298,-38.0,-298.0,-41.0,-238.0,607.0,15.0,-177.0,-1133.0,-102.0,2
16299,-42.0,-307.0,-36.0,-223.0,574.0,18.0,-190.0,-1164.0,-81.0,2
16300,-50.0,-308.0,-37.0,-172.0,520.0,16.0,-215.0,-1179.0,-85.0,2
16301,-54.0,-308.0,-49.0,-121.0,465.0,26.0,-236.0,-1185.0,-108.0,2
16302,-55.0,-304.0,-53.0,-87.0,402.0,35.0,-236.0,-1181.0,-141.0,2
16303,-51.0,-299.0,-62.0,-76.0,333.0,45.0,-229.0,-1165.0,-190.0,2
16304,-52.0,-294.0,-75.0,-87.0,264.0,55.0,-221.0,-1147.0,-222.0,2
16305,-46.0,-291.0,-80.0,-106.0,201.0,71.0,-206.0,-1133.0,-247.0,2
16306,-42.0,-291.0,-81.0,-124.0,148.0,85.0,-190.0,-1131.0,-265.0,2
16307,-42.0,-292.0,-83.0,-139.0,106.0,108.0,-192.0,-1131.0,-267.0,2
16308,-46.0,-295.0,-83.0,-146.0,61.0,128.0,-193.0,-1143.0,-261.0,2
16309,-50.0,-302.0,-82.0,-131.0,6.0,147.0,-217.0,-1162.0,-259.0,2
16310,-55.0,-310.0,-80.0,-101.0,-63.0,163.0,-228.0,-1176.0,-258.0,2
16311,-60.0,-310.0,-75.0,-57.0,-142.0,181.0,-253.0,-1189.0,-254.0,2
16312,-58.0,-313.0,-76.0,-6.0,-221.0,196.0,-252.0,-1198.0,-240.0,2
16313,-58.0,-316.0,-76.0,38.0,-300.0,218.0,-249.0,-1200.0,-238.0,2
16314,-48.0,-311.0,-78.0,74.0,-374.0,239.0,-226.0,-1202.0,-244.0,2
16315,-38.0,-312.0,-78.0,108.0,-428.0,253.0,-182.0,-1191.0,-241.0,2
16316,-27.0,-308.0,-66.0,154.0,-455.0,252.0,-116.0,-1179.0,-217.0,2
16317,-8.0,-301.0,-69.0,209.0,-458.0,235.0,-61.0,-1151.0,-213.0,2
16318,2.0,-288.0,-70.0,263.0,-444.0,194.0,-15.0,-1114.0,-218.0,2
16319,18.0,-274.0,-79.0,300.0,-430.0,148.0,27.0,-1073.0,-231.0,2
16320,16.0,-257.0,-87.0,301.0,-411.0,90.0,38.0,-1013.0,-273.0,2
16321,18.0,-240.0,-95.0,276.0,-385.0,39.0,26.0,-941.0,-303.0,2
16322,17.0,-224.0,-110.0,238.0,-352.0,5.0,33.0,-893.0,-341.0,2
16323,20.0,-218.0,-119.0,188.0,-303.0,-14.0,49.0,-866.0,-394.0,2
16324,26.0,-216.0,-126.0,130.0,-246.0,-29.0,75.0,-853.0,-416.0,2
16325,36.0,-215.0,-127.0,69.0,-186.0,-38.0,93.0,-851.0,-434.0,2
16326,34.0,-220.0,-122.0,14.0,-129.0,-48.0,100.0,-868.0,-425.0,2
16327,37.0,-223.0,-118.0,-16.0,-86.0,-59.0,101.0,-874.0,-400.0,2
16328,34.0,-228.0,-115.0,-23.0,-58.0,-62.0,111.0,-895.0,-392.0,2
16329,37.0,-233.0,-114.0,-21.0,-37.0,-71.0,112.0,-900.0,-371.0,2
16330,38.0,-232.0,-113.0,-4.0,-24.0,-79.0,117.0,-904.0,-372.0,2
16331,39.0,-232.0,-117.0,17.0,-7.0,-79.0,119.0,-901.0,-394.0,2
16332,40.0,-226.0,-118.0,27.0,13.0,-76.0,117.0,-869.0,-407.0,2
16333,35.0,-218.0,-123.0,41.0,33.0,-64.0,108.0,-852.0,-428.0,2
16334,35.0,-212.0,-131.0,52.0,54.0,-48.0,120.0,-838.0,-443.0,2
16335,36.0,-201.0,-127.0,50.0,67.0,-34.0,112.0,-805.0,-445.0,2
16336,33.0,-198.0,-127.0,37.0,65.0,-18.0,107.0,-785.0,-439.0,2
16337,37.0,-189.0,-119.0,14.0,52.0,0.0,116.0,-741.0,-413.0,2
16338,34.0,-181.0,-120.0,-11.0,27.0,25.0,101.0,-707.0,-391.0,2
16339,38.0,-182.0,-117.0,-43.0,1.0,65.0,105.0,-712.0,-395.0,2
16340,35.0,-184.0,-110.0,-100.0,-2.0,81.0,114.0,-736.0,-386.0,2
16341,35.0,-197.0,-108.0,-156.0,-3.0,91.0,103.0,-778.0,-367.0,2
16342,33.0,-216.0,-102.0,-191.0,-10.0,85.0,100.0,-835.0,-347.0,2
16343,27.0,-227.0,-104.0,-209.0,-21.0,62.0,70.0,-882.0,-349.0,2
16344,24.0,-223.0,-100.0,-213.0,-23.0,39.0,62.0,-866.0,-335.0,2
16345,30.0,-226.0,-104.0,-180.0,-5.0,39.0,76.0,-861.0,-353.0,2
16346,35.0,-230.0,-114.0,-147.0,51.0,41.0,104.0,-903.0,-397.0,2
16347,37.0,-236.0,-118.0,-161.0,119.0,12.0,108.0,-927.0,-388.0,2
16348,27.0,-243.0,-102.0,-195.0,158.0,-30.0,92.0,-944.0,-333.0,2
16349,20.0,-241.0,-89.0,-211.0,153.0,-78.0,47.0,-929.0,-283.0,2
16350,18.0,-241.0,-91.0,-175.0,126.0,-100.0,42.0,-940.0,-284.0,2
16351,21.0,-245.0,-87.0,-144.0,120.0,-126.0,47.0,-946.0,-279.0,2
16352,16.0,-251.0,-84.0,-113.0,127.0,-151.0,42.0,-956.0,-271.0,2
16353,10.0,-254.0,-89.0,-92.0,134.0,-168.0,7.0,-976.0,-276.0,2
16354,9.0,-260.0,-82.0,-89.0,134.0,-183.0,-1.0,-1004.0,-263.0,2
16355,7.0,-263.0,-79.0,-90.0,117.0,-196.0,-2.0,-1030.0,-264.0,2
16356,1.0,-268.0,-84.0,-95.0,96.0,-212.0,-21.0,-1049.0,-258.0,2
16357,-1.0,-270.0,-79.0,-99.0,73.0,-219.0,-25.0,-1058.0,-249.0,2
16358,1.0,-274.0,-74.0,-87.0,53.0,-221.0,-24.0,-1056.0,-236.0,2
16359,2.0,-270.0,-78.0,-55.0,36.0,-228.0,-19.0,-1053.0,-242.0,2
16360,-1.0,-269.0,-80.0,-12.0,21.0,-233.0,-24.0,-1042.0,-251.0,2
16361,0.0,-263.0,-83.0,35.0,0.0,-233.0,-26.0,-1029.0,-253.0,2
16362,1.0,-258.0,-81.0,70.0,-24.0,-234.0,-22.0,-1006.0,-262.0,2
16363,3.0,-254.0,-85.0,93.0,-42.0,-234.0,-10.0,-983.0,-264.0,2
16364,5.0,-244.0,-81.0,104.0,-47.0,-235.0,2.0,-948.0,-255.0,2
16365,7.0,-237.0,-79.0,105.0,-45.0,-240.0,6.0,-925.0,-246.0,2
16366,9.0,-230.0,-73.0,95.0,-42.0,-242.0,10.0,-903.0,-233.0,2
16367,13.0,-227.0,-72.0,84.0,-40.0,-245.0,21.0,-882.0,-207.0,2
16368,18.0,-223.0,-71.0,75.0,-39.0,-253.0,36.0,-866.0,-212.0,2
16369,22.0,-218.0,-70.0,65.0,-35.0,-261.0,62.0,-848.0,-205.0,2
16370,31.0,-218.0,-71.0,57.0,-25.0,-262.0,77.0,-845.0,-207.0,2
16371,31.0,-212.0,-67.0,47.0,-5.0,-265.0,93.0,-836.0,-190.0,2
16372,33.0,-213.0,-66.0,42.0,14.0,-268.0,97.0,-837.0,-189.0,2
16373,34.0,-214.0,-64.0,29.0,34.0,-271.0,115.0,-839.0,-180.0,2
16374,46.0,-217.0,-59.0,7.0,52.0,-274.0,136.0,-846.0,-171.0,2
16375,45.0,-215.0,-59.0,-18.0,65.0,-282.0,146.0,-854.0,-167.0,2
16376,45.0,-221.0,-60.0,-39.0,75.0,-283.0,147.0,-871.0,-165.0,2
16377,45.0,-228.0,-65.0,-61.0,79.0,-280.0,146.0,-880.0,-176.0,2
16378,45.0,-233.0,-64.0,-81.0,86.0,-273.0,133.0,-898.0,-195.0,2
16379,39.0,-233.0,-61.0,-100.0,97.0,-265.0,125.0,-914.0,-187.0,2
16380,40.0,-243.0,-60.0,-109.0,100.0,-260.0,116.0,-932.0,-187.0,2
16381,37.0,-243.0,-61.0,-111.0,92.0,-264.0,113.0,-956.0,-177.0,2
16382,27.0,-252.0,-66.0,-97.0,79.0,-272.0,82.0,-975.0,-186.0,2
16383,22.0,-254.0,-64.0,-95.0,75.0,-270.0,55.0,-976.0,-178.0,2
16384,15.0,-255.0,-59.0,-95.0,64.0,-270.0,31.0,-997.0,-168.0,2
16385,8.0,-257.0,-57.0,-95.0,41.0,-270.0,4.0,-988.0,-157.0,2
16386,3.0,-253.0,-56.0,-90.0,13.0,-264.0,-19.0,-976.0,-154.0,2
16387,-1.0,-250.0,-59.0,-81.0,-4.0,-252.0,-32.0,-960.0,-152.0,2
16388,-3.0,-245.0,-56.0,-73.0,-6.0,-231.0,-37.0,-945.0,-153.0,2
16389,0.0,-238.0,-56.0,-65.0,-1.0,-209.0,-40.0,-926.0,-150.0,2
16390,-5.0,-234.0,-57.0,-63.0,-5.0,-192.0,-38.0,-910.0,-151.0,2
16391,-3.0,-230.0,-59.0,-69.0,-16.0,-182.0,-43.0,-897.0,-161.0,2
16392,-3.0,-230.0,-59.0,-81.0,-33.0,-171.0,-36.0,-890.0,-161.0,2
16393,1.0,-228.0,-57.0,-98.0,-41.0,-169.0,-27.0,-883.0,-165.0,2
16394,1.0,-227.0,-57.0,-108.0,-45.0,-169.0,-16.0,-888.0,-160.0,2
16395,3.0,-229.0,-56.0,-112.0,-51.0,-171.0,-9.0,-886.0,-140.0,2
16396,8.0,-227.0,-52.0,-111.0,-62.0,-169.0,5.0,-886.0,-137.0,2
16397,11.0,-231.0,-51.0,-107.0,-76.0,-167.0,12.0,-882.0,-127.0,2
16398,11.0,-230.0,-49.0,-102.0,-92.0,-163.0,13.0,-880.0,-119.0,2
16399,13.0,-223.0,-48.0,-101.0,-108.0,-163.0,22.0,-878.0,-113.0,2
16400,17.0,-224.0,-49.0,-98.0,-122.0,-161.0,38.0,-876.0,-114.0,2
16401,22.0,-222.0,-51.0,-97.0,-134.0,-157.0,58.0,-865.0,-119.0,2
16402,26.0,-221.0,-52.0,-97.0,-141.0,-145.0,63.0,-866.0,-129.0,2
16403,27.0,-223.0,-55.0,-104.0,-136.0,-133.0,72.0,-877.0,-143.0,2
16404,30.0,-226.0,-57.0,-119.0,-131.0,-120.0,81.0,-877.0,-142.0,2
16405,28.0,-230.0,-52.0,-132.0,-133.0,-107.0,86.0,-888.0,-134.0,2
16406,30.0,-230.0,-52.0,-138.0,-141.0,-96.0,98.0,-895.0,-130.0,2
16407,32.0,-235.0,-49.0,-144.0,-153.0,-90.0,94.0,-904.0,-126.0,2
16408,30.0,-235.0,-46.0,-151.0,-159.0,-76.0,89.0,-916.0,-118.0,2
16409,29.0,-240.0,-46.0,-156.0,-161.0,-64.0,87.0,-925.0,-104.0,2
16410,26.0,-239.0,-45.0,-155.0,-159.0,-47.0,77.0,-931.0,-91.0,2
16411,19.0,-257.0,-62.0,-146.0,-158.0,-32.0,75.0,-935.0,-93.0,2
16412,26.0,-242.0,-42.0,-138.0,-157.0,-18.0,75.0,-943.0,-98.0,2
16413,26.0,-243.0,-47.0,-130.0,-155.0,-3.0,67.0,-946.0,-100.0,2
16414,23.0,-248.0,-48.0,-128.0,-153.0,9.0,63.0,-953.0,-105.0,2
16415,22.0,-248.0,-44.0,-122.0,-146.0,17.0,58.0,-953.0,-93.0,2
16416,24.0,-249.0,-37.0,-111.0,-141.0,25.0,61.0,-958.0,-82.0,2
16417,21.0,-250.0,-40.0,-98.0,-139.0,27.0,67.0,-961.0,-76.0,2
16418,23.0,-250.0,-37.0,-88.0,-142.0,28.0,59.0,-962.0,-72.0,2
16419,21.0,-246.0,-34.0,-85.0,-149.0,21.0,61.0,-957.0,-65.0,2
16420,22.0,-247.0,-33.0,-84.0,-157.0,15.0,53.0,-956.0,-64.0,2
16421,21.0,-249.0,-36.0,-85.0,-170.0,4.0,56.0,-958.0,-65.0,2
16422,27.0,-249.0,-38.0,-89.0,-175.0,-1.0,66.0,-970.0,-71.0,2
16423,29.0,-256.0,-37.0,-95.0,-179.0,-11.0,88.0,-977.0,-82.0,2
16424,37.0,-257.0,-43.0,-100.0,-180.0,-17.0,102.0,-981.0,-91.0,2
16425,35.0,-254.0,-44.0,-98.0,-175.0,-26.0,110.0,-999.0,-103.0,2
16426,40.0,-258.0,-53.0,-96.0,-169.0,-37.0,126.0,-1005.0,-122.0,2
16427,42.0,-259.0,-53.0,-93.0,-162.0,-50.0,136.0,-1005.0,-140.0,2
16428,46.0,-256.0,-59.0,-91.0,-154.0,-55.0,150.0,-998.0,-146.0,2
16429,47.0,-257.0,-57.0,-81.0,-137.0,-66.0,148.0,-1004.0,-152.0,2
16430,49.0,-259.0,-55.0,-69.0,-115.0,-74.0,133.0,-999.0,-154.0,2
16431,37.0,-257.0,-54.0,-59.0,-97.0,-87.0,114.0,-1005.0,-139.0,2
16432,28.0,-259.0,-49.0,-58.0,-98.0,-95.0,83.0,-1003.0,-124.0,2
16433,21.0,-256.0,-45.0,-67.0,-120.0,-107.0,63.0,-1005.0,-117.0,2
16434,21.0,-259.0,-42.0,-72.0,-156.0,-110.0,49.0,-1002.0,-103.0,2
16435,16.0,-258.0,-49.0,-63.0,-181.0,-109.0,31.0,-990.0,-102.0,2
16436,13.0,-258.0,-46.0,-48.0,-196.0,-102.0,25.0,-995.0,-124.0,2
16437,13.0,-257.0,-52.0,-29.0,-208.0,-99.0,21.0,-999.0,-137.0,2
16438,13.0,-256.0,-58.0,-13.0,-223.0,-93.0,25.0,-997.0,-147.0,2
16439,16.0,-254.0,-60.0,5.0,-243.0,-91.0,34.0,-979.0,-153.0,2
16440,20.0,-255.0,-57.0,23.0,-259.0,-84.0,50.0,-980.0,-155.0,2
16441,26.0,-255.0,-54.0,33.0,-272.0,-82.0,66.0,-980.0,-150.0,2
16442,26.0,-254.0,-55.0,37.0,-279.0,-79.0,81.0,-977.0,-143.0,2
16443,31.0,-253.0,-50.0,38.0,-288.0,-85.0,100.0,-974.0,-134.0,2
16444,37.0,-255.0,-47.0,43.0,-303.0,-82.0,118.0,-978.0,-119.0,2
16445,39.0,-253.0,-42.0,48.0,-322.0,-87.0,126.0,-989.0,-111.0,2
16446,40.0,-254.0,-47.0,48.0,-337.0,-94.0,129.0,-1002.0,-106.0,2
16447,38.0,-256.0,-41.0,39.0,-349.0,-99.0,128.0,-1004.0,-81.0,2
16448,36.0,-258.0,-32.0,33.0,-360.0,-96.0,119.0,-1003.0,-60.0,2
16449,38.0,-259.0,-24.0,29.0,-372.0,-98.0,110.0,-1008.0,-43.0,2
16450,30.0,-260.0,-20.0,36.0,-382.0,-100.0,85.0,-1014.0,-9.0,2
16451,27.0,-261.0,-16.0,58.0,-389.0,-101.0,79.0,-1025.0,-5.0,2
16452,27.0,-262.0,-15.0,68.0,-400.0,-95.0,70.0,-1038.0,12.0,2
16453,28.0,-264.0,-16.0,61.0,-416.0,-79.0,74.0,-1050.0,13.0,2
16454,29.0,-273.0,-15.0,46.0,-430.0,-58.0,90.0,-1062.0,5.0,2
16455,35.0,-278.0,-27.0,29.0,-445.0,-46.0,107.0,-1085.0,-32.0,2
16456,40.0,-284.0,-42.0,-7.0,-463.0,-41.0,128.0,-1112.0,-82.0,2
16457,44.0,-291.0,-51.0,-46.0,-486.0,-39.0,136.0,-1128.0,-98.0,2
16458,48.0,-299.0,-49.0,-54.0,-498.0,-42.0,142.0,-1155.0,-115.0,2
16459,44.0,-302.0,-48.0,-30.0,-497.0,-50.0,139.0,-1171.0,-113.0,2
16460,49.0,-308.0,-44.0,6.0,-493.0,-52.0,140.0,-1185.0,-102.0,2
16461,50.0,-313.0,-40.0,41.0,-485.0,-61.0,161.0,-1200.0,-85.0,2
16462,58.0,-314.0,-37.0,65.0,-469.0,-63.0,197.0,-1213.0,-61.0,2
16463,68.0,-312.0,-35.0,83.0,-448.0,-69.0,224.0,-1207.0,-55.0,2
16464,81.0,-312.0,-39.0,109.0,-416.0,-76.0,260.0,-1194.0,-72.0,2
16465,85.0,-306.0,-44.0,132.0,-375.0,-101.0,279.0,-1182.0,-102.0,2
16466,90.0,-301.0,-55.0,143.0,-319.0,-110.0,299.0,-1167.0,-132.0,2
16467,92.0,-299.0,-56.0,143.0,-267.0,-124.0,310.0,-1156.0,-155.0,2
16468,95.0,-294.0,-57.0,144.0,-208.0,-128.0,315.0,-1145.0,-166.0,2
16469,98.0,-290.0,-63.0,146.0,-139.0,-137.0,325.0,-1134.0,-175.0,2
16470,97.0,-288.0,-61.0,140.0,-73.0,-139.0,331.0,-1136.0,-183.0,2
16471,94.0,-290.0,-61.0,137.0,-14.0,-143.0,324.0,-1131.0,-181.0,2
16472,95.0,-291.0,-61.0,146.0,41.0,-143.0,326.0,-1134.0,-171.0,2
16473,90.0,-291.0,-59.0,169.0,89.0,-150.0,317.0,-1136.0,-173.0,2
16474,86.0,-292.0,-65.0,195.0,133.0,-151.0,289.0,-1127.0,-172.0,2
16475,83.0,-285.0,-66.0,223.0,174.0,-152.0,278.0,-1126.0,-179.0,2
16476,77.0,-283.0,-66.0,245.0,222.0,-143.0,262.0,-1103.0,-189.0,2
16477,74.0,-279.0,-73.0,256.0,279.0,-134.0,241.0,-1089.0,-219.0,2
16478,64.0,-272.0,-84.0,253.0,320.0,-121.0,218.0,-1070.0,-262.0,2
16479,54.0,-267.0,-93.0,233.0,352.0,-116.0,188.0,-1056.0,-308.0,2
16480,35.0,-266.0,-103.0,208.0,369.0,-108.0,116.0,-1050.0,-332.0,2
16481,17.0,-265.0,-102.0,187.0,367.0,-97.0,51.0,-1051.0,-346.0,2
16482,-1.0,-272.0,-99.0,170.0,345.0,-74.0,-24.0,-1049.0,-342.0,2
16483,-11.0,-270.0,-98.0,155.0,308.0,-51.0,-76.0,-1060.0,-327.0,2
16484,-20.0,-269.0,-91.0,139.0,260.0,-18.0,-108.0,-1054.0,-305.0,2
16485,-22.0,-268.0,-95.0,128.0,217.0,9.0,-119.0,-1051.0,-299.0,2
16486,-22.0,-265.0,-96.0,124.0,176.0,35.0,-118.0,-1038.0,-317.0,2
16487,-23.0,-261.0,-104.0,126.0,133.0,47.0,-129.0,-1026.0,-338.0,2
16488,-28.0,-255.0,-112.0,134.0,86.0,50.0,-134.0,-998.0,-381.0,2
16489,-31.0,-246.0,-122.0,138.0,32.0,47.0,-141.0,-955.0,-418.0,2
16490,-29.0,-236.0,-125.0,135.0,-24.0,43.0,-143.0,-916.0,-443.0,2
16491,-31.0,-227.0,-128.0,132.0,-75.0,28.0,-149.0,-889.0,-450.0,2
16492,-34.0,-223.0,-129.0,125.0,-117.0,21.0,-152.0,-868.0,-458.0,2
16493,-30.0,-217.0,-131.0,111.0,-155.0,4.0,-144.0,-848.0,-449.0,2
16494,-34.0,-207.0,-129.0,98.0,-189.0,-10.0,-145.0,-818.0,-445.0,2
16495,-36.0,-202.0,-124.0,78.0,-223.0,-21.0,-156.0,-796.0,-445.0,2
16496,-28.0,-199.0,-126.0,57.0,-249.0,-29.0,-142.0,-786.0,-431.0,2
16497,-34.0,-195.0,-128.0,39.0,-265.0,-49.0,-139.0,-770.0,-442.0,2
16498,-32.0,-193.0,-120.0,4.0,-265.0,-50.0,-153.0,-759.0,-432.0,2
16499,-34.0,-191.0,-120.0,-19.0,-247.0,-47.0,-161.0,-762.0,-418.0,2
16500,-32.0,-196.0,-122.0,-47.0,-226.0,-32.0,-155.0,-761.0,-420.0,2
16501,-28.0,-197.0,-122.0,-77.0,-208.0,-13.0,-142.0,-774.0,-420.0,2
16502,-20.0,-198.0,-121.0,-104.0,-194.0,11.0,-110.0,-778.0,-407.0,2
16503,-15.0,-201.0,-116.0,-116.0,-182.0,26.0,-82.0,-800.0,-388.0,2
16504,-11.0,-208.0,-114.0,-116.0,-174.0,36.0,-70.0,-817.0,-381.0,2
16505,-10.0,-216.0,-105.0,-114.0,-166.0,45.0,-63.0,-838.0,-364.0,2
16506,-7.0,-221.0,-103.0,-112.0,-161.0,64.0,-46.0,-855.0,-334.0,2
16507,-4.0,-227.0,-101.0,-109.0,-155.0,75.0,-46.0,-883.0,-320.0,2
16508,-4.0,-231.0,-89.0,-108.0,-144.0,91.0,-50.0,-896.0,-292.0,2
16509,-9.0,-235.0,-86.0,-103.0,-129.0,107.0,-55.0,-912.0,-262.0,2
16510,-7.0,-242.0,-78.0,-81.0,-113.0,132.0,-61.0,-935.0,-251.0,2
16511,-9.0,-250.0,-77.0,-52.0,-100.0,150.0,-57.0,-951.0,-238.0,2
16512,-6.0,-254.0,-77.0,-19.0,-90.0,168.0,-59.0,-977.0,-242.0,2
16513,-6.0,-259.0,-81.0,13.0,-71.0,180.0,-55.0,-977.0,-246.0,2
16514,-2.0,-260.0,-83.0,38.0,-47.0,205.0,-47.0,-1006.0,-271.0,2
16515,3.0,-262.0,-86.0,38.0,-24.0,224.0,-18.0,-1028.0,-266.0,2
16516,4.0,-267.0,-88.0,35.0,3.0,247.0,-14.0,-1042.0,-274.0,2
16517,7.0,-263.0,-83.0,26.0,23.0,271.0,-3.0,-1034.0,-267.0,2
16518,15.0,-264.0,-85.0,25.0,45.0,296.0,24.0,-1026.0,-277.0,2
16519,18.0,-267.0,-84.0,27.0,86.0,305.0,32.0,-1037.0,-271.0,2
16520,16.0,-261.0,-82.0,31.0,112.0,308.0,34.0,-1027.0,-261.0,2
16521,21.0,-266.0,-84.0,47.0,131.0,308.0,47.0,-1034.0,-250.0,2
16522,24.0,-261.0,-78.0,72.0,148.0,312.0,59.0,-1019.0,-250.0,2
16523,27.0,-258.0,-81.0,100.0,174.0,306.0,70.0,-1012.0,-238.0,2
16524,25.0,-252.0,-74.0,129.0,207.0,306.0,66.0,-974.0,-220.0,2
16525,24.0,-243.0,-69.0,162.0,240.0,305.0,68.0,-939.0,-213.0,2
16526,25.0,-233.0,-72.0,188.0,262.0,302.0,72.0,-909.0,-214.0,2
16527,21.0,-223.0,-72.0,197.0,268.0,284.0,65.0,-883.0,-211.0,2
16528,18.0,-215.0,-74.0,198.0,269.0,267.0,43.0,-846.0,-216.0,2
16529,17.0,-213.0,-67.0,181.0,281.0,258.0,35.0,-834.0,-201.0,2
16530,13.0,-209.0,-65.0,155.0,302.0,260.0,28.0,-822.0,-186.0,2
16531,10.0,-205.0,-61.0,134.0,330.0,255.0,10.0,-811.0,-179.0,2
16532,5.0,-206.0,-59.0,116.0,352.0,255.0,-16.0,-813.0,-168.0,2
16533,-3.0,-203.0,-59.0,102.0,369.0,248.0,-29.0,-815.0,-176.0,2
16534,-8.0,-207.0,-60.0,84.0,382.0,247.0,-65.0,-808.0,-169.0,2
16535,-14.0,-212.0,-60.0,71.0,389.0,248.0,-86.0,-817.0,-165.0,2
16536,-19.0,-211.0,-63.0,65.0,397.0,258.0,-103.0,-838.0,-179.0,2
16537,-18.0,-219.0,-61.0,48.0,390.0,266.0,-105.0,-848.0,-178.0,2
16538,-15.0,-222.0,-61.0,28.0,375.0,276.0,-99.0,-856.0,-172.0,2
16539,-19.0,-221.0,-59.0,10.0,364.0,273.0,-110.0,-865.0,-173.0,2
16540,-23.0,-229.0,-59.0,-7.0,354.0,281.0,-119.0,-879.0,-167.0,2
16541,-22.0,-236.0,-59.0,-20.0,344.0,284.0,-118.0,-906.0,-162.0,2
16542,-24.0,-239.0,-53.0,-30.0,340.0,292.0,-116.0,-925.0,-157.0,2
16543,-18.0,-242.0,-55.0,-36.0,338.0,292.0,-108.0,-935.0,-151.0,2
16544,-12.0,-249.0,-57.0,-38.0,337.0,293.0,-92.0,-950.0,-145.0,2
16545,-11.0,-248.0,-56.0,-34.0,339.0,288.0,-73.0,-958.0,-150.0,2
16546,-8.0,-251.0,-54.0,-27.0,342.0,286.0,-60.0,-955.0,-148.0,2
16547,-4.0,-247.0,-59.0,-20.0,345.0,279.0,-42.0,-955.0,-155.0,2
16548,0.0,-248.0,-54.0,-15.0,348.0,277.0,-22.0,-947.0,-155.0,2
16549,8.0,-244.0,-58.0,-15.0,354.0,265.0,-1.0,-947.0,-163.0,2
16550,9.0,-241.0,-58.0,-24.0,366.0,254.0,5.0,-934.0,-158.0,2
16551,13.0,-241.0,-55.0,-32.0,380.0,240.0,13.0,-921.0,-147.0,2
16552,16.0,-236.0,-58.0,-42.0,390.0,229.0,31.0,-910.0,-157.0,2
16553,16.0,-234.0,-58.0,-55.0,402.0,208.0,27.0,-901.0,-158.0,2
16554,11.0,-231.0,-56.0,-69.0,413.0,193.0,20.0,-894.0,-146.0,2
16555,12.0,-229.0,-56.0,-72.0,417.0,178.0,17.0,-888.0,-147.0,2
16556,8.0,-226.0,-59.0,-70.0,421.0,166.0,6.0,-885.0,-152.0,2
16557,7.0,-225.0,-55.0,-76.0,421.0,150.0,-2.0,-877.0,-150.0,2
16558,3.0,-223.0,-53.0,-86.0,422.0,140.0,-11.0,-869.0,-135.0,2
16559,1.0,-225.0,-53.0,-91.0,422.0,128.0,-26.0,-864.0,-127.0,2
16560,-3.0,-226.0,-46.0,-91.0,426.0,122.0,-42.0,-865.0,-120.0,2
16561,-7.0,-224.0,-44.0,-89.0,429.0,113.0,-51.0,-865.0,-106.0,2
16562,-9.0,-224.0,-44.0,-88.0,431.0,110.0,-59.0,-868.0,-102.0,2
16563,-12.0,-228.0,-43.0,-89.0,430.0,103.0,-64.0,-877.0,-100.0,2
16564,-11.0,-226.0,-43.0,-97.0,431.0,99.0,-73.0,-887.0,-100.0,2
16565,-12.0,-232.0,-46.0,-105.0,434.0,90.0,-73.0,-895.0,-96.0,2
16566,-10.0,-235.0,-42.0,-111.0,438.0,84.0,-73.0,-901.0,-90.0,2
16567,-11.0,-239.0,-45.0,-110.0,445.0,72.0,-76.0,-918.0,-96.0,2
16568,-12.0,-242.0,-41.0,-109.0,443.0,64.0,-76.0,-931.0,-87.0,2
16569,-12.0,-246.0,-38.0,-104.0,435.0,49.0,-68.0,-949.0,-77.0,2
16570,-10.0,-252.0,-35.0,-90.0,427.0,39.0,-59.0,-957.0,-65.0,2
16571,-7.0,-254.0,-33.0,-67.0,421.0,27.0,-48.0,-962.0,-64.0,2
16572,0.0,-254.0,-37.0,-38.0,420.0,16.0,-39.0,-969.0,-64.0,2
16573,-4.0,-249.0,-39.0,-14.0,426.0,-1.0,-29.0,-966.0,-67.0,2
16574,0.0,-249.0,-42.0,-3.0,429.0,-8.0,-25.0,-961.0,-72.0,2
16575,-1.0,-245.0,-39.0,2.0,423.0,-21.0,-27.0,-951.0,-77.0,2
16576,2.0,-246.0,-38.0,3.0,412.0,-29.0,-24.0,-946.0,-81.0,2
16577,0.0,-245.0,-41.0,0.0,401.0,-38.0,-20.0,-934.0,-78.0,2
16578,-1.0,-240.0,-42.0,-1.0,391.0,-41.0,-31.0,-925.0,-87.0,2
16579,-3.0,-241.0,-44.0,-6.0,384.0,-47.0,-40.0,-920.0,-95.0,2
16580,-9.0,-236.0,-47.0,-16.0,378.0,-48.0,-52.0,-919.0,-117.0,2
16581,-12.0,-235.0,-51.0,-36.0,370.0,-55.0,-79.0,-916.0,-123.0,2
16582,-20.0,-235.0,-55.0,-54.0,355.0,-54.0,-106.0,-912.0,-135.0,2
16583,-26.0,-236.0,-56.0,-70.0,336.0,-56.0,-127.0,-911.0,-149.0,2
16584,-29.0,-235.0,-58.0,-81.0,317.0,-49.0,-143.0,-911.0,-169.0,2
16585,-34.0,-232.0,-61.0,-99.0,297.0,-44.0,-151.0,-910.0,-183.0,2
16586,-26.0,-236.0,-63.0,-123.0,281.0,-30.0,-137.0,-919.0,-184.0,2
16587,-22.0,-238.0,-61.0,-151.0,276.0,-19.0,-115.0,-926.0,-183.0,2
16588,-12.0,-241.0,-63.0,-178.0,285.0,-4.0,-81.0,-931.0,-173.0,2
16589,-6.0,-243.0,-57.0,-201.0,304.0,0.0,-53.0,-937.0,-159.0,2
16590,-1.0,-242.0,-52.0,-216.0,322.0,2.0,-25.0,-942.0,-150.0,2
16591,0.0,-247.0,-53.0,-223.0,330.0,-7.0,-22.0,-948.0,-148.0,2
16592,2.0,-254.0,-57.0,-224.0,323.0,-17.0,-17.0,-960.0,-154.0,2
16593,0.0,-257.0,-55.0,-228.0,308.0,-28.0,-25.0,-977.0,-155.0,2
16594,-6.0,-261.0,-57.0,-222.0,295.0,-31.0,-39.0,-1008.0,-147.0,2
16595,-10.0,-265.0,-55.0,-208.0,289.0,-34.0,-65.0,-1032.0,-137.0,2
16596,-10.0,-274.0,-47.0,-186.0,294.0,-26.0,-74.0,-1063.0,-112.0,2
16597,-12.0,-279.0,-36.0,-157.0,310.0,-15.0,-95.0,-1088.0,-83.0,2
16598,-14.0,-287.0,-29.0,-120.0,333.0,4.0,-104.0,-1104.0,-41.0,2
16599,-14.0,-290.0,-22.0,-68.0,358.0,19.0,-102.0,-1129.0,-8.0,2
16600,-12.0,-295.0,-12.0,-13.0,382.0,36.0,-95.0,-1133.0,4.0,2
16601,-9.0,-296.0,-15.0,38.0,404.0,48.0,-70.0,-1143.0,22.0,2
16602,-1.0,-301.0,-10.0,76.0,422.0,66.0,-50.0,-1149.0,30.0,2
16603,3.0,-299.0,-15.0,102.0,437.0,79.0,-23.0,-1151.0,23.0,2
16604,8.0,-299.0,-12.0,120.0,452.0,93.0,1.0,-1151.0,15.0,2
16605,18.0,-298.0,-14.0,128.0,461.0,100.0,37.0,-1151.0,20.0,2
16606,24.0,-297.0,-12.0,140.0,469.0,105.0,55.0,-1142.0,23.0,2
16607,27.0,-293.0,-15.0,151.0,489.0,105.0,67.0,-1137.0,15.0,2
16608,22.0,-287.0,-14.0,159.0,521.0,106.0,54.0,-1121.0,20.0,2
16609,22.0,-282.0,-13.0,160.0,552.0,114.0,67.0,-1103.0,36.0,2
16610,18.0,-279.0,-14.0,157.0,569.0,117.0,45.0,-1085.0,27.0,2
16611,9.0,-268.0,-17.0,149.0,586.0,111.0,-2.0,-1048.0,18.0,2
16612,-5.0,-261.0,-15.0,131.0,595.0,113.0,-34.0,-1007.0,-3.0,2
16613,-12.0,-249.0,-21.0,111.0,584.0,112.0,-77.0,-974.0,-15.0,2
16614,-20.0,-245.0,-26.0,88.0,580.0,115.0,-110.0,-953.0,-40.0,2
16615,-25.0,-248.0,-34.0,47.0,588.0,118.0,-130.0,-953.0,-51.0,2
16616,-34.0,-248.0,-28.0,11.0,606.0,124.0,-152.0,-953.0,-42.0,2
16617,-37.0,-251.0,-25.0,-8.0,617.0,129.0,-172.0,-962.0,-31.0,2
16618,-39.0,-256.0,-24.0,-19.0,618.0,133.0,-181.0,-992.0,-32.0,2
16619,-42.0,-260.0,-25.0,-28.0,608.0,128.0,-184.0,-1002.0,-29.0,2
16620,-44.0,-263.0,-23.0,-34.0,580.0,121.0,-193.0,-1028.0,-34.0,2
16621,-44.0,-269.0,-28.0,-34.0,536.0,100.0,-208.0,-1047.0,-56.0,2
16622,-44.0,-271.0,-38.0,-32.0,484.0,80.0,-202.0,-1053.0,-78.0,2
16623,-44.0,-271.0,-49.0,-33.0,434.0,53.0,-204.0,-1062.0,-121.0,2
16624,-43.0,-276.0,-54.0,-41.0,392.0,31.0,-201.0,-1085.0,-156.0,2
16625,-46.0,-282.0,-64.0,-66.0,338.0,16.0,-205.0,-1104.0,-190.0,2
16626,-44.0,-291.0,-75.0,-97.0,289.0,10.0,-200.0,-1133.0,-227.0,2
16627,-49.0,-297.0,-78.0,-132.0,239.0,7.0,-204.0,-1154.0,-252.0,2
16628,-50.0,-302.0,-82.0,-155.0,195.0,21.0,-216.0,-1175.0,-265.0,2
16629,-54.0,-315.0,-84.0,-167.0,150.0,37.0,-225.0,-1209.0,-268.0,2
16630,-55.0,-324.0,-77.0,-164.0,105.0,55.0,-244.0,-1241.0,-255.0,2
16631,-66.0,-330.0,-75.0,-137.0,50.0,71.0,-275.0,-1265.0,-246.0,2
16632,-76.0,-335.0,-75.0,-92.0,-21.0,97.0,-309.0,-1274.0,-239.0,2
16633,-81.0,-333.0,-77.0,-28.0,-107.0,130.0,-340.0,-1284.0,-250.0,2
16634,-80.0,-333.0,-80.0,32.0,-201.0,172.0,-334.0,-1281.0,-255.0,2
16635,-77.0,-332.0,-84.0,92.0,-307.0,221.0,-334.0,-1272.0,-272.0,2
16636,-73.0,-326.0,-88.0,170.0,-371.0,240.0,-295.0,-1248.0,-280.0,2
16637,-53.0,-317.0,-85.0,246.0,-404.0,243.0,-226.0,-1197.0,-275.0,2
16638,-25.0,-298.0,-87.0,319.0,-411.0,243.0,-141.0,-1143.0,-276.0,2
16639,-13.0,-276.0,-90.0,377.0,-393.0,215.0,-82.0,-1082.0,-289.0,2
16640,-6.0,-257.0,-95.0,406.0,-372.0,178.0,-58.0,-1003.0,-296.0,2
16641,0.0,-241.0,-104.0,401.0,-356.0,137.0,-30.0,-927.0,-326.0,2
16642,7.0,-224.0,-107.0,369.0,-341.0,104.0,-3.0,-892.0,-359.0,2
16643,18.0,-215.0,-118.0,315.0,-325.0,76.0,40.0,-856.0,-388.0,2
16644,31.0,-210.0,-120.0,247.0,-300.0,55.0,86.0,-837.0,-403.0,2
16645,44.0,-210.0,-124.0,176.0,-257.0,34.0,121.0,-824.0,-428.0,2
16646,48.0,-205.0,-129.0,98.0,-188.0,28.0,150.0,-817.0,-445.0,2
16647,55.0,-206.0,-128.0,47.0,-130.0,18.0,187.0,-817.0,-442.0,2
16648,58.0,-209.0,-128.0,14.0,-68.0,17.0,201.0,-825.0,-441.0,2
16649,63.0,-212.0,-121.0,0.0,-3.0,11.0,214.0,-833.0,-421.0,2
16650,63.0,-213.0,-122.0,-1.0,46.0,4.0,218.0,-839.0,-416.0,2
16651,67.0,-213.0,-116.0,-8.0,76.0,-3.0,226.0,-834.0,-409.0,2
16652,69.0,-212.0,-121.0,-17.0,100.0,1.0,231.0,-829.0,-411.0,2
16653,65.0,-205.0,-122.0,-24.0,129.0,8.0,231.0,-815.0,-415.0,2
16654,62.0,-199.0,-120.0,-30.0,157.0,21.0,211.0,-790.0,-407.0,2
16655,53.0,-196.0,-119.0,-31.0,176.0,35.0,185.0,-762.0,-411.0,2
16656,46.0,-193.0,-120.0,-28.0,190.0,51.0,168.0,-762.0,-408.0,2
16657,43.0,-197.0,-125.0,-22.0,190.0,58.0,137.0,-769.0,-402.0,2
16658,34.0,-196.0,-129.0,-55.0,182.0,64.0,105.0,-785.0,-454.0,2
16659,28.0,-203.0,-138.0,-128.0,189.0,69.0,80.0,-817.0,-479.0,2
16660,22.0,-211.0,-119.0,-222.0,213.0,76.0,64.0,-837.0,-407.0,2
16661,20.0,-224.0,-107.0,-277.0,219.0,81.0,53.0,-876.0,-354.0,2
16662,30.0,-241.0,-99.0,-282.0,215.0,74.0,77.0,-915.0,-309.0,2
16663,28.0,-250.0,-92.0,-256.0,211.0,52.0,76.0,-959.0,-286.0,2
16664,22.0,-263.0,-86.0,-227.0,225.0,23.0,70.0,-1015.0,-274.0,2
16665,21.0,-273.0,-79.0,-202.0,247.0,-23.0,50.0,-1046.0,-256.0,2
16666,18.0,-275.0,-79.0,-171.0,247.0,-78.0,27.0,-1054.0,-251.0,2
16667,10.0,-266.0,-80.0,-119.0,225.0,-127.0,16.0,-1037.0,-252.0,2
16668,9.0,-258.0,-81.0,-54.0,198.0,-164.0,11.0,-992.0,-265.0,2
16669,1.0,-250.0,-92.0,14.0,171.0,-191.0,-12.0,-963.0,-293.0,2
16670,1.0,-241.0,-102.0,57.0,149.0,-217.0,-24.0,-933.0,-319.0,2
16671,-10.0,-238.0,-107.0,58.0,138.0,-237.0,-55.0,-924.0,-348.0,2
16672,-14.0,-239.0,-105.0,15.0,122.0,-246.0,-76.0,-937.0,-348.0,2
16673,-12.0,-248.0,-101.0,-50.0,109.0,-254.0,-100.0,-950.0,-328.0,2
16674,-17.0,-250.0,-84.0,-112.0,96.0,-259.0,-101.0,-966.0,-290.0,2
16675,-19.0,-256.0,-84.0,-141.0,79.0,-268.0,-106.0,-977.0,-248.0,2
16676,-20.0,-258.0,-73.0,-126.0,63.0,-277.0,-115.0,-994.0,-226.0,2
16677,-23.0,-259.0,-73.0,-88.0,55.0,-277.0,-122.0,-1001.0,-216.0,2
16678,-19.0,-261.0,-75.0,-40.0,55.0,-270.0,-118.0,-1012.0,-223.0,2
16679,-19.0,-260.0,-66.0,-16.0,49.0,-272.0,-116.0,-1013.0,-217.0,2
16680,-18.0,-258.0,-69.0,3.0,22.0,-275.0,-106.0,-1010.0,-211.0,2
16681,-14.0,-255.0,-71.0,21.0,-21.0,-281.0,-80.0,-982.0,-205.0,2
16682,-10.0,-250.0,-70.0,43.0,-64.0,-283.0,-62.0,-952.0,-210.0,2
16683,-2.0,-242.0,-72.0,71.0,-97.0,-284.0,-35.0,-924.0,-210.0,2
16684,1.0,-233.0,-73.0,97.0,-117.0,-285.0,-21.0,-897.0,-216.0,2
16685,7.0,-223.0,-67.0,110.0,-123.0,-289.0,5.0,-877.0,-214.0,2
16686,19.0,-213.0,-67.0,108.0,-133.0,-292.0,38.0,-847.0,-211.0,2
16687,23.0,-210.0,-69.0,92.0,-138.0,-296.0,64.0,-824.0,-209.0,2
16688,27.0,-203.0,-67.0,55.0,-142.0,-296.0,77.0,-814.0,-203.0,2
16689,29.0,-204.0,-68.0,20.0,-139.0,-303.0,87.0,-808.0,-205.0,2
16690,31.0,-205.0,-68.0,-20.0,-127.0,-307.0,91.0,-807.0,-203.0,2
16691,36.0,-210.0,-65.0,-59.0,-109.0,-308.0,105.0,-826.0,-202.0,2
16692,38.0,-211.0,-66.0,-88.0,-91.0,-311.0,114.0,-840.0,-197.0,2
16693,39.0,-221.0,-64.0,-110.0,-81.0,-319.0,120.0,-862.0,-199.0,2
16694,43.0,-224.0,-65.0,-126.0,-73.0,-329.0,122.0,-880.0,-201.0,2
16695,36.0,-227.0,-63.0,-135.0,-70.0,-335.0,114.0,-882.0,-178.0,2
16696,26.0,-230.0,-63.0,-128.0,-71.0,-331.0,80.0,-892.0,-179.0,2
16697,26.0,-232.0,-64.0,-119.0,-66.0,-319.0,70.0,-901.0,-189.0,2
16698,27.0,-239.0,-66.0,-125.0,-61.0,-312.0,72.0,-929.0,-192.0,2
16699,18.0,-240.0,-63.0,-140.0,-61.0,-315.0,49.0,-927.0,-186.0,2
16700,10.0,-237.0,-66.0,-141.0,-63.0,-310.0,18.0,-932.0,-179.0,2
16701,10.0,-240.0,-60.0,-128.0,-65.0,-295.0,13.0,-929.0,-172.0,2
16702,10.0,-241.0,-58.0,-110.0,-68.0,-278.0,14.0,-934.0,-167.0,2
16703,8.0,-239.0,-58.0,-89.0,-74.0,-269.0,8.0,-920.0,-156.0,2
16704,9.0,-235.0,-57.0,-72.0,-85.0,-258.0,-3.0,-908.0,-159.0,2
16705,1.0,-229.0,-63.0,-63.0,-97.0,-247.0,-8.0,-897.0,-164.0,2
16706,6.0,-229.0,-57.0,-67.0,-107.0,-233.0,-6.0,-889.0,-166.0,2
16707,4.0,-222.0,-59.0,-80.0,-121.0,-223.0,-1.0,-877.0,-171.0,2
16708,7.0,-223.0,-60.0,-95.0,-135.0,-217.0,2.0,-869.0,-170.0,2
16709,6.0,-221.0,-59.0,-109.0,-144.0,-206.0,3.0,-863.0,-178.0,2
16710,10.0,-219.0,-62.0,-130.0,-149.0,-196.0,9.0,-859.0,-179.0,2
16711,11.0,-219.0,-62.0,-150.0,-154.0,-188.0,16.0,-852.0,-171.0,2
16712,14.0,-220.0,-60.0,-169.0,-159.0,-182.0,21.0,-852.0,-173.0,2
16713,17.0,-219.0,-58.0,-186.0,-159.0,-175.0,26.0,-861.0,-169.0,2
16714,20.0,-222.0,-56.0,-204.0,-166.0,-171.0,41.0,-864.0,-151.0,2
16715,20.0,-225.0,-53.0,-220.0,-169.0,-171.0,54.0,-868.0,-141.0,2
16716,23.0,-225.0,-53.0,-229.0,-172.0,-171.0,59.0,-878.0,-133.0,2
16717,25.0,-226.0,-51.0,-232.0,-174.0,-167.0,63.0,-888.0,-132.0,2
16718,26.0,-228.0,-50.0,-229.0,-178.0,-162.0,76.0,-885.0,-123.0,2
16719,29.0,-229.0,-50.0,-223.0,-183.0,-156.0,92.0,-899.0,-129.0,2
16720,31.0,-231.0,-53.0,-216.0,-187.0,-152.0,92.0,-907.0,-130.0,2
16721,31.0,-232.0,-50.0,-210.0,-194.0,-149.0,97.0,-907.0,-136.0,2
16722,28.0,-234.0,-55.0,-203.0,-205.0,-144.0,94.0,-911.0,-142.0,2
16723,30.0,-236.0,-52.0,-194.0,-215.0,-133.0,85.0,-911.0,-143.0,2
16724,27.0,-240.0,-53.0,-184.0,-227.0,-124.0,80.0,-919.0,-148.0,2
16725,21.0,-237.0,-55.0,-174.0,-237.0,-111.0,64.0,-919.0,-144.0,2
16726,17.0,-242.0,-51.0,-169.0,-246.0,-95.0,49.0,-933.0,-131.0,2
16727,14.0,-246.0,-48.0,-163.0,-256.0,-77.0,27.0,-943.0,-121.0,2
16728,11.0,-247.0,-45.0,-152.0,-267.0,-59.0,17.0,-952.0,-105.0,2
16729,11.0,-250.0,-43.0,-136.0,-281.0,-41.0,14.0,-968.0,-97.0,2
16730,10.0,-250.0,-37.0,-122.0,-294.0,-21.0,8.0,-968.0,-82.0,2
16731,9.0,-252.0,-38.0,-102.0,-306.0,-5.0,13.0,-969.0,-74.0,2
16732,10.0,-251.0,-38.0,-85.0,-319.0,7.0,17.0,-970.0,-69.0,2
16733,16.0,-252.0,-40.0,-71.0,-331.0,21.0,22.0,-967.0,-80.0,2
16734,18.0,-244.0,-40.0,-60.0,-343.0,24.0,38.0,-948.0,-81.0,2
16735,17.0,-246.0,-41.0,-50.0,-351.0,29.0,43.0,-942.0,-83.0,2
16736,21.0,-243.0,-42.0,-43.0,-361.0,29.0,52.0,-934.0,-93.0,2
16737,22.0,-240.0,-45.0,-42.0,-364.0,29.0,57.0,-932.0,-102.0,2
16738,32.0,-246.0,-50.0,-49.0,-363.0,26.0,85.0,-930.0,-115.0,2
16739,38.0,-241.0,-49.0,-61.0,-356.0,25.0,105.0,-944.0,-119.0,2
16740,42.0,-247.0,-49.0,-69.0,-340.0,21.0,129.0,-951.0,-129.0,2
16741,47.0,-249.0,-52.0,-77.0,-308.0,20.0,152.0,-962.0,-141.0,2
16742,51.0,-250.0,-57.0,-87.0,-279.0,14.0,170.0,-972.0,-157.0,2
16743,52.0,-254.0,-59.0,-95.0,-254.0,5.0,176.0,-995.0,-171.0,2
16744,53.0,-257.0,-59.0,-98.0,-235.0,-9.0,176.0,-1004.0,-185.0,2
16745,51.0,-259.0,-62.0,-95.0,-227.0,-21.0,176.0,-1013.0,-183.0,2
16746,48.0,-261.0,-60.0,-83.0,-224.0,-31.0,157.0,-1013.0,-185.0,2
16747,44.0,-261.0,-61.0,-64.0,-221.0,-37.0,126.0,-1015.0,-181.0,2
16748,31.0,-261.0,-64.0,-50.0,-215.0,-44.0,98.0,-1015.0,-178.0,2
16749,22.0,-261.0,-60.0,-40.0,-210.0,-47.0,69.0,-1015.0,-169.0,2
16750,17.0,-259.0,-59.0,-39.0,-214.0,-52.0,37.0,-1006.0,-173.0,2
16751,11.0,-257.0,-60.0,-43.0,-231.0,-53.0,20.0,-999.0,-173.0,2
16752,9.0,-255.0,-65.0,-48.0,-249.0,-53.0,15.0,-996.0,-182.0,2
16753,12.0,-253.0,-66.0,-46.0,-257.0,-50.0,16.0,-993.0,-191.0,2
16754,18.0,-254.0,-61.0,-45.0,-257.0,-40.0,25.0,-976.0,-181.0,2
16755,24.0,-255.0,-57.0,-40.0,-254.0,-28.0,63.0,-985.0,-166.0,2
16756,35.0,-255.0,-53.0,-38.0,-254.0,-19.0,103.0,-997.0,-144.0,2
16757,39.0,-260.0,-52.0,-37.0,-250.0,-14.0,128.0,-1017.0,-129.0,2
16758,45.0,-264.0,-43.0,-44.0,-253.0,-16.0,158.0,-1026.0,-97.0,2
16759,52.0,-272.0,-34.0,-56.0,-261.0,-6.0,171.0,-1051.0,-64.0,2
16760,53.0,-275.0,-32.0,-66.0,-270.0,-10.0,173.0,-1075.0,-42.0,2
16761,52.0,-282.0,-26.0,-73.0,-280.0,-20.0,175.0,-1097.0,-23.0,2
16762,48.0,-293.0,-18.0,-75.0,-295.0,-35.0,166.0,-1127.0,-2.0,2
16763,43.0,-298.0,-17.0,-65.0,-306.0,-46.0,129.0,-1150.0,4.0,2
16764,30.0,-303.0,-16.0,-50.0,-319.0,-52.0,91.0,-1165.0,16.0,2
16765,21.0,-306.0,-9.0,-15.0,-331.0,-54.0,56.0,-1181.0,31.0,2
16766,14.0,-306.0,-5.0,44.0,-342.0,-60.0,23.0,-1167.0,52.0,2
16767,14.0,-297.0,-9.0,106.0,-356.0,-58.0,21.0,-1149.0,39.0,2
16768,20.0,-287.0,-16.0,140.0,-370.0,-63.0,17.0,-1143.0,10.0,2
16769,15.0,-290.0,-37.0,135.0,-376.0,-65.0,16.0,-1142.0,-50.0,2
16770,15.0,-294.0,-36.0,90.0,-388.0,-64.0,22.0,-1140.0,-80.0,2
16771,14.0,-293.0,-47.0,42.0,-408.0,-69.0,32.0,-1151.0,-116.0,2
16772,18.0,-300.0,-42.0,1.0,-437.0,-86.0,54.0,-1152.0,-92.0,2
16773,27.0,-307.0,-41.0,10.0,-468.0,-104.0,72.0,-1168.0,-86.0,2
16774,31.0,-306.0,-36.0,62.0,-477.0,-133.0,83.0,-1174.0,-72.0,2
16775,34.0,-303.0,-40.0,127.0,-475.0,-160.0,102.0,-1168.0,-70.0,2
16776,43.0,-303.0,-41.0,189.0,-470.0,-183.0,117.0,-1166.0,-84.0,2
16777,47.0,-300.0,-45.0,234.0,-466.0,-197.0,137.0,-1153.0,-110.0,2
16778,51.0,-294.0,-54.0,264.0,-453.0,-212.0,153.0,-1140.0,-133.0,2
16779,52.0,-291.0,-60.0,274.0,-435.0,-226.0,154.0,-1129.0,-173.0,2
16780,49.0,-283.0,-69.0,266.0,-418.0,-238.0,151.0,-1107.0,-208.0,2
16781,47.0,-277.0,-76.0,239.0,-400.0,-241.0,141.0,-1093.0,-225.0,2
16782,46.0,-280.0,-78.0,209.0,-372.0,-241.0,140.0,-1097.0,-233.0,2
16783,45.0,-284.0,-71.0,187.0,-316.0,-225.0,135.0,-1110.0,-223.0,2
16784,45.0,-288.0,-72.0,181.0,-269.0,-211.0,140.0,-1123.0,-217.0,2
16785,53.0,-289.0,-74.0,192.0,-223.0,-193.0,159.0,-1131.0,-227.0,2
16786,61.0,-289.0,-79.0,215.0,-179.0,-178.0,197.0,-1127.0,-228.0,2
16787,69.0,-290.0,-85.0,244.0,-131.0,-166.0,229.0,-1127.0,-259.0,2
16788,77.0,-285.0,-90.0,267.0,-69.0,-161.0,252.0,-1113.0,-294.0,2
16789,80.0,-279.0,-103.0,276.0,-8.0,-157.0,261.0,-1094.0,-333.0,2
16790,75.0,-274.0,-110.0,279.0,46.0,-157.0,262.0,-1080.0,-365.0,2
16791,75.0,-268.0,-117.0,273.0,89.0,-150.0,250.0,-1057.0,-393.0,2
16792,68.0,-262.0,-120.0,270.0,127.0,-147.0,239.0,-1043.0,-416.0,2
16793,58.0,-259.0,-125.0,261.0,155.0,-143.0,218.0,-1028.0,-439.0,2
16794,45.0,-260.0,-125.0,245.0,168.0,-141.0,159.0,-1020.0,-439.0,2
16795,34.0,-259.0,-120.0,230.0,165.0,-129.0,103.0,-1013.0,-411.0,2
16796,23.0,-258.0,-117.0,232.0,145.0,-111.0,60.0,-1004.0,-385.0,2
16797,18.0,-253.0,-112.0,249.0,120.0,-87.0,49.0,-968.0,-375.0,2
16798,14.0,-240.0,-114.0,272.0,100.0,-74.0,31.0,-932.0,-395.0,2
16799,3.0,-229.0,-119.0,286.0,77.0,-67.0,-2.0,-896.0,-407.0,2
16800,-8.0,-218.0,-125.0,292.0,50.0,-71.0,-31.0,-850.0,-422.0,2
16801,-12.0,-206.0,-133.0,292.0,20.0,-77.0,-70.0,-819.0,-453.0,2
16802,-30.0,-196.0,-135.0,276.0,-11.0,-95.0,-118.0,-785.0,-462.0,2
16803,-39.0,-196.0,-134.0,240.0,-44.0,-106.0,-167.0,-773.0,-471.0,2
16804,-53.0,-194.0,-131.0,191.0,-87.0,-125.0,-227.0,-757.0,-458.0,2
16805,-65.0,-197.0,-123.0,126.0,-141.0,-136.0,-266.0,-780.0,-431.0,2
16806,-74.0,-200.0,-114.0,80.0,-187.0,-140.0,-309.0,-792.0,-381.0,2
16807,-75.0,-207.0,-105.0,56.0,-224.0,-131.0,-330.0,-808.0,-364.0,2
16808,-77.0,-212.0,-103.0,45.0,-240.0,-115.0,-333.0,-827.0,-360.0,2
16809,-68.0,-222.0,-109.0,39.0,-222.0,-86.0,-295.0,-855.0,-382.0,2
16810,-63.0,-228.0,-112.0,28.0,-178.0,-65.0,-279.0,-883.0,-377.0,2
16811,-59.0,-232.0,-112.0,20.0,-133.0,-45.0,-266.0,-897.0,-369.0,2
16812,-58.0,-236.0,-106.0,11.0,-109.0,-30.0,-249.0,-909.0,-357.0,2
16813,-48.0,-234.0,-98.0,-2.0,-114.0,-8.0,-215.0,-911.0,-333.0,2
16814,-29.0,-237.0,-94.0,-16.0,-132.0,13.0,-160.0,-908.0,-315.0,2
16815,-12.0,-236.0,-91.0,-21.0,-148.0,42.0,-93.0,-910.0,-290.0,2
16816,2.0,-233.0,-93.0,-26.0,-138.0,58.0,-27.0,-905.0,-281.0,2
16817,15.0,-226.0,-80.0,-25.0,-119.0,78.0,16.0,-892.0,-274.0,2
16818,21.0,-224.0,-86.0,-23.0,-95.0,92.0,56.0,-887.0,-272.0,2
16819,32.0,-225.0,-88.0,-25.0,-71.0,106.0,100.0,-885.0,-289.0,2
16820,39.0,-230.0,-95.0,-46.0,-55.0,119.0,129.0,-911.0,-311.0,2
16821,47.0,-240.0,-90.0,-91.0,-40.0,140.0,146.0,-924.0,-279.0,2
16822,52.0,-245.0,-75.0,-116.0,-19.0,155.0,167.0,-950.0,-232.0,2
16823,60.0,-252.0,-72.0,-95.0,16.0,169.0,194.0,-970.0,-229.0,2
16824,58.0,-258.0,-74.0,-61.0,64.0,177.0,193.0,-1002.0,-216.0,2
16825,53.0,-261.0,-83.0,-22.0,117.0,192.0,170.0,-1021.0,-252.0,2
16826,49.0,-265.0,-86.0,10.0,171.0,209.0,149.0,-1032.0,-264.0,2
16827,40.0,-264.0,-85.0,37.0,215.0,233.0,117.0,-1044.0,-274.0,2
16828,33.0,-265.0,-91.0,60.0,256.0,247.0,94.0,-1040.0,-285.0,2
16829,21.0,-267.0,-87.0,86.0,290.0,266.0,50.0,-1034.0,-275.0,2
16830,18.0,-266.0,-82.0,121.0,313.0,283.0,25.0,-1022.0,-258.0,2
16831,16.0,-258.0,-79.0,152.0,324.0,297.0,27.0,-1007.0,-255.0,2
16832,12.0,-253.0,-80.0,176.0,336.0,297.0,18.0,-993.0,-239.0,2
16833,8.0,-250.0,-74.0,178.0,350.0,304.0,6.0,-965.0,-224.0,2
16834,3.0,-246.0,-70.0,167.0,365.0,307.0,-19.0,-947.0,-213.0,2
16835,-1.0,-245.0,-68.0,148.0,374.0,311.0,-41.0,-935.0,-190.0,2
16836,-2.0,-240.0,-59.0,131.0,375.0,316.0,-41.0,-917.0,-172.0,2
16837,-6.0,-232.0,-60.0,128.0,377.0,316.0,-47.0,-896.0,-156.0,2
16838,-7.0,-224.0,-56.0,143.0,382.0,304.0,-53.0,-877.0,-164.0,2
16839,-7.0,-219.0,-62.0,156.0,392.0,293.0,-50.0,-856.0,-171.0,2
16840,-8.0,-210.0,-60.0,153.0,404.0,280.0,-51.0,-833.0,-172.0,2
16841,-7.0,-205.0,-62.0,141.0,421.0,278.0,-49.0,-817.0,-176.0,2
16842,-6.0,-202.0,-61.0,117.0,440.0,270.0,-48.0,-793.0,-176.0,2
16843,-10.0,-196.0,-61.0,85.0,457.0,272.0,-61.0,-774.0,-182.0,2
16844,-13.0,-195.0,-59.0,53.0,468.0,275.0,-76.0,-760.0,-168.0,2
16845,-12.0,-197.0,-63.0,21.0,467.0,283.0,-85.0,-766.0,-173.0,2
16846,-9.0,-197.0,-65.0,-16.0,462.0,284.0,-68.0,-783.0,-178.0,2
16847,-13.0,-199.0,-59.0,-54.0,460.0,282.0,-82.0,-790.0,-167.0,2
16848,-17.0,-207.0,-56.0,-90.0,454.0,276.0,-81.0,-808.0,-155.0,2
16849,-15.0,-212.0,-60.0,-107.0,436.0,271.0,-92.0,-834.0,-158.0,2
16850,-20.0,-217.0,-54.0,-130.0,415.0,262.0,-104.0,-852.0,-167.0,2
16851,-18.0,-229.0,-58.0,-150.0,400.0,265.0,-104.0,-884.0,-155.0,2
16852,-18.0,-234.0,-54.0,-157.0,384.0,265.0,-88.0,-911.0,-141.0,2
16853,-12.0,-241.0,-51.0,-151.0,370.0,265.0,-73.0,-927.0,-144.0,2
16854,-10.0,-246.0,-51.0,-142.0,356.0,258.0,-70.0,-949.0,-136.0,2
16855,-11.0,-250.0,-49.0,-134.0,343.0,254.0,-68.0,-960.0,-127.0,2
16856,-7.0,-253.0,-50.0,-123.0,334.0,249.0,-53.0,-970.0,-121.0,2
16857,-4.0,-254.0,-47.0,-110.0,334.0,237.0,-41.0,-970.0,-115.0,2
16858,1.0,-252.0,-44.0,-91.0,334.0,220.0,-36.0,-974.0,-104.0,2
16859,-5.0,-250.0,-50.0,-75.0,336.0,209.0,-33.0,-966.0,-115.0,2
16860,-1.0,-249.0,-52.0,-64.0,342.0,196.0,-23.0,-960.0,-124.0,2
16861,3.0,-247.0,-52.0,-64.0,347.0,188.0,-16.0,-943.0,-119.0,2
16862,3.0,-239.0,-53.0,-59.0,356.0,173.0,-11.0,-926.0,-129.0,2
16863,3.0,-232.0,-53.0,-60.0,366.0,160.0,-2.0,-908.0,-130.0,2
16864,10.0,-228.0,-54.0,-63.0,378.0,143.0,-3.0,-886.0,-131.0,2
16865,9.0,-229.0,-55.0,-71.0,385.0,131.0,-9.0,-876.0,-137.0,2
16866,6.0,-219.0,-54.0,-89.0,387.0,119.0,-2.0,-869.0,-141.0,2
16867,8.0,-221.0,-50.0,-106.0,398.0,112.0,-8.0,-860.0,-127.0,2
16868,5.0,-218.0,-51.0,-113.0,412.0,97.0,-9.0,-860.0,-120.0,2
16869,5.0,-222.0,-45.0,-116.0,416.0,89.0,-17.0,-855.0,-119.0,2
16870,2.0,-222.0,-49.0,-124.0,414.0,76.0,-16.0,-862.0,-118.0,2
16871,3.0,-225.0,-53.0,-137.0,416.0,68.0,-19.0,-871.0,-120.0,2
16872,1.0,-230.0,-48.0,-153.0,420.0,56.0,-15.0,-886.0,-112.0,2
16873,3.0,-236.0,-41.0,-165.0,428.0,50.0,-6.0,-905.0,-95.0,2
16874,5.0,-238.0,-46.0,-163.0,437.0,38.0,-13.0,-918.0,-97.0,2
16875,6.0,-244.0,-43.0,-161.0,448.0,32.0,-15.0,-931.0,-99.0,2
16876,2.0,-244.0,-42.0,-156.0,463.0,22.0,-14.0,-946.0,-83.0,2
16877,7.0,-253.0,-35.0,-138.0,479.0,17.0,-5.0,-956.0,-73.0,2
16878,5.0,-250.0,-38.0,-111.0,485.0,1.0,-9.0,-960.0,-72.0,2
16879,1.0,-250.0,-39.0,-75.0,489.0,-6.0,-20.0,-957.0,-81.0,2
16880,-1.0,-248.0,-34.0,-57.0,494.0,-14.0,-20.0,-953.0,-76.0,2
16881,0.0,-243.0,-37.0,-46.0,494.0,-15.0,-20.0,-950.0,-84.0,2
16882,3.0,-246.0,-42.0,-46.0,487.0,-25.0,-18.0,-946.0,-94.0,2
16883,2.0,-242.0,-42.0,-57.0,482.0,-29.0,-21.0,-939.0,-96.0,2
16884,-4.0,-242.0,-46.0,-67.0,471.0,-43.0,-33.0,-937.0,-95.0,2
16885,-12.0,-240.0,-46.0,-73.0,451.0,-50.0,-62.0,-927.0,-109.0,2
16886,-17.0,-241.0,-48.0,-78.0,426.0,-59.0,-88.0,-935.0,-124.0,2
16887,-25.0,-238.0,-51.0,-88.0,401.0,-58.0,-114.0,-921.0,-134.0,2
16888,-31.0,-240.0,-49.0,-102.0,380.0,-57.0,-141.0,-927.0,-142.0,2
16889,-34.0,-242.0,-54.0,-120.0,361.0,-47.0,-161.0,-935.0,-139.0,2
16890,-36.0,-247.0,-54.0,-143.0,348.0,-40.0,-178.0,-941.0,-139.0,2
16891,-36.0,-248.0,-49.0,-156.0,336.0,-26.0,-172.0,-948.0,-129.0,2
16892,-36.0,-248.0,-49.0,-158.0,326.0,-16.0,-167.0,-958.0,-125.0,2
16893,-29.0,-250.0,-49.0,-154.0,319.0,0.0,-139.0,-967.0,-116.0,2
16894,-20.0,-253.0,-47.0,-147.0,317.0,10.0,-120.0,-974.0,-106.0,2
16895,-12.0,-256.0,-41.0,-139.0,320.0,20.0,-85.0,-979.0,-97.0,2
16896,-6.0,-254.0,-43.0,-131.0,321.0,22.0,-65.0,-982.0,-96.0,2
16897,-7.0,-254.0,-42.0,-118.0,320.0,25.0,-49.0,-978.0,-96.0,2
16898,-4.0,-253.0,-43.0,-104.0,316.0,19.0,-30.0,-976.0,-107.0,2
16899,0.0,-253.0,-51.0,-90.0,311.0,21.0,-24.0,-992.0,-120.0,2
16900,2.0,-256.0,-55.0,-78.0,307.0,18.0,-18.0,-983.0,-138.0,2
16901,0.0,-257.0,-55.0,-73.0,309.0,20.0,-25.0,-1003.0,-147.0,2
16902,0.0,-260.0,-54.0,-65.0,313.0,21.0,-35.0,-1006.0,-138.0,2
16903,-1.0,-261.0,-50.0,-55.0,321.0,27.0,-37.0,-1023.0,-124.0,2
16904,-4.0,-267.0,-41.0,-40.0,336.0,32.0,-42.0,-1036.0,-91.0,2
16905,-5.0,-273.0,-36.0,-17.0,356.0,45.0,-58.0,-1049.0,-60.0,2
16906,-8.0,-276.0,-29.0,19.0,383.0,54.0,-63.0,-1070.0,-43.0,2
16907,-10.0,-279.0,-26.0,57.0,417.0,68.0,-64.0,-1082.0,-18.0,2
16908,-7.0,-285.0,-18.0,98.0,448.0,79.0,-64.0,-1093.0,0.0,2
16909,-4.0,-286.0,-14.0,145.0,475.0,94.0,-45.0,-1099.0,22.0,2
16910,3.0,-288.0,-12.0,198.0,499.0,101.0,-33.0,-1112.0,22.0,2
16911,5.0,-290.0,-17.0,251.0,531.0,108.0,-16.0,-1118.0,16.0,2
16912,13.0,-288.0,-18.0,282.0,555.0,114.0,8.0,-1112.0,11.0,2
16913,17.0,-288.0,-18.0,311.0,582.0,126.0,31.0,-1109.0,8.0,2
16914,21.0,-282.0,-20.0,342.0,608.0,128.0,49.0,-1098.0,-6.0,2
16915,23.0,-279.0,-21.0,352.0,631.0,137.0,57.0,-1087.0,-9.0,2
16916,22.0,-276.0,-16.0,350.0,652.0,139.0,54.0,-1079.0,-10.0,2
16917,17.0,-270.0,-15.0,334.0,665.0,140.0,35.0,-1057.0,-4.0,2
16918,8.0,-267.0,-14.0,313.0,672.0,134.0,9.0,-1041.0,31.0,2
16919,4.0,-263.0,-8.0,298.0,675.0,129.0,-15.0,-1023.0,43.0,2
16920,-1.0,-260.0,-15.0,278.0,663.0,126.0,-32.0,-1003.0,33.0,2
16921,-8.0,-251.0,-18.0,243.0,662.0,118.0,-64.0,-975.0,5.0,2
16922,-12.0,-245.0,-21.0,175.0,676.0,118.0,-82.0,-948.0,-14.0,2
16923,-19.0,-245.0,-29.0,117.0,684.0,124.0,-107.0,-951.0,-39.0,2
16924,-23.0,-246.0,-35.0,65.0,698.0,128.0,-134.0,-954.0,-70.0,2
16925,-27.0,-254.0,-39.0,13.0,719.0,139.0,-138.0,-980.0,-78.0,2
16926,-34.0,-263.0,-30.0,-31.0,731.0,139.0,-159.0,-1022.0,-63.0,2
16927,-37.0,-268.0,-34.0,-52.0,726.0,148.0,-176.0,-1042.0,-47.0,2
16928,-40.0,-277.0,-33.0,-60.0,706.0,144.0,-186.0,-1070.0,-49.0,2
16929,-46.0,-279.0,-30.0,-69.0,672.0,139.0,-204.0,-1076.0,-50.0,2
16930,-51.0,-282.0,-32.0,-79.0,623.0,128.0,-212.0,-1091.0,-58.0,2
16931,-52.0,-286.0,-37.0,-90.0,566.0,111.0,-221.0,-1098.0,-85.0,2
16932,-54.0,-285.0,-46.0,-101.0,495.0,90.0,-225.0,-1103.0,-121.0,2
16933,-55.0,-289.0,-55.0,-112.0,436.0,75.0,-238.0,-1109.0,-165.0,2
16934,-61.0,-291.0,-66.0,-128.0,379.0,64.0,-264.0,-1128.0,-188.0,2
16935,-63.0,-296.0,-73.0,-148.0,328.0,71.0,-272.0,-1150.0,-220.0,2
16936,-58.0,-310.0,-78.0,-165.0,283.0,81.0,-262.0,-1172.0,-231.0,2
16937,-64.0,-316.0,-76.0,-167.0,233.0,99.0,-270.0,-1203.0,-244.0,2
16938,-73.0,-319.0,-73.0,-155.0,178.0,109.0,-287.0,-1231.0,-234.0,2
16939,-77.0,-326.0,-71.0,-120.0,112.0,119.0,-321.0,-1270.0,-220.0,2
16940,-81.0,-330.0,-68.0,-66.0,30.0,125.0,-347.0,-1265.0,-209.0,2
16941,-85.0,-328.0,-69.0,1.0,-69.0,139.0,-353.0,-1262.0,-205.0,2
16942,-82.0,-324.0,-71.0,68.0,-199.0,158.0,-344.0,-1248.0,-215.0,2
16943,-75.0,-320.0,-72.0,130.0,-299.0,182.0,-320.0,-1222.0,-240.0,2
16944,-61.0,-314.0,-84.0,163.0,-375.0,197.0,-280.0,-1201.0,-259.0,2
16945,-44.0,-302.0,-89.0,195.0,-419.0,207.0,-225.0,-1169.0,-273.0,2
16946,-31.0,-297.0,-87.0,238.0,-437.0,198.0,-162.0,-1137.0,-284.0,2
16947,-14.0,-282.0,-90.0,283.0,-446.0,183.0,-104.0,-1094.0,-291.0,2
16948,-5.0,-261.0,-92.0,318.0,-450.0,152.0,-55.0,-1034.0,-306.0,2
16949,6.0,-248.0,-99.0,332.0,-446.0,123.0,-13.0,-958.0,-325.0,2
16950,13.0,-230.0,-104.0,316.0,-429.0,95.0,20.0,-909.0,-350.0,2
16951,21.0,-219.0,-117.0,267.0,-400.0,75.0,47.0,-879.0,-380.0,2
16952,29.0,-212.0,-116.0,196.0,-358.0,54.0,75.0,-845.0,-396.0,2
16953,38.0,-217.0,-122.0,113.0,-309.0,46.0,107.0,-844.0,-412.0,2
16954,38.0,-211.0,-130.0,65.0,-266.0,36.0,116.0,-833.0,-445.0,2
16955,48.0,-213.0,-134.0,29.0,-215.0,44.0,148.0,-840.0,-462.0,2
16956,54.0,-217.0,-132.0,7.0,-157.0,47.0,182.0,-851.0,-467.0,2
16957,60.0,-220.0,-129.0,0.0,-95.0,54.0,208.0,-858.0,-449.0,2
16958,61.0,-221.0,-124.0,8.0,-36.0,55.0,212.0,-864.0,-425.0,2
16959,64.0,-220.0,-121.0,15.0,9.0,62.0,220.0,-867.0,-401.0,2
16960,63.0,-213.0,-114.0,18.0,29.0,66.0,227.0,-849.0,-385.0,2
16961,62.0,-213.0,-115.0,15.0,34.0,78.0,232.0,-846.0,-390.0,2
16962,62.0,-210.0,-116.0,-3.0,36.0,85.0,219.0,-818.0,-387.0,2
16963,59.0,-201.0,-117.0,-16.0,48.0,105.0,203.0,-795.0,-384.0,2
16964,52.0,-198.0,-115.0,-14.0,53.0,112.0,189.0,-784.0,-381.0,2
16965,49.0,-199.0,-115.0,1.0,36.0,110.0,166.0,-797.0,-395.0,2
16966,30.0,-193.0,-123.0,-12.0,8.0,94.0,93.0,-766.0,-420.0,2
16967,21.0,-197.0,-131.0,-51.0,-11.0,105.0,52.0,-786.0,-446.0,2
16968,22.0,-203.0,-134.0,-126.0,-5.0,109.0,51.0,-828.0,-473.0,2
16969,20.0,-212.0,-117.0,-219.0,19.0,106.0,49.0,-835.0,-402.0,2
16970,18.0,-223.0,-113.0,-273.0,37.0,91.0,46.0,-884.0,-373.0,2
16971,21.0,-242.0,-97.0,-303.0,56.0,65.0,62.0,-926.0,-317.0,2
16972,12.0,-252.0,-92.0,-304.0,68.0,25.0,16.0,-972.0,-284.0,2
16973,3.0,-262.0,-86.0,-293.0,73.0,-7.0,-15.0,-1014.0,-274.0,2
16974,5.0,-272.0,-89.0,-271.0,82.0,-37.0,-7.0,-1058.0,-280.0,2
16975,9.0,-277.0,-87.0,-247.0,90.0,-71.0,9.0,-1075.0,-266.0,2
16976,7.0,-281.0,-83.0,-196.0,83.0,-121.0,-1.0,-1075.0,-259.0,2
16977,-3.0,-274.0,-84.0,-123.0,62.0,-164.0,-20.0,-1063.0,-253.0,2
16978,-6.0,-264.0,-82.0,-44.0,37.0,-205.0,-55.0,-1024.0,-242.0,2
16979,-13.0,-260.0,-88.0,26.0,11.0,-227.0,-81.0,-1002.0,-279.0,2
16980,-19.0,-247.0,-84.0,52.0,-17.0,-245.0,-101.0,-956.0,-277.0,2
16981,-21.0,-243.0,-88.0,42.0,-47.0,-250.0,-105.0,-945.0,-284.0,2
16982,-16.0,-244.0,-94.0,5.0,-74.0,-259.0,-106.0,-936.0,-292.0,2
16983,-21.0,-244.0,-89.0,-50.0,-94.0,-261.0,-110.0,-954.0,-281.0,2
16984,-19.0,-251.0,-82.0,-110.0,-105.0,-270.0,-111.0,-963.0,-264.0,2
16985,-21.0,-257.0,-73.0,-157.0,-114.0,-275.0,-107.0,-1000.0,-243.0,2
16986,-17.0,-260.0,-70.0,-160.0,-137.0,-283.0,-88.0,-1003.0,-204.0,2
16987,-12.0,-259.0,-65.0,-118.0,-172.0,-287.0,-75.0,-1004.0,-185.0,2
16988,-8.0,-260.0,-64.0,-51.0,-208.0,-291.0,-57.0,-999.0,-177.0,2
16989,-6.0,-255.0,-64.0,13.0,-233.0,-293.0,-49.0,-982.0,-198.0,2
16990,0.0,-248.0,-70.0,57.0,-243.0,-295.0,-28.0,-953.0,-199.0,2
16991,3.0,-242.0,-65.0,79.0,-247.0,-291.0,-3.0,-940.0,-192.0,2
16992,10.0,-236.0,-63.0,84.0,-261.0,-291.0,12.0,-907.0,-186.0,2
16993,20.0,-225.0,-61.0,80.0,-284.0,-290.0,53.0,-881.0,-165.0,2
16994,23.0,-223.0,-62.0,77.0,-306.0,-292.0,62.0,-862.0,-170.0,2
16995,36.0,-215.0,-60.0,70.0,-313.0,-288.0,104.0,-840.0,-167.0,2
16996,36.0,-214.0,-61.0,55.0,-306.0,-293.0,117.0,-838.0,-178.0,2
16997,41.0,-210.0,-65.0,36.0,-287.0,-300.0,120.0,-829.0,-185.0,2
16998,39.0,-213.0,-69.0,17.0,-273.0,-311.0,124.0,-832.0,-189.0,2
16999,36.0,-213.0,-63.0,-1.0,-270.0,-317.0,118.0,-837.0,-187.0,2
17000,41.0,-214.0,-64.0,-16.0,-273.0,-320.0,116.0,-841.0,-197.0,2
17001,40.0,-215.0,-69.0,-27.0,-269.0,-320.0,123.0,-855.0,-196.0,2
17002,40.0,-224.0,-69.0,-46.0,-258.0,-323.0,124.0,-879.0,-216.0,2
17003,35.0,-229.0,-64.0,-86.0,-233.0,-326.0,114.0,-894.0,-206.0,2
17004,30.0,-230.0,-65.0,-121.0,-214.0,-336.0,93.0,-899.0,-186.0,2
17005,21.0,-235.0,-60.0,-136.0,-209.0,-334.0,65.0,-905.0,-173.0,2
17006,20.0,-239.0,-62.0,-133.0,-209.0,-325.0,43.0,-918.0,-173.0,2
17007,17.0,-240.0,-63.0,-121.0,-208.0,-312.0,42.0,-922.0,-172.0,2
17008,16.0,-239.0,-58.0,-110.0,-204.0,-303.0,32.0,-922.0,-162.0,2
17009,19.0,-238.0,-69.0,-91.0,-193.0,-293.0,44.0,-924.0,-185.0,2
17010,12.0,-240.0,-64.0,-90.0,-178.0,-296.0,28.0,-926.0,-176.0,2
17011,7.0,-239.0,-62.0,-98.0,-181.0,-297.0,0.0,-922.0,-169.0,2
17012,6.0,-234.0,-56.0,-105.0,-197.0,-296.0,-5.0,-907.0,-155.0,2
17013,2.0,-233.0,-57.0,-103.0,-216.0,-285.0,-14.0,-905.0,-158.0,2
17014,4.0,-230.0,-56.0,-110.0,-230.0,-273.0,-3.0,-904.0,-164.0,2
17015,4.0,-229.0,-59.0,-119.0,-237.0,-264.0,-7.0,-898.0,-160.0,2
17016,6.0,-227.0,-57.0,-130.0,-244.0,-256.0,-14.0,-892.0,-160.0,2
17017,6.0,-225.0,-57.0,-145.0,-251.0,-246.0,-1.0,-886.0,-158.0,2
17018,8.0,-226.0,-60.0,-153.0,-255.0,-241.0,15.0,-877.0,-159.0,2
17019,13.0,-224.0,-56.0,-161.0,-254.0,-233.0,21.0,-871.0,-158.0,2
17020,15.0,-221.0,-57.0,-172.0,-249.0,-227.0,34.0,-872.0,-151.0,2
17021,20.0,-222.0,-52.0,-182.0,-243.0,-218.0,47.0,-867.0,-144.0,2
17022,23.0,-219.0,-55.0,-197.0,-237.0,-211.0,67.0,-867.0,-137.0,2
17023,29.0,-222.0,-51.0,-214.0,-228.0,-203.0,79.0,-867.0,-129.0,2
17024,33.0,-222.0,-52.0,-224.0,-222.0,-200.0,91.0,-878.0,-121.0,2
17025,32.0,-228.0,-46.0,-226.0,-218.0,-198.0,92.0,-876.0,-122.0,2
17026,32.0,-229.0,-50.0,-218.0,-219.0,-195.0,98.0,-886.0,-126.0,2
17027,32.0,-228.0,-49.0,-208.0,-223.0,-188.0,106.0,-888.0,-136.0,2
17028,34.0,-228.0,-55.0,-204.0,-226.0,-182.0,105.0,-893.0,-133.0,2
17029,35.0,-232.0,-51.0,-202.0,-227.0,-173.0,106.0,-901.0,-137.0,2
17030,34.0,-234.0,-51.0,-203.0,-227.0,-162.0,102.0,-905.0,-129.0,2
17031,33.0,-234.0,-53.0,-199.0,-224.0,-149.0,103.0,-918.0,-135.0,2
17032,32.0,-241.0,-52.0,-197.0,-222.0,-140.0,88.0,-926.0,-123.0,2
17033,28.0,-243.0,-49.0,-192.0,-221.0,-127.0,81.0,-928.0,-127.0,2
17034,29.0,-243.0,-47.0,-184.0,-218.0,-114.0,80.0,-933.0,-114.0,2
17035,26.0,-245.0,-47.0,-171.0,-216.0,-101.0,66.0,-943.0,-104.0,2
17036,21.0,-246.0,-48.0,-158.0,-218.0,-86.0,56.0,-957.0,-106.0,2
17037,20.0,-249.0,-41.0,-148.0,-226.0,-66.0,39.0,-959.0,-97.0,2
17038,15.0,-250.0,-40.0,-139.0,-240.0,-54.0,34.0,-970.0,-91.0,2
17039,13.0,-251.0,-39.0,-131.0,-256.0,-37.0,25.0,-969.0,-79.0,2
17040,15.0,-254.0,-34.0,-116.0,-272.0,-24.0,25.0,-970.0,-76.0,2
17041,13.0,-250.0,-35.0,-99.0,-280.0,-12.0,16.0,-969.0,-66.0,2
17042,13.0,-250.0,-39.0,-85.0,-283.0,-1.0,18.0,-966.0,-72.0,2
17043,21.0,-249.0,-36.0,-75.0,-280.0,7.0,38.0,-951.0,-76.0,2
17044,23.0,-245.0,-44.0,-68.0,-270.0,11.0,58.0,-946.0,-83.0,2
17045,24.0,-241.0,-39.0,-65.0,-257.0,13.0,66.0,-943.0,-88.0,2
17046,30.0,-240.0,-46.0,-69.0,-241.0,14.0,84.0,-930.0,-98.0,2
17047,36.0,-241.0,-50.0,-76.0,-227.0,13.0,105.0,-936.0,-118.0,2
17048,45.0,-241.0,-51.0,-88.0,-210.0,8.0,135.0,-938.0,-133.0,2
17049,48.0,-244.0,-55.0,-100.0,-191.0,10.0,160.0,-945.0,-146.0,2
17050,51.0,-246.0,-58.0,-113.0,-171.0,4.0,176.0,-954.0,-169.0,2
17051,55.0,-249.0,-61.0,-126.0,-152.0,1.0,186.0,-964.0,-175.0,2
17052,56.0,-249.0,-61.0,-136.0,-137.0,-6.0,188.0,-979.0,-174.0,2
17053,52.0,-258.0,-58.0,-144.0,-129.0,-14.0,175.0,-1006.0,-169.0,2
17054,44.0,-261.0,-57.0,-147.0,-128.0,-20.0,153.0,-1012.0,-153.0,2
17055,37.0,-261.0,-51.0,-148.0,-131.0,-25.0,127.0,-1025.0,-138.0,2
17056,28.0,-265.0,-47.0,-148.0,-135.0,-28.0,92.0,-1031.0,-124.0,2
17057,23.0,-266.0,-46.0,-139.0,-135.0,-27.0,67.0,-1043.0,-106.0,2
17058,16.0,-268.0,-48.0,-114.0,-144.0,-24.0,31.0,-1041.0,-111.0,2
17059,6.0,-267.0,-48.0,-88.0,-155.0,-20.0,4.0,-1038.0,-125.0,2
17060,3.0,-264.0,-51.0,-71.0,-169.0,-15.0,-15.0,-1024.0,-136.0,2
17061,0.0,-260.0,-56.0,-55.0,-184.0,-6.0,-24.0,-1015.0,-157.0,2
17062,3.0,-258.0,-58.0,-43.0,-196.0,5.0,-7.0,-1006.0,-163.0,2
17063,13.0,-257.0,-58.0,-33.0,-201.0,17.0,23.0,-1003.0,-157.0,2
17064,24.0,-254.0,-54.0,-25.0,-203.0,26.0,63.0,-987.0,-155.0,2
17065,32.0,-255.0,-55.0,-23.0,-201.0,32.0,91.0,-998.0,-141.0,2
17066,37.0,-257.0,-51.0,-24.0,-200.0,29.0,117.0,-1001.0,-122.0,2
17067,42.0,-257.0,-44.0,-28.0,-204.0,26.0,131.0,-1015.0,-101.0,2
17068,42.0,-261.0,-39.0,-33.0,-209.0,23.0,134.0,-1020.0,-76.0,2
17069,44.0,-267.0,-30.0,-41.0,-213.0,17.0,134.0,-1042.0,-46.0,2
17070,44.0,-273.0,-20.0,-43.0,-222.0,8.0,135.0,-1055.0,-31.0,2
17071,44.0,-279.0,-21.0,-36.0,-229.0,3.0,127.0,-1074.0,-3.0,2
17072,33.0,-283.0,-12.0,-11.0,-234.0,-4.0,103.0,-1098.0,24.0,2
17073,25.0,-289.0,-10.0,20.0,-231.0,-17.0,62.0,-1119.0,23.0,2
17074,15.0,-294.0,-13.0,50.0,-235.0,-21.0,29.0,-1139.0,28.0,2
17075,5.0,-296.0,-13.0,74.0,-251.0,-23.0,2.0,-1155.0,22.0,2
17076,6.0,-298.0,6.0,91.0,-281.0,-22.0,-5.0,-1140.0,76.0,2
17077,-3.0,-298.0,-2.0,155.0,-298.0,-29.0,-34.0,-1143.0,66.0,2
17078,-3.0,-291.0,-5.0,212.0,-314.0,-33.0,-25.0,-1128.0,61.0,2
17079,3.0,-285.0,-8.0,247.0,-326.0,-48.0,-25.0,-1107.0,33.0,2
17080,3.0,-277.0,-11.0,252.0,-331.0,-47.0,-8.0,-1089.0,30.0,2
17081,17.0,-272.0,-23.0,238.0,-333.0,-41.0,29.0,-1073.0,-3.0,2
17082,21.0,-270.0,-32.0,209.0,-346.0,-47.0,59.0,-1060.0,-57.0,2
17083,24.0,-265.0,-39.0,164.0,-372.0,-66.0,68.0,-1047.0,-86.0,2
17084,27.0,-262.0,-43.0,147.0,-394.0,-90.0,73.0,-1025.0,-98.0,2
17085,26.0,-263.0,-46.0,157.0,-410.0,-112.0,75.0,-1039.0,-115.0,2
17086,31.0,-263.0,-47.0,175.0,-423.0,-128.0,87.0,-1028.0,-102.0,2
17087,39.0,-269.0,-39.0,198.0,-432.0,-137.0,111.0,-1050.0,-84.0,2
17088,43.0,-274.0,-32.0,222.0,-425.0,-145.0,134.0,-1063.0,-73.0,2
17089,53.0,-274.0,-34.0,236.0,-406.0,-150.0,165.0,-1070.0,-68.0,2
17090,53.0,-278.0,-39.0,239.0,-381.0,-151.0,185.0,-1080.0,-78.0,2
17091,57.0,-275.0,-47.0,231.0,-358.0,-151.0,188.0,-1085.0,-100.0,2
17092,57.0,-275.0,-55.0,215.0,-335.0,-142.0,197.0,-1087.0,-134.0,2
17093,55.0,-278.0,-64.0,194.0,-312.0,-132.0,181.0,-1097.0,-185.0,2
17094,51.0,-281.0,-76.0,165.0,-284.0,-119.0,174.0,-1102.0,-216.0,2
17095,49.0,-285.0,-88.0,147.0,-247.0,-105.0,154.0,-1112.0,-258.0,2
17096,51.0,-287.0,-95.0,139.0,-206.0,-89.0,145.0,-1125.0,-288.0,2
17097,51.0,-292.0,-105.0,143.0,-162.0,-78.0,154.0,-1128.0,-330.0,2
17098,55.0,-290.0,-113.0,153.0,-121.0,-69.0,175.0,-1136.0,-383.0,2
17099,57.0,-294.0,-124.0,161.0,-80.0,-73.0,196.0,-1142.0,-425.0,2
17100,67.0,-292.0,-130.0,168.0,-32.0,-84.0,224.0,-1141.0,-462.0,2
17101,73.0,-291.0,-146.0,159.0,37.0,-104.0,240.0,-1143.0,-515.0,2
17102,77.0,-295.0,-154.0,128.0,104.0,-126.0,252.0,-1160.0,-557.0,2
17103,69.0,-300.0,-160.0,85.0,169.0,-155.0,235.0,-1161.0,-568.0,2
17104,56.0,-303.0,-148.0,59.0,220.0,-180.0,195.0,-1172.0,-536.0,2
17105,40.0,-306.0,-127.0,61.0,249.0,-202.0,129.0,-1187.0,-469.0,2
17106,26.0,-302.0,-117.0,84.0,251.0,-216.0,72.0,-1166.0,-395.0,2
17107,16.0,-294.0,-101.0,129.0,233.0,-210.0,50.0,-1139.0,-335.0,2
17108,11.0,-278.0,-94.0,188.0,207.0,-201.0,20.0,-1084.0,-318.0,2
17109,8.0,-259.0,-104.0,253.0,176.0,-193.0,5.0,-1011.0,-343.0,2
17110,-1.0,-236.0,-115.0,298.0,143.0,-186.0,-20.0,-925.0,-391.0,2
17111,-12.0,-218.0,-128.0,314.0,101.0,-181.0,-61.0,-863.0,-444.0,2
17112,-27.0,-201.0,-142.0,301.0,64.0,-184.0,-126.0,-788.0,-484.0,2
17113,-45.0,-190.0,-142.0,256.0,21.0,-191.0,-189.0,-753.0,-500.0,2
17114,-59.0,-185.0,-143.0,195.0,-22.0,-195.0,-254.0,-728.0,-500.0,2
17115,-73.0,-186.0,-134.0,125.0,-64.0,-194.0,-300.0,-723.0,-478.0,2
17116,-82.0,-187.0,-126.0,59.0,-101.0,-183.0,-345.0,-734.0,-437.0,2
17117,-89.0,-193.0,-112.0,7.0,-136.0,-160.0,-369.0,-755.0,-399.0,2
17118,-89.0,-197.0,-111.0,-25.0,-166.0,-115.0,-364.0,-782.0,-377.0,2
17119,-77.0,-209.0,-113.0,-40.0,-182.0,-67.0,-336.0,-814.0,-378.0,2
17120,-66.0,-220.0,-106.0,-46.0,-175.0,-21.0,-303.0,-847.0,-365.0,2
17121,-55.0,-226.0,-103.0,-46.0,-154.0,18.0,-260.0,-871.0,-341.0,2
17122,-47.0,-236.0,-103.0,-40.0,-132.0,60.0,-221.0,-906.0,-332.0,2
17123,-36.0,-243.0,-97.0,-39.0,-122.0,88.0,-178.0,-930.0,-320.0,2
17124,-19.0,-241.0,-87.0,-50.0,-125.0,117.0,-128.0,-954.0,-303.0,2
17125,-10.0,-247.0,-84.0,-63.0,-124.0,144.0,-64.0,-954.0,-271.0,2
17126,8.0,-247.0,-83.0,-64.0,-111.0,173.0,-4.0,-956.0,-264.0,2
17127,24.0,-246.0,-85.0,-60.0,-81.0,198.0,50.0,-955.0,-267.0,2
17128,34.0,-244.0,-84.0,-65.0,-43.0,219.0,100.0,-951.0,-261.0,2
17129,48.0,-245.0,-79.0,-70.0,-11.0,234.0,142.0,-942.0,-255.0,2
17130,54.0,-241.0,-78.0,-66.0,18.0,246.0,178.0,-933.0,-239.0,2
17131,60.0,-241.0,-79.0,-67.0,51.0,252.0,204.0,-935.0,-251.0,2
17132,62.0,-241.0,-79.0,-79.0,93.0,256.0,214.0,-939.0,-239.0,2
17133,64.0,-248.0,-75.0,-80.0,152.0,255.0,215.0,-952.0,-226.0,2
17134,60.0,-246.0,-77.0,-76.0,201.0,255.0,204.0,-953.0,-225.0,2
17135,49.0,-245.0,-73.0,-67.0,242.0,255.0,171.0,-947.0,-213.0,2
17136,46.0,-245.0,-74.0,-42.0,283.0,262.0,141.0,-953.0,-210.0,2
17137,36.0,-248.0,-77.0,-10.0,320.0,264.0,118.0,-956.0,-227.0,2
17138,28.0,-251.0,-75.0,14.0,344.0,267.0,76.0,-968.0,-241.0,2
17139,23.0,-249.0,-74.0,34.0,358.0,265.0,55.0,-968.0,-227.0,2
17140,17.0,-251.0,-80.0,59.0,370.0,266.0,38.0,-965.0,-228.0,2
17141,13.0,-252.0,-78.0,86.0,387.0,262.0,16.0,-971.0,-241.0,2
17142,4.0,-250.0,-74.0,96.0,408.0,263.0,-16.0,-957.0,-244.0,2
17143,-5.0,-244.0,-71.0,102.0,437.0,274.0,-39.0,-945.0,-219.0,2
17144,-7.0,-241.0,-80.0,122.0,450.0,280.0,-49.0,-943.0,-237.0,2
17145,-9.0,-238.0,-77.0,111.0,451.0,278.0,-61.0,-912.0,-226.0,2
17146,-9.0,-232.0,-71.0,108.0,465.0,286.0,-73.0,-905.0,-218.0,2
17147,-8.0,-230.0,-67.0,108.0,483.0,287.0,-58.0,-893.0,-200.0,2
17148,-5.0,-222.0,-62.0,105.0,501.0,287.0,-38.0,-866.0,-184.0,2
17149,-5.0,-216.0,-62.0,104.0,512.0,281.0,-37.0,-843.0,-172.0,2
17150,-7.0,-213.0,-62.0,96.0,521.0,281.0,-50.0,-837.0,-181.0,2
17151,-7.0,-210.0,-63.0,73.0,527.0,282.0,-55.0,-830.0,-184.0,2
17152,-6.0,-208.0,-61.0,48.0,534.0,287.0,-54.0,-814.0,-175.0,2
17153,-8.0,-208.0,-62.0,27.0,537.0,287.0,-54.0,-815.0,-167.0,2
17154,-6.0,-207.0,-58.0,11.0,539.0,291.0,-59.0,-807.0,-164.0,2
17155,-8.0,-209.0,-56.0,3.0,537.0,292.0,-64.0,-811.0,-152.0,2
17156,-12.0,-210.0,-54.0,2.0,527.0,296.0,-75.0,-822.0,-146.0,2
17157,-14.0,-210.0,-51.0,3.0,509.0,298.0,-88.0,-827.0,-138.0,2
17158,-14.0,-216.0,-53.0,1.0,488.0,304.0,-81.0,-837.0,-142.0,2
17159,-11.0,-219.0,-53.0,-8.0,465.0,300.0,-82.0,-851.0,-141.0,2
17160,-14.0,-226.0,-53.0,-25.0,441.0,295.0,-86.0,-866.0,-143.0,2
17161,-15.0,-228.0,-56.0,-44.0,418.0,285.0,-93.0,-880.0,-148.0,2
17162,-14.0,-234.0,-53.0,-59.0,397.0,281.0,-90.0,-892.0,-144.0,2
17163,-12.0,-236.0,-54.0,-69.0,386.0,270.0,-90.0,-907.0,-140.0,2
17164,-11.0,-240.0,-51.0,-75.0,387.0,263.0,-77.0,-914.0,-136.0,2
17165,-9.0,-240.0,-53.0,-78.0,386.0,255.0,-70.0,-930.0,-133.0,2
17166,-10.0,-244.0,-52.0,-78.0,382.0,244.0,-58.0,-935.0,-137.0,2
17167,-5.0,-242.0,-58.0,-83.0,379.0,230.0,-52.0,-935.0,-142.0,2
17168,-3.0,-245.0,-50.0,-89.0,381.0,219.0,-44.0,-944.0,-134.0,2
17169,-2.0,-245.0,-51.0,-92.0,382.0,204.0,-33.0,-943.0,-130.0,2
17170,-4.0,-245.0,-52.0,-87.0,379.0,190.0,-26.0,-935.0,-126.0,2
17171,-2.0,-242.0,-50.0,-82.0,374.0,170.0,-30.0,-929.0,-130.0,2
17172,0.0,-242.0,-54.0,-80.0,366.0,156.0,-37.0,-922.0,-137.0,2
17173,-1.0,-238.0,-54.0,-77.0,364.0,142.0,-27.0,-922.0,-140.0,2
17174,3.0,-235.0,-54.0,-79.0,364.0,127.0,-26.0,-916.0,-135.0,2
17175,-2.0,-235.0,-55.0,-82.0,365.0,111.0,-29.0,-913.0,-134.0,2
17176,-2.0,-236.0,-48.0,-84.0,366.0,102.0,-36.0,-909.0,-123.0,2
17177,-2.0,-239.0,-50.0,-81.0,369.0,95.0,-34.0,-911.0,-123.0,2
17178,-3.0,-238.0,-47.0,-79.0,373.0,91.0,-38.0,-910.0,-110.0,2
17179,-4.0,-238.0,-42.0,-82.0,379.0,83.0,-44.0,-912.0,-93.0,2
17180,-4.0,-236.0,-42.0,-81.0,385.0,78.0,-43.0,-911.0,-91.0,2
17181,-3.0,-237.0,-42.0,-82.0,388.0,70.0,-37.0,-918.0,-85.0,2
17182,-1.0,-238.0,-42.0,-82.0,391.0,65.0,-35.0,-920.0,-82.0,2
17183,-2.0,-242.0,-39.0,-83.0,392.0,49.0,-36.0,-924.0,-82.0,2
17184,0.0,-242.0,-39.0,-83.0,391.0,39.0,-24.0,-934.0,-82.0,2
17185,-3.0,-244.0,-43.0,-82.0,388.0,26.0,-24.0,-945.0,-80.0,2
17186,2.0,-249.0,-38.0,-74.0,386.0,16.0,-23.0,-945.0,-66.0,2
17187,6.0,-248.0,-34.0,-53.0,391.0,1.0,-9.0,-956.0,-65.0,2
17188,7.0,-249.0,-34.0,-28.0,391.0,-11.0,-3.0,-954.0,-51.0,2
17189,10.0,-249.0,-30.0,-5.0,393.0,-27.0,-1.0,-951.0,-64.0,2
17190,8.0,-246.0,-35.0,6.0,399.0,-36.0,-5.0,-949.0,-62.0,2
17191,1.0,-242.0,-35.0,14.0,404.0,-47.0,-13.0,-938.0,-61.0,2
17192,6.0,-243.0,-37.0,19.0,403.0,-49.0,-12.0,-932.0,-73.0,2
17193,5.0,-238.0,-37.0,13.0,403.0,-58.0,-9.0,-922.0,-77.0,2
17194,1.0,-236.0,-39.0,1.0,402.0,-64.0,-21.0,-915.0,-81.0,2
17195,-1.0,-233.0,-42.0,-17.0,398.0,-76.0,-30.0,-902.0,-85.0,2
17196,-8.0,-231.0,-41.0,-39.0,388.0,-79.0,-47.0,-901.0,-90.0,2
17197,-9.0,-229.0,-44.0,-62.0,376.0,-88.0,-63.0,-894.0,-93.0,2
17198,-19.0,-229.0,-47.0,-86.0,359.0,-92.0,-89.0,-890.0,-115.0,2
17199,-25.0,-227.0,-52.0,-113.0,340.0,-99.0,-120.0,-887.0,-125.0,2
17200,-30.0,-228.0,-54.0,-143.0,320.0,-97.0,-135.0,-889.0,-142.0,2
17201,-28.0,-232.0,-58.0,-170.0,300.0,-92.0,-142.0,-900.0,-150.0,2
17202,-29.0,-236.0,-57.0,-196.0,286.0,-80.0,-141.0,-914.0,-159.0,2
17203,-24.0,-242.0,-60.0,-218.0,281.0,-70.0,-130.0,-924.0,-158.0,2
17204,-16.0,-247.0,-54.0,-228.0,283.0,-56.0,-107.0,-950.0,-143.0,2
17205,-9.0,-249.0,-51.0,-227.0,296.0,-48.0,-68.0,-962.0,-125.0,2
17206,-6.0,-250.0,-45.0,-218.0,313.0,-41.0,-49.0,-968.0,-115.0,2
17207,-4.0,-253.0,-48.0,-196.0,321.0,-45.0,-41.0,-978.0,-108.0,2
17208,-6.0,-252.0,-47.0,-178.0,315.0,-47.0,-37.0,-966.0,-112.0,2
17209,-5.0,-251.0,-53.0,-168.0,299.0,-52.0,-41.0,-973.0,-133.0,2
17210,-5.0,-253.0,-55.0,-169.0,279.0,-58.0,-39.0,-973.0,-143.0,2
17211,-8.0,-252.0,-57.0,-176.0,258.0,-66.0,-53.0,-976.0,-155.0,2
17212,-7.0,-257.0,-63.0,-185.0,247.0,-64.0,-61.0,-1005.0,-163.0,2
17213,-10.0,-262.0,-56.0,-190.0,247.0,-67.0,-67.0,-1017.0,-149.0,2
17214,-11.0,-270.0,-53.0,-186.0,256.0,-61.0,-75.0,-1041.0,-133.0,2
17215,-12.0,-276.0,-37.0,-168.0,276.0,-55.0,-78.0,-1056.0,-86.0,2
17216,-13.0,-280.0,-26.0,-131.0,298.0,-36.0,-83.0,-1077.0,-39.0,2
17217,-14.0,-283.0,-17.0,-66.0,323.0,-25.0,-91.0,-1080.0,7.0,2
17218,-12.0,-286.0,-18.0,4.0,338.0,-6.0,-82.0,-1108.0,22.0,2
17219,-10.0,-290.0,-11.0,63.0,352.0,5.0,-71.0,-1106.0,27.0,2
17220,-6.0,-287.0,-12.0,115.0,369.0,18.0,-60.0,-1114.0,22.0,2
17221,2.0,-292.0,-20.0,159.0,381.0,37.0,-24.0,-1122.0,16.0,2
17222,10.0,-291.0,-16.0,187.0,400.0,64.0,1.0,-1134.0,5.0,2
17223,21.0,-296.0,-18.0,201.0,423.0,86.0,30.0,-1131.0,14.0,2
17224,24.0,-292.0,-12.0,218.0,451.0,102.0,58.0,-1131.0,11.0,2
17225,27.0,-294.0,-14.0,231.0,473.0,116.0,73.0,-1129.0,20.0,2
17226,32.0,-290.0,-15.0,241.0,494.0,132.0,84.0,-1123.0,19.0,2
17227,28.0,-283.0,-15.0,246.0,528.0,137.0,86.0,-1112.0,27.0,2
17228,31.0,-279.0,-12.0,241.0,556.0,143.0,83.0,-1096.0,35.0,2
17229,24.0,-274.0,-7.0,242.0,575.0,141.0,66.0,-1064.0,48.0,2
17230,21.0,-264.0,-5.0,254.0,590.0,134.0,45.0,-1029.0,65.0,2
17231,10.0,-255.0,-4.0,263.0,609.0,121.0,9.0,-981.0,61.0,2
17232,5.0,-244.0,-2.0,259.0,630.0,116.0,-14.0,-943.0,66.0,2
17233,-1.0,-238.0,3.0,243.0,654.0,106.0,-39.0,-908.0,72.0,2
17234,-3.0,-232.0,3.0,222.0,676.0,99.0,-49.0,-892.0,84.0,2
17235,-10.0,-227.0,-1.0,204.0,692.0,84.0,-62.0,-877.0,71.0,2
17236,-12.0,-224.0,-7.0,171.0,702.0,72.0,-89.0,-868.0,58.0,2
17237,-22.0,-226.0,-12.0,132.0,705.0,58.0,-110.0,-876.0,22.0,2
17238,-31.0,-227.0,-25.0,74.0,696.0,53.0,-136.0,-881.0,-29.0,2
17239,-34.0,-234.0,-42.0,10.0,684.0,44.0,-156.0,-903.0,-78.0,2
17240,-39.0,-245.0,-48.0,-65.0,677.0,36.0,-176.0,-939.0,-104.0,2
17241,-43.0,-255.0,-44.0,-129.0,664.0,19.0,-199.0,-994.0,-97.0,2
17242,-49.0,-271.0,-37.0,-164.0,638.0,4.0,-220.0,-1048.0,-83.0,2
17243,-55.0,-283.0,-39.0,-169.0,606.0,-7.0,-239.0,-1095.0,-82.0,2
17244,-59.0,-295.0,-35.0,-161.0,573.0,-8.0,-254.0,-1138.0,-71.0,2
17245,-59.0,-303.0,-36.0,-142.0,530.0,-14.0,-253.0,-1167.0,-87.0,2
17246,-60.0,-308.0,-47.0,-122.0,471.0,-13.0,-257.0,-1185.0,-123.0,2
17247,-57.0,-305.0,-57.0,-121.0,406.0,-12.0,-249.0,-1186.0,-151.0,2
17248,-56.0,-307.0,-71.0,-139.0,323.0,0.0,-235.0,-1191.0,-187.0,2
17249,-52.0,-302.0,-76.0,-183.0,255.0,11.0,-228.0,-1187.0,-239.0,2
17250,-51.0,-309.0,-90.0,-225.0,196.0,37.0,-218.0,-1193.0,-288.0,2
17251,-54.0,-315.0,-97.0,-258.0,135.0,60.0,-230.0,-1226.0,-316.0,2
17252,-60.0,-327.0,-96.0,-281.0,63.0,86.0,-250.0,-1266.0,-321.0,2
17253,-66.0,-337.0,-95.0,-267.0,-7.0,116.0,-283.0,-1291.0,-315.0,2
17254,-75.0,-346.0,-88.0,-208.0,-73.0,164.0,-309.0,-1329.0,-288.0,2
17255,-84.0,-352.0,-82.0,-122.0,-149.0,209.0,-337.0,-1344.0,-277.0,2
17256,-84.0,-347.0,-81.0,-27.0,-248.0,254.0,-346.0,-1346.0,-263.0,2
17257,-85.0,-345.0,-83.0,71.0,-369.0,293.0,-350.0,-1315.0,-263.0,2
17258,-77.0,-335.0,-86.0,166.0,-492.0,336.0,-309.0,-1272.0,-280.0,2
17259,-58.0,-322.0,-93.0,287.0,-605.0,352.0,-244.0,-1220.0,-319.0,2
17260,-32.0,-304.0,-101.0,378.0,-645.0,357.0,-146.0,-1168.0,-347.0,2
17261,-4.0,-281.0,-107.0,440.0,-646.0,334.0,-59.0,-1104.0,-369.0,2
17262,10.0,-258.0,-115.0,464.0,-627.0,298.0,0.0,-1020.0,-383.0,2
17263,12.0,-235.0,-118.0,457.0,-602.0,244.0,12.0,-925.0,-409.0,2
17264,16.0,-211.0,-128.0,400.0,-580.0,199.0,22.0,-856.0,-437.0,2
17265,19.0,-198.0,-136.0,299.0,-560.0,156.0,47.0,-804.0,-480.0,2
17266,26.0,-191.0,-145.0,183.0,-526.0,125.0,67.0,-764.0,-510.0,2
17267,34.0,-186.0,-151.0,78.0,-470.0,102.0,96.0,-745.0,-531.0,2
17268,45.0,-187.0,-146.0,-3.0,-397.0,88.0,129.0,-740.0,-524.0,2
17269,53.0,-190.0,-147.0,-47.0,-298.0,69.0,170.0,-743.0,-508.0,2
17270,62.0,-193.0,-137.0,-59.0,-204.0,68.0,199.0,-774.0,-476.0,2
17271,72.0,-197.0,-130.0,-57.0,-112.0,62.0,243.0,-789.0,-449.0,2
17272,80.0,-204.0,-125.0,-58.0,-39.0,57.0,282.0,-809.0,-428.0,2
17273,92.0,-212.0,-120.0,-66.0,14.0,47.0,312.0,-825.0,-411.0,2
17274,94.0,-213.0,-111.0,-65.0,49.0,43.0,331.0,-830.0,-380.0,2
17275,92.0,-217.0,-106.0,-32.0,72.0,34.0,329.0,-843.0,-361.0,2
17276,87.0,-220.0,-111.0,21.0,83.0,34.0,301.0,-853.0,-378.0,2
17277,80.0,-225.0,-126.0,64.0,90.0,36.0,263.0,-882.0,-418.0,2
17278,72.0,-228.0,-135.0,51.0,100.0,41.0,246.0,-909.0,-465.0,2
17279,58.0,-230.0,-130.0,-16.0,118.0,43.0,207.0,-911.0,-462.0,2
17280,48.0,-234.0,-120.0,-91.0,127.0,56.0,160.0,-922.0,-429.0,2
17281,36.0,-238.0,-118.0,-140.0,118.0,54.0,118.0,-934.0,-393.0,2
17282,24.0,-244.0,-107.0,-170.0,103.0,60.0,78.0,-937.0,-357.0,2
17283,23.0,-244.0,-93.0,-179.0,104.0,54.0,60.0,-944.0,-293.0,2
17284,26.0,-245.0,-89.0,-178.0,128.0,46.0,62.0,-957.0,-286.0,2
17285,21.0,-251.0,-83.0,-177.0,163.0,18.0,59.0,-957.0,-251.0,2
17286,15.0,-245.0,-74.0,-160.0,180.0,-12.0,36.0,-938.0,-245.0,2
17287,11.0,-242.0,-82.0,-126.0,174.0,-52.0,14.0,-932.0,-253.0,2
17288,14.0,-238.0,-89.0,-94.0,157.0,-88.0,9.0,-922.0,-277.0,2
17289,7.0,-233.0,-90.0,-73.0,148.0,-123.0,16.0,-910.0,-288.0,2
17290,1.0,-231.0,-92.0,-52.0,150.0,-160.0,-16.0,-900.0,-292.0,2
17291,-6.0,-235.0,-100.0,-43.0,156.0,-190.0,-55.0,-913.0,-325.0,2
17292,-7.0,-244.0,-101.0,-73.0,172.0,-213.0,-61.0,-953.0,-332.0,2
17293,-12.0,-246.0,-91.0,-129.0,191.0,-256.0,-75.0,-954.0,-314.0,2
17294,-22.0,-250.0,-79.0,-164.0,187.0,-281.0,-109.0,-960.0,-259.0,2
17295,-20.0,-256.0,-75.0,-163.0,157.0,-294.0,-111.0,-972.0,-236.0,2
17296,-19.0,-255.0,-72.0,-139.0,128.0,-295.0,-110.0,-980.0,-232.0,2
17297,-16.0,-258.0,-74.0,-115.0,111.0,-298.0,-98.0,-1006.0,-215.0,2
17298,-12.0,-261.0,-71.0,-97.0,98.0,-295.0,-83.0,-1012.0,-209.0,2
17299,-12.0,-260.0,-64.0,-82.0,79.0,-294.0,-78.0,-1012.0,-191.0,2
17300,-11.0,-261.0,-62.0,-63.0,48.0,-279.0,-65.0,-1014.0,-180.0,2
17301,-10.0,-261.0,-63.0,-31.0,-7.0,-274.0,-60.0,-1011.0,-186.0,2
17302,-4.0,-257.0,-64.0,0.0,-50.0,-265.0,-40.0,-989.0,-193.0,2
17303,2.0,-250.0,-64.0,25.0,-77.0,-256.0,-14.0,-961.0,-197.0,2
17304,5.0,-240.0,-66.0,49.0,-90.0,-246.0,-3.0,-930.0,-196.0,2
17305,8.0,-236.0,-69.0,67.0,-104.0,-239.0,6.0,-905.0,-200.0,2
17306,11.0,-227.0,-66.0,76.0,-120.0,-226.0,17.0,-884.0,-203.0,2
17307,17.0,-221.0,-68.0,67.0,-128.0,-223.0,38.0,-861.0,-207.0,2
17308,16.0,-212.0,-65.0,39.0,-129.0,-224.0,50.0,-842.0,-203.0,2
17309,23.0,-207.0,-64.0,5.0,-123.0,-228.0,59.0,-820.0,-187.0,2
17310,31.0,-209.0,-67.0,-28.0,-117.0,-232.0,89.0,-818.0,-174.0,2
17311,32.0,-207.0,-65.0,-54.0,-119.0,-259.0,96.0,-819.0,-181.0,2
17312,31.0,-208.0,-67.0,-83.0,-116.0,-279.0,90.0,-825.0,-185.0,2
17313,32.0,-211.0,-63.0,-108.0,-104.0,-293.0,95.0,-828.0,-180.0,2
17314,30.0,-213.0,-58.0,-123.0,-90.0,-298.0,97.0,-832.0,-166.0,2
17315,32.0,-214.0,-60.0,-134.0,-82.0,-307.0,105.0,-848.0,-172.0,2
17316,33.0,-217.0,-61.0,-146.0,-71.0,-310.0,97.0,-850.0,-166.0,2
17317,27.0,-218.0,-55.0,-157.0,-56.0,-314.0,80.0,-859.0,-152.0,2
17318,26.0,-225.0,-55.0,-166.0,-41.0,-305.0,70.0,-867.0,-147.0,2
17319,31.0,-228.0,-59.0,-175.0,-29.0,-300.0,79.0,-885.0,-164.0,2
17320,26.0,-235.0,-53.0,-187.0,-13.0,-301.0,79.0,-906.0,-153.0,2
17321,18.0,-234.0,-54.0,-195.0,-9.0,-310.0,63.0,-915.0,-137.0,2
17322,16.0,-236.0,-51.0,-189.0,-19.0,-303.0,45.0,-912.0,-135.0,2
17323,17.0,-237.0,-55.0,-181.0,-22.0,-291.0,41.0,-912.0,-139.0,2
17324,16.0,-232.0,-50.0,-184.0,-24.0,-271.0,34.0,-902.0,-143.0,2
17325,15.0,-234.0,-57.0,-187.0,-27.0,-258.0,25.0,-908.0,-148.0,2
17326,11.0,-234.0,-59.0,-191.0,-22.0,-245.0,12.0,-901.0,-163.0,2
17327,9.0,-231.0,-56.0,-201.0,-14.0,-231.0,8.0,-902.0,-154.0,2
17328,4.0,-231.0,-57.0,-210.0,-13.0,-212.0,9.0,-903.0,-153.0,2
17329,11.0,-232.0,-56.0,-216.0,-17.0,-202.0,8.0,-890.0,-153.0,2
17330,6.0,-231.0,-53.0,-222.0,-25.0,-195.0,2.0,-895.0,-146.0,2
17331,8.0,-229.0,-56.0,-229.0,-40.0,-186.0,-2.0,-890.0,-151.0,2
17332,6.0,-233.0,-52.0,-241.0,-57.0,-179.0,7.0,-890.0,-141.0,2
17333,9.0,-230.0,-54.0,-244.0,-72.0,-179.0,5.0,-896.0,-135.0,2
17334,9.0,-230.0,-52.0,-241.0,-87.0,-175.0,6.0,-887.0,-132.0,2
17335,8.0,-227.0,-49.0,-235.0,-101.0,-174.0,10.0,-887.0,-121.0,2
17336,17.0,-229.0,-49.0,-224.0,-110.0,-168.0,29.0,-880.0,-122.0,2
17337,16.0,-226.0,-51.0,-215.0,-121.0,-161.0,43.0,-878.0,-115.0,2
17338,19.0,-227.0,-46.0,-209.0,-125.0,-152.0,48.0,-875.0,-109.0,2
17339,23.0,-223.0,-46.0,-203.0,-123.0,-148.0,54.0,-867.0,-99.0,2
17340,23.0,-223.0,-43.0,-195.0,-121.0,-139.0,61.0,-869.0,-98.0,2
17341,24.0,-222.0,-47.0,-187.0,-116.0,-129.0,69.0,-869.0,-101.0,2
17342,23.0,-227.0,-44.0,-182.0,-117.0,-115.0,73.0,-876.0,-104.0,2
17343,26.0,-230.0,-47.0,-182.0,-125.0,-107.0,67.0,-886.0,-104.0,2
17344,24.0,-235.0,-48.0,-185.0,-133.0,-93.0,70.0,-904.0,-106.0,2
17345,21.0,-235.0,-43.0,-183.0,-145.0,-87.0,62.0,-918.0,-103.0,2
17346,22.0,-244.0,-43.0,-177.0,-159.0,-77.0,55.0,-943.0,-105.0,2
17347,20.0,-251.0,-42.0,-169.0,-173.0,-70.0,44.0,-957.0,-91.0,2
17348,15.0,-253.0,-39.0,-154.0,-188.0,-59.0,31.0,-971.0,-83.0,2
17349,11.0,-257.0,-37.0,-130.0,-202.0,-46.0,20.0,-987.0,-70.0,2
17350,9.0,-257.0,-34.0,-102.0,-215.0,-28.0,4.0,-985.0,-65.0,2
17351,8.0,-255.0,-39.0,-76.0,-229.0,-11.0,5.0,-986.0,-66.0,2
17352,6.0,-254.0,-41.0,-49.0,-244.0,8.0,3.0,-974.0,-67.0,2
17353,11.0,-255.0,-38.0,-31.0,-257.0,28.0,11.0,-973.0,-71.0,2
17354,12.0,-249.0,-37.0,-20.0,-266.0,45.0,18.0,-956.0,-74.0,2
17355,16.0,-245.0,-38.0,-12.0,-277.0,51.0,31.0,-945.0,-84.0,2
17356,18.0,-242.0,-46.0,-5.0,-288.0,59.0,47.0,-929.0,-99.0,2
17357,25.0,-240.0,-49.0,-8.0,-295.0,62.0,63.0,-922.0,-119.0,2
17358,31.0,-237.0,-56.0,-19.0,-293.0,66.0,89.0,-913.0,-139.0,2
17359,41.0,-237.0,-57.0,-35.0,-282.0,69.0,112.0,-921.0,-152.0,2
17360,45.0,-241.0,-60.0,-53.0,-262.0,68.0,132.0,-926.0,-164.0,2
17361,51.0,-246.0,-65.0,-72.0,-243.0,63.0,154.0,-946.0,-178.0,2
17362,52.0,-252.0,-66.0,-90.0,-224.0,53.0,170.0,-961.0,-179.0,2
17363,52.0,-257.0,-57.0,-103.0,-213.0,37.0,165.0,-1005.0,-179.0,2
17364,45.0,-262.0,-59.0,-106.0,-206.0,27.0,157.0,-1015.0,-171.0,2
17365,44.0,-268.0,-61.0,-97.0,-208.0,13.0,143.0,-1045.0,-171.0,2
17366,39.0,-271.0,-63.0,-77.0,-205.0,1.0,122.0,-1049.0,-176.0,2
17367,31.0,-271.0,-68.0,-48.0,-195.0,-13.0,88.0,-1065.0,-190.0,2
17368,22.0,-270.0,-72.0,-19.0,-183.0,-24.0,58.0,-1051.0,-215.0,2
17369,16.0,-267.0,-77.0,4.0,-177.0,-30.0,38.0,-1046.0,-236.0,2
17370,16.0,-263.0,-82.0,17.0,-179.0,-30.0,37.0,-1026.0,-248.0,2
17371,24.0,-260.0,-75.0,23.0,-183.0,-28.0,58.0,-1010.0,-242.0,2
17372,32.0,-252.0,-68.0,26.0,-180.0,-23.0,90.0,-998.0,-214.0,2
17373,39.0,-255.0,-60.0,25.0,-168.0,-21.0,119.0,-988.0,-172.0,2
17374,48.0,-257.0,-47.0,18.0,-158.0,-23.0,145.0,-994.0,-121.0,2
17375,49.0,-259.0,-38.0,15.0,-164.0,-36.0,158.0,-1007.0,-72.0,2
17376,50.0,-264.0,-25.0,18.0,-181.0,-39.0,167.0,-1026.0,-26.0,2
17377,45.0,-263.0,-21.0,19.0,-193.0,-45.0,155.0,-1044.0,-9.0,2
17378,41.0,-274.0,-16.0,22.0,-198.0,-59.0,123.0,-1071.0,19.0,2
17379,33.0,-281.0,-9.0,32.0,-212.0,-76.0,91.0,-1093.0,27.0,2
17380,19.0,-292.0,-16.0,49.0,-241.0,-92.0,52.0,-1114.0,16.0,2
17381,9.0,-293.0,-23.0,65.0,-274.0,-101.0,12.0,-1140.0,-4.0,2
17382,4.0,-300.0,-26.0,71.0,-306.0,-96.0,-17.0,-1161.0,-27.0,2
17383,-2.0,-301.0,-27.0,72.0,-329.0,-84.0,-36.0,-1158.0,-18.0,2
17384,-4.0,-309.0,-30.0,97.0,-341.0,-79.0,-48.0,-1180.0,-44.0,2
17385,-7.0,-307.0,-31.0,115.0,-367.0,-86.0,-55.0,-1182.0,-47.0,2
17386,-11.0,-309.0,-36.0,121.0,-398.0,-94.0,-73.0,-1184.0,-57.0,2
17387,-13.0,-306.0,-43.0,104.0,-423.0,-89.0,-83.0,-1187.0,-85.0,2
17388,-2.0,-308.0,-41.0,78.0,-443.0,-71.0,-60.0,-1186.0,-98.0,2
17389,16.0,-305.0,-47.0,53.0,-468.0,-59.0,12.0,-1182.0,-117.0,2
17390,32.0,-303.0,-51.0,38.0,-484.0,-61.0,104.0,-1171.0,-134.0,2
17391,52.0,-301.0,-56.0,44.0,-485.0,-74.0,169.0,-1160.0,-136.0,2
17392,69.0,-295.0,-56.0,65.0,-469.0,-97.0,223.0,-1145.0,-148.0,2
17393,74.0,-290.0,-60.0,88.0,-450.0,-128.0,261.0,-1134.0,-165.0,2
17394,81.0,-287.0,-62.0,95.0,-426.0,-162.0,284.0,-1133.0,-189.0,2
17395,83.0,-293.0,-68.0,81.0,-390.0,-194.0,287.0,-1136.0,-207.0,2
17396,80.0,-294.0,-73.0,51.0,-359.0,-212.0,267.0,-1158.0,-215.0,2
17397,74.0,-300.0,-74.0,34.0,-319.0,-225.0,252.0,-1170.0,-218.0,2
17398,78.0,-313.0,-72.0,44.0,-271.0,-227.0,249.0,-1194.0,-214.0,2
17399,77.0,-315.0,-78.0,86.0,-207.0,-224.0,249.0,-1214.0,-233.0,2
17400,81.0,-316.0,-86.0,142.0,-134.0,-209.0,265.0,-1226.0,-256.0,2
17401,86.0,-313.0,-95.0,197.0,-51.0,-186.0,278.0,-1218.0,-282.0,2
17402,86.0,-310.0,-102.0,240.0,41.0,-161.0,278.0,-1205.0,-337.0,2
17403,82.0,-304.0,-118.0,265.0,126.0,-141.0,273.0,-1176.0,-402.0,2
17404,78.0,-296.0,-126.0,268.0,192.0,-124.0,258.0,-1153.0,-441.0,2
17405,65.0,-290.0,-131.0,273.0,236.0,-113.0,225.0,-1132.0,-451.0,2
17406,53.0,-282.0,-123.0,289.0,264.0,-103.0,187.0,-1110.0,-436.0,2
17407,38.0,-278.0,-118.0,311.0,275.0,-102.0,120.0,-1096.0,-400.0,2
17408,19.0,-270.0,-107.0,316.0,272.0,-92.0,63.0,-1067.0,-362.0,2
17409,9.0,-266.0,-97.0,299.0,252.0,-85.0,12.0,-1047.0,-321.0,2
17410,-5.0,-259.0,-92.0,272.0,212.0,-76.0,-25.0,-1017.0,-298.0,2
17411,-10.0,-249.0,-95.0,248.0,156.0,-71.0,-53.0,-984.0,-304.0,2
17412,-12.0,-241.0,-104.0,235.0,103.0,-69.0,-68.0,-945.0,-330.0,2
17413,-21.0,-231.0,-111.0,236.0,59.0,-75.0,-101.0,-908.0,-366.0,2
17414,-30.0,-227.0,-121.0,246.0,21.0,-83.0,-134.0,-886.0,-411.0,2
17415,-44.0,-218.0,-123.0,246.0,-21.0,-91.0,-177.0,-858.0,-427.0,2
17416,-55.0,-208.0,-122.0,240.0,-65.0,-98.0,-234.0,-829.0,-432.0,2
17417,-61.0,-203.0,-121.0,227.0,-125.0,-97.0,-262.0,-796.0,-429.0,2
17418,-67.0,-199.0,-125.0,213.0,-175.0,-91.0,-284.0,-783.0,-432.0,2
17419,-69.0,-197.0,-122.0,189.0,-212.0,-78.0,-291.0,-760.0,-426.0,2
17420,-64.0,-195.0,-121.0,162.0,-240.0,-65.0,-263.0,-761.0,-402.0,2
17421,-60.0,-194.0,-122.0,137.0,-254.0,-59.0,-261.0,-778.0,-411.0,2
17422,-53.0,-196.0,-120.0,100.0,-250.0,-44.0,-238.0,-778.0,-407.0,2
17423,-44.0,-200.0,-118.0,61.0,-235.0,-24.0,-207.0,-790.0,-403.0,2
17424,-34.0,-204.0,-118.0,23.0,-210.0,-10.0,-170.0,-800.0,-405.0,2
17425,-22.0,-204.0,-116.0,-3.0,-173.0,6.0,-130.0,-792.0,-393.0,2
17426,-7.0,-200.0,-117.0,-2.0,-118.0,14.0,-62.0,-779.0,-381.0,2
17427,7.0,-193.0,-114.0,21.0,-65.0,17.0,-5.0,-767.0,-394.0,2
17428,9.0,-200.0,-129.0,12.0,-25.0,26.0,9.0,-793.0,-431.0,2
17429,13.0,-206.0,-118.0,-54.0,-24.0,45.0,7.0,-813.0,-399.0,2
17430,23.0,-212.0,-109.0,-103.0,-16.0,69.0,67.0,-838.0,-369.0,2
17431,37.0,-218.0,-102.0,-124.0,-4.0,87.0,109.0,-855.0,-336.0,2
17432,32.0,-225.0,-95.0,-144.0,4.0,100.0,107.0,-884.0,-318.0,2
17433,34.0,-231.0,-91.0,-168.0,3.0,110.0,99.0,-913.0,-283.0,2
17434,33.0,-241.0,-86.0,-161.0,11.0,120.0,99.0,-925.0,-259.0,2
17435,30.0,-246.0,-77.0,-124.0,34.0,133.0,93.0,-937.0,-246.0,2
17436,24.0,-244.0,-85.0,-76.0,59.0,148.0,59.0,-950.0,-259.0,2
17437,13.0,-247.0,-87.0,-44.0,73.0,171.0,27.0,-958.0,-282.0,2
17438,11.0,-250.0,-91.0,-23.0,78.0,203.0,14.0,-972.0,-286.0,2
17439,10.0,-253.0,-94.0,3.0,85.0,226.0,11.0,-974.0,-287.0,2
17440,8.0,-254.0,-91.0,30.0,108.0,247.0,9.0,-993.0,-296.0,2
17441,8.0,-257.0,-91.0,56.0,136.0,261.0,-3.0,-982.0,-285.0,2
17442,4.0,-254.0,-87.0,77.0,161.0,274.0,-13.0,-996.0,-289.0,2
17443,4.0,-257.0,-94.0,92.0,188.0,284.0,-16.0,-1002.0,-293.0,2
17444,2.0,-257.0,-83.0,103.0,207.0,287.0,-21.0,-986.0,-272.0,2
17445,-3.0,-255.0,-87.0,118.0,218.0,284.0,-38.0,-975.0,-274.0,2
17446,-8.0,-252.0,-81.0,118.0,225.0,279.0,-58.0,-966.0,-256.0,2
17447,-9.0,-249.0,-79.0,109.0,230.0,280.0,-67.0,-957.0,-248.0,2
17448,-4.0,-246.0,-71.0,102.0,233.0,277.0,-57.0,-955.0,-218.0,2
17449,-2.0,-244.0,-75.0,103.0,241.0,267.0,-40.0,-946.0,-216.0,2
17450,-5.0,-244.0,-73.0,106.0,254.0,251.0,-48.0,-944.0,-208.0,2
17451,-9.0,-239.0,-64.0,108.0,269.0,237.0,-60.0,-923.0,-192.0,2
17452,-9.0,-236.0,-62.0,121.0,283.0,230.0,-65.0,-902.0,-185.0,2
17453,-7.0,-231.0,-65.0,132.0,284.0,225.0,-59.0,-894.0,-200.0,2
17454,-2.0,-222.0,-67.0,136.0,291.0,218.0,-49.0,-870.0,-206.0,2
17455,-4.0,-218.0,-67.0,129.0,312.0,216.0,-42.0,-850.0,-200.0,2
17456,-1.0,-212.0,-67.0,118.0,332.0,214.0,-31.0,-843.0,-207.0,2
17457,-3.0,-216.0,-70.0,102.0,341.0,213.0,-26.0,-841.0,-206.0,2
17458,-4.0,-213.0,-72.0,84.0,339.0,207.0,-37.0,-833.0,-208.0,2
17459,-5.0,-215.0,-71.0,69.0,340.0,208.0,-39.0,-840.0,-216.0,2
17460,-7.0,-218.0,-68.0,46.0,344.0,209.0,-46.0,-852.0,-212.0,2
17461,-9.0,-224.0,-68.0,20.0,334.0,217.0,-59.0,-873.0,-199.0,2
17462,-11.0,-226.0,-64.0,1.0,317.0,224.0,-71.0,-886.0,-187.0,2
17463,-11.0,-233.0,-65.0,-11.0,303.0,232.0,-66.0,-897.0,-170.0,2
17464,-12.0,-236.0,-53.0,-15.0,290.0,245.0,-90.0,-913.0,-161.0,2
17465,-15.0,-241.0,-55.0,-15.0,282.0,260.0,-80.0,-929.0,-148.0,2
17466,-13.0,-248.0,-56.0,-3.0,273.0,269.0,-77.0,-935.0,-146.0,2
17467,-14.0,-242.0,-55.0,13.0,264.0,273.0,-78.0,-944.0,-155.0,2
17468,-10.0,-244.0,-58.0,24.0,250.0,271.0,-64.0,-944.0,-164.0,2
17469,-9.0,-245.0,-60.0,32.0,237.0,267.0,-63.0,-944.0,-161.0,2
17470,-12.0,-244.0,-57.0,36.0,232.0,258.0,-73.0,-934.0,-163.0,2
17471,-10.0,-243.0,-60.0,38.0,229.0,255.0,-76.0,-929.0,-169.0,2
17472,-11.0,-235.0,-56.0,35.0,226.0,251.0,-63.0,-920.0,-158.0,2
17473,-9.0,-234.0,-57.0,36.0,227.0,246.0,-53.0,-907.0,-156.0,2
17474,-7.0,-233.0,-58.0,33.0,236.0,240.0,-51.0,-901.0,-154.0,2
17475,-2.0,-230.0,-58.0,27.0,259.0,231.0,-39.0,-902.0,-165.0,2
17476,-5.0,-231.0,-62.0,11.0,279.0,217.0,-37.0,-897.0,-160.0,2
17477,1.0,-231.0,-54.0,-4.0,291.0,206.0,-37.0,-891.0,-157.0,2
17478,-3.0,-226.0,-57.0,-18.0,294.0,187.0,-35.0,-882.0,-161.0,2
17479,-1.0,-228.0,-59.0,-32.0,293.0,171.0,-41.0,-882.0,-171.0,2
17480,-3.0,-231.0,-59.0,-48.0,294.0,150.0,-39.0,-885.0,-163.0,2
17481,-6.0,-226.0,-56.0,-60.0,296.0,129.0,-43.0,-880.0,-145.0,2
17482,-11.0,-240.0,-51.0,-55.0,300.0,110.0,-47.0,-884.0,-139.0,2
17483,-4.0,-230.0,-52.0,-53.0,307.0,96.0,-43.0,-884.0,-138.0,2
17484,-4.0,-227.0,-53.0,-62.0,324.0,81.0,-50.0,-882.0,-136.0,2
17485,-7.0,-228.0,-44.0,-69.0,339.0,71.0,-44.0,-879.0,-118.0,2
17486,-3.0,-227.0,-44.0,-71.0,347.0,58.0,-40.0,-881.0,-103.0,2
17487,-5.0,-229.0,-48.0,-73.0,345.0,46.0,-38.0,-886.0,-116.0,2
17488,-1.0,-231.0,-47.0,-83.0,347.0,32.0,-36.0,-892.0,-119.0,2
17489,-4.0,-228.0,-51.0,-98.0,353.0,24.0,-41.0,-897.0,-125.0,2
17490,-3.0,-236.0,-52.0,-110.0,355.0,12.0,-44.0,-906.0,-125.0,2
17491,-7.0,-235.0,-49.0,-121.0,352.0,4.0,-43.0,-915.0,-129.0,2
17492,-6.0,-238.0,-54.0,-126.0,342.0,-12.0,-51.0,-916.0,-130.0,2
17493,-8.0,-242.0,-52.0,-131.0,330.0,-17.0,-53.0,-925.0,-128.0,2
17494,-8.0,-243.0,-56.0,-135.0,321.0,-25.0,-58.0,-932.0,-136.0,2
17495,-10.0,-246.0,-49.0,-141.0,313.0,-33.0,-63.0,-934.0,-124.0,2
17496,-10.0,-241.0,-46.0,-140.0,301.0,-37.0,-63.0,-931.0,-122.0,2
17497,-11.0,-242.0,-48.0,-137.0,292.0,-39.0,-69.0,-938.0,-125.0,2
17498,-12.0,-241.0,-52.0,-131.0,276.0,-44.0,-76.0,-932.0,-130.0,2
17499,-12.0,-241.0,-48.0,-129.0,260.0,-47.0,-84.0,-926.0,-122.0,2
17500,-15.0,-240.0,-51.0,-115.0,237.0,-49.0,-91.0,-927.0,-135.0,2
17501,-21.0,-241.0,-57.0,-111.0,219.0,-53.0,-108.0,-925.0,-157.0,2
17502,-23.0,-238.0,-59.0,-124.0,207.0,-59.0,-120.0,-925.0,-174.0,2
17503,-25.0,-241.0,-63.0,-151.0,191.0,-60.0,-132.0,-933.0,-180.0,2
17504,-30.0,-249.0,-61.0,-173.0,168.0,-59.0,-150.0,-939.0,-192.0,2
17505,-31.0,-245.0,-68.0,-196.0,144.0,-49.0,-150.0,-950.0,-207.0,2
17506,-29.0,-248.0,-63.0,-215.0,134.0,-38.0,-146.0,-960.0,-197.0,2
17507,-26.0,-252.0,-61.0,-217.0,142.0,-20.0,-139.0,-972.0,-177.0,2
17508,-18.0,-258.0,-58.0,-203.0,159.0,-7.0,-114.0,-999.0,-159.0,2
17509,-12.0,-259.0,-56.0,-179.0,182.0,8.0,-86.0,-1002.0,-142.0,2
17510,-10.0,-258.0,-48.0,-151.0,206.0,17.0,-58.0,-999.0,-128.0,2
17511,0.0,-259.0,-48.0,-125.0,222.0,25.0,-29.0,-1001.0,-136.0,2
17512,5.0,-253.0,-49.0,-110.0,236.0,24.0,-7.0,-985.0,-124.0,2
17513,4.0,-254.0,-51.0,-101.0,246.0,25.0,3.0,-973.0,-131.0,2
17514,8.0,-253.0,-53.0,-103.0,252.0,22.0,10.0,-980.0,-137.0,2
17515,9.0,-252.0,-51.0,-117.0,254.0,20.0,11.0,-977.0,-127.0,2
17516,8.0,-259.0,-47.0,-125.0,252.0,21.0,0.0,-996.0,-125.0,2
17517,6.0,-261.0,-46.0,-124.0,252.0,15.0,-9.0,-1011.0,-123.0,2
17518,1.0,-263.0,-48.0,-114.0,255.0,3.0,-24.0,-1016.0,-111.0,2
17519,0.0,-268.0,-46.0,-94.0,253.0,2.0,-28.0,-1031.0,-107.0,2
17520,0.0,-270.0,-45.0,-67.0,258.0,-5.0,-35.0,-1040.0,-102.0,2
17521,-9.0,-268.0,-41.0,-36.0,268.0,-6.0,-48.0,-1045.0,-86.0,2
17522,-11.0,-271.0,-37.0,3.0,285.0,-9.0,-65.0,-1058.0,-82.0,2
17523,-11.0,-274.0,-35.0,37.0,301.0,1.0,-64.0,-1054.0,-69.0,2
17524,-9.0,-273.0,-35.0,71.0,314.0,8.0,-74.0,-1067.0,-56.0,2
17525,-9.0,-273.0,-32.0,96.0,330.0,21.0,-71.0,-1066.0,-50.0,2
17526,-9.0,-271.0,-28.0,115.0,347.0,31.0,-58.0,-1056.0,-43.0,2
17527,-2.0,-267.0,-30.0,136.0,366.0,42.0,-37.0,-1050.0,-35.0,2
17528,3.0,-267.0,-26.0,154.0,384.0,52.0,-22.0,-1043.0,-34.0,2
17529,7.0,-265.0,-29.0,164.0,403.0,61.0,-5.0,-1047.0,-39.0,2
17530,12.0,-266.0,-27.0,166.0,424.0,63.0,12.0,-1030.0,-20.0,2
17531,13.0,-263.0,-24.0,175.0,443.0,68.0,17.0,-1030.0,-16.0,2
17532,17.0,-263.0,-26.0,177.0,464.0,68.0,25.0,-1023.0,-28.0,2
17533,14.0,-260.0,-24.0,171.0,487.0,75.0,18.0,-1025.0,-18.0,2
17534,9.0,-258.0,-19.0,164.0,510.0,77.0,9.0,-1014.0,8.0,2
17535,8.0,-260.0,-16.0,162.0,525.0,85.0,-5.0,-988.0,14.0,2
17536,2.0,-258.0,-15.0,161.0,539.0,86.0,-24.0,-989.0,17.0,2
17537,-7.0,-254.0,-16.0,155.0,551.0,90.0,-43.0,-979.0,7.0,2
17538,-9.0,-248.0,-17.0,142.0,561.0,82.0,-66.0,-963.0,6.0,2
17539,-12.0,-247.0,-16.0,123.0,567.0,78.0,-91.0,-963.0,-4.0,2
17540,-16.0,-245.0,-19.0,102.0,570.0,66.0,-107.0,-951.0,0.0,2
17541,-22.0,-249.0,-16.0,87.0,574.0,57.0,-118.0,-946.0,6.0,2
17542,-25.0,-249.0,-12.0,74.0,577.0,42.0,-131.0,-946.0,14.0,2
17543,-27.0,-245.0,-17.0,74.0,575.0,36.0,-137.0,-937.0,22.0,2
17544,-25.0,-248.0,-16.0,76.0,573.0,26.0,-132.0,-944.0,21.0,2
17545,-28.0,-246.0,-15.0,67.0,579.0,18.0,-131.0,-948.0,25.0,2
17546,-26.0,-254.0,-7.0,55.0,583.0,0.0,-129.0,-973.0,28.0,2
17547,-27.0,-256.0,-2.0,40.0,574.0,-14.0,-135.0,-977.0,51.0,2
17548,-27.0,-258.0,-1.0,38.0,557.0,-32.0,-130.0,-1001.0,69.0,2
17549,-26.0,-259.0,0.0,44.0,538.0,-43.0,-140.0,-998.0,67.0,2
17550,-29.0,-259.0,-1.0,56.0,517.0,-55.0,-141.0,-1003.0,68.0,2
17551,-31.0,-260.0,-2.0,65.0,489.0,-65.0,-142.0,-990.0,59.0,2
17552,-34.0,-255.0,-6.0,70.0,456.0,-79.0,-163.0,-998.0,28.0,2
17553,-37.0,-254.0,-27.0,56.0,417.0,-81.0,-175.0,-980.0,-36.0,2
17554,-44.0,-256.0,-38.0,13.0,386.0,-84.0,-185.0,-991.0,-90.0,2
17555,-43.0,-258.0,-57.0,-48.0,348.0,-77.0,-201.0,-1007.0,-160.0,2
17556,-47.0,-263.0,-66.0,-127.0,325.0,-67.0,-214.0,-1032.0,-198.0,2
17557,-46.0,-275.0,-69.0,-175.0,313.0,-46.0,-214.0,-1069.0,-209.0,2
17558,-49.0,-289.0,-63.0,-195.0,306.0,-35.0,-222.0,-1118.0,-189.0,2
17559,-56.0,-301.0,-48.0,-182.0,285.0,-20.0,-236.0,-1149.0,-145.0,2
17560,-53.0,-308.0,-43.0,-136.0,239.0,-10.0,-234.0,-1186.0,-92.0,2
17561,-52.0,-313.0,-36.0,-77.0,175.0,-2.0,-226.0,-1199.0,-66.0,2
17562,-43.0,-316.0,-38.0,-28.0,107.0,2.0,-191.0,-1205.0,-83.0,2
17563,-37.0,-309.0,-42.0,-6.0,50.0,10.0,-162.0,-1192.0,-100.0,2
17564,-27.0,-305.0,-51.0,4.0,8.0,17.0,-141.0,-1189.0,-146.0,2
17565,-19.0,-305.0,-60.0,0.0,-18.0,36.0,-114.0,-1178.0,-179.0,2
17566,-15.0,-306.0,-66.0,-12.0,-36.0,45.0,-100.0,-1168.0,-193.0,2
17567,-20.0,-303.0,-67.0,-5.0,-64.0,60.0,-109.0,-1157.0,-206.0,2
17568,-28.0,-303.0,-77.0,13.0,-114.0,67.0,-138.0,-1168.0,-238.0,2
17569,-36.0,-302.0,-76.0,37.0,-177.0,84.0,-169.0,-1165.0,-251.0,2
17570,-41.0,-305.0,-82.0,69.0,-243.0,101.0,-185.0,-1167.0,-269.0,2
17571,-42.0,-302.0,-79.0,102.0,-307.0,124.0,-184.0,-1158.0,-260.0,2
17572,-38.0,-300.0,-84.0,130.0,-367.0,137.0,-186.0,-1151.0,-269.0,2
17573,-30.0,-291.0,-83.0,137.0,-418.0,153.0,-165.0,-1133.0,-268.0,2
17574,-23.0,-287.0,-87.0,133.0,-457.0,162.0,-135.0,-1112.0,-278.0,2
17575,-18.0,-281.0,-94.0,128.0,-481.0,160.0,-104.0,-1102.0,-296.0,2
17576,-10.0,-279.0,-97.0,113.0,-484.0,147.0,-82.0,-1081.0,-326.0,2
17577,-6.0,-270.0,-101.0,96.0,-455.0,133.0,-50.0,-1048.0,-333.0,2
17578,-3.0,-259.0,-103.0,91.0,-412.0,112.0,-40.0,-1016.0,-340.0,2
17579,1.0,-251.0,-101.0,87.0,-368.0,92.0,-32.0,-973.0,-342.0,2
17580,-4.0,-237.0,-103.0,81.0,-326.0,68.0,-32.0,-936.0,-335.0,2
17581,-3.0,-234.0,-104.0,68.0,-293.0,53.0,-43.0,-904.0,-341.0,2
17582,1.0,-226.0,-106.0,50.0,-267.0,41.0,-28.0,-883.0,-331.0,2
17583,10.0,-224.0,-107.0,33.0,-242.0,39.0,-4.0,-877.0,-344.0,2
17584,16.0,-222.0,-112.0,20.0,-210.0,33.0,37.0,-869.0,-366.0,2
17585,30.0,-222.0,-110.0,11.0,-171.0,36.0,75.0,-869.0,-370.0,2
17586,40.0,-225.0,-118.0,9.0,-128.0,32.0,114.0,-877.0,-394.0,2
17587,46.0,-224.0,-121.0,7.0,-69.0,23.0,145.0,-879.0,-406.0,2
17588,50.0,-228.0,-124.0,21.0,-25.0,13.0,155.0,-884.0,-426.0,2
17589,53.0,-227.0,-125.0,38.0,-6.0,10.0,183.0,-889.0,-437.0,2
17590,55.0,-224.0,-130.0,56.0,-4.0,5.0,195.0,-877.0,-445.0,2
17591,61.0,-222.0,-131.0,56.0,-7.0,14.0,215.0,-876.0,-454.0,2
17592,65.0,-217.0,-124.0,34.0,-8.0,15.0,225.0,-855.0,-440.0,2
17593,68.0,-216.0,-120.0,7.0,4.0,30.0,223.0,-832.0,-411.0,2
17594,66.0,-198.0,-98.0,-3.0,26.0,46.0,226.0,-786.0,-324.0,2
17595,62.0,-196.0,-104.0,34.0,37.0,73.0,222.0,-781.0,-341.0,2
17596,64.0,-198.0,-120.0,32.0,48.0,74.0,212.0,-796.0,-416.0,2
17597,59.0,-201.0,-125.0,-44.0,86.0,70.0,196.0,-809.0,-436.0,2
17598,47.0,-213.0,-120.0,-156.0,144.0,60.0,161.0,-836.0,-392.0,2
17599,33.0,-229.0,-119.0,-227.0,173.0,37.0,109.0,-906.0,-398.0,2
17600,22.0,-239.0,-106.0,-288.0,182.0,8.0,63.0,-930.0,-373.0,2
17601,16.0,-245.0,-94.0,-312.0,173.0,-2.0,40.0,-940.0,-306.0,2
17602,18.0,-254.0,-89.0,-287.0,152.0,-19.0,55.0,-970.0,-284.0,2
17603,22.0,-253.0,-90.0,-238.0,134.0,-38.0,61.0,-966.0,-268.0,2
17604,21.0,-252.0,-87.0,-185.0,128.0,-68.0,62.0,-971.0,-261.0,2
17605,16.0,-253.0,-83.0,-140.0,128.0,-102.0,39.0,-973.0,-262.0,2
17606,8.0,-243.0,-82.0,-112.0,129.0,-141.0,8.0,-947.0,-273.0,2
17607,3.0,-246.0,-88.0,-101.0,130.0,-162.0,-5.0,-946.0,-286.0,2
17608,-5.0,-243.0,-95.0,-113.0,131.0,-192.0,-51.0,-945.0,-294.0,2
17609,-10.0,-244.0,-88.0,-142.0,118.0,-198.0,-71.0,-947.0,-286.0,2
17610,-13.0,-248.0,-83.0,-154.0,95.0,-207.0,-76.0,-952.0,-269.0,2
17611,-10.0,-254.0,-85.0,-146.0,71.0,-214.0,-77.0,-976.0,-252.0,2
17612,-12.0,-258.0,-77.0,-135.0,55.0,-233.0,-82.0,-999.0,-253.0,2
17613,-15.0,-260.0,-76.0,-121.0,38.0,-243.0,-91.0,-1012.0,-236.0,2
17614,-16.0,-264.0,-71.0,-100.0,10.0,-253.0,-96.0,-1023.0,-222.0,2
17615,-21.0,-265.0,-75.0,-73.0,-22.0,-256.0,-105.0,-1026.0,-212.0,2
17616,-23.0,-267.0,-70.0,-46.0,-56.0,-261.0,-114.0,-1030.0,-208.0,2
17617,-22.0,-263.0,-66.0,-24.0,-94.0,-258.0,-109.0,-1023.0,-203.0,2
17618,-17.0,-261.0,-62.0,0.0,-139.0,-257.0,-100.0,-1012.0,-203.0,2
17619,-10.0,-256.0,-68.0,28.0,-189.0,-252.0,-71.0,-989.0,-210.0,2
17620,-4.0,-253.0,-70.0,45.0,-225.0,-251.0,-43.0,-968.0,-221.0,2
17621,3.0,-242.0,-78.0,56.0,-238.0,-250.0,-16.0,-947.0,-230.0,2
17622,9.0,-236.0,-73.0,65.0,-242.0,-255.0,5.0,-922.0,-220.0,2
17623,15.0,-230.0,-68.0,72.0,-246.0,-253.0,26.0,-905.0,-216.0,2
17624,16.0,-228.0,-68.0,77.0,-251.0,-256.0,39.0,-891.0,-212.0,2
17625,25.0,-225.0,-72.0,77.0,-254.0,-250.0,61.0,-872.0,-211.0,2
17626,29.0,-219.0,-68.0,69.0,-248.0,-250.0,82.0,-856.0,-204.0,2
17627,35.0,-218.0,-65.0,60.0,-237.0,-248.0,104.0,-856.0,-190.0,2
17628,41.0,-219.0,-67.0,52.0,-220.0,-251.0,127.0,-851.0,-204.0,2
17629,40.0,-219.0,-70.0,42.0,-200.0,-261.0,128.0,-853.0,-199.0,2
17630,40.0,-220.0,-71.0,29.0,-182.0,-272.0,125.0,-850.0,-203.0,2
17631,41.0,-219.0,-70.0,14.0,-160.0,-272.0,122.0,-860.0,-212.0,2
17632,42.0,-219.0,-70.0,-4.0,-136.0,-271.0,132.0,-858.0,-208.0,2
17633,45.0,-222.0,-66.0,-22.0,-118.0,-269.0,137.0,-868.0,-193.0,2
17634,37.0,-221.0,-64.0,-35.0,-104.0,-274.0,117.0,-868.0,-197.0,2
17635,29.0,-225.0,-65.0,-46.0,-95.0,-270.0,98.0,-878.0,-186.0,2
17636,30.0,-226.0,-66.0,-51.0,-97.0,-265.0,87.0,-884.0,-176.0,2
17637,31.0,-231.0,-67.0,-54.0,-104.0,-262.0,88.0,-897.0,-190.0,2
17638,27.0,-235.0,-63.0,-61.0,-90.0,-269.0,68.0,-909.0,-189.0,2
17639,15.0,-234.0,-58.0,-74.0,-78.0,-271.0,36.0,-909.0,-177.0,2
17640,11.0,-236.0,-59.0,-75.0,-77.0,-272.0,11.0,-913.0,-174.0,2
17641,3.0,-239.0,-59.0,-70.0,-80.0,-255.0,-10.0,-908.0,-168.0,2
17642,3.0,-236.0,-61.0,-69.0,-83.0,-241.0,-20.0,-912.0,-173.0,2
17643,3.0,-233.0,-62.0,-83.0,-84.0,-225.0,-22.0,-909.0,-175.0,2
17644,0.0,-235.0,-60.0,-102.0,-85.0,-215.0,-21.0,-914.0,-166.0,2
17645,-1.0,-231.0,-60.0,-118.0,-89.0,-203.0,-37.0,-907.0,-163.0,2
17646,-2.0,-230.0,-56.0,-130.0,-93.0,-194.0,-28.0,-901.0,-152.0,2
17647,2.0,-233.0,-59.0,-134.0,-98.0,-182.0,-24.0,-897.0,-157.0,2
17648,7.0,-232.0,-56.0,-139.0,-104.0,-174.0,-8.0,-898.0,-156.0,2
17649,8.0,-229.0,-54.0,-145.0,-108.0,-164.0,9.0,-892.0,-144.0,2
17650,10.0,-232.0,-52.0,-151.0,-116.0,-161.0,13.0,-888.0,-132.0,2
17651,15.0,-226.0,-50.0,-156.0,-129.0,-153.0,21.0,-886.0,-133.0,2
17652,15.0,-223.0,-47.0,-158.0,-139.0,-145.0,42.0,-880.0,-118.0,2
17653,22.0,-224.0,-45.0,-157.0,-145.0,-135.0,52.0,-872.0,-117.0,2
17654,26.0,-224.0,-51.0,-158.0,-147.0,-133.0,70.0,-866.0,-119.0,2
17655,26.0,-221.0,-49.0,-164.0,-146.0,-133.0,79.0,-861.0,-126.0,2
17656,29.0,-221.0,-47.0,-172.0,-136.0,-133.0,82.0,-860.0,-131.0,2
17657,32.0,-221.0,-53.0,-182.0,-130.0,-125.0,94.0,-863.0,-131.0,2
17658,34.0,-224.0,-50.0,-193.0,-125.0,-120.0,98.0,-870.0,-138.0,2
17659,33.0,-225.0,-54.0,-202.0,-117.0,-113.0,101.0,-880.0,-135.0,2
17660,30.0,-226.0,-49.0,-211.0,-110.0,-103.0,98.0,-894.0,-132.0,2
17661,27.0,-232.0,-49.0,-218.0,-108.0,-92.0,89.0,-906.0,-124.0,2
17662,25.0,-239.0,-42.0,-221.0,-110.0,-83.0,77.0,-924.0,-117.0,2
17663,24.0,-247.0,-41.0,-216.0,-116.0,-67.0,65.0,-942.0,-102.0,2
17664,24.0,-250.0,-41.0,-200.0,-124.0,-54.0,61.0,-965.0,-92.0,2
17665,20.0,-254.0,-40.0,-177.0,-131.0,-38.0,59.0,-993.0,-81.0,2
17666,19.0,-261.0,-39.0,-145.0,-138.0,-28.0,45.0,-1006.0,-83.0,2
17667,18.0,-263.0,-40.0,-113.0,-150.0,-17.0,33.0,-1015.0,-74.0,2
17668,15.0,-263.0,-39.0,-81.0,-163.0,-8.0,27.0,-1018.0,-66.0,2
17669,12.0,-261.0,-34.0,-50.0,-178.0,-2.0,15.0,-1018.0,-68.0,2
17670,9.0,-260.0,-34.0,-23.0,-193.0,2.0,11.0,-1009.0,-64.0,2
17671,6.0,-257.0,-32.0,-4.0,-207.0,7.0,0.0,-996.0,-62.0,2
17672,3.0,-254.0,-33.0,11.0,-218.0,7.0,-7.0,-977.0,-52.0,2
17673,3.0,-251.0,-31.0,19.0,-226.0,12.0,-20.0,-961.0,-54.0,2
17674,4.0,-250.0,-31.0,25.0,-233.0,14.0,-14.0,-963.0,-47.0,2
17675,4.0,-248.0,-27.0,30.0,-243.0,18.0,-9.0,-953.0,-46.0,2
17676,7.0,-248.0,-31.0,32.0,-251.0,16.0,0.0,-954.0,-48.0,2
17677,13.0,-252.0,-37.0,30.0,-257.0,20.0,11.0,-955.0,-62.0,2
17678,20.0,-245.0,-35.0,32.0,-258.0,19.0,42.0,-944.0,-65.0,2
17679,31.0,-247.0,-46.0,46.0,-257.0,22.0,70.0,-941.0,-86.0,2
17680,34.0,-242.0,-50.0,56.0,-242.0,32.0,100.0,-933.0,-129.0,2
17681,42.0,-238.0,-59.0,63.0,-208.0,48.0,130.0,-926.0,-152.0,2
17682,49.0,-242.0,-65.0,63.0,-149.0,56.0,154.0,-941.0,-168.0,2
17683,48.0,-244.0,-66.0,52.0,-110.0,53.0,155.0,-954.0,-172.0,2
17684,43.0,-254.0,-57.0,36.0,-96.0,40.0,139.0,-976.0,-159.0,2
17685,35.0,-259.0,-52.0,17.0,-120.0,25.0,114.0,-1006.0,-131.0,2
17686,32.0,-262.0,-47.0,5.0,-168.0,11.0,98.0,-1027.0,-105.0,2
17687,31.0,-268.0,-40.0,3.0,-215.0,1.0,90.0,-1042.0,-85.0,2
17688,28.0,-268.0,-39.0,18.0,-242.0,-5.0,80.0,-1045.0,-84.0,2
17689,29.0,-272.0,-46.0,46.0,-243.0,-8.0,74.0,-1047.0,-104.0,2
17690,27.0,-264.0,-55.0,70.0,-233.0,-15.0,67.0,-1039.0,-146.0,2
17691,24.0,-261.0,-63.0,84.0,-223.0,-21.0,58.0,-1027.0,-178.0,2
17692,22.0,-257.0,-67.0,93.0,-210.0,-25.0,54.0,-1009.0,-204.0,2
17693,25.0,-254.0,-69.0,97.0,-193.0,-20.0,58.0,-976.0,-215.0,2
17694,32.0,-251.0,-66.0,101.0,-174.0,-14.0,87.0,-968.0,-193.0,2
17695,40.0,-249.0,-62.0,100.0,-150.0,-5.0,109.0,-957.0,-167.0,2
17696,43.0,-246.0,-55.0,98.0,-127.0,-4.0,134.0,-960.0,-137.0,2
17697,45.0,-253.0,-45.0,88.0,-116.0,-10.0,138.0,-970.0,-105.0,2
17698,39.0,-254.0,-36.0,69.0,-118.0,-22.0,136.0,-994.0,-70.0,2
17699,39.0,-260.0,-29.0,46.0,-138.0,-37.0,128.0,-1016.0,-45.0,2
17700,37.0,-262.0,-23.0,24.0,-164.0,-61.0,107.0,-1031.0,-22.0,2
17701,25.0,-269.0,-17.0,10.0,-188.0,-79.0,79.0,-1049.0,2.0,2
17702,20.0,-276.0,-16.0,9.0,-209.0,-85.0,48.0,-1066.0,20.0,2
17703,13.0,-281.0,-15.0,21.0,-219.0,-85.0,30.0,-1096.0,13.0,2
17704,11.0,-287.0,-20.0,40.0,-222.0,-86.0,14.0,-1110.0,-8.0,2
17705,9.0,-295.0,-28.0,42.0,-233.0,-79.0,7.0,-1136.0,-35.0,2
17706,6.0,-300.0,-41.0,24.0,-255.0,-80.0,1.0,-1163.0,-73.0,2
17707,4.0,-307.0,-36.0,-18.0,-290.0,-78.0,-10.0,-1179.0,-62.0,2
17708,4.0,-313.0,-32.0,-20.0,-321.0,-81.0,-4.0,-1202.0,-74.0,2
17709,12.0,-315.0,-37.0,-1.0,-346.0,-87.0,16.0,-1212.0,-80.0,2
17710,18.0,-316.0,-41.0,16.0,-361.0,-97.0,31.0,-1220.0,-84.0,2
17711,22.0,-319.0,-37.0,36.0,-358.0,-101.0,52.0,-1221.0,-71.0,2
17712,31.0,-314.0,-43.0,63.0,-352.0,-99.0,73.0,-1206.0,-82.0,2
17713,35.0,-310.0,-37.0,99.0,-346.0,-103.0,104.0,-1179.0,-82.0,2
17714,45.0,-299.0,-45.0,158.0,-336.0,-113.0,130.0,-1153.0,-95.0,2
17715,48.0,-291.0,-45.0,200.0,-328.0,-119.0,155.0,-1136.0,-117.0,2
17716,54.0,-287.0,-55.0,213.0,-317.0,-128.0,169.0,-1121.0,-143.0,2
17717,56.0,-281.0,-49.0,202.0,-300.0,-127.0,186.0,-1099.0,-128.0,2
17718,61.0,-273.0,-52.0,199.0,-274.0,-127.0,201.0,-1071.0,-132.0,2
17719,68.0,-270.0,-56.0,196.0,-237.0,-124.0,219.0,-1054.0,-143.0,2
17720,72.0,-268.0,-54.0,184.0,-189.0,-117.0,244.0,-1047.0,-147.0,2
17721,79.0,-268.0,-52.0,166.0,-129.0,-107.0,262.0,-1053.0,-134.0,2
17722,81.0,-270.0,-55.0,151.0,-64.0,-99.0,275.0,-1066.0,-134.0,2
17723,83.0,-275.0,-53.0,139.0,3.0,-95.0,276.0,-1076.0,-134.0,2
17724,80.0,-278.0,-51.0,130.0,77.0,-89.0,269.0,-1090.0,-127.0,2
17725,78.0,-278.0,-57.0,119.0,125.0,-82.0,266.0,-1095.0,-139.0,2
17726,77.0,-277.0,-58.0,113.0,170.0,-75.0,266.0,-1091.0,-157.0,2
17727,80.0,-277.0,-64.0,110.0,213.0,-69.0,268.0,-1089.0,-184.0,2
17728,79.0,-272.0,-76.0,108.0,260.0,-74.0,273.0,-1072.0,-231.0,2
17729,79.0,-269.0,-88.0,102.0,300.0,-75.0,270.0,-1058.0,-285.0,2
17730,68.0,-266.0,-106.0,91.0,336.0,-80.0,238.0,-1056.0,-335.0,2
17731,56.0,-269.0,-110.0,73.0,359.0,-86.0,194.0,-1055.0,-356.0,2
17732,30.0,-271.0,-103.0,50.0,354.0,-91.0,117.0,-1055.0,-346.0,2
17733,12.0,-270.0,-93.0,28.0,319.0,-88.0,43.0,-1064.0,-309.0,2
17734,1.0,-272.0,-86.0,10.0,264.0,-74.0,-15.0,-1071.0,-275.0,2
17735,-8.0,-277.0,-76.0,-4.0,192.0,-57.0,-55.0,-1072.0,-242.0,2
17736,-12.0,-275.0,-77.0,3.0,145.0,-42.0,-74.0,-1071.0,-237.0,2
17737,-17.0,-271.0,-84.0,27.0,109.0,-28.0,-101.0,-1061.0,-261.0,2
17738,-23.0,-267.0,-95.0,59.0,82.0,-17.0,-121.0,-1044.0,-299.0,2
17739,-28.0,-261.0,-105.0,87.0,52.0,-13.0,-140.0,-1026.0,-351.0,2
17740,-36.0,-255.0,-117.0,104.0,19.0,-15.0,-161.0,-985.0,-400.0,2
17741,-45.0,-246.0,-125.0,108.0,-19.0,-17.0,-191.0,-958.0,-437.0,2
17742,-48.0,-239.0,-130.0,98.0,-58.0,-15.0,-202.0,-922.0,-448.0,2
17743,-44.0,-227.0,-131.0,84.0,-94.0,-9.0,-204.0,-893.0,-452.0,2
17744,-40.0,-220.0,-133.0,74.0,-118.0,-6.0,-184.0,-851.0,-454.0,2
17745,-39.0,-206.0,-129.0,62.0,-128.0,-7.0,-182.0,-812.0,-451.0,2
17746,-32.0,-198.0,-126.0,39.0,-125.0,-4.0,-172.0,-787.0,-443.0,2
17747,-35.0,-190.0,-126.0,14.0,-118.0,-3.0,-164.0,-741.0,-435.0,2
17748,-30.0,-185.0,-119.0,-22.0,-107.0,6.0,-150.0,-719.0,-415.0,2
17749,-22.0,-184.0,-120.0,-59.0,-90.0,17.0,-123.0,-713.0,-421.0,2
17750,-15.0,-184.0,-122.0,-101.0,-66.0,28.0,-99.0,-713.0,-412.0,2
17751,-8.0,-188.0,-115.0,-140.0,-28.0,36.0,-69.0,-721.0,-392.0,2
17752,0.0,-188.0,-115.0,-169.0,9.0,48.0,-32.0,-738.0,-375.0,2
17753,8.0,-194.0,-106.0,-192.0,37.0,59.0,0.0,-763.0,-345.0,2
17754,13.0,-202.0,-102.0,-207.0,56.0,66.0,31.0,-782.0,-329.0,2
17755,16.0,-206.0,-102.0,-210.0,55.0,63.0,43.0,-808.0,-321.0,2
17756,15.0,-216.0,-96.0,-214.0,46.0,55.0,44.0,-840.0,-314.0,2
17757,13.0,-222.0,-88.0,-216.0,33.0,54.0,20.0,-855.0,-277.0,2
17758,11.0,-228.0,-79.0,-178.0,27.0,54.0,20.0,-879.0,-237.0,2
17759,12.0,-237.0,-84.0,-120.0,39.0,59.0,16.0,-911.0,-257.0,2
17760,5.0,-245.0,-93.0,-105.0,48.0,74.0,-9.0,-969.0,-293.0,2
17761,-2.0,-256.0,-89.0,-137.0,44.0,93.0,-34.0,-1009.0,-274.0,2
17762,-5.0,-263.0,-79.0,-153.0,43.0,117.0,-39.0,-1036.0,-254.0,2
17763,-2.0,-270.0,-80.0,-138.0,53.0,146.0,-46.0,-1049.0,-242.0,2
17764,-2.0,-271.0,-78.0,-103.0,69.0,178.0,-41.0,-1049.0,-240.0,2
17765,0.0,-267.0,-77.0,-60.0,86.0,201.0,-27.0,-1035.0,-235.0,2
17766,3.0,-264.0,-88.0,-20.0,98.0,220.0,-20.0,-1037.0,-272.0,2
17767,4.0,-263.0,-87.0,-16.0,114.0,241.0,-19.0,-1029.0,-281.0,2
17768,3.0,-260.0,-87.0,-35.0,144.0,259.0,-21.0,-1019.0,-281.0,2
17769,2.0,-260.0,-85.0,-51.0,165.0,278.0,-18.0,-1013.0,-276.0,2
17770,9.0,-257.0,-81.0,-75.0,166.0,282.0,6.0,-1005.0,-265.0,2
17771,14.0,-251.0,-75.0,-88.0,171.0,279.0,13.0,-970.0,-245.0,2
17772,21.0,-244.0,-73.0,-88.0,188.0,284.0,41.0,-948.0,-227.0,2
17773,30.0,-240.0,-70.0,-74.0,225.0,281.0,67.0,-922.0,-197.0,2
17774,30.0,-236.0,-68.0,-48.0,271.0,267.0,77.0,-906.0,-185.0,2
17775,24.0,-230.0,-57.0,-19.0,314.0,252.0,58.0,-894.0,-157.0,2
17776,17.0,-228.0,-58.0,13.0,339.0,244.0,42.0,-882.0,-166.0,2
17777,16.0,-226.0,-61.0,30.0,350.0,243.0,41.0,-880.0,-182.0,2
17778,13.0,-222.0,-62.0,25.0,345.0,232.0,32.0,-861.0,-172.0,2
17779,8.0,-218.0,-65.0,27.0,341.0,223.0,9.0,-846.0,-173.0,2
17780,4.0,-219.0,-65.0,33.0,330.0,222.0,-1.0,-849.0,-192.0,2
17781,5.0,-215.0,-68.0,25.0,314.0,219.0,-6.0,-844.0,-208.0,2
17782,-1.0,-218.0,-71.0,8.0,304.0,215.0,-31.0,-852.0,-216.0,2
17783,-8.0,-222.0,-74.0,-11.0,298.0,219.0,-54.0,-862.0,-214.0,2
17784,-11.0,-220.0,-71.0,-35.0,295.0,226.0,-70.0,-870.0,-207.0,2
17785,-13.0,-225.0,-63.0,-53.0,299.0,226.0,-76.0,-876.0,-197.0,2
17786,-16.0,-229.0,-63.0,-60.0,309.0,227.0,-93.0,-896.0,-184.0,2
17787,-15.0,-236.0,-64.0,-69.0,319.0,227.0,-111.0,-905.0,-180.0,2
17788,-21.0,-235.0,-60.0,-80.0,326.0,226.0,-120.0,-907.0,-177.0,2
17789,-24.0,-242.0,-61.0,-93.0,318.0,228.0,-122.0,-926.0,-171.0,2
17790,-25.0,-245.0,-61.0,-107.0,304.0,231.0,-128.0,-931.0,-165.0,2
17791,-23.0,-247.0,-56.0,-106.0,285.0,232.0,-113.0,-944.0,-166.0,2
17792,-21.0,-246.0,-58.0,-100.0,262.0,231.0,-108.0,-950.0,-171.0,2
17793,-15.0,-247.0,-61.0,-97.0,248.0,228.0,-100.0,-949.0,-170.0,2
17794,-13.0,-247.0,-58.0,-94.0,242.0,225.0,-84.0,-951.0,-165.0,2
17795,-12.0,-245.0,-55.0,-84.0,241.0,220.0,-79.0,-943.0,-166.0,2
17796,-8.0,-245.0,-60.0,-75.0,242.0,220.0,-65.0,-933.0,-162.0,2
17797,-7.0,-241.0,-62.0,-75.0,243.0,215.0,-54.0,-935.0,-166.0,2
17798,-8.0,-236.0,-60.0,-85.0,242.0,213.0,-47.0,-927.0,-173.0,2
17799,-1.0,-239.0,-61.0,-103.0,242.0,208.0,-38.0,-917.0,-156.0,2
17800,2.0,-238.0,-55.0,-106.0,245.0,202.0,-18.0,-918.0,-140.0,2
17801,4.0,-237.0,-56.0,-95.0,244.0,192.0,-10.0,-916.0,-142.0,2
17802,3.0,-236.0,-53.0,-84.0,245.0,182.0,-11.0,-914.0,-141.0,2
17803,5.0,-235.0,-53.0,-74.0,251.0,170.0,-3.0,-909.0,-142.0,2
17804,5.0,-233.0,-54.0,-68.0,260.0,160.0,-8.0,-904.0,-144.0,2
17805,4.0,-230.0,-57.0,-73.0,266.0,142.0,-12.0,-898.0,-150.0,2
17806,2.0,-231.0,-56.0,-84.0,266.0,126.0,-9.0,-901.0,-145.0,2
17807,1.0,-232.0,-53.0,-96.0,267.0,108.0,-20.0,-900.0,-148.0,2
17808,-2.0,-232.0,-56.0,-109.0,270.0,100.0,-34.0,-898.0,-142.0,2
17809,-1.0,-236.0,-55.0,-120.0,268.0,88.0,-45.0,-903.0,-136.0,2
17810,-4.0,-233.0,-53.0,-130.0,266.0,77.0,-43.0,-904.0,-135.0,2
17811,-8.0,-234.0,-50.0,-138.0,272.0,65.0,-52.0,-902.0,-129.0,2
17812,-9.0,-236.0,-52.0,-134.0,278.0,59.0,-64.0,-910.0,-141.0,2
17813,-11.0,-237.0,-58.0,-140.0,286.0,53.0,-69.0,-908.0,-141.0,2
17814,-9.0,-238.0,-56.0,-146.0,296.0,51.0,-76.0,-917.0,-144.0,2
17815,-12.0,-241.0,-54.0,-155.0,305.0,44.0,-68.0,-926.0,-141.0,2
17816,-14.0,-245.0,-53.0,-164.0,312.0,39.0,-67.0,-936.0,-128.0,2
17817,-11.0,-246.0,-51.0,-163.0,318.0,31.0,-66.0,-946.0,-110.0,2
17818,-10.0,-250.0,-44.0,-148.0,319.0,25.0,-59.0,-955.0,-98.0,2
17819,-6.0,-248.0,-43.0,-125.0,316.0,14.0,-54.0,-955.0,-103.0,2
17820,-7.0,-247.0,-46.0,-102.0,316.0,2.0,-47.0,-954.0,-99.0,2
17821,-5.0,-248.0,-43.0,-75.0,323.0,-8.0,-50.0,-951.0,-94.0,2
17822,-9.0,-243.0,-44.0,-57.0,324.0,-17.0,-51.0,-950.0,-104.0,2
17823,-9.0,-243.0,-50.0,-47.0,320.0,-26.0,-43.0,-944.0,-117.0,2
17824,-6.0,-240.0,-48.0,-47.0,315.0,-30.0,-51.0,-935.0,-122.0,2
17825,-6.0,-240.0,-53.0,-53.0,308.0,-38.0,-46.0,-924.0,-130.0,2
17826,-8.0,-240.0,-51.0,-60.0,300.0,-41.0,-58.0,-929.0,-121.0,2
17827,-11.0,-239.0,-53.0,-61.0,295.0,-47.0,-54.0,-922.0,-122.0,2
17828,-8.0,-244.0,-51.0,-54.0,287.0,-48.0,-62.0,-926.0,-127.0,2
17829,-9.0,-241.0,-51.0,-50.0,277.0,-55.0,-67.0,-922.0,-126.0,2
17830,-12.0,-237.0,-51.0,-51.0,262.0,-58.0,-77.0,-919.0,-122.0,2
17831,-13.0,-237.0,-52.0,-44.0,239.0,-64.0,-97.0,-915.0,-128.0,2
17832,-18.0,-231.0,-54.0,-42.0,219.0,-64.0,-106.0,-909.0,-143.0,2
17833,-24.0,-235.0,-55.0,-52.0,200.0,-64.0,-110.0,-901.0,-148.0,2
17834,-21.0,-234.0,-56.0,-74.0,190.0,-58.0,-112.0,-907.0,-159.0,2
17835,-20.0,-234.0,-61.0,-94.0,185.0,-54.0,-111.0,-910.0,-159.0,2
17836,-23.0,-235.0,-55.0,-112.0,184.0,-45.0,-109.0,-911.0,-151.0,2
17837,-13.0,-238.0,-54.0,-119.0,184.0,-40.0,-98.0,-916.0,-138.0,2
17838,-12.0,-242.0,-53.0,-120.0,184.0,-29.0,-90.0,-924.0,-133.0,2
17839,-12.0,-241.0,-53.0,-117.0,187.0,-26.0,-70.0,-926.0,-124.0,2
17840,-6.0,-243.0,-45.0,-115.0,194.0,-20.0,-39.0,-935.0,-112.0,2
17841,-1.0,-243.0,-42.0,-117.0,206.0,-18.0,-22.0,-940.0,-104.0,2
17842,3.0,-247.0,-42.0,-118.0,223.0,-17.0,-13.0,-944.0,-100.0,2
17843,4.0,-248.0,-43.0,-114.0,234.0,-24.0,-19.0,-951.0,-105.0,2
17844,1.0,-248.0,-49.0,-105.0,240.0,-29.0,-15.0,-952.0,-109.0,2
17845,2.0,-250.0,-47.0,-96.0,241.0,-37.0,-12.0,-958.0,-122.0,2
17846,4.0,-249.0,-55.0,-86.0,243.0,-44.0,-14.0,-968.0,-136.0,2
17847,1.0,-253.0,-53.0,-77.0,253.0,-51.0,-22.0,-970.0,-144.0,2
17848,-1.0,-256.0,-56.0,-69.0,266.0,-55.0,-35.0,-978.0,-143.0,2
17849,-4.0,-258.0,-50.0,-55.0,278.0,-61.0,-46.0,-988.0,-134.0,2
17850,-7.0,-259.0,-51.0,-43.0,288.0,-60.0,-56.0,-988.0,-125.0,2
17851,-4.0,-259.0,-48.0,-27.0,299.0,-65.0,-55.0,-1002.0,-113.0,2
17852,-8.0,-261.0,-47.0,-5.0,316.0,-64.0,-62.0,-1011.0,-100.0,2
17853,-6.0,-263.0,-44.0,11.0,338.0,-67.0,-53.0,-1019.0,-91.0,2
17854,-5.0,-263.0,-40.0,19.0,352.0,-66.0,-45.0,-1033.0,-77.0,2
17855,1.0,-266.0,-36.0,24.0,366.0,-68.0,-34.0,-1040.0,-66.0,2
17856,1.0,-267.0,-29.0,28.0,377.0,-69.0,-21.0,-1048.0,-44.0,2
17857,2.0,-271.0,-28.0,41.0,384.0,-71.0,-23.0,-1048.0,-45.0,2
17858,-1.0,-274.0,-32.0,50.0,389.0,-65.0,-24.0,-1050.0,-41.0,2
17859,2.0,-272.0,-26.0,64.0,391.0,-59.0,-19.0,-1054.0,-42.0,2
17860,0.0,-269.0,-34.0,75.0,393.0,-48.0,-20.0,-1052.0,-46.0,2
17861,3.0,-268.0,-32.0,73.0,399.0,-36.0,-17.0,-1041.0,-54.0,2
17862,6.0,-261.0,-36.0,63.0,412.0,-17.0,-20.0,-1032.0,-49.0,2
17863,-1.0,-263.0,-30.0,54.0,433.0,5.0,-20.0,-1020.0,-42.0,2
17864,3.0,-261.0,-27.0,51.0,459.0,28.0,-24.0,-1020.0,-39.0,2
17865,6.0,-261.0,-29.0,47.0,472.0,46.0,-22.0,-1013.0,-41.0,2
17866,1.0,-257.0,-30.0,41.0,483.0,57.0,-26.0,-1006.0,-22.0,2
17867,-3.0,-260.0,-25.0,39.0,485.0,60.0,-33.0,-1010.0,-15.0,2
17868,-5.0,-260.0,-20.0,35.0,481.0,64.0,-47.0,-1009.0,7.0,2
17869,-6.0,-259.0,-17.0,37.0,473.0,63.0,-56.0,-1004.0,1.0,2
17870,-12.0,-261.0,-19.0,32.0,465.0,64.0,-66.0,-1007.0,-8.0,2
17871,-11.0,-260.0,-30.0,20.0,455.0,58.0,-77.0,-1010.0,-30.0,2
17872,-17.0,-261.0,-32.0,2.0,443.0,58.0,-99.0,-1021.0,-63.0,2
17873,-24.0,-270.0,-41.0,-26.0,430.0,53.0,-116.0,-1050.0,-92.0,2
17874,-27.0,-282.0,-48.0,-56.0,414.0,54.0,-133.0,-1087.0,-113.0,2
17875,-34.0,-291.0,-45.0,-77.0,407.0,49.0,-169.0,-1125.0,-118.0,2
17876,-37.0,-305.0,-40.0,-75.0,400.0,49.0,-183.0,-1159.0,-101.0,2
17877,-48.0,-310.0,-40.0,-44.0,376.0,49.0,-214.0,-1185.0,-86.0,2
17878,-53.0,-316.0,-51.0,7.0,338.0,55.0,-232.0,-1210.0,-106.0,2
17879,-51.0,-318.0,-48.0,46.0,308.0,59.0,-236.0,-1216.0,-114.0,2
17880,-50.0,-315.0,-47.0,80.0,276.0,70.0,-222.0,-1208.0,-116.0,2
17881,-50.0,-309.0,-50.0,115.0,234.0,70.0,-217.0,-1189.0,-137.0,2
17882,-45.0,-298.0,-53.0,139.0,194.0,82.0,-204.0,-1162.0,-157.0,2
17883,-38.0,-296.0,-59.0,152.0,162.0,86.0,-178.0,-1141.0,-172.0,2
17884,-34.0,-286.0,-59.0,155.0,132.0,91.0,-162.0,-1118.0,-183.0,2
17885,-28.0,-284.0,-70.0,153.0,99.0,93.0,-146.0,-1111.0,-195.0,2
17886,-31.0,-285.0,-68.0,143.0,77.0,99.0,-139.0,-1113.0,-206.0,2
17887,-26.0,-291.0,-66.0,134.0,59.0,104.0,-135.0,-1126.0,-202.0,2
17888,-28.0,-295.0,-63.0,135.0,28.0,112.0,-133.0,-1142.0,-193.0,2
17889,-29.0,-300.0,-66.0,146.0,-12.0,120.0,-147.0,-1149.0,-198.0,2
17890,-28.0,-306.0,-61.0,168.0,-54.0,136.0,-145.0,-1167.0,-189.0,2
17891,-27.0,-307.0,-56.0,193.0,-86.0,146.0,-137.0,-1171.0,-171.0,2
17892,-27.0,-303.0,-57.0,233.0,-115.0,159.0,-136.0,-1179.0,-159.0,2
17893,-18.0,-302.0,-62.0,265.0,-140.0,173.0,-103.0,-1176.0,-179.0,2
17894,-11.0,-298.0,-68.0,275.0,-161.0,190.0,-73.0,-1163.0,-192.0,2
17895,-9.0,-287.0,-73.0,267.0,-179.0,208.0,-72.0,-1129.0,-218.0,2
17896,-9.0,-281.0,-77.0,249.0,-187.0,199.0,-58.0,-1093.0,-263.0,2
17897,-5.0,-268.0,-93.0,243.0,-181.0,165.0,-55.0,-1042.0,-302.0,2
17898,-1.0,-253.0,-103.0,235.0,-161.0,139.0,-40.0,-1000.0,-331.0,2
17899,2.0,-243.0,-107.0,222.0,-130.0,115.0,-23.0,-947.0,-343.0,2
17900,1.0,-232.0,-110.0,194.0,-91.0,101.0,-19.0,-915.0,-355.0,2
17901,2.0,-227.0,-104.0,150.0,-54.0,86.0,-22.0,-898.0,-359.0,2
17902,5.0,-225.0,-112.0,97.0,-23.0,81.0,-20.0,-890.0,-365.0,2
17903,5.0,-223.0,-114.0,44.0,3.0,74.0,-7.0,-891.0,-379.0,2
17904,13.0,-231.0,-120.0,-7.0,30.0,77.0,5.0,-898.0,-398.0,2
17905,18.0,-234.0,-120.0,-56.0,63.0,76.0,30.0,-909.0,-412.0,2
17906,23.0,-237.0,-121.0,-85.0,104.0,79.0,58.0,-922.0,-413.0,2
17907,27.0,-240.0,-119.0,-85.0,129.0,77.0,67.0,-933.0,-414.0,2
17908,28.0,-242.0,-114.0,-58.0,138.0,76.0,81.0,-937.0,-399.0,2
17909,30.0,-244.0,-123.0,-21.0,133.0,72.0,88.0,-930.0,-405.0,2
17910,32.0,-237.0,-117.0,16.0,123.0,75.0,105.0,-922.0,-405.0,2
17911,34.0,-232.0,-118.0,47.0,106.0,66.0,113.0,-907.0,-399.0,2
17912,35.0,-231.0,-110.0,77.0,85.0,64.0,103.0,-888.0,-385.0,2
17913,28.0,-222.0,-118.0,98.0,58.0,59.0,98.0,-872.0,-389.0,2
17914,27.0,-215.0,-107.0,110.0,27.0,59.0,99.0,-841.0,-365.0,2
17915,26.0,-210.0,-113.0,132.0,-14.0,58.0,81.0,-822.0,-372.0,2
17916,24.0,-203.0,-121.0,138.0,-51.0,59.0,69.0,-816.0,-406.0,2
17917,23.0,-203.0,-127.0,98.0,-58.0,60.0,53.0,-824.0,-447.0,2
17918,23.0,-205.0,-124.0,4.0,-28.0,66.0,63.0,-824.0,-424.0,2
17919,22.0,-218.0,-115.0,-66.0,-4.0,61.0,66.0,-850.0,-396.0,2
17920,21.0,-225.0,-106.0,-116.0,3.0,54.0,67.0,-885.0,-359.0,2
17921,22.0,-235.0,-102.0,-143.0,-11.0,38.0,70.0,-920.0,-333.0,2
17922,24.0,-245.0,-92.0,-144.0,-24.0,23.0,67.0,-944.0,-292.0,2
17923,25.0,-252.0,-89.0,-121.0,-34.0,-3.0,71.0,-963.0,-277.0,2
17924,26.0,-248.0,-85.0,-83.0,-28.0,-25.0,66.0,-964.0,-273.0,2
17925,20.0,-246.0,-82.0,-37.0,-15.0,-54.0,55.0,-951.0,-265.0,2
17926,17.0,-247.0,-92.0,5.0,-9.0,-78.0,45.0,-952.0,-286.0,2
17927,11.0,-243.0,-90.0,26.0,-16.0,-120.0,19.0,-942.0,-290.0,2
17928,2.0,-239.0,-96.0,34.0,-38.0,-141.0,-5.0,-930.0,-293.0,2
17929,-3.0,-238.0,-90.0,22.0,-56.0,-155.0,-30.0,-921.0,-305.0,2
17930,-10.0,-237.0,-89.0,-7.0,-66.0,-162.0,-53.0,-925.0,-295.0,2
17931,-11.0,-238.0,-86.0,-41.0,-77.0,-171.0,-62.0,-932.0,-266.0,2
17932,-3.0,-243.0,-77.0,-63.0,-82.0,-165.0,-43.0,-948.0,-253.0,2
17933,-4.0,-247.0,-80.0,-79.0,-76.0,-174.0,-45.0,-952.0,-248.0,2
17934,-10.0,-252.0,-71.0,-94.0,-73.0,-175.0,-65.0,-963.0,-220.0,2
17935,-11.0,-252.0,-68.0,-84.0,-89.0,-179.0,-65.0,-976.0,-202.0,2
17936,-10.0,-255.0,-71.0,-49.0,-125.0,-182.0,-62.0,-978.0,-198.0,2
17937,-10.0,-255.0,-70.0,-2.0,-163.0,-190.0,-57.0,-973.0,-210.0,2
17938,-3.0,-250.0,-74.0,40.0,-205.0,-187.0,-37.0,-965.0,-227.0,2
17939,3.0,-246.0,-82.0,71.0,-228.0,-193.0,-16.0,-951.0,-249.0,2
17940,10.0,-241.0,-79.0,82.0,-236.0,-200.0,1.0,-933.0,-255.0,2
17941,11.0,-238.0,-75.0,82.0,-236.0,-208.0,9.0,-915.0,-246.0,2
17942,15.0,-231.0,-66.0,75.0,-239.0,-204.0,20.0,-900.0,-216.0,2
17943,16.0,-230.0,-65.0,74.0,-250.0,-206.0,35.0,-894.0,-188.0,2
17944,15.0,-226.0,-61.0,70.0,-260.0,-210.0,44.0,-889.0,-182.0,2
17945,22.0,-225.0,-66.0,57.0,-261.0,-217.0,51.0,-884.0,-176.0,2
17946,21.0,-226.0,-59.0,41.0,-256.0,-220.0,62.0,-881.0,-171.0,2
17947,26.0,-226.0,-58.0,26.0,-258.0,-231.0,82.0,-872.0,-169.0,2
17948,29.0,-223.0,-65.0,16.0,-262.0,-248.0,91.0,-872.0,-182.0,2
17949,29.0,-220.0,-62.0,8.0,-243.0,-267.0,87.0,-871.0,-195.0,2
17950,32.0,-225.0,-66.0,6.0,-211.0,-273.0,88.0,-867.0,-198.0,2
17951,32.0,-224.0,-67.0,1.0,-179.0,-286.0,94.0,-876.0,-206.0,2
17952,33.0,-225.0,-69.0,-9.0,-155.0,-289.0,93.0,-877.0,-199.0,2
17953,29.0,-228.0,-66.0,-14.0,-141.0,-296.0,79.0,-883.0,-191.0,2
17954,25.0,-225.0,-64.0,-16.0,-134.0,-295.0,72.0,-886.0,-187.0,2
17955,21.0,-231.0,-62.0,-22.0,-137.0,-293.0,59.0,-899.0,-183.0,2
17956,21.0,-234.0,-64.0,-33.0,-132.0,-283.0,57.0,-904.0,-186.0,2
17957,23.0,-238.0,-65.0,-46.0,-118.0,-282.0,55.0,-914.0,-190.0,2
17958,21.0,-243.0,-57.0,-67.0,-98.0,-282.0,56.0,-936.0,-155.0,2
17959,14.0,-238.0,-54.0,-72.0,-101.0,-291.0,31.0,-931.0,-146.0,2
17960,12.0,-242.0,-56.0,-62.0,-119.0,-288.0,16.0,-929.0,-150.0,2
17961,8.0,-243.0,-57.0,-49.0,-130.0,-282.0,9.0,-937.0,-161.0,2
17962,7.0,-243.0,-64.0,-40.0,-135.0,-273.0,0.0,-930.0,-182.0,2
17963,4.0,-242.0,-65.0,-37.0,-136.0,-269.0,-11.0,-923.0,-173.0,2
17964,5.0,-239.0,-59.0,-37.0,-140.0,-262.0,-2.0,-929.0,-169.0,2
17965,5.0,-241.0,-57.0,-38.0,-148.0,-261.0,-12.0,-921.0,-160.0,2
17966,3.0,-236.0,-58.0,-32.0,-155.0,-251.0,-9.0,-912.0,-156.0,2
17967,6.0,-237.0,-57.0,-26.0,-151.0,-240.0,-14.0,-904.0,-160.0,2
17968,4.0,-235.0,-59.0,-25.0,-147.0,-224.0,-3.0,-907.0,-159.0,2
17969,11.0,-233.0,-56.0,-31.0,-144.0,-213.0,4.0,-896.0,-156.0,2
17970,14.0,-230.0,-60.0,-35.0,-143.0,-198.0,23.0,-892.0,-153.0,2
17971,15.0,-230.0,-57.0,-32.0,-139.0,-189.0,26.0,-891.0,-147.0,2
17972,18.0,-231.0,-55.0,-24.0,-137.0,-176.0,42.0,-893.0,-139.0,2
17973,20.0,-226.0,-52.0,-17.0,-140.0,-167.0,53.0,-886.0,-128.0,2
17974,24.0,-228.0,-53.0,-12.0,-144.0,-154.0,64.0,-878.0,-127.0,2
17975,28.0,-225.0,-50.0,-13.0,-142.0,-148.0,75.0,-868.0,-120.0,2
17976,29.0,-222.0,-46.0,-21.0,-134.0,-139.0,88.0,-866.0,-120.0,2
17977,33.0,-221.0,-48.0,-32.0,-128.0,-131.0,101.0,-866.0,-115.0,2
17978,34.0,-225.0,-48.0,-46.0,-125.0,-120.0,109.0,-875.0,-119.0,2
17979,35.0,-226.0,-46.0,-59.0,-124.0,-111.0,110.0,-876.0,-113.0,2
17980,36.0,-227.0,-47.0,-71.0,-124.0,-97.0,108.0,-888.0,-116.0,2
17981,34.0,-234.0,-46.0,-74.0,-130.0,-86.0,107.0,-899.0,-110.0,2
17982,30.0,-237.0,-42.0,-67.0,-140.0,-73.0,100.0,-911.0,-109.0,2
17983,33.0,-242.0,-46.0,-56.0,-154.0,-71.0,89.0,-928.0,-108.0,2
17984,21.0,-245.0,-44.0,-40.0,-167.0,-64.0,67.0,-950.0,-98.0,2
17985,18.0,-250.0,-46.0,-22.0,-177.0,-57.0,42.0,-955.0,-98.0,2
17986,14.0,-251.0,-44.0,-2.0,-187.0,-44.0,19.0,-958.0,-102.0,2
17987,8.0,-248.0,-49.0,18.0,-198.0,-38.0,0.0,-956.0,-104.0,2
17988,2.0,-246.0,-45.0,37.0,-203.0,-24.0,-9.0,-950.0,-103.0,2
17989,2.0,-248.0,-46.0,52.0,-203.0,-15.0,-17.0,-937.0,-104.0,2
17990,2.0,-240.0,-47.0,61.0,-195.0,-2.0,-14.0,-929.0,-99.0,2
17991,6.0,-237.0,-43.0,61.0,-186.0,8.0,-7.0,-914.0,-95.0,2
17992,3.0,-230.0,-44.0,56.0,-181.0,18.0,-13.0,-896.0,-88.0,2
17993,4.0,-225.0,-40.0,44.0,-184.0,24.0,-7.0,-885.0,-82.0,2
17994,8.0,-224.0,-42.0,23.0,-189.0,35.0,4.0,-877.0,-82.0,2
17995,12.0,-221.0,-43.0,-4.0,-194.0,41.0,11.0,-859.0,-80.0,2
17996,16.0,-221.0,-43.0,-30.0,-194.0,50.0,21.0,-861.0,-87.0,2
17997,19.0,-223.0,-48.0,-59.0,-187.0,53.0,38.0,-862.0,-100.0,2
17998,28.0,-226.0,-50.0,-88.0,-178.0,57.0,59.0,-875.0,-129.0,2
17999,31.0,-230.0,-52.0,-118.0,-170.0,57.0,91.0,-894.0,-130.0,2
18000,34.0,-235.0,-56.0,-136.0,-164.0,54.0,110.0,-919.0,-141.0,2
18001,36.0,-241.0,-51.0,-146.0,-160.0,49.0,115.0,-947.0,-137.0,2
18002,38.0,-252.0,-54.0,-140.0,-163.0,47.0,119.0,-970.0,-136.0,2
18003,38.0,-260.0,-49.0,-119.0,-172.0,39.0,119.0,-1007.0,-125.0,2
18004,36.0,-262.0,-48.0,-98.0,-184.0,32.0,113.0,-1022.0,-113.0,2
18005,28.0,-271.0,-46.0,-78.0,-195.0,19.0,92.0,-1049.0,-98.0,2
18006,23.0,-273.0,-47.0,-60.0,-207.0,13.0,70.0,-1060.0,-99.0,2
18007,19.0,-276.0,-45.0,-47.0,-222.0,3.0,52.0,-1072.0,-102.0,2
18008,19.0,-277.0,-48.0,-34.0,-234.0,-2.0,41.0,-1072.0,-125.0,2
18009,13.0,-276.0,-54.0,-25.0,-243.0,-8.0,22.0,-1074.0,-146.0,2
18010,11.0,-274.0,-56.0,-18.0,-247.0,-11.0,20.0,-1067.0,-160.0,2
18011,15.0,-272.0,-60.0,-10.0,-247.0,-17.0,20.0,-1057.0,-173.0,2
18012,21.0,-268.0,-60.0,1.0,-240.0,-21.0,51.0,-1049.0,-183.0,2
18013,28.0,-269.0,-59.0,9.0,-224.0,-33.0,61.0,-1052.0,-170.0,2
18014,24.0,-267.0,-53.0,12.0,-209.0,-36.0,62.0,-1049.0,-152.0,2
18015,26.0,-270.0,-50.0,16.0,-198.0,-41.0,68.0,-1052.0,-125.0,2
18016,28.0,-271.0,-42.0,24.0,-199.0,-50.0,87.0,-1067.0,-90.0,2
18017,27.0,-275.0,-35.0,31.0,-214.0,-61.0,80.0,-1078.0,-69.0,2
18018,27.0,-278.0,-25.0,35.0,-233.0,-66.0,82.0,-1085.0,-35.0,2
18019,31.0,-282.0,-23.0,48.0,-250.0,-68.0,86.0,-1093.0,-14.0,2
18020,27.0,-282.0,-21.0,65.0,-261.0,-65.0,80.0,-1093.0,-9.0,2
18021,26.0,-280.0,-25.0,83.0,-265.0,-60.0,71.0,-1094.0,-6.0,2
18022,22.0,-282.0,-21.0,99.0,-267.0,-47.0,55.0,-1094.0,-14.0,2
18023,17.0,-282.0,-29.0,114.0,-273.0,-38.0,35.0,-1100.0,-22.0,2
18024,7.0,-280.0,-23.0,124.0,-290.0,-28.0,6.0,-1090.0,-16.0,2
18025,3.0,-278.0,-18.0,127.0,-311.0,-26.0,-14.0,-1078.0,-11.0,2
18026,-1.0,-274.0,-21.0,131.0,-335.0,-24.0,-28.0,-1073.0,8.0,2
18027,-2.0,-274.0,-9.0,118.0,-362.0,-22.0,-29.0,-1073.0,31.0,2
18028,2.0,-273.0,-2.0,97.0,-385.0,-16.0,-18.0,-1065.0,48.0,2
18029,6.0,-275.0,-3.0,86.0,-397.0,-17.0,0.0,-1063.0,71.0,2
18030,16.0,-273.0,-6.0,83.0,-401.0,-23.0,28.0,-1068.0,46.0,2
18031,21.0,-275.0,-17.0,65.0,-408.0,-37.0,54.0,-1074.0,7.0,2
18032,23.0,-275.0,-25.0,30.0,-413.0,-53.0,73.0,-1082.0,-21.0,2
18033,34.0,-280.0,-30.0,-4.0,-422.0,-70.0,98.0,-1088.0,-41.0,2
18034,38.0,-278.0,-36.0,-17.0,-432.0,-87.0,115.0,-1088.0,-55.0,2
18035,47.0,-284.0,-34.0,0.0,-433.0,-102.0,136.0,-1106.0,-63.0,2
18036,53.0,-284.0,-31.0,18.0,-418.0,-104.0,162.0,-1108.0,-62.0,2
18037,63.0,-282.0,-30.0,42.0,-384.0,-109.0,201.0,-1109.0,-44.0,2
18038,68.0,-281.0,-30.0,67.0,-340.0,-107.0,232.0,-1108.0,-41.0,2
18039,71.0,-284.0,-30.0,95.0,-294.0,-107.0,241.0,-1104.0,-35.0,2
18040,71.0,-281.0,-35.0,119.0,-251.0,-101.0,240.0,-1106.0,-50.0,2
18041,69.0,-281.0,-42.0,128.0,-216.0,-94.0,230.0,-1095.0,-85.0,2
18042,68.0,-278.0,-45.0,118.0,-186.0,-82.0,221.0,-1091.0,-96.0,2
18043,66.0,-274.0,-54.0,110.0,-152.0,-76.0,211.0,-1074.0,-130.0,2
18044,61.0,-270.0,-60.0,103.0,-110.0,-72.0,204.0,-1057.0,-162.0,2
18045,61.0,-272.0,-72.0,97.0,-60.0,-70.0,198.0,-1059.0,-193.0,2
18046,60.0,-270.0,-77.0,89.0,3.0,-63.0,200.0,-1059.0,-233.0,2
18047,65.0,-270.0,-79.0,85.0,57.0,-60.0,210.0,-1067.0,-250.0,2
18048,67.0,-275.0,-86.0,87.0,107.0,-59.0,221.0,-1068.0,-262.0,2
18049,71.0,-275.0,-89.0,87.0,159.0,-67.0,234.0,-1074.0,-279.0,2
18050,75.0,-274.0,-88.0,82.0,217.0,-78.0,243.0,-1080.0,-285.0,2
18051,77.0,-276.0,-94.0,69.0,274.0,-98.0,254.0,-1076.0,-303.0,2
18052,75.0,-278.0,-103.0,52.0,327.0,-125.0,257.0,-1091.0,-336.0,2
18053,69.0,-280.0,-109.0,26.0,367.0,-155.0,239.0,-1100.0,-362.0,2
18054,59.0,-286.0,-111.0,3.0,388.0,-183.0,207.0,-1117.0,-369.0,2
18055,52.0,-290.0,-109.0,-2.0,391.0,-206.0,168.0,-1135.0,-362.0,2
18056,34.0,-292.0,-102.0,8.0,377.0,-222.0,102.0,-1131.0,-337.0,2
18057,18.0,-292.0,-95.0,44.0,355.0,-222.0,35.0,-1118.0,-308.0,2
18058,3.0,-275.0,-90.0,88.0,318.0,-209.0,-13.0,-1075.0,-282.0,2
18059,-2.0,-261.0,-86.0,138.0,266.0,-187.0,-26.0,-1018.0,-283.0,2
18060,-4.0,-244.0,-100.0,178.0,214.0,-162.0,-37.0,-946.0,-320.0,2
18061,-11.0,-222.0,-111.0,198.0,175.0,-145.0,-59.0,-877.0,-359.0,2
18062,-19.0,-203.0,-119.0,203.0,141.0,-137.0,-94.0,-821.0,-394.0,2
18063,-31.0,-193.0,-130.0,197.0,110.0,-135.0,-144.0,-764.0,-434.0,2
18064,-50.0,-184.0,-132.0,171.0,71.0,-131.0,-207.0,-726.0,-483.0,2
18065,-64.0,-182.0,-138.0,129.0,28.0,-128.0,-270.0,-717.0,-480.0,2
18066,-73.0,-189.0,-133.0,84.0,-10.0,-116.0,-302.0,-733.0,-470.0,2
18067,-76.0,-196.0,-132.0,33.0,-49.0,-95.0,-328.0,-767.0,-468.0,2
18068,-75.0,-205.0,-125.0,-30.0,-74.0,-75.0,-314.0,-796.0,-427.0,2
18069,-63.0,-219.0,-118.0,-60.0,-94.0,-56.0,-287.0,-839.0,-406.0,2
18070,-53.0,-233.0,-112.0,-74.0,-110.0,-44.0,-245.0,-878.0,-386.0,2
18071,-51.0,-238.0,-110.0,-80.0,-123.0,-43.0,-227.0,-919.0,-368.0,2
18072,-45.0,-248.0,-103.0,-80.0,-123.0,-33.0,-212.0,-952.0,-346.0,2
18073,-36.0,-250.0,-101.0,-79.0,-117.0,-21.0,-181.0,-967.0,-328.0,2
18074,-29.0,-254.0,-94.0,-77.0,-107.0,-5.0,-150.0,-973.0,-311.0,2
18075,-15.0,-253.0,-92.0,-71.0,-95.0,11.0,-109.0,-974.0,-297.0,2
18076,-6.0,-248.0,-88.0,-64.0,-87.0,26.0,-61.0,-964.0,-286.0,2
18077,8.0,-248.0,-91.0,-45.0,-72.0,42.0,-10.0,-961.0,-287.0,2
18078,16.0,-245.0,-90.0,-35.0,-53.0,56.0,34.0,-944.0,-287.0,2
18079,25.0,-243.0,-91.0,-33.0,-34.0,65.0,64.0,-939.0,-291.0,2
18080,31.0,-240.0,-92.0,-39.0,-10.0,76.0,95.0,-927.0,-291.0,2
18081,33.0,-242.0,-87.0,-49.0,15.0,82.0,95.0,-932.0,-282.0,2
18082,26.0,-243.0,-83.0,-53.0,38.0,92.0,81.0,-942.0,-269.0,2
18083,26.0,-246.0,-84.0,-49.0,57.0,106.0,65.0,-955.0,-255.0,2
18084,19.0,-251.0,-81.0,-37.0,71.0,120.0,54.0,-968.0,-252.0,2
18085,15.0,-256.0,-80.0,-20.0,81.0,140.0,31.0,-988.0,-254.0,2
18086,16.0,-259.0,-82.0,3.0,96.0,169.0,37.0,-1009.0,-263.0,2
18087,17.0,-259.0,-83.0,12.0,110.0,196.0,24.0,-1010.0,-261.0,2
18088,13.0,-260.0,-86.0,28.0,133.0,233.0,18.0,-1006.0,-272.0,2
18089,16.0,-260.0,-86.0,58.0,169.0,258.0,27.0,-1000.0,-265.0,2
18090,18.0,-259.0,-89.0,90.0,199.0,282.0,42.0,-1006.0,-292.0,2
18091,22.0,-255.0,-95.0,101.0,226.0,303.0,56.0,-1003.0,-303.0,2
18092,26.0,-254.0,-98.0,94.0,242.0,323.0,67.0,-997.0,-306.0,2
18093,25.0,-251.0,-88.0,69.0,261.0,341.0,73.0,-970.0,-279.0,2
18094,22.0,-250.0,-83.0,53.0,283.0,351.0,63.0,-960.0,-261.0,2
18095,25.0,-245.0,-77.0,44.0,291.0,361.0,56.0,-944.0,-223.0,2
18096,19.0,-236.0,-68.0,49.0,296.0,361.0,54.0,-922.0,-204.0,2
18097,18.0,-233.0,-63.0,60.0,306.0,352.0,51.0,-908.0,-174.0,2
18098,16.0,-230.0,-57.0,72.0,324.0,333.0,30.0,-893.0,-161.0,2
18099,16.0,-226.0,-53.0,83.0,350.0,317.0,26.0,-870.0,-134.0,2
18100,14.0,-221.0,-50.0,101.0,389.0,305.0,24.0,-856.0,-135.0,2
18101,10.0,-219.0,-53.0,105.0,418.0,286.0,20.0,-843.0,-142.0,2
18102,4.0,-218.0,-55.0,93.0,446.0,275.0,-6.0,-845.0,-152.0,2
18103,-2.0,-216.0,-57.0,64.0,471.0,279.0,-29.0,-845.0,-150.0,2
18104,-3.0,-220.0,-56.0,43.0,494.0,287.0,-38.0,-848.0,-139.0,2
18105,-6.0,-223.0,-53.0,43.0,506.0,291.0,-50.0,-857.0,-141.0,2
18106,-12.0,-219.0,-53.0,49.0,506.0,288.0,-64.0,-863.0,-146.0,2
18107,-12.0,-224.0,-55.0,53.0,497.0,283.0,-80.0,-862.0,-145.0,2
18108,-17.0,-224.0,-57.0,58.0,483.0,279.0,-93.0,-876.0,-154.0,2
18109,-16.0,-228.0,-55.0,56.0,472.0,278.0,-99.0,-885.0,-147.0,2
18110,-21.0,-232.0,-52.0,46.0,466.0,277.0,-105.0,-902.0,-147.0,2
18111,-20.0,-232.0,-51.0,33.0,460.0,275.0,-107.0,-907.0,-128.0,2
18112,-20.0,-239.0,-52.0,28.0,450.0,273.0,-102.0,-927.0,-124.0,2
18113,-13.0,-244.0,-49.0,20.0,432.0,272.0,-88.0,-946.0,-120.0,2
18114,-11.0,-249.0,-47.0,7.0,422.0,269.0,-82.0,-959.0,-119.0,2
18115,-8.0,-250.0,-47.0,-2.0,416.0,268.0,-69.0,-966.0,-112.0,2
18116,-5.0,-254.0,-51.0,1.0,410.0,264.0,-52.0,-977.0,-124.0,2
18117,-2.0,-257.0,-53.0,5.0,406.0,256.0,-37.0,-990.0,-131.0,2
18118,-5.0,-254.0,-54.0,-1.0,408.0,247.0,-35.0,-1001.0,-133.0,2
18119,-1.0,-257.0,-49.0,-13.0,408.0,243.0,-36.0,-994.0,-119.0,2
18120,-2.0,-252.0,-47.0,-9.0,402.0,234.0,-21.0,-968.0,-120.0,2
18121,-1.0,-247.0,-49.0,8.0,393.0,216.0,-24.0,-955.0,-130.0,2
18122,-4.0,-243.0,-51.0,12.0,388.0,197.0,-36.0,-938.0,-126.0,2
18123,-6.0,-234.0,-47.0,19.0,386.0,179.0,-41.0,-913.0,-112.0,2
18124,-5.0,-233.0,-43.0,35.0,384.0,160.0,-44.0,-892.0,-104.0,2
18125,-10.0,-226.0,-46.0,49.0,376.0,141.0,-52.0,-877.0,-106.0,2
18126,-6.0,-220.0,-45.0,48.0,370.0,127.0,-55.0,-859.0,-109.0,2
18127,-9.0,-221.0,-43.0,33.0,368.0,112.0,-69.0,-842.0,-97.0,2
18128,-12.0,-214.0,-44.0,19.0,368.0,92.0,-74.0,-835.0,-97.0,2
18129,-14.0,-213.0,-45.0,-1.0,361.0,78.0,-86.0,-832.0,-102.0,2
18130,-13.0,-216.0,-45.0,-26.0,351.0,60.0,-86.0,-829.0,-103.0,2
18131,-14.0,-213.0,-44.0,-54.0,344.0,45.0,-93.0,-832.0,-115.0,2
18132,-13.0,-219.0,-46.0,-89.0,340.0,33.0,-83.0,-846.0,-119.0,2
18133,-12.0,-223.0,-47.0,-114.0,337.0,22.0,-74.0,-861.0,-120.0,2
18134,-11.0,-226.0,-47.0,-136.0,337.0,10.0,-75.0,-878.0,-116.0,2
18135,-10.0,-232.0,-46.0,-150.0,341.0,-4.0,-69.0,-882.0,-119.0,2
18136,-9.0,-233.0,-49.0,-158.0,347.0,-16.0,-67.0,-902.0,-111.0,2
18137,-8.0,-239.0,-42.0,-161.0,348.0,-23.0,-62.0,-914.0,-105.0,2
18138,-10.0,-240.0,-44.0,-163.0,346.0,-34.0,-57.0,-921.0,-104.0,2
18139,-5.0,-241.0,-44.0,-165.0,340.0,-44.0,-51.0,-931.0,-97.0,2
18140,0.0,-242.0,-45.0,-171.0,328.0,-53.0,-34.0,-937.0,-102.0,2
18141,-1.0,-242.0,-45.0,-177.0,314.0,-60.0,-25.0,-941.0,-99.0,2
18142,4.0,-245.0,-52.0,-182.0,290.0,-70.0,-14.0,-946.0,-118.0,2
18143,0.0,-245.0,-51.0,-190.0,269.0,-81.0,-10.0,-947.0,-128.0,2
18144,-5.0,-245.0,-51.0,-192.0,247.0,-94.0,-32.0,-950.0,-136.0,2
18145,-7.0,-247.0,-52.0,-191.0,223.0,-103.0,-52.0,-954.0,-138.0,2
18146,-8.0,-249.0,-56.0,-191.0,199.0,-110.0,-71.0,-954.0,-143.0,2
18147,-17.0,-249.0,-54.0,-196.0,176.0,-112.0,-91.0,-960.0,-147.0,2
18148,-22.0,-250.0,-56.0,-203.0,158.0,-112.0,-108.0,-970.0,-148.0,2
18149,-26.0,-252.0,-55.0,-212.0,144.0,-107.0,-131.0,-970.0,-150.0,2
18150,-31.0,-257.0,-58.0,-216.0,130.0,-101.0,-147.0,-974.0,-153.0,2
18151,-33.0,-259.0,-57.0,-215.0,114.0,-87.0,-165.0,-986.0,-162.0,2
18152,-34.0,-258.0,-56.0,-210.0,101.0,-70.0,-175.0,-999.0,-163.0,2
18153,-32.0,-259.0,-58.0,-202.0,99.0,-44.0,-166.0,-1004.0,-164.0,2
18154,-26.0,-259.0,-56.0,-189.0,111.0,-20.0,-136.0,-1007.0,-146.0,2
18155,-12.0,-258.0,-48.0,-174.0,129.0,3.0,-101.0,-1001.0,-125.0,2
18156,-3.0,-256.0,-43.0,-157.0,150.0,17.0,-52.0,-992.0,-105.0,2
18157,4.0,-253.0,-46.0,-146.0,166.0,22.0,-20.0,-972.0,-101.0,2
18158,7.0,-249.0,-45.0,-140.0,176.0,24.0,-5.0,-963.0,-101.0,2
18159,11.0,-245.0,-45.0,-144.0,183.0,28.0,4.0,-948.0,-101.0,2
18160,12.0,-245.0,-45.0,-144.0,186.0,29.0,17.0,-948.0,-104.0,2
18161,13.0,-247.0,-43.0,-148.0,191.0,33.0,21.0,-952.0,-116.0,2
18162,15.0,-249.0,-49.0,-155.0,201.0,39.0,22.0,-961.0,-121.0,2
18163,12.0,-252.0,-45.0,-157.0,223.0,28.0,20.0,-964.0,-106.0,2
18164,11.0,-257.0,-43.0,-150.0,247.0,24.0,11.0,-977.0,-99.0,2
18165,5.0,-256.0,-42.0,-136.0,264.0,21.0,-2.0,-1001.0,-82.0,2
18166,2.0,-259.0,-36.0,-115.0,284.0,12.0,-12.0,-1012.0,-82.0,2
18167,2.0,-262.0,-38.0,-97.0,300.0,4.0,-23.0,-1021.0,-73.0,2
18168,-1.0,-264.0,-41.0,-78.0,319.0,-2.0,-35.0,-1029.0,-66.0,2
18169,-1.0,-264.0,-38.0,-63.0,336.0,-4.0,-30.0,-1028.0,-65.0,2
18170,3.0,-266.0,-36.0,-45.0,355.0,-9.0,-28.0,-1042.0,-56.0,2
18171,2.0,-266.0,-33.0,-27.0,374.0,-8.0,-22.0,-1032.0,-49.0,2
18172,5.0,-265.0,-29.0,-9.0,397.0,-10.0,-11.0,-1029.0,-40.0,2
18173,6.0,-261.0,-26.0,15.0,427.0,-4.0,-1.0,-1024.0,-36.0,2
18174,12.0,-260.0,-28.0,27.0,450.0,-4.0,11.0,-1011.0,-37.0,2
18175,15.0,-258.0,-28.0,32.0,476.0,-6.0,20.0,-996.0,-33.0,2
18176,15.0,-257.0,-25.0,33.0,491.0,-10.0,23.0,-981.0,-30.0,2
18177,15.0,-255.0,-24.0,37.0,502.0,-8.0,26.0,-972.0,-12.0,2
18178,16.0,-252.0,-20.0,41.0,513.0,-6.0,22.0,-967.0,-12.0,2
18179,10.0,-253.0,-25.0,43.0,525.0,2.0,14.0,-978.0,-11.0,2
18180,7.0,-252.0,-20.0,44.0,538.0,7.0,1.0,-976.0,-7.0,2
18181,2.0,-257.0,-20.0,48.0,546.0,22.0,-16.0,-992.0,-7.0,2
18182,1.0,-257.0,-16.0,47.0,554.0,28.0,-25.0,-997.0,-8.0,2
18183,-4.0,-257.0,-17.0,47.0,561.0,41.0,-43.0,-1004.0,-4.0,2
18184,-8.0,-258.0,-18.0,45.0,575.0,56.0,-54.0,-1004.0,5.0,2
18185,-11.0,-258.0,-12.0,45.0,594.0,74.0,-69.0,-999.0,19.0,2
18186,-12.0,-255.0,-11.0,57.0,608.0,85.0,-91.0,-989.0,30.0,2
18187,-17.0,-254.0,-11.0,70.0,614.0,90.0,-99.0,-971.0,30.0,2
18188,-18.0,-250.0,-12.0,76.0,616.0,89.0,-103.0,-964.0,27.0,2
18189,-17.0,-248.0,-11.0,72.0,612.0,87.0,-106.0,-961.0,33.0,2
18190,-15.0,-248.0,-13.0,67.0,603.0,79.0,-102.0,-960.0,34.0,2
18191,-18.0,-250.0,-12.0,51.0,595.0,68.0,-102.0,-952.0,37.0,2
18192,-13.0,-248.0,-7.0,33.0,588.0,56.0,-95.0,-956.0,39.0,2
18193,-14.0,-254.0,-1.0,14.0,589.0,41.0,-96.0,-966.0,61.0,2
18194,-15.0,-256.0,1.0,-2.0,590.0,18.0,-85.0,-975.0,72.0,2
18195,-4.0,-256.0,10.0,-4.0,585.0,-10.0,-92.0,-989.0,77.0,2
18196,-17.0,-259.0,-15.0,6.0,567.0,-32.0,-99.0,-1009.0,8.0,2
18197,-20.0,-260.0,-34.0,-15.0,552.0,-44.0,-119.0,-1020.0,-59.0,2
18198,-22.0,-265.0,-53.0,-71.0,539.0,-56.0,-124.0,-1037.0,-128.0,2
18199,-30.0,-271.0,-59.0,-137.0,522.0,-63.0,-153.0,-1064.0,-168.0,2
18200,-37.0,-285.0,-68.0,-193.0,508.0,-65.0,-181.0,-1103.0,-195.0,2
18201,-47.0,-295.0,-63.0,-227.0,496.0,-57.0,-217.0,-1149.0,-191.0,2
18202,-53.0,-308.0,-56.0,-225.0,482.0,-40.0,-236.0,-1179.0,-158.0,2
18203,-57.0,-317.0,-52.0,-178.0,452.0,-14.0,-249.0,-1203.0,-131.0,2
18204,-62.0,-314.0,-51.0,-115.0,414.0,7.0,-262.0,-1206.0,-116.0,2
18205,-55.0,-313.0,-48.0,-55.0,362.0,32.0,-242.0,-1208.0,-120.0,2
18206,-52.0,-308.0,-58.0,-20.0,296.0,53.0,-232.0,-1189.0,-154.0,2
18207,-46.0,-304.0,-62.0,-14.0,217.0,73.0,-218.0,-1173.0,-199.0,2
18208,-41.0,-298.0,-72.0,-33.0,157.0,90.0,-196.0,-1153.0,-218.0,2
18209,-38.0,-294.0,-77.0,-43.0,101.0,113.0,-182.0,-1139.0,-235.0,2
18210,-36.0,-294.0,-77.0,-47.0,55.0,129.0,-165.0,-1149.0,-251.0,2
18211,-36.0,-299.0,-68.0,-44.0,18.0,150.0,-172.0,-1154.0,-217.0,2
18212,-44.0,-303.0,-62.0,-19.0,-32.0,166.0,-203.0,-1159.0,-190.0,2
18213,-55.0,-308.0,-60.0,25.0,-97.0,188.0,-232.0,-1178.0,-186.0,2
18214,-53.0,-307.0,-63.0,69.0,-170.0,211.0,-225.0,-1185.0,-180.0,2
18215,-49.0,-307.0,-64.0,106.0,-246.0,229.0,-211.0,-1185.0,-174.0,2
18216,-42.0,-306.0,-60.0,143.0,-315.0,237.0,-186.0,-1173.0,-171.0,2
18217,-29.0,-300.0,-60.0,174.0,-369.0,252.0,-145.0,-1155.0,-175.0,2
18218,-13.0,-297.0,-65.0,202.0,-414.0,265.0,-110.0,-1143.0,-189.0,2
18219,-4.0,-288.0,-67.0,218.0,-416.0,243.0,-59.0,-1118.0,-194.0,2
18220,0.0,-273.0,-75.0,222.0,-400.0,193.0,-31.0,-1079.0,-220.0,2
18221,6.0,-260.0,-83.0,206.0,-390.0,152.0,-15.0,-1035.0,-250.0,2
18222,4.0,-248.0,-98.0,173.0,-386.0,110.0,-13.0,-974.0,-288.0,2
18223,0.0,-240.0,-104.0,123.0,-378.0,74.0,-28.0,-929.0,-355.0,2
18224,0.0,-231.0,-116.0,60.0,-354.0,45.0,-34.0,-906.0,-386.0,2
18225,2.0,-229.0,-112.0,3.0,-312.0,32.0,-29.0,-897.0,-394.0,2
18226,5.0,-235.0,-112.0,-36.0,-255.0,28.0,-21.0,-904.0,-379.0,2
18227,5.0,-238.0,-113.0,-56.0,-201.0,31.0,-13.0,-916.0,-358.0,2
18228,11.0,-245.0,-105.0,-63.0,-150.0,32.0,3.0,-939.0,-341.0,2
18229,15.0,-251.0,-100.0,-61.0,-123.0,34.0,13.0,-957.0,-321.0,2
18230,18.0,-256.0,-100.0,-48.0,-110.0,30.0,41.0,-975.0,-323.0,2
18231,22.0,-256.0,-104.0,-29.0,-102.0,27.0,60.0,-989.0,-328.0,2
18232,28.0,-256.0,-109.0,-1.0,-93.0,27.0,76.0,-997.0,-363.0,2
18233,33.0,-254.0,-120.0,20.0,-81.0,30.0,97.0,-977.0,-408.0,2
18234,36.0,-250.0,-123.0,34.0,-74.0,30.0,107.0,-962.0,-429.0,2
18235,36.0,-240.0,-124.0,50.0,-64.0,37.0,113.0,-932.0,-432.0,2
18236,37.0,-230.0,-124.0,70.0,-56.0,47.0,119.0,-914.0,-436.0,2
18237,42.0,-225.0,-124.0,74.0,-49.0,62.0,134.0,-884.0,-428.0,2
18238,50.0,-216.0,-121.0,56.0,-46.0,72.0,154.0,-851.0,-409.0,2
18239,50.0,-209.0,-117.0,28.0,-46.0,87.0,171.0,-826.0,-400.0,2
18240,52.0,-202.0,-112.0,-17.0,-44.0,94.0,175.0,-810.0,-393.0,2
18241,50.0,-200.0,-115.0,-57.0,-30.0,103.0,176.0,-797.0,-390.0,2
18242,51.0,-197.0,-109.0,-90.0,-7.0,107.0,169.0,-793.0,-371.0,2
18243,48.0,-198.0,-109.0,-107.0,22.0,109.0,159.0,-788.0,-368.0,2
18244,41.0,-200.0,-107.0,-101.0,41.0,102.0,138.0,-796.0,-350.0,2
18245,38.0,-205.0,-115.0,-78.0,40.0,93.0,124.0,-812.0,-364.0,2
18246,38.0,-212.0,-123.0,-70.0,46.0,73.0,118.0,-837.0,-408.0,2
18247,36.0,-217.0,-119.0,-93.0,76.0,58.0,112.0,-855.0,-402.0,2
18248,30.0,-228.0,-110.0,-119.0,104.0,34.0,95.0,-883.0,-379.0,2
18249,22.0,-238.0,-101.0,-140.0,117.0,0.0,73.0,-921.0,-345.0,2
18250,17.0,-245.0,-99.0,-169.0,116.0,-34.0,54.0,-953.0,-321.0,2
18251,17.0,-253.0,-93.0,-182.0,122.0,-66.0,31.0,-974.0,-290.0,2
18252,7.0,-255.0,-79.0,-183.0,135.0,-97.0,-1.0,-980.0,-257.0,2
18253,-3.0,-260.0,-81.0,-166.0,144.0,-117.0,-32.0,-1005.0,-256.0,2
18254,-8.0,-262.0,-79.0,-150.0,136.0,-140.0,-58.0,-1018.0,-258.0,2
18255,-12.0,-263.0,-81.0,-136.0,112.0,-156.0,-73.0,-1021.0,-255.0,2
18256,-14.0,-262.0,-81.0,-122.0,78.0,-175.0,-86.0,-1028.0,-249.0,2
18257,-18.0,-262.0,-76.0,-109.0,41.0,-186.0,-102.0,-1031.0,-245.0,2
18258,-16.0,-269.0,-74.0,-100.0,4.0,-199.0,-111.0,-1034.0,-222.0,2
18259,-16.0,-268.0,-73.0,-80.0,-28.0,-208.0,-93.0,-1044.0,-224.0,2
18260,-13.0,-266.0,-70.0,-63.0,-54.0,-228.0,-97.0,-1040.0,-216.0,2
18261,-14.0,-267.0,-63.0,-37.0,-84.0,-235.0,-79.0,-1033.0,-196.0,2
18262,-12.0,-263.0,-69.0,-2.0,-120.0,-249.0,-73.0,-1021.0,-195.0,2
18263,-11.0,-259.0,-69.0,28.0,-159.0,-251.0,-64.0,-1010.0,-201.0,2
18264,-6.0,-254.0,-71.0,59.0,-192.0,-256.0,-45.0,-974.0,-208.0,2
18265,-1.0,-248.0,-73.0,82.0,-224.0,-255.0,-22.0,-953.0,-220.0,2
18266,1.0,-239.0,-74.0,86.0,-257.0,-262.0,-6.0,-929.0,-237.0,2
18267,6.0,-236.0,-78.0,74.0,-278.0,-261.0,1.0,-913.0,-250.0,2
18268,13.0,-232.0,-82.0,49.0,-286.0,-268.0,15.0,-905.0,-249.0,2
18269,16.0,-228.0,-79.0,17.0,-286.0,-275.0,31.0,-899.0,-247.0,2
18270,15.0,-229.0,-76.0,-11.0,-282.0,-286.0,28.0,-884.0,-230.0,2
18271,15.0,-224.0,-69.0,-25.0,-279.0,-293.0,35.0,-874.0,-213.0,2
18272,20.0,-224.0,-66.0,-26.0,-281.0,-308.0,37.0,-865.0,-208.0,2
18273,17.0,-223.0,-63.0,-21.0,-284.0,-313.0,38.0,-865.0,-200.0,2
18274,19.0,-222.0,-65.0,-19.0,-290.0,-321.0,50.0,-869.0,-192.0,2
18275,20.0,-224.0,-62.0,-18.0,-293.0,-319.0,59.0,-867.0,-187.0,2
18276,32.0,-223.0,-65.0,-15.0,-293.0,-322.0,76.0,-874.0,-187.0,2
18277,33.0,-225.0,-63.0,-12.0,-288.0,-319.0,97.0,-865.0,-189.0,2
18278,34.0,-226.0,-60.0,-4.0,-280.0,-319.0,96.0,-876.0,-182.0,2
18279,31.0,-227.0,-68.0,6.0,-266.0,-315.0,89.0,-884.0,-198.0,2
18280,33.0,-229.0,-70.0,12.0,-250.0,-320.0,99.0,-889.0,-216.0,2
18281,32.0,-230.0,-76.0,6.0,-231.0,-325.0,94.0,-898.0,-220.0,2
18282,28.0,-228.0,-73.0,-13.0,-205.0,-333.0,82.0,-897.0,-213.0,2
18283,28.0,-229.0,-65.0,-31.0,-187.0,-330.0,73.0,-895.0,-208.0,2
18284,26.0,-229.0,-67.0,-41.0,-175.0,-328.0,72.0,-890.0,-203.0,2
18285,25.0,-229.0,-66.0,-49.0,-172.0,-322.0,71.0,-891.0,-200.0,2
18286,26.0,-226.0,-67.0,-62.0,-169.0,-319.0,70.0,-892.0,-192.0,2
18287,26.0,-226.0,-62.0,-71.0,-165.0,-308.0,69.0,-885.0,-186.0,2
18288,20.0,-225.0,-61.0,-79.0,-156.0,-301.0,53.0,-883.0,-178.0,2
18289,20.0,-230.0,-64.0,-87.0,-150.0,-286.0,48.0,-896.0,-188.0,2
18290,18.0,-229.0,-62.0,-102.0,-148.0,-281.0,39.0,-889.0,-170.0,2
18291,18.0,-229.0,-63.0,-109.0,-148.0,-268.0,37.0,-885.0,-175.0,2
18292,19.0,-227.0,-65.0,-107.0,-147.0,-255.0,38.0,-882.0,-180.0,2
18293,18.0,-224.0,-63.0,-99.0,-138.0,-236.0,38.0,-881.0,-180.0,2
18294,20.0,-222.0,-62.0,-94.0,-134.0,-226.0,50.0,-866.0,-176.0,2
18295,19.0,-223.0,-60.0,-95.0,-136.0,-217.0,58.0,-866.0,-162.0,2
18296,22.0,-219.0,-56.0,-99.0,-150.0,-216.0,59.0,-853.0,-150.0,2
18297,24.0,-221.0,-52.0,-106.0,-161.0,-208.0,66.0,-855.0,-137.0,2
18298,24.0,-219.0,-52.0,-118.0,-159.0,-202.0,69.0,-849.0,-136.0,2
18299,27.0,-217.0,-55.0,-132.0,-149.0,-190.0,78.0,-855.0,-134.0,2
18300,29.0,-218.0,-51.0,-147.0,-136.0,-182.0,91.0,-856.0,-128.0,2
18301,30.0,-219.0,-52.0,-160.0,-126.0,-167.0,86.0,-858.0,-139.0,2
18302,32.0,-224.0,-56.0,-172.0,-114.0,-155.0,95.0,-868.0,-163.0,2
18303,35.0,-228.0,-60.0,-189.0,-102.0,-137.0,97.0,-887.0,-177.0,2
18304,29.0,-230.0,-60.0,-210.0,-90.0,-127.0,94.0,-901.0,-179.0,2
18305,27.0,-238.0,-59.0,-219.0,-90.0,-112.0,81.0,-914.0,-170.0,2
18306,27.0,-238.0,-58.0,-223.0,-95.0,-104.0,78.0,-927.0,-169.0,2
18307,21.0,-244.0,-57.0,-222.0,-102.0,-91.0,66.0,-946.0,-160.0,2
18308,23.0,-246.0,-52.0,-218.0,-107.0,-84.0,58.0,-952.0,-149.0,2
18309,22.0,-248.0,-54.0,-211.0,-110.0,-70.0,55.0,-955.0,-145.0,2
18310,18.0,-247.0,-54.0,-203.0,-109.0,-62.0,45.0,-950.0,-137.0,2
18311,15.0,-249.0,-54.0,-193.0,-111.0,-50.0,36.0,-953.0,-138.0,2
18312,13.0,-248.0,-55.0,-185.0,-112.0,-41.0,16.0,-949.0,-132.0,2
18313,10.0,-246.0,-51.0,-178.0,-114.0,-28.0,6.0,-952.0,-135.0,2
18314,5.0,-247.0,-55.0,-172.0,-123.0,-17.0,-5.0,-950.0,-134.0,2
18315,6.0,-247.0,-54.0,-168.0,-133.0,-4.0,-7.0,-952.0,-136.0,2
18316,8.0,-248.0,-52.0,-164.0,-144.0,4.0,-6.0,-945.0,-135.0,2
18317,6.0,-248.0,-49.0,-158.0,-152.0,11.0,-1.0,-947.0,-130.0,2
18318,9.0,-245.0,-46.0,-153.0,-151.0,9.0,9.0,-950.0,-121.0,2
18319,14.0,-249.0,-45.0,-154.0,-149.0,12.0,18.0,-948.0,-103.0,2
18320,13.0,-246.0,-41.0,-151.0,-139.0,7.0,25.0,-951.0,-96.0,2
18321,18.0,-247.0,-43.0,-149.0,-123.0,5.0,41.0,-956.0,-89.0,2
18322,24.0,-252.0,-41.0,-150.0,-106.0,-3.0,57.0,-968.0,-93.0,2
18323,25.0,-254.0,-42.0,-154.0,-92.0,-7.0,66.0,-983.0,-87.0,2
18324,29.0,-260.0,-42.0,-157.0,-83.0,-17.0,81.0,-1002.0,-84.0,2
18325,32.0,-263.0,-44.0,-153.0,-81.0,-22.0,94.0,-1018.0,-90.0,2
18326,38.0,-265.0,-46.0,-146.0,-87.0,-33.0,106.0,-1027.0,-95.0,2
18327,37.0,-266.0,-43.0,-133.0,-94.0,-37.0,118.0,-1028.0,-100.0,2
18328,38.0,-267.0,-46.0,-113.0,-99.0,-46.0,114.0,-1031.0,-103.0,2
18329,37.0,-263.0,-46.0,-88.0,-102.0,-53.0,109.0,-1025.0,-116.0,2
18330,35.0,-261.0,-47.0,-63.0,-105.0,-61.0,103.0,-1016.0,-116.0,2
18331,30.0,-258.0,-49.0,-38.0,-107.0,-59.0,99.0,-1006.0,-119.0,2
18332,32.0,-258.0,-51.0,-23.0,-110.0,-59.0,96.0,-992.0,-114.0,2
18333,33.0,-252.0,-51.0,-18.0,-108.0,-54.0,95.0,-977.0,-124.0,2
18334,32.0,-251.0,-52.0,-21.0,-100.0,-47.0,96.0,-970.0,-129.0,2
18335,29.0,-252.0,-51.0,-26.0,-86.0,-39.0,76.0,-971.0,-124.0,2
18336,20.0,-251.0,-52.0,-29.0,-77.0,-35.0,59.0,-968.0,-117.0,2
18337,21.0,-248.0,-50.0,-26.0,-79.0,-29.0,43.0,-966.0,-116.0,2
18338,12.0,-248.0,-49.0,-27.0,-87.0,-30.0,27.0,-961.0,-123.0,2
18339,10.0,-244.0,-52.0,-31.0,-99.0,-25.0,16.0,-946.0,-126.0,2
18340,12.0,-244.0,-51.0,-35.0,-113.0,-26.0,19.0,-949.0,-121.0,2
18341,12.0,-244.0,-52.0,-39.0,-121.0,-25.0,20.0,-938.0,-130.0,2
18342,14.0,-237.0,-49.0,-46.0,-133.0,-24.0,24.0,-934.0,-137.0,2
18343,15.0,-239.0,-52.0,-52.0,-147.0,-20.0,32.0,-922.0,-138.0,2
18344,17.0,-237.0,-56.0,-56.0,-156.0,-20.0,42.0,-910.0,-142.0,2
18345,22.0,-235.0,-54.0,-58.0,-160.0,-6.0,46.0,-917.0,-145.0,2
18346,17.0,-238.0,-55.0,-63.0,-157.0,6.0,57.0,-921.0,-146.0,2
18347,20.0,-237.0,-50.0,-76.0,-154.0,14.0,63.0,-924.0,-133.0,2
18348,24.0,-244.0,-48.0,-84.0,-154.0,14.0,66.0,-935.0,-120.0,2
18349,25.0,-248.0,-43.0,-89.0,-158.0,23.0,70.0,-958.0,-107.0,2
18350,23.0,-253.0,-42.0,-99.0,-163.0,23.0,62.0,-976.0,-95.0,2
18351,22.0,-258.0,-35.0,-103.0,-169.0,24.0,59.0,-998.0,-67.0,2
18352,23.0,-261.0,-34.0,-94.0,-182.0,18.0,56.0,-1011.0,-48.0,2
18353,20.0,-264.0,-24.0,-75.0,-198.0,18.0,50.0,-1028.0,-33.0,2
18354,19.0,-269.0,-27.0,-55.0,-218.0,17.0,41.0,-1039.0,-33.0,2
18355,19.0,-271.0,-21.0,-36.0,-241.0,16.0,45.0,-1049.0,-33.0,2
18356,18.0,-272.0,-28.0,-22.0,-262.0,8.0,43.0,-1060.0,-24.0,2
18357,18.0,-274.0,-26.0,-10.0,-281.0,0.0,42.0,-1061.0,-19.0,2
18358,14.0,-275.0,-20.0,3.0,-291.0,-10.0,38.0,-1067.0,-13.0,2
18359,14.0,-276.0,-20.0,12.0,-308.0,-14.0,34.0,-1080.0,-4.0,2
18360,12.0,-276.0,-17.0,19.0,-328.0,-20.0,29.0,-1081.0,10.0,2
18361,18.0,-278.0,-13.0,30.0,-345.0,-22.0,39.0,-1087.0,17.0,2
18362,20.0,-281.0,-16.0,40.0,-359.0,-33.0,55.0,-1088.0,16.0,2
18363,22.0,-279.0,-14.0,35.0,-376.0,-40.0,60.0,-1083.0,12.0,2
18364,35.0,-275.0,-19.0,30.0,-392.0,-50.0,95.0,-1075.0,14.0,2
18365,43.0,-269.0,-22.0,40.0,-395.0,-59.0,127.0,-1049.0,4.0,2
18366,51.0,-259.0,-35.0,55.0,-391.0,-69.0,159.0,-1025.0,-40.0,2
18367,54.0,-257.0,-46.0,53.0,-389.0,-84.0,183.0,-1011.0,-104.0,2
18368,57.0,-258.0,-57.0,21.0,-386.0,-98.0,194.0,-1007.0,-153.0,2
18369,60.0,-262.0,-68.0,-24.0,-381.0,-101.0,198.0,-1023.0,-194.0,2
18370,60.0,-269.0,-60.0,-56.0,-363.0,-109.0,207.0,-1055.0,-175.0,2
18371,65.0,-279.0,-53.0,-60.0,-337.0,-109.0,209.0,-1081.0,-142.0,2
18372,63.0,-290.0,-48.0,-44.0,-301.0,-106.0,218.0,-1115.0,-104.0,2
18373,68.0,-295.0,-41.0,-17.0,-258.0,-100.0,223.0,-1148.0,-85.0,2
18374,72.0,-300.0,-45.0,7.0,-214.0,-97.0,243.0,-1167.0,-85.0,2
18375,72.0,-302.0,-46.0,23.0,-177.0,-89.0,252.0,-1178.0,-91.0,2
18376,75.0,-299.0,-50.0,36.0,-142.0,-85.0,253.0,-1178.0,-128.0,2
18377,69.0,-296.0,-61.0,46.0,-112.0,-83.0,243.0,-1160.0,-170.0,2
18378,70.0,-294.0,-75.0,51.0,-64.0,-91.0,221.0,-1150.0,-224.0,2
18379,60.0,-292.0,-88.0,48.0,-20.0,-88.0,195.0,-1136.0,-260.0,2
18380,53.0,-290.0,-86.0,46.0,30.0,-90.0,171.0,-1130.0,-270.0,2
18381,50.0,-288.0,-85.0,48.0,73.0,-84.0,160.0,-1128.0,-270.0,2
18382,52.0,-291.0,-86.0,55.0,104.0,-82.0,164.0,-1126.0,-269.0,2
18383,58.0,-289.0,-82.0,68.0,135.0,-78.0,208.0,-1132.0,-261.0,2
18384,72.0,-292.0,-81.0,90.0,182.0,-90.0,236.0,-1133.0,-255.0,2
18385,75.0,-289.0,-80.0,106.0,241.0,-105.0,252.0,-1130.0,-248.0,2
18386,74.0,-290.0,-75.0,117.0,302.0,-122.0,254.0,-1137.0,-239.0,2
18387,73.0,-293.0,-76.0,124.0,356.0,-134.0,240.0,-1142.0,-242.0,2
18388,63.0,-293.0,-77.0,124.0,399.0,-149.0,209.0,-1140.0,-240.0,2
18389,51.0,-292.0,-83.0,128.0,435.0,-160.0,170.0,-1137.0,-254.0,2
18390,37.0,-287.0,-88.0,133.0,453.0,-162.0,128.0,-1126.0,-275.0,2
18391,29.0,-284.0,-93.0,139.0,457.0,-154.0,80.0,-1110.0,-292.0,2
18392,14.0,-275.0,-101.0,145.0,446.0,-142.0,29.0,-1092.0,-330.0,2
18393,2.0,-269.0,-104.0,144.0,427.0,-112.0,-2.0,-1057.0,-344.0,2
18394,-4.0,-261.0,-104.0,140.0,402.0,-75.0,-31.0,-1023.0,-355.0,2
18395,-4.0,-251.0,-103.0,141.0,376.0,-41.0,-33.0,-984.0,-369.0,2
18396,-5.0,-241.0,-107.0,148.0,350.0,-23.0,-44.0,-941.0,-374.0,2
18397,-9.0,-234.0,-119.0,146.0,325.0,-13.0,-60.0,-915.0,-408.0,2
18398,-17.0,-227.0,-124.0,132.0,297.0,-10.0,-82.0,-886.0,-432.0,2
18399,-23.0,-224.0,-127.0,109.0,262.0,-4.0,-106.0,-871.0,-452.0,2
18400,-27.0,-219.0,-132.0,81.0,211.0,-1.0,-119.0,-862.0,-475.0,2
18401,-30.0,-218.0,-133.0,61.0,169.0,4.0,-145.0,-854.0,-483.0,2
18402,-35.0,-220.0,-132.0,46.0,129.0,3.0,-162.0,-855.0,-478.0,2
18403,-35.0,-221.0,-128.0,39.0,94.0,0.0,-151.0,-866.0,-450.0,2
18404,-32.0,-224.0,-124.0,43.0,58.0,-9.0,-156.0,-865.0,-439.0,2
18405,-31.0,-225.0,-124.0,51.0,22.0,-11.0,-144.0,-876.0,-422.0,2
18406,-28.0,-223.0,-124.0,52.0,-8.0,-21.0,-150.0,-873.0,-427.0,2
18407,-33.0,-221.0,-119.0,41.0,-26.0,-21.0,-159.0,-853.0,-411.0,2
18408,-32.0,-216.0,-118.0,29.0,-31.0,-15.0,-158.0,-855.0,-408.0,2
18409,-28.0,-216.0,-119.0,14.0,-25.0,-8.0,-138.0,-840.0,-404.0,2
18410,-27.0,-211.0,-118.0,-4.0,-17.0,0.0,-127.0,-835.0,-405.0,2
18411,-22.0,-211.0,-116.0,-29.0,-4.0,16.0,-122.0,-829.0,-401.0,2
18412,-18.0,-210.0,-112.0,-41.0,3.0,33.0,-109.0,-826.0,-381.0,2
18413,-12.0,-206.0,-114.0,-42.0,7.0,51.0,-77.0,-817.0,-386.0,2
18414,-1.0,-208.0,-111.0,-43.0,20.0,63.0,-33.0,-815.0,-376.0,2
18415,5.0,-205.0,-111.0,-46.0,44.0,68.0,-14.0,-811.0,-371.0,2
18416,5.0,-208.0,-103.0,-53.0,64.0,67.0,-7.0,-820.0,-351.0,2
18417,2.0,-211.0,-102.0,-61.0,70.0,68.0,0.0,-828.0,-336.0,2
18418,3.0,-213.0,-98.0,-63.0,70.0,66.0,-7.0,-836.0,-324.0,2
18419,4.0,-217.0,-95.0,-62.0,62.0,64.0,-14.0,-851.0,-312.0,2
18420,1.0,-221.0,-91.0,-63.0,60.0,63.0,-17.0,-870.0,-304.0,2
18421,1.0,-234.0,-92.0,-58.0,67.0,72.0,-26.0,-889.0,-288.0,2
18422,-4.0,-240.0,-87.0,-43.0,79.0,84.0,-46.0,-911.0,-277.0,2
18423,-9.0,-238.0,-86.0,-25.0,88.0,106.0,-59.0,-928.0,-267.0,2
18424,-7.0,-247.0,-88.0,-6.0,92.0,131.0,-44.0,-953.0,-279.0,2
18425,0.0,-251.0,-91.0,0.0,101.0,156.0,-27.0,-983.0,-293.0,2
18426,6.0,-256.0,-94.0,-8.0,112.0,180.0,-4.0,-1001.0,-312.0,2
18427,15.0,-260.0,-101.0,-28.0,135.0,204.0,21.0,-1023.0,-318.0,2
18428,18.0,-265.0,-98.0,-45.0,172.0,222.0,29.0,-1037.0,-319.0,2
18429,17.0,-270.0,-97.0,-66.0,209.0,238.0,40.0,-1053.0,-311.0,2
18430,20.0,-271.0,-90.0,-75.0,236.0,251.0,47.0,-1056.0,-292.0,2
18431,16.0,-271.0,-83.0,-64.0,251.0,260.0,43.0,-1057.0,-268.0,2
18432,20.0,-272.0,-77.0,-38.0,263.0,266.0,45.0,-1053.0,-251.0,2
18433,19.0,-266.0,-74.0,-7.0,274.0,277.0,52.0,-1039.0,-228.0,2
18434,19.0,-261.0,-71.0,20.0,285.0,285.0,45.0,-1017.0,-202.0,2
18435,21.0,-252.0,-64.0,48.0,293.0,288.0,58.0,-977.0,-186.0,2
18436,22.0,-246.0,-63.0,70.0,304.0,284.0,56.0,-951.0,-179.0,2
18437,23.0,-243.0,-65.0,83.0,315.0,280.0,58.0,-930.0,-186.0,2
18438,21.0,-234.0,-65.0,92.0,328.0,271.0,48.0,-908.0,-207.0,2
18439,19.0,-231.0,-72.0,96.0,352.0,259.0,33.0,-889.0,-208.0,2
18440,10.0,-226.0,-71.0,101.0,378.0,249.0,11.0,-875.0,-216.0,2
18441,9.0,-220.0,-70.0,103.0,400.0,248.0,-2.0,-854.0,-210.0,2
18442,0.0,-219.0,-72.0,110.0,414.0,248.0,-25.0,-852.0,-222.0,2
18443,-7.0,-214.0,-73.0,110.0,423.0,250.0,-61.0,-841.0,-218.0,2
18444,-12.0,-216.0,-71.0,98.0,426.0,256.0,-69.0,-848.0,-226.0,2
18445,-15.0,-218.0,-72.0,73.0,418.0,264.0,-88.0,-851.0,-211.0,2
18446,-18.0,-221.0,-62.0,47.0,407.0,274.0,-94.0,-856.0,-191.0,2
18447,-16.0,-221.0,-59.0,36.0,398.0,282.0,-100.0,-862.0,-184.0,2
18448,-17.0,-226.0,-58.0,27.0,389.0,280.0,-94.0,-882.0,-179.0,2
18449,-21.0,-231.0,-59.0,16.0,373.0,282.0,-107.0,-899.0,-167.0,2
18450,-23.0,-235.0,-60.0,9.0,355.0,290.0,-111.0,-912.0,-177.0,2
18451,-20.0,-239.0,-59.0,1.0,337.0,295.0,-104.0,-921.0,-171.0,2
18452,-12.0,-240.0,-67.0,6.0,322.0,294.0,-93.0,-927.0,-174.0,2
18453,-12.0,-241.0,-58.0,15.0,307.0,285.0,-82.0,-932.0,-171.0,2
18454,-12.0,-242.0,-65.0,23.0,295.0,279.0,-78.0,-930.0,-183.0,2
18455,-11.0,-241.0,-61.0,22.0,286.0,276.0,-74.0,-924.0,-170.0,2
18456,-7.0,-238.0,-58.0,22.0,275.0,276.0,-56.0,-919.0,-167.0,2
18457,-3.0,-236.0,-60.0,21.0,266.0,271.0,-41.0,-910.0,-166.0,2
18458,0.0,-234.0,-59.0,21.0,264.0,264.0,-30.0,-903.0,-165.0,2
18459,0.0,-230.0,-58.0,21.0,266.0,253.0,-23.0,-894.0,-162.0,2
18460,-2.0,-228.0,-60.0,16.0,269.0,246.0,-16.0,-891.0,-184.0,2
18461,0.0,-223.0,-60.0,-4.0,272.0,236.0,-24.0,-877.0,-179.0,2
18462,1.0,-222.0,-65.0,-24.0,276.0,228.0,-17.0,-869.0,-176.0,2
18463,0.0,-222.0,-62.0,-41.0,284.0,221.0,-15.0,-870.0,-175.0,2
18464,-1.0,-225.0,-64.0,-56.0,298.0,208.0,-17.0,-864.0,-170.0,2
18465,-1.0,-221.0,-60.0,-66.0,305.0,195.0,-15.0,-866.0,-167.0,2
18466,7.0,-224.0,-57.0,-74.0,309.0,183.0,-13.0,-868.0,-163.0,2
18467,5.0,-225.0,-54.0,-85.0,320.0,169.0,-6.0,-867.0,-145.0,2
18468,1.0,-224.0,-54.0,-91.0,328.0,151.0,-18.0,-870.0,-138.0,2
18469,-1.0,-227.0,-56.0,-93.0,333.0,138.0,-27.0,-875.0,-141.0,2
18470,-3.0,-225.0,-48.0,-103.0,336.0,128.0,-32.0,-877.0,-131.0,2
18471,1.0,-228.0,-51.0,-108.0,337.0,118.0,-30.0,-880.0,-135.0,2
18472,-4.0,-228.0,-50.0,-118.0,340.0,107.0,-41.0,-880.0,-139.0,2
18473,-5.0,-229.0,-52.0,-131.0,346.0,98.0,-42.0,-893.0,-137.0,2
18474,-7.0,-236.0,-51.0,-144.0,354.0,90.0,-51.0,-897.0,-135.0,2
18475,-7.0,-233.0,-51.0,-150.0,359.0,81.0,-52.0,-903.0,-127.0,2
18476,-8.0,-238.0,-48.0,-150.0,363.0,70.0,-47.0,-914.0,-110.0,2
18477,-2.0,-244.0,-43.0,-134.0,364.0,61.0,-36.0,-931.0,-113.0,2
18478,-2.0,-246.0,-40.0,-118.0,364.0,48.0,-38.0,-939.0,-99.0,2
18479,-4.0,-248.0,-41.0,-101.0,359.0,37.0,-34.0,-947.0,-88.0,2
18480,-1.0,-246.0,-43.0,-81.0,356.0,30.0,-21.0,-960.0,-91.0,2
18481,5.0,-253.0,-40.0,-62.0,360.0,25.0,-14.0,-958.0,-79.0,2
18482,2.0,-253.0,-42.0,-37.0,366.0,18.0,-14.0,-967.0,-81.0,2
18483,4.0,-254.0,-39.0,-16.0,373.0,7.0,-20.0,-969.0,-85.0,2
18484,-2.0,-248.0,-43.0,3.0,381.0,2.0,-23.0,-963.0,-92.0,2
18485,4.0,-248.0,-41.0,17.0,380.0,-5.0,-16.0,-963.0,-89.0,2
18486,3.0,-246.0,-41.0,29.0,366.0,-12.0,-15.0,-958.0,-95.0,2
18487,1.0,-246.0,-43.0,30.0,355.0,-21.0,-16.0,-944.0,-98.0,2
18488,0.0,-241.0,-47.0,26.0,347.0,-32.0,-20.0,-935.0,-92.0,2
18489,-7.0,-242.0,-46.0,23.0,336.0,-42.0,-48.0,-923.0,-102.0,2
18490,-11.0,-236.0,-49.0,18.0,323.0,-48.0,-71.0,-918.0,-108.0,2
18491,-12.0,-234.0,-46.0,7.0,304.0,-56.0,-87.0,-911.0,-112.0,2
18492,-18.0,-236.0,-49.0,-4.0,284.0,-59.0,-108.0,-912.0,-124.0,2
18493,-22.0,-238.0,-52.0,-20.0,268.0,-64.0,-117.0,-907.0,-129.0,2
18494,-26.0,-234.0,-52.0,-40.0,256.0,-67.0,-126.0,-911.0,-130.0,2
18495,-26.0,-237.0,-52.0,-51.0,244.0,-68.0,-126.0,-913.0,-130.0,2
18496,-25.0,-239.0,-56.0,-60.0,235.0,-64.0,-123.0,-918.0,-137.0,2
18497,-21.0,-241.0,-52.0,-75.0,234.0,-60.0,-123.0,-926.0,-134.0,2
18498,-20.0,-247.0,-56.0,-85.0,239.0,-51.0,-107.0,-945.0,-134.0,2
18499,-12.0,-249.0,-50.0,-94.0,242.0,-43.0,-94.0,-963.0,-133.0,2
18500,-10.0,-256.0,-53.0,-99.0,252.0,-32.0,-62.0,-971.0,-133.0,2
18501,-2.0,-256.0,-47.0,-99.0,269.0,-24.0,-40.0,-996.0,-123.0,2
18502,2.0,-259.0,-50.0,-98.0,288.0,-17.0,-9.0,-1002.0,-105.0,2
18503,8.0,-258.0,-46.0,-87.0,299.0,-16.0,-1.0,-1002.0,-105.0,2
18504,9.0,-258.0,-49.0,-71.0,309.0,-16.0,6.0,-1008.0,-120.0,2
18505,11.0,-260.0,-48.0,-58.0,317.0,-19.0,4.0,-1011.0,-128.0,2
18506,8.0,-261.0,-52.0,-50.0,326.0,-19.0,-1.0,-1012.0,-138.0,2
18507,3.0,-259.0,-55.0,-40.0,341.0,-21.0,-4.0,-1016.0,-142.0,2
18508,2.0,-261.0,-56.0,-22.0,353.0,-16.0,-18.0,-1021.0,-138.0,2
18509,1.0,-264.0,-52.0,-1.0,366.0,-11.0,-27.0,-1023.0,-131.0,2
18510,-2.0,-265.0,-45.0,24.0,382.0,-9.0,-38.0,-1030.0,-115.0,2
18511,-4.0,-266.0,-40.0,51.0,400.0,-11.0,-52.0,-1031.0,-96.0,2
18512,-4.0,-267.0,-34.0,79.0,418.0,-6.0,-58.0,-1034.0,-74.0,2
18513,-5.0,-264.0,-32.0,100.0,444.0,-4.0,-54.0,-1036.0,-53.0,2
18514,-7.0,-265.0,-22.0,116.0,472.0,7.0,-50.0,-1037.0,-39.0,2
18515,0.0,-265.0,-24.0,130.0,501.0,17.0,-39.0,-1037.0,-20.0,2
18516,2.0,-267.0,-22.0,136.0,530.0,30.0,-16.0,-1046.0,-15.0,2
18517,7.0,-269.0,-20.0,137.0,560.0,37.0,-7.0,-1054.0,-3.0,2
18518,8.0,-274.0,-14.0,140.0,585.0,44.0,0.0,-1058.0,15.0,2
18519,7.0,-274.0,-14.0,153.0,604.0,45.0,-9.0,-1069.0,26.0,2
18520,11.0,-276.0,-8.0,165.0,615.0,50.0,3.0,-1075.0,47.0,2
18521,6.0,-279.0,-6.0,173.0,618.0,55.0,-1.0,-1080.0,50.0,2
18522,5.0,-277.0,-6.0,165.0,615.0,66.0,-5.0,-1082.0,62.0,2
18523,3.0,-278.0,-7.0,158.0,617.0,76.0,-19.0,-1086.0,51.0,2
18524,1.0,-279.0,-9.0,143.0,624.0,82.0,-35.0,-1081.0,38.0,2
18525,-9.0,-273.0,-12.0,120.0,630.0,84.0,-50.0,-1062.0,31.0,2
18526,-12.0,-266.0,-24.0,105.0,635.0,90.0,-75.0,-1050.0,6.0,2
18527,-16.0,-264.0,-28.0,88.0,635.0,92.0,-104.0,-1024.0,-30.0,2
18528,-25.0,-258.0,-42.0,67.0,624.0,98.0,-123.0,-1005.0,-101.0,2
18529,-28.0,-257.0,-53.0,19.0,618.0,108.0,-136.0,-999.0,-127.0,2
18530,-28.0,-256.0,-47.0,-21.0,622.0,122.0,-144.0,-1008.0,-111.0,2
18531,-37.0,-260.0,-36.0,-45.0,619.0,136.0,-162.0,-1008.0,-85.0,2
18532,-37.0,-263.0,-32.0,-54.0,608.0,153.0,-175.0,-1030.0,-59.0,2
18533,-44.0,-269.0,-26.0,-55.0,600.0,164.0,-180.0,-1051.0,-39.0,2
18534,-41.0,-280.0,-23.0,-48.0,580.0,170.0,-176.0,-1074.0,-19.0,2
18535,-39.0,-283.0,-23.0,-36.0,545.0,166.0,-182.0,-1090.0,-10.0,2
18536,-41.0,-288.0,-27.0,-14.0,500.0,163.0,-184.0,-1100.0,-34.0,2
18537,-37.0,-292.0,-41.0,9.0,447.0,152.0,-178.0,-1119.0,-79.0,2
18538,-34.0,-288.0,-52.0,21.0,399.0,140.0,-166.0,-1122.0,-129.0,2
18539,-31.0,-287.0,-63.0,19.0,349.0,125.0,-152.0,-1122.0,-168.0,2
18540,-31.0,-289.0,-69.0,7.0,308.0,113.0,-141.0,-1127.0,-207.0,2
18541,-37.0,-294.0,-80.0,-12.0,264.0,98.0,-162.0,-1132.0,-257.0,2
18542,-43.0,-292.0,-81.0,-38.0,217.0,89.0,-182.0,-1146.0,-269.0,2
18543,-44.0,-300.0,-87.0,-51.0,159.0,82.0,-215.0,-1162.0,-282.0,2
18544,-56.0,-304.0,-89.0,-46.0,92.0,83.0,-241.0,-1183.0,-283.0,2
18545,-62.0,-313.0,-88.0,-17.0,24.0,94.0,-259.0,-1206.0,-283.0,2
18546,-66.0,-320.0,-86.0,12.0,-41.0,116.0,-274.0,-1227.0,-274.0,2
18547,-67.0,-325.0,-79.0,35.0,-105.0,140.0,-276.0,-1242.0,-249.0,2
18548,-66.0,-328.0,-76.0,55.0,-174.0,171.0,-277.0,-1257.0,-236.0,2
18549,-55.0,-328.0,-74.0,80.0,-245.0,200.0,-250.0,-1262.0,-238.0,2
18550,-52.0,-325.0,-84.0,115.0,-317.0,234.0,-235.0,-1258.0,-252.0,2
18551,-43.0,-323.0,-82.0,179.0,-346.0,238.0,-197.0,-1234.0,-268.0,2
18552,-20.0,-303.0,-78.0,240.0,-351.0,222.0,-141.0,-1194.0,-283.0,2
18553,-12.0,-293.0,-98.0,297.0,-347.0,194.0,-96.0,-1141.0,-317.0,2
18554,-7.0,-274.0,-108.0,328.0,-337.0,160.0,-64.0,-1087.0,-366.0,2
18555,-2.0,-259.0,-114.0,321.0,-324.0,126.0,-37.0,-1012.0,-390.0,2
18556,8.0,-248.0,-121.0,282.0,-308.0,106.0,-7.0,-962.0,-410.0,2
18557,18.0,-236.0,-121.0,228.0,-288.0,89.0,33.0,-929.0,-424.0,2
18558,24.0,-229.0,-121.0,173.0,-261.0,80.0,58.0,-906.0,-425.0,2
18559,29.0,-225.0,-121.0,127.0,-229.0,66.0,86.0,-891.0,-415.0,2
18560,37.0,-223.0,-127.0,97.0,-195.0,61.0,102.0,-880.0,-430.0,2
18561,43.0,-221.0,-122.0,79.0,-151.0,57.0,138.0,-861.0,-438.0,2
18562,52.0,-218.0,-130.0,73.0,-106.0,51.0,170.0,-853.0,-445.0,2
18563,56.0,-213.0,-124.0,72.0,-61.0,41.0,188.0,-838.0,-435.0,2
18564,58.0,-210.0,-121.0,81.0,-30.0,35.0,206.0,-825.0,-421.0,2
18565,60.0,-200.0,-121.0,90.0,-18.0,21.0,206.0,-809.0,-409.0,2
18566,56.0,-198.0,-125.0,90.0,-18.0,15.0,209.0,-793.0,-417.0,2
18567,58.0,-193.0,-123.0,66.0,-22.0,8.0,203.0,-773.0,-418.0,2
18568,60.0,-191.0,-118.0,29.0,-18.0,14.0,197.0,-745.0,-410.0,2
18569,52.0,-187.0,-119.0,-10.0,-10.0,17.0,179.0,-739.0,-408.0,2
18570,49.0,-190.0,-115.0,-48.0,-2.0,26.0,160.0,-730.0,-396.0,2
18571,41.0,-188.0,-110.0,-66.0,2.0,35.0,128.0,-727.0,-369.0,2
18572,35.0,-192.0,-120.0,-70.0,-15.0,46.0,105.0,-761.0,-409.0,2
18573,31.0,-196.0,-129.0,-123.0,-14.0,46.0,89.0,-784.0,-446.0,2
18574,22.0,-207.0,-118.0,-203.0,13.0,46.0,60.0,-821.0,-416.0,2
18575,17.0,-217.0,-108.0,-260.0,40.0,39.0,39.0,-857.0,-364.0,2
18576,12.0,-234.0,-92.0,-287.0,50.0,25.0,22.0,-903.0,-325.0,2
18577,9.0,-249.0,-91.0,-284.0,43.0,1.0,11.0,-954.0,-304.0,2
18578,10.0,-260.0,-91.0,-269.0,33.0,-23.0,19.0,-998.0,-276.0,2
18579,11.0,-264.0,-81.0,-242.0,24.0,-60.0,21.0,-1026.0,-256.0,2
18580,10.0,-268.0,-80.0,-196.0,14.0,-99.0,11.0,-1032.0,-254.0,2
18581,8.0,-265.0,-78.0,-134.0,8.0,-137.0,2.0,-1032.0,-248.0,2
18582,6.0,-263.0,-79.0,-65.0,1.0,-174.0,-7.0,-1019.0,-249.0,2
18583,0.0,-257.0,-78.0,-1.0,-21.0,-207.0,-16.0,-1003.0,-263.0,2
18584,1.0,-253.0,-83.0,16.0,-53.0,-233.0,-19.0,-980.0,-271.0,2
18585,-1.0,-251.0,-91.0,9.0,-85.0,-260.0,-26.0,-971.0,-293.0,2
18586,-1.0,-249.0,-88.0,-21.0,-104.0,-279.0,-38.0,-963.0,-290.0,2
18587,-11.0,-250.0,-94.0,-48.0,-121.0,-295.0,-55.0,-975.0,-309.0,2
18588,-12.0,-253.0,-93.0,-82.0,-134.0,-302.0,-80.0,-975.0,-303.0,2
18589,-13.0,-254.0,-88.0,-104.0,-151.0,-302.0,-86.0,-974.0,-286.0,2
18590,-12.0,-257.0,-88.0,-105.0,-170.0,-300.0,-87.0,-980.0,-276.0,2
18591,-11.0,-254.0,-83.0,-93.0,-185.0,-304.0,-76.0,-975.0,-257.0,2
18592,-11.0,-253.0,-76.0,-68.0,-195.0,-298.0,-60.0,-971.0,-231.0,2
18593,-4.0,-251.0,-75.0,-29.0,-213.0,-292.0,-41.0,-965.0,-221.0,2
18594,4.0,-243.0,-75.0,-5.0,-228.0,-286.0,-14.0,-951.0,-216.0,2
18595,9.0,-238.0,-70.0,11.0,-242.0,-284.0,10.0,-929.0,-212.0,2
18596,14.0,-236.0,-72.0,19.0,-255.0,-278.0,28.0,-912.0,-217.0,2
18597,17.0,-231.0,-73.0,21.0,-265.0,-280.0,42.0,-896.0,-222.0,2
18598,20.0,-227.0,-71.0,18.0,-272.0,-278.0,49.0,-876.0,-231.0,2
18599,20.0,-218.0,-74.0,9.0,-271.0,-275.0,57.0,-858.0,-222.0,2
18600,23.0,-216.0,-68.0,6.0,-275.0,-266.0,72.0,-838.0,-209.0,2
18601,27.0,-209.0,-63.0,8.0,-280.0,-260.0,89.0,-830.0,-189.0,2
18602,33.0,-208.0,-66.0,12.0,-285.0,-257.0,104.0,-824.0,-191.0,2
18603,36.0,-209.0,-69.0,12.0,-279.0,-268.0,109.0,-827.0,-186.0,2
18604,39.0,-213.0,-65.0,3.0,-250.0,-273.0,114.0,-837.0,-185.0,2
18605,39.0,-216.0,-67.0,-8.0,-222.0,-287.0,116.0,-849.0,-193.0,2
18606,36.0,-218.0,-65.0,-24.0,-195.0,-296.0,116.0,-852.0,-196.0,2
18607,35.0,-221.0,-62.0,-34.0,-177.0,-304.0,113.0,-865.0,-184.0,2
18608,39.0,-223.0,-67.0,-39.0,-160.0,-307.0,113.0,-868.0,-182.0,2
18609,36.0,-225.0,-64.0,-43.0,-137.0,-308.0,107.0,-877.0,-189.0,2
18610,41.0,-227.0,-69.0,-48.0,-108.0,-301.0,121.0,-885.0,-209.0,2
18611,33.0,-227.0,-71.0,-66.0,-68.0,-302.0,112.0,-899.0,-203.0,2
18612,33.0,-233.0,-62.0,-91.0,-40.0,-295.0,103.0,-903.0,-183.0,2
18613,32.0,-233.0,-59.0,-110.0,-36.0,-298.0,100.0,-909.0,-175.0,2
18614,30.0,-236.0,-56.0,-118.0,-51.0,-290.0,95.0,-909.0,-168.0,2
18615,32.0,-237.0,-55.0,-111.0,-67.0,-279.0,97.0,-918.0,-163.0,2
18616,28.0,-238.0,-64.0,-106.0,-62.0,-268.0,83.0,-929.0,-196.0,2
18617,24.0,-245.0,-60.0,-128.0,-38.0,-262.0,70.0,-939.0,-185.0,2
18618,17.0,-239.0,-60.0,-148.0,-42.0,-254.0,46.0,-926.0,-165.0,2
18619,14.0,-237.0,-60.0,-147.0,-60.0,-241.0,22.0,-914.0,-168.0,2
18620,12.0,-237.0,-61.0,-134.0,-74.0,-219.0,17.0,-910.0,-175.0,2
18621,11.0,-230.0,-66.0,-127.0,-90.0,-203.0,20.0,-900.0,-194.0,2
18622,6.0,-227.0,-66.0,-134.0,-101.0,-185.0,8.0,-887.0,-201.0,2
18623,7.0,-230.0,-67.0,-151.0,-114.0,-171.0,6.0,-880.0,-188.0,2
18624,3.0,-224.0,-63.0,-174.0,-124.0,-150.0,-5.0,-879.0,-178.0,2
18625,5.0,-226.0,-60.0,-200.0,-136.0,-135.0,-5.0,-881.0,-171.0,2
18626,5.0,-225.0,-57.0,-214.0,-138.0,-121.0,-1.0,-883.0,-155.0,2
18627,7.0,-229.0,-54.0,-222.0,-139.0,-116.0,10.0,-899.0,-143.0,2
18628,12.0,-234.0,-50.0,-225.0,-138.0,-109.0,17.0,-901.0,-140.0,2
18629,17.0,-235.0,-52.0,-222.0,-137.0,-114.0,32.0,-910.0,-134.0,2
18630,22.0,-238.0,-53.0,-213.0,-133.0,-111.0,50.0,-910.0,-131.0,2
18631,23.0,-235.0,-54.0,-202.0,-132.0,-117.0,62.0,-919.0,-131.0,2
18632,23.0,-239.0,-51.0,-194.0,-135.0,-121.0,70.0,-919.0,-132.0,2
18633,26.0,-238.0,-56.0,-183.0,-145.0,-130.0,73.0,-924.0,-142.0,2
18634,29.0,-238.0,-56.0,-172.0,-156.0,-134.0,79.0,-927.0,-143.0,2
18635,27.0,-240.0,-57.0,-165.0,-167.0,-138.0,78.0,-926.0,-154.0,2
18636,27.0,-242.0,-57.0,-160.0,-173.0,-131.0,76.0,-927.0,-157.0,2
18637,28.0,-244.0,-56.0,-157.0,-174.0,-125.0,70.0,-931.0,-143.0,2
18638,27.0,-244.0,-55.0,-147.0,-175.0,-113.0,73.0,-933.0,-139.0,2
18639,23.0,-243.0,-55.0,-134.0,-174.0,-101.0,59.0,-943.0,-140.0,2
18640,19.0,-248.0,-51.0,-119.0,-173.0,-84.0,53.0,-948.0,-131.0,2
18641,18.0,-249.0,-53.0,-102.0,-173.0,-71.0,44.0,-956.0,-122.0,2
18642,16.0,-253.0,-51.0,-87.0,-176.0,-55.0,42.0,-965.0,-111.0,2
18643,16.0,-250.0,-44.0,-72.0,-184.0,-46.0,39.0,-966.0,-105.0,2
18644,13.0,-252.0,-41.0,-60.0,-200.0,-32.0,29.0,-967.0,-91.0,2
18645,14.0,-252.0,-41.0,-45.0,-215.0,-24.0,26.0,-966.0,-85.0,2
18646,18.0,-250.0,-43.0,-29.0,-228.0,-11.0,38.0,-957.0,-82.0,2
18647,20.0,-247.0,-40.0,-10.0,-232.0,-5.0,40.0,-954.0,-89.0,2
18648,16.0,-245.0,-41.0,3.0,-233.0,3.0,39.0,-941.0,-93.0,2
18649,20.0,-240.0,-45.0,13.0,-235.0,5.0,49.0,-936.0,-100.0,2
18650,22.0,-243.0,-45.0,18.0,-233.0,9.0,59.0,-926.0,-106.0,2
18651,22.0,-240.0,-48.0,17.0,-229.0,5.0,62.0,-925.0,-113.0,2
18652,25.0,-238.0,-50.0,11.0,-219.0,3.0,69.0,-921.0,-123.0,2
18653,31.0,-240.0,-46.0,-2.0,-207.0,-2.0,82.0,-935.0,-124.0,2
18654,32.0,-246.0,-50.0,-18.0,-197.0,-3.0,99.0,-945.0,-118.0,2
18655,29.0,-244.0,-50.0,-27.0,-190.0,-11.0,97.0,-951.0,-112.0,2
18656,33.0,-249.0,-47.0,-30.0,-183.0,-18.0,96.0,-966.0,-116.0,2
18657,33.0,-250.0,-49.0,-33.0,-182.0,-30.0,97.0,-967.0,-117.0,2
18658,31.0,-251.0,-48.0,-33.0,-183.0,-35.0,98.0,-972.0,-114.0,2
18659,33.0,-251.0,-50.0,-29.0,-187.0,-41.0,98.0,-970.0,-126.0,2
18660,36.0,-251.0,-56.0,-24.0,-191.0,-38.0,101.0,-966.0,-142.0,2
18661,34.0,-251.0,-56.0,-21.0,-195.0,-41.0,104.0,-971.0,-156.0,2
18662,33.0,-247.0,-56.0,-20.0,-195.0,-38.0,106.0,-962.0,-157.0,2
18663,34.0,-250.0,-60.0,-16.0,-192.0,-40.0,105.0,-960.0,-170.0,2
18664,33.0,-247.0,-63.0,-15.0,-185.0,-33.0,95.0,-960.0,-185.0,2
18665,28.0,-246.0,-68.0,-11.0,-173.0,-31.0,74.0,-949.0,-196.0,2
18666,22.0,-245.0,-68.0,-12.0,-160.0,-23.0,54.0,-953.0,-211.0,2
18667,22.0,-243.0,-66.0,-16.0,-152.0,-17.0,48.0,-942.0,-208.0,2
18668,18.0,-243.0,-66.0,-19.0,-147.0,-6.0,46.0,-941.0,-200.0,2
18669,22.0,-243.0,-66.0,-24.0,-144.0,2.0,66.0,-933.0,-194.0,2
18670,30.0,-242.0,-64.0,-32.0,-142.0,13.0,87.0,-933.0,-183.0,2
18671,36.0,-244.0,-59.0,-45.0,-148.0,16.0,107.0,-948.0,-165.0,2
18672,40.0,-249.0,-51.0,-58.0,-157.0,16.0,123.0,-955.0,-141.0,2
18673,42.0,-253.0,-43.0,-70.0,-170.0,10.0,125.0,-977.0,-109.0,2
18674,38.0,-259.0,-34.0,-78.0,-191.0,9.0,128.0,-1016.0,-65.0,2
18675,34.0,-266.0,-27.0,-80.0,-209.0,-6.0,106.0,-1041.0,-31.0,2
18676,27.0,-276.0,-21.0,-75.0,-226.0,-17.0,87.0,-1070.0,-12.0,2
18677,21.0,-283.0,-22.0,-61.0,-240.0,-29.0,54.0,-1099.0,-5.0,2
18678,11.0,-292.0,-18.0,-41.0,-254.0,-37.0,19.0,-1122.0,-4.0,2
18679,3.0,-298.0,-18.0,-13.0,-268.0,-45.0,-16.0,-1142.0,2.0,2
18680,-8.0,-301.0,-14.0,17.0,-290.0,-45.0,-50.0,-1160.0,4.0,2
18681,-9.0,-307.0,-18.0,47.0,-318.0,-48.0,-66.0,-1170.0,9.0,2
18682,-14.0,-304.0,-11.0,80.0,-345.0,-46.0,-90.0,-1166.0,35.0,2
18683,-12.0,-298.0,-9.0,120.0,-374.0,-48.0,-92.0,-1160.0,31.0,2
18684,-12.0,-294.0,-16.0,146.0,-399.0,-40.0,-77.0,-1145.0,21.0,2
18685,-4.0,-292.0,-7.0,143.0,-414.0,-31.0,-49.0,-1112.0,27.0,2
18686,5.0,-282.0,-17.0,148.0,-424.0,-29.0,-9.0,-1098.0,13.0,2
18687,10.0,-274.0,-30.0,146.0,-445.0,-46.0,17.0,-1075.0,-48.0,2
18688,17.0,-269.0,-40.0,114.0,-475.0,-59.0,40.0,-1063.0,-84.0,2
18689,26.0,-273.0,-42.0,72.0,-512.0,-66.0,70.0,-1071.0,-102.0,2
18690,34.0,-278.0,-40.0,60.0,-529.0,-66.0,113.0,-1085.0,-89.0,2
18691,52.0,-284.0,-41.0,79.0,-528.0,-74.0,169.0,-1108.0,-97.0,2
18692,68.0,-291.0,-30.0,92.0,-502.0,-77.0,224.0,-1126.0,-68.0,2
18693,84.0,-296.0,-29.0,118.0,-456.0,-85.0,277.0,-1141.0,-36.0,2
18694,95.0,-294.0,-32.0,154.0,-403.0,-93.0,320.0,-1140.0,-48.0,2
18695,102.0,-290.0,-41.0,178.0,-346.0,-109.0,344.0,-1132.0,-90.0,2
18696,101.0,-283.0,-57.0,177.0,-286.0,-116.0,351.0,-1113.0,-141.0,2
18697,105.0,-277.0,-67.0,157.0,-223.0,-121.0,355.0,-1095.0,-193.0,2
18698,99.0,-274.0,-80.0,125.0,-154.0,-118.0,341.0,-1089.0,-243.0,2
18699,95.0,-277.0,-83.0,89.0,-85.0,-112.0,328.0,-1092.0,-263.0,2
18700,90.0,-279.0,-86.0,57.0,-4.0,-104.0,307.0,-1099.0,-273.0,2
18701,82.0,-288.0,-84.0,44.0,65.0,-96.0,281.0,-1116.0,-273.0,2
18702,79.0,-291.0,-88.0,47.0,136.0,-77.0,262.0,-1140.0,-272.0,2
18703,78.0,-296.0,-87.0,61.0,202.0,-64.0,270.0,-1155.0,-278.0,2
18704,80.0,-300.0,-91.0,77.0,263.0,-58.0,270.0,-1173.0,-292.0,2
18705,81.0,-304.0,-94.0,91.0,320.0,-63.0,258.0,-1178.0,-308.0,2
18706,71.0,-302.0,-101.0,101.0,378.0,-69.0,240.0,-1184.0,-329.0,2
18707,61.0,-300.0,-106.0,106.0,428.0,-81.0,209.0,-1174.0,-340.0,2
18708,52.0,-299.0,-107.0,109.0,470.0,-90.0,178.0,-1157.0,-356.0,2
18709,41.0,-291.0,-116.0,116.0,497.0,-105.0,139.0,-1142.0,-380.0,2
18710,32.0,-290.0,-118.0,115.0,510.0,-114.0,101.0,-1128.0,-395.0,2
18711,21.0,-284.0,-118.0,110.0,509.0,-120.0,48.0,-1112.0,-390.0,2
18712,8.0,-283.0,-105.0,107.0,492.0,-115.0,7.0,-1103.0,-370.0,2
18713,-4.0,-276.0,-98.0,107.0,465.0,-106.0,-27.0,-1087.0,-341.0,2
18714,-11.0,-267.0,-95.0,120.0,433.0,-92.0,-57.0,-1035.0,-305.0,2
18715,-11.0,-258.0,-95.0,152.0,399.0,-77.0,-62.0,-1002.0,-310.0,2
18716,-11.0,-247.0,-105.0,194.0,365.0,-60.0,-65.0,-945.0,-350.0,2
18717,-15.0,-234.0,-114.0,226.0,334.0,-57.0,-84.0,-904.0,-390.0,2
18718,-23.0,-222.0,-126.0,242.0,299.0,-53.0,-107.0,-863.0,-431.0,2
18719,-26.0,-211.0,-133.0,236.0,260.0,-55.0,-139.0,-832.0,-470.0,2
18720,-41.0,-203.0,-137.0,209.0,217.0,-53.0,-169.0,-805.0,-495.0,2
18721,-47.0,-198.0,-140.0,163.0,159.0,-57.0,-204.0,-788.0,-499.0,2
18722,-56.0,-198.0,-134.0,133.0,106.0,-59.0,-233.0,-777.0,-487.0,2
18723,-66.0,-193.0,-132.0,109.0,51.0,-59.0,-261.0,-756.0,-482.0,2
18724,-64.0,-193.0,-131.0,87.0,7.0,-48.0,-268.0,-751.0,-458.0,2
18725,-68.0,-191.0,-128.0,62.0,-24.0,-42.0,-271.0,-755.0,-457.0,2
18726,-62.0,-194.0,-127.0,27.0,-41.0,-27.0,-263.0,-753.0,-446.0,2
18727,-59.0,-195.0,-124.0,-10.0,-44.0,-11.0,-258.0,-755.0,-440.0,2
18728,-54.0,-197.0,-123.0,-49.0,-38.0,3.0,-244.0,-778.0,-431.0,2
18729,-47.0,-202.0,-117.0,-83.0,-30.0,17.0,-223.0,-780.0,-403.0,2
18730,-39.0,-206.0,-112.0,-103.0,-31.0,34.0,-173.0,-804.0,-387.0,2
18731,-24.0,-211.0,-111.0,-113.0,-37.0,46.0,-123.0,-828.0,-372.0,2
18732,-12.0,-219.0,-106.0,-122.0,-38.0,55.0,-79.0,-849.0,-344.0,2
18733,-1.0,-223.0,-102.0,-125.0,-31.0,63.0,-37.0,-872.0,-332.0,2
18734,5.0,-225.0,-98.0,-128.0,-15.0,74.0,-4.0,-888.0,-327.0,2
18735,16.0,-229.0,-94.0,-129.0,10.0,84.0,27.0,-897.0,-313.0,2
18736,22.0,-235.0,-89.0,-124.0,37.0,94.0,65.0,-909.0,-291.0,2
18737,31.0,-241.0,-93.0,-109.0,65.0,96.0,81.0,-920.0,-282.0,2
18738,23.0,-243.0,-85.0,-90.0,89.0,99.0,64.0,-932.0,-273.0,2
18739,24.0,-246.0,-80.0,-75.0,108.0,107.0,62.0,-947.0,-254.0,2
18740,26.0,-247.0,-78.0,-56.0,125.0,116.0,59.0,-954.0,-248.0,2
18741,24.0,-251.0,-82.0,-40.0,144.0,127.0,55.0,-973.0,-263.0,2
18742,23.0,-257.0,-83.0,-36.0,169.0,151.0,58.0,-986.0,-257.0,2
18743,20.0,-256.0,-88.0,-33.0,188.0,171.0,43.0,-1000.0,-277.0,2
18744,17.0,-259.0,-82.0,-30.0,209.0,197.0,35.0,-1004.0,-264.0,2
18745,16.0,-259.0,-85.0,-16.0,229.0,218.0,21.0,-1008.0,-270.0,2
18746,15.0,-259.0,-87.0,5.0,243.0,233.0,23.0,-1009.0,-275.0,2
18747,10.0,-259.0,-94.0,30.0,260.0,243.0,7.0,-1026.0,-287.0,2
18748,7.0,-261.0,-89.0,35.0,272.0,257.0,1.0,-1023.0,-287.0,2
18749,1.0,-259.0,-87.0,41.0,280.0,268.0,-14.0,-1018.0,-277.0,2
18750,5.0,-258.0,-84.0,52.0,279.0,281.0,-5.0,-1008.0,-270.0,2
18751,2.0,-256.0,-79.0,60.0,270.0,283.0,-17.0,-1001.0,-255.0,2
18752,-1.0,-254.0,-73.0,69.0,268.0,288.0,-25.0,-977.0,-232.0,2
18753,1.0,-250.0,-70.0,80.0,273.0,282.0,-30.0,-960.0,-202.0,2
18754,-4.0,-241.0,-62.0,95.0,280.0,273.0,-47.0,-931.0,-174.0,2
18755,-9.0,-236.0,-61.0,119.0,284.0,263.0,-56.0,-909.0,-167.0,2
18756,-11.0,-226.0,-61.0,139.0,287.0,256.0,-62.0,-879.0,-171.0,2
18757,-10.0,-217.0,-64.0,140.0,286.0,254.0,-49.0,-852.0,-188.0,2
18758,-3.0,-208.0,-67.0,122.0,282.0,249.0,-43.0,-832.0,-202.0,2
18759,-4.0,-207.0,-68.0,93.0,293.0,243.0,-38.0,-816.0,-202.0,2
18760,-6.0,-205.0,-62.0,62.0,312.0,240.0,-44.0,-812.0,-194.0,2
18761,-7.0,-206.0,-62.0,30.0,334.0,235.0,-54.0,-811.0,-179.0,2
18762,-12.0,-209.0,-60.0,6.0,344.0,228.0,-63.0,-811.0,-162.0,2
18763,-12.0,-208.0,-60.0,-9.0,339.0,222.0,-70.0,-821.0,-161.0,2
18764,-19.0,-210.0,-60.0,-25.0,325.0,222.0,-92.0,-822.0,-169.0,2
18765,-23.0,-213.0,-58.0,-42.0,304.0,226.0,-114.0,-827.0,-164.0,2
18766,-23.0,-216.0,-58.0,-63.0,280.0,237.0,-113.0,-843.0,-165.0,2
18767,-22.0,-221.0,-59.0,-85.0,260.0,239.0,-109.0,-861.0,-153.0,2
18768,-23.0,-224.0,-55.0,-98.0,249.0,244.0,-110.0,-876.0,-148.0,2
18769,-20.0,-230.0,-54.0,-105.0,242.0,245.0,-107.0,-887.0,-142.0,2
18770,-20.0,-233.0,-54.0,-114.0,224.0,245.0,-103.0,-899.0,-136.0,2
18771,-14.0,-233.0,-52.0,-123.0,197.0,239.0,-102.0,-903.0,-147.0,2
18772,-17.0,-234.0,-57.0,-132.0,170.0,233.0,-108.0,-914.0,-155.0,2
18773,-19.0,-240.0,-57.0,-148.0,152.0,227.0,-104.0,-922.0,-160.0,2
18774,-12.0,-243.0,-58.0,-165.0,136.0,222.0,-87.0,-934.0,-154.0,2
18775,-11.0,-246.0,-54.0,-174.0,128.0,209.0,-66.0,-944.0,-142.0,2
18776,-10.0,-243.0,-56.0,-167.0,121.0,194.0,-61.0,-938.0,-144.0,2
18777,-6.0,-246.0,-56.0,-156.0,118.0,182.0,-60.0,-947.0,-146.0,2
18778,-6.0,-243.0,-57.0,-150.0,119.0,175.0,-45.0,-942.0,-156.0,2
18779,-3.0,-242.0,-57.0,-149.0,127.0,168.0,-32.0,-932.0,-160.0,2
18780,5.0,-242.0,-60.0,-150.0,142.0,162.0,-13.0,-929.0,-161.0,2
18781,7.0,-237.0,-55.0,-154.0,162.0,151.0,-2.0,-923.0,-157.0,2
18782,8.0,-239.0,-57.0,-157.0,179.0,140.0,-3.0,-916.0,-163.0,2
18783,6.0,-234.0,-56.0,-161.0,187.0,128.0,7.0,-912.0,-156.0,2
18784,11.0,-234.0,-54.0,-165.0,192.0,117.0,14.0,-905.0,-148.0,2
18785,12.0,-235.0,-53.0,-170.0,203.0,105.0,20.0,-905.0,-130.0,2
18786,10.0,-231.0,-48.0,-167.0,216.0,95.0,17.0,-902.0,-118.0,2
18787,10.0,-231.0,-43.0,-161.0,227.0,85.0,11.0,-900.0,-104.0,2
18788,9.0,-230.0,-41.0,-155.0,236.0,77.0,8.0,-892.0,-105.0,2
18789,5.0,-231.0,-42.0,-150.0,248.0,70.0,0.0,-894.0,-104.0,2
18790,9.0,-233.0,-45.0,-152.0,260.0,64.0,2.0,-903.0,-112.0,2
18791,8.0,-238.0,-49.0,-159.0,270.0,56.0,-2.0,-908.0,-117.0,2
18792,7.0,-237.0,-50.0,-167.0,279.0,47.0,-9.0,-916.0,-120.0,2
18793,6.0,-244.0,-43.0,-171.0,286.0,38.0,-9.0,-927.0,-114.0,2
18794,5.0,-246.0,-44.0,-169.0,292.0,29.0,-14.0,-950.0,-107.0,2
18795,4.0,-250.0,-44.0,-163.0,296.0,20.0,-13.0,-967.0,-96.0,2
18796,4.0,-254.0,-39.0,-151.0,305.0,13.0,-15.0,-983.0,-92.0,2
18797,0.0,-254.0,-41.0,-138.0,311.0,5.0,-14.0,-997.0,-81.0,2
18798,2.0,-260.0,-39.0,-121.0,319.0,-1.0,-19.0,-999.0,-79.0,2
18799,1.0,-258.0,-35.0,-105.0,327.0,-9.0,-26.0,-1004.0,-64.0,2
18800,1.0,-258.0,-35.0,-84.0,333.0,-12.0,-26.0,-996.0,-65.0,2
18801,1.0,-258.0,-33.0,-67.0,334.0,-12.0,-26.0,-1000.0,-60.0,2
18802,0.0,-258.0,-34.0,-57.0,334.0,-10.0,-27.0,-981.0,-64.0,2
18803,-5.0,-256.0,-32.0,-50.0,334.0,-8.0,-27.0,-977.0,-64.0,2
18804,-3.0,-251.0,-32.0,-45.0,331.0,-7.0,-46.0,-969.0,-56.0,2
18805,-8.0,-252.0,-35.0,-39.0,327.0,-6.0,-50.0,-959.0,-64.0,2
18806,-11.0,-247.0,-35.0,-28.0,314.0,-6.0,-62.0,-951.0,-75.0,2
18807,-12.0,-243.0,-39.0,-20.0,298.0,-7.0,-81.0,-938.0,-83.0,2
18808,-16.0,-242.0,-42.0,-16.0,285.0,-9.0,-101.0,-927.0,-93.0,2
18809,-23.0,-239.0,-45.0,-17.0,269.0,-7.0,-112.0,-921.0,-107.0,2
18810,-24.0,-237.0,-48.0,-25.0,255.0,-5.0,-120.0,-916.0,-119.0,2
18811,-25.0,-237.0,-46.0,-37.0,240.0,3.0,-124.0,-915.0,-116.0,2
18812,-22.0,-238.0,-46.0,-49.0,230.0,11.0,-127.0,-914.0,-117.0,2
18813,-20.0,-237.0,-43.0,-64.0,230.0,20.0,-113.0,-919.0,-102.0,2
18814,-12.0,-243.0,-43.0,-79.0,236.0,30.0,-95.0,-926.0,-92.0,2
18815,-10.0,-244.0,-39.0,-95.0,247.0,40.0,-73.0,-928.0,-83.0,2
18816,-10.0,-245.0,-38.0,-102.0,255.0,46.0,-58.0,-932.0,-66.0,2
18817,1.0,-247.0,-35.0,-99.0,258.0,47.0,-35.0,-948.0,-64.0,2
18818,2.0,-247.0,-38.0,-95.0,262.0,47.0,-13.0,-951.0,-68.0,2
18819,6.0,-251.0,-39.0,-90.0,265.0,44.0,-9.0,-959.0,-72.0,2
18820,7.0,-252.0,-44.0,-86.0,268.0,40.0,-1.0,-968.0,-93.0,2
18821,4.0,-252.0,-44.0,-81.0,272.0,35.0,-11.0,-972.0,-104.0,2
18822,4.0,-255.0,-53.0,-77.0,277.0,30.0,-25.0,-977.0,-120.0,2
18823,-4.0,-253.0,-47.0,-74.0,292.0,27.0,-40.0,-991.0,-129.0,2
18824,-9.0,-257.0,-49.0,-71.0,306.0,23.0,-63.0,-1000.0,-132.0,2
18825,-12.0,-257.0,-49.0,-60.0,319.0,22.0,-76.0,-1005.0,-125.0,2
18826,-11.0,-260.0,-46.0,-44.0,326.0,23.0,-79.0,-1005.0,-116.0,2
18827,-12.0,-261.0,-44.0,-17.0,331.0,26.0,-79.0,-1001.0,-100.0,2
18828,-12.0,-257.0,-45.0,4.0,340.0,29.0,-73.0,-1004.0,-94.0,2
18829,-10.0,-260.0,-38.0,19.0,349.0,34.0,-67.0,-1008.0,-87.0,2
18830,-1.0,-262.0,-35.0,34.0,365.0,36.0,-61.0,-1008.0,-66.0,2
18831,-3.0,-260.0,-36.0,61.0,383.0,39.0,-48.0,-1007.0,-48.0,2
18832,-1.0,-261.0,-32.0,91.0,401.0,42.0,-33.0,-1010.0,-50.0,2
18833,2.0,-260.0,-37.0,110.0,427.0,45.0,-19.0,-1009.0,-55.0,2
18834,6.0,-259.0,-33.0,119.0,455.0,52.0,-10.0,-1001.0,-47.0,2
18835,9.0,-259.0,-31.0,126.0,482.0,64.0,6.0,-1005.0,-48.0,2
18836,15.0,-259.0,-27.0,130.0,508.0,72.0,24.0,-1005.0,-34.0,2
18837,19.0,-258.0,-32.0,139.0,527.0,80.0,33.0,-1007.0,-41.0,2
18838,16.0,-259.0,-35.0,141.0,546.0,86.0,31.0,-1018.0,-63.0,2
18839,14.0,-261.0,-29.0,128.0,562.0,96.0,21.0,-1029.0,-44.0,2
18840,15.0,-267.0,-27.0,124.0,580.0,106.0,21.0,-1037.0,-43.0,2
18841,12.0,-267.0,-24.0,117.0,602.0,117.0,8.0,-1040.0,-23.0,2
18842,6.0,-265.0,-25.0,118.0,626.0,132.0,0.0,-1036.0,-10.0,2
18843,2.0,-263.0,-15.0,122.0,655.0,146.0,-17.0,-1030.0,1.0,2
18844,-6.0,-259.0,-19.0,126.0,676.0,157.0,-36.0,-1008.0,3.0,2
18845,-11.0,-252.0,-23.0,129.0,690.0,165.0,-63.0,-979.0,-9.0,2
18846,-14.0,-246.0,-33.0,128.0,683.0,172.0,-83.0,-959.0,-65.0,2
18847,-21.0,-241.0,-44.0,111.0,664.0,177.0,-104.0,-930.0,-118.0,2
18848,-22.0,-236.0,-60.0,71.0,643.0,185.0,-111.0,-920.0,-162.0,2
18849,-19.0,-241.0,-60.0,1.0,638.0,195.0,-122.0,-934.0,-167.0,2
18850,-27.0,-246.0,-57.0,-54.0,639.0,202.0,-131.0,-955.0,-149.0,2
18851,-28.0,-259.0,-48.0,-98.0,637.0,206.0,-144.0,-1006.0,-121.0,2
18852,-38.0,-273.0,-38.0,-130.0,627.0,202.0,-170.0,-1061.0,-84.0,2
18853,-43.0,-288.0,-34.0,-150.0,608.0,194.0,-198.0,-1116.0,-69.0,2
18854,-53.0,-302.0,-37.0,-157.0,577.0,173.0,-225.0,-1152.0,-63.0,2
18855,-57.0,-310.0,-42.0,-144.0,527.0,155.0,-252.0,-1191.0,-101.0,2
18856,-63.0,-315.0,-60.0,-128.0,477.0,136.0,-264.0,-1213.0,-164.0,2
18857,-62.0,-319.0,-71.0,-114.0,432.0,120.0,-264.0,-1221.0,-210.0,2
18858,-64.0,-321.0,-79.0,-92.0,381.0,98.0,-264.0,-1229.0,-247.0,2
18859,-66.0,-323.0,-84.0,-62.0,299.0,88.0,-277.0,-1234.0,-283.0,2
18860,-65.0,-324.0,-88.0,-41.0,233.0,88.0,-274.0,-1237.0,-273.0,2
18861,-66.0,-323.0,-86.0,-13.0,167.0,85.0,-280.0,-1240.0,-267.0,2
18862,-70.0,-323.0,-83.0,14.0,103.0,76.0,-294.0,-1238.0,-256.0,2
18863,-75.0,-319.0,-78.0,46.0,46.0,82.0,-316.0,-1225.0,-250.0,2
18864,-76.0,-321.0,-73.0,86.0,-17.0,92.0,-316.0,-1233.0,-231.0,2
18865,-73.0,-319.0,-66.0,135.0,-86.0,108.0,-290.0,-1222.0,-208.0,2
18866,-64.0,-316.0,-62.0,182.0,-158.0,124.0,-271.0,-1215.0,-191.0,2
18867,-56.0,-312.0,-59.0,219.0,-227.0,145.0,-239.0,-1207.0,-178.0,2
18868,-42.0,-307.0,-60.0,253.0,-284.0,162.0,-211.0,-1182.0,-170.0,2
18869,-30.0,-303.0,-67.0,281.0,-332.0,174.0,-169.0,-1167.0,-182.0,2
18870,-25.0,-290.0,-75.0,301.0,-378.0,168.0,-132.0,-1147.0,-226.0,2
18871,-14.0,-284.0,-84.0,297.0,-413.0,145.0,-97.0,-1111.0,-268.0,2
18872,-11.0,-276.0,-100.0,293.0,-436.0,112.0,-62.0,-1078.0,-325.0,2
18873,-5.0,-263.0,-113.0,280.0,-447.0,75.0,-65.0,-1027.0,-385.0,2
18874,-6.0,-255.0,-119.0,251.0,-435.0,46.0,-49.0,-1004.0,-406.0,2
18875,2.0,-252.0,-124.0,207.0,-399.0,37.0,-26.0,-984.0,-414.0,2
18876,11.0,-245.0,-122.0,148.0,-352.0,31.0,-1.0,-969.0,-406.0,2
18877,15.0,-246.0,-116.0,83.0,-305.0,28.0,18.0,-965.0,-392.0,2
18878,21.0,-247.0,-109.0,20.0,-268.0,16.0,50.0,-971.0,-379.0,2
18879,26.0,-250.0,-115.0,-31.0,-240.0,5.0,70.0,-975.0,-372.0,2
18880,29.0,-253.0,-115.0,-50.0,-202.0,-13.0,74.0,-975.0,-388.0,2
18881,31.0,-251.0,-114.0,-40.0,-167.0,-19.0,87.0,-972.0,-387.0,2
18882,33.0,-254.0,-115.0,-8.0,-136.0,-25.0,97.0,-965.0,-395.0,2
18883,35.0,-245.0,-118.0,27.0,-108.0,-26.0,102.0,-951.0,-401.0,2
18884,34.0,-237.0,-120.0,59.0,-92.0,-30.0,105.0,-930.0,-411.0,2
18885,36.0,-229.0,-121.0,80.0,-90.0,-26.0,107.0,-901.0,-410.0,2
18886,38.0,-222.0,-118.0,87.0,-93.0,-21.0,117.0,-859.0,-427.0,2
18887,41.0,-212.0,-121.0,85.0,-94.0,-11.0,122.0,-830.0,-418.0,2
18888,44.0,-199.0,-116.0,79.0,-93.0,-3.0,136.0,-792.0,-398.0,2
18889,43.0,-191.0,-118.0,72.0,-88.0,0.0,143.0,-746.0,-393.0,2
18890,45.0,-184.0,-117.0,58.0,-89.0,1.0,143.0,-727.0,-390.0,2
18891,42.0,-177.0,-113.0,20.0,-96.0,2.0,134.0,-690.0,-377.0,2
18892,41.0,-178.0,-117.0,-16.0,-101.0,0.0,130.0,-703.0,-408.0,2
18893,37.0,-178.0,-119.0,-85.0,-90.0,-6.0,114.0,-710.0,-422.0,2
18894,38.0,-191.0,-122.0,-162.0,-54.0,-8.0,105.0,-741.0,-431.0,2
18895,35.0,-198.0,-118.0,-241.0,-1.0,-14.0,100.0,-787.0,-410.0,2
18896,31.0,-212.0,-107.0,-295.0,53.0,-32.0,88.0,-828.0,-367.0,2
18897,24.0,-225.0,-92.0,-304.0,85.0,-46.0,62.0,-875.0,-314.0,2
18898,29.0,-239.0,-87.0,-278.0,97.0,-63.0,87.0,-915.0,-283.0,2
18899,32.0,-246.0,-86.0,-240.0,103.0,-85.0,95.0,-946.0,-256.0,2
18900,31.0,-254.0,-80.0,-196.0,109.0,-118.0,91.0,-976.0,-238.0,2
18901,29.0,-256.0,-75.0,-144.0,101.0,-154.0,88.0,-980.0,-236.0,2
18902,22.0,-252.0,-81.0,-77.0,85.0,-184.0,61.0,-972.0,-238.0,2
18903,22.0,-250.0,-80.0,-18.0,65.0,-202.0,57.0,-953.0,-257.0,2
18904,13.0,-242.0,-88.0,28.0,44.0,-217.0,28.0,-940.0,-292.0,2
18905,11.0,-240.0,-98.0,44.0,21.0,-223.0,11.0,-933.0,-317.0,2
18906,4.0,-239.0,-106.0,32.0,3.0,-227.0,-13.0,-941.0,-341.0,2
18907,-1.0,-239.0,-102.0,-10.0,-5.0,-230.0,-25.0,-946.0,-345.0,2
18908,-3.0,-243.0,-95.0,-67.0,-4.0,-231.0,-34.0,-946.0,-320.0,2
18909,3.0,-244.0,-98.0,-117.0,2.0,-223.0,-33.0,-955.0,-288.0,2
18910,-5.0,-252.0,-83.0,-143.0,7.0,-216.0,-39.0,-975.0,-262.0,2
18911,-7.0,-255.0,-78.0,-153.0,4.0,-205.0,-42.0,-985.0,-245.0,2
18912,-4.0,-259.0,-69.0,-153.0,-8.0,-195.0,-42.0,-997.0,-209.0,2
18913,-2.0,-260.0,-68.0,-125.0,-19.0,-189.0,-30.0,-1006.0,-207.0,2
18914,-4.0,-257.0,-64.0,-92.0,-28.0,-191.0,-35.0,-996.0,-203.0,2
18915,-2.0,-254.0,-68.0,-54.0,-39.0,-187.0,-28.0,-976.0,-196.0,2
18916,3.0,-246.0,-66.0,-21.0,-55.0,-189.0,-9.0,-952.0,-207.0,2
18917,8.0,-238.0,-70.0,3.0,-71.0,-189.0,6.0,-925.0,-223.0,2
18918,11.0,-230.0,-75.0,13.0,-74.0,-193.0,24.0,-902.0,-222.0,2
18919,12.0,-227.0,-71.0,17.0,-77.0,-196.0,32.0,-883.0,-220.0,2
18920,21.0,-222.0,-70.0,16.0,-75.0,-204.0,45.0,-862.0,-224.0,2
18921,19.0,-214.0,-75.0,10.0,-68.0,-203.0,46.0,-846.0,-218.0,2
18922,20.0,-214.0,-70.0,-5.0,-57.0,-197.0,57.0,-843.0,-210.0,2
18923,27.0,-219.0,-63.0,-21.0,-56.0,-198.0,79.0,-847.0,-200.0,2
18924,30.0,-221.0,-68.0,-35.0,-61.0,-212.0,93.0,-857.0,-208.0,2
18925,31.0,-221.0,-74.0,-53.0,-57.0,-227.0,101.0,-865.0,-215.0,2
18926,34.0,-224.0,-72.0,-71.0,-44.0,-244.0,104.0,-873.0,-216.0,2
18927,37.0,-227.0,-73.0,-84.0,-28.0,-253.0,102.0,-878.0,-220.0,2
18928,30.0,-227.0,-74.0,-89.0,-9.0,-262.0,102.0,-890.0,-220.0,2
18929,32.0,-231.0,-73.0,-89.0,12.0,-266.0,101.0,-898.0,-217.0,2
18930,26.0,-232.0,-70.0,-92.0,23.0,-276.0,85.0,-906.0,-206.0,2
18931,26.0,-238.0,-68.0,-90.0,16.0,-280.0,71.0,-915.0,-205.0,2
18932,20.0,-238.0,-66.0,-89.0,10.0,-288.0,58.0,-919.0,-208.0,2
18933,25.0,-239.0,-70.0,-92.0,10.0,-286.0,67.0,-927.0,-214.0,2
18934,20.0,-242.0,-73.0,-106.0,11.0,-297.0,60.0,-943.0,-223.0,2
18935,12.0,-241.0,-65.0,-124.0,3.0,-302.0,23.0,-932.0,-197.0,2
18936,6.0,-238.0,-71.0,-130.0,-12.0,-296.0,7.0,-918.0,-207.0,2
18937,7.0,-234.0,-73.0,-130.0,-26.0,-279.0,-15.0,-911.0,-226.0,2
18938,4.0,-232.0,-72.0,-140.0,-27.0,-268.0,-17.0,-897.0,-223.0,2
18939,-2.0,-227.0,-73.0,-150.0,-30.0,-251.0,-24.0,-873.0,-219.0,2
18940,-3.0,-229.0,-72.0,-161.0,-42.0,-241.0,-27.0,-880.0,-209.0,2
18941,-1.0,-222.0,-67.0,-175.0,-58.0,-234.0,-28.0,-867.0,-193.0,2
18942,-7.0,-222.0,-60.0,-191.0,-74.0,-228.0,-34.0,-864.0,-172.0,2
18943,-3.0,-220.0,-58.0,-208.0,-91.0,-213.0,-37.0,-846.0,-156.0,2
18944,-2.0,-219.0,-58.0,-222.0,-112.0,-204.0,-28.0,-853.0,-150.0,2
18945,2.0,-219.0,-54.0,-230.0,-130.0,-194.0,-18.0,-854.0,-147.0,2
18946,2.0,-217.0,-55.0,-237.0,-147.0,-189.0,-12.0,-854.0,-151.0,2
18947,5.0,-221.0,-54.0,-241.0,-161.0,-181.0,-8.0,-860.0,-146.0,2
18948,5.0,-223.0,-56.0,-242.0,-173.0,-177.0,4.0,-871.0,-148.0,2
18949,13.0,-225.0,-51.0,-237.0,-180.0,-169.0,18.0,-878.0,-141.0,2
18950,20.0,-228.0,-53.0,-226.0,-181.0,-166.0,35.0,-880.0,-141.0,2
18951,20.0,-227.0,-53.0,-216.0,-182.0,-161.0,48.0,-883.0,-137.0,2
18952,24.0,-228.0,-56.0,-210.0,-182.0,-161.0,65.0,-894.0,-135.0,2
18953,25.0,-235.0,-53.0,-204.0,-184.0,-158.0,73.0,-899.0,-130.0,2
18954,30.0,-237.0,-52.0,-196.0,-191.0,-163.0,81.0,-913.0,-135.0,2
18955,28.0,-238.0,-53.0,-191.0,-198.0,-164.0,90.0,-916.0,-140.0,2
18956,29.0,-240.0,-55.0,-181.0,-202.0,-164.0,80.0,-927.0,-140.0,2
18957,31.0,-246.0,-53.0,-169.0,-207.0,-159.0,81.0,-935.0,-136.0,2
18958,29.0,-247.0,-51.0,-153.0,-211.0,-156.0,74.0,-949.0,-131.0,2
18959,27.0,-250.0,-51.0,-129.0,-212.0,-146.0,68.0,-952.0,-129.0,2
18960,21.0,-246.0,-48.0,-101.0,-212.0,-135.0,60.0,-952.0,-120.0,2
18961,22.0,-250.0,-46.0,-78.0,-212.0,-118.0,53.0,-951.0,-116.0,2
18962,21.0,-247.0,-44.0,-54.0,-215.0,-104.0,48.0,-948.0,-112.0,2
18963,18.0,-247.0,-46.0,-41.0,-220.0,-86.0,51.0,-940.0,-102.0,2
18964,20.0,-241.0,-42.0,-35.0,-224.0,-76.0,38.0,-933.0,-107.0,2
18965,11.0,-241.0,-40.0,-32.0,-230.0,-58.0,22.0,-926.0,-87.0,2
18966,9.0,-234.0,-38.0,-29.0,-236.0,-46.0,13.0,-915.0,-83.0,2
18967,12.0,-234.0,-39.0,-29.0,-242.0,-31.0,20.0,-907.0,-87.0,2
18968,16.0,-235.0,-44.0,-30.0,-255.0,-20.0,19.0,-904.0,-91.0,2
18969,12.0,-234.0,-40.0,-31.0,-265.0,-5.0,22.0,-901.0,-91.0,2
18970,15.0,-233.0,-40.0,-31.0,-277.0,0.0,17.0,-905.0,-87.0,2
18971,11.0,-234.0,-42.0,-38.0,-290.0,8.0,18.0,-912.0,-90.0,2
18972,18.0,-238.0,-42.0,-44.0,-306.0,12.0,34.0,-923.0,-86.0,2
18973,22.0,-240.0,-45.0,-50.0,-319.0,21.0,58.0,-934.0,-90.0,2
18974,30.0,-247.0,-45.0,-50.0,-328.0,21.0,79.0,-947.0,-101.0,2
18975,38.0,-251.0,-49.0,-49.0,-326.0,25.0,103.0,-961.0,-120.0,2
18976,37.0,-253.0,-56.0,-48.0,-310.0,22.0,122.0,-973.0,-138.0,2
18977,44.0,-258.0,-61.0,-43.0,-288.0,22.0,135.0,-996.0,-161.0,2
18978,44.0,-259.0,-67.0,-34.0,-262.0,10.0,134.0,-1013.0,-178.0,2
18979,38.0,-264.0,-66.0,-25.0,-245.0,-5.0,128.0,-1031.0,-186.0,2
18980,33.0,-263.0,-68.0,-13.0,-246.0,-24.0,110.0,-1045.0,-200.0,2
18981,37.0,-268.0,-63.0,-1.0,-257.0,-34.0,106.0,-1036.0,-205.0,2
18982,34.0,-263.0,-73.0,11.0,-266.0,-46.0,95.0,-1030.0,-217.0,2
18983,29.0,-261.0,-76.0,25.0,-263.0,-48.0,86.0,-1023.0,-234.0,2
18984,27.0,-257.0,-82.0,35.0,-245.0,-52.0,76.0,-1000.0,-255.0,2
18985,25.0,-248.0,-87.0,40.0,-230.0,-50.0,75.0,-977.0,-270.0,2
18986,32.0,-246.0,-85.0,37.0,-217.0,-49.0,92.0,-952.0,-270.0,2
18987,37.0,-239.0,-81.0,31.0,-203.0,-45.0,110.0,-938.0,-256.0,2
18988,44.0,-242.0,-75.0,28.0,-191.0,-48.0,131.0,-934.0,-233.0,2
18989,46.0,-242.0,-61.0,22.0,-179.0,-50.0,152.0,-942.0,-195.0,2
18990,49.0,-249.0,-52.0,15.0,-175.0,-65.0,163.0,-954.0,-148.0,2
18991,48.0,-256.0,-42.0,2.0,-186.0,-73.0,159.0,-979.0,-102.0,2
18992,45.0,-260.0,-31.0,-14.0,-210.0,-83.0,144.0,-1019.0,-50.0,2
18993,39.0,-267.0,-24.0,-19.0,-236.0,-91.0,119.0,-1046.0,-22.0,2
18994,35.0,-274.0,-19.0,-15.0,-259.0,-101.0,97.0,-1074.0,-7.0,2
18995,29.0,-283.0,-14.0,-3.0,-273.0,-103.0,71.0,-1094.0,12.0,2
18996,19.0,-289.0,-16.0,22.0,-277.0,-103.0,50.0,-1115.0,15.0,2
18997,11.0,-296.0,-15.0,50.0,-283.0,-91.0,10.0,-1133.0,13.0,2
18998,0.0,-296.0,-16.0,78.0,-296.0,-84.0,-23.0,-1143.0,15.0,2
18999,-3.0,-296.0,-15.0,92.0,-318.0,-67.0,-39.0,-1137.0,17.0,2
19000,-2.0,-294.0,-19.0,104.0,-340.0,-54.0,-38.0,-1137.0,-11.0,2
19001,-7.0,-291.0,-33.0,96.0,-356.0,-35.0,-39.0,-1135.0,-37.0,2
19002,-1.0,-290.0,-39.0,65.0,-387.0,-22.0,-30.0,-1132.0,-73.0,2
19003,3.0,-288.0,-39.0,33.0,-431.0,-13.0,-17.0,-1111.0,-75.0,2
19004,15.0,-289.0,-52.0,39.0,-474.0,-16.0,18.0,-1125.0,-122.0,2
19005,26.0,-287.0,-59.0,54.0,-505.0,-31.0,65.0,-1123.0,-154.0,2
19006,40.0,-290.0,-56.0,65.0,-520.0,-48.0,116.0,-1132.0,-159.0,2
19007,53.0,-291.0,-50.0,76.0,-518.0,-61.0,169.0,-1141.0,-128.0,2
19008,64.0,-292.0,-48.0,102.0,-488.0,-80.0,210.0,-1146.0,-111.0,2
19009,76.0,-295.0,-46.0,125.0,-443.0,-89.0,252.0,-1151.0,-110.0,2
19010,86.0,-296.0,-40.0,147.0,-390.0,-97.0,293.0,-1154.0,-104.0,2
19011,97.0,-297.0,-52.0,169.0,-331.0,-104.0,316.0,-1147.0,-120.0,2
19012,100.0,-290.0,-57.0,181.0,-270.0,-115.0,335.0,-1139.0,-153.0,2
19013,97.0,-289.0,-65.0,182.0,-209.0,-121.0,329.0,-1122.0,-178.0,2
19014,89.0,-284.0,-68.0,177.0,-145.0,-133.0,303.0,-1115.0,-202.0,2
19015,80.0,-282.0,-78.0,167.0,-82.0,-131.0,277.0,-1124.0,-228.0,2
19016,71.0,-285.0,-84.0,148.0,-28.0,-124.0,251.0,-1132.0,-258.0,2
19017,73.0,-289.0,-88.0,129.0,16.0,-105.0,251.0,-1129.0,-272.0,2
19018,71.0,-291.0,-93.0,120.0,58.0,-89.0,241.0,-1135.0,-282.0,2
19019,74.0,-293.0,-96.0,122.0,122.0,-73.0,246.0,-1137.0,-312.0,2
19020,76.0,-292.0,-106.0,132.0,189.0,-65.0,247.0,-1147.0,-357.0,2
19021,71.0,-289.0,-121.0,133.0,254.0,-57.0,241.0,-1142.0,-411.0,2
19022,67.0,-294.0,-136.0,123.0,314.0,-60.0,234.0,-1147.0,-463.0,2
19023,59.0,-297.0,-142.0,110.0,359.0,-70.0,207.0,-1157.0,-507.0,2
19024,40.0,-300.0,-139.0,100.0,378.0,-94.0,131.0,-1171.0,-497.0,2
19025,22.0,-303.0,-124.0,97.0,365.0,-113.0,49.0,-1175.0,-434.0,2
19026,1.0,-305.0,-106.0,100.0,321.0,-128.0,-28.0,-1171.0,-366.0,2
19027,-12.0,-302.0,-93.0,115.0,263.0,-126.0,-74.0,-1154.0,-308.0,2
19028,-20.0,-288.0,-87.0,141.0,202.0,-117.0,-105.0,-1123.0,-278.0,2
19029,-17.0,-272.0,-94.0,185.0,148.0,-97.0,-110.0,-1070.0,-292.0,2
19030,-21.0,-256.0,-107.0,248.0,119.0,-83.0,-119.0,-1006.0,-355.0,2
19031,-29.0,-237.0,-125.0,294.0,100.0,-74.0,-133.0,-935.0,-408.0,2
19032,-37.0,-223.0,-133.0,314.0,80.0,-76.0,-167.0,-855.0,-478.0,2
19033,-46.0,-201.0,-140.0,301.0,51.0,-74.0,-209.0,-793.0,-503.0,2
19034,-56.0,-191.0,-143.0,261.0,11.0,-72.0,-233.0,-740.0,-514.0,2
19035,-60.0,-180.0,-143.0,206.0,-39.0,-65.0,-250.0,-701.0,-506.0,2
19036,-66.0,-174.0,-137.0,141.0,-90.0,-61.0,-268.0,-682.0,-500.0,2
19037,-63.0,-170.0,-132.0,73.0,-138.0,-49.0,-260.0,-677.0,-454.0,2
19038,-59.0,-172.0,-123.0,25.0,-179.0,-43.0,-258.0,-672.0,-432.0,2
19039,-56.0,-179.0,-126.0,-11.0,-205.0,-25.0,-253.0,-700.0,-421.0,2
19040,-48.0,-184.0,-121.0,-53.0,-214.0,-13.0,-225.0,-713.0,-416.0,2
19041,-42.0,-191.0,-121.0,-79.0,-207.0,1.0,-196.0,-742.0,-418.0,2
19042,-32.0,-195.0,-120.0,-97.0,-186.0,12.0,-160.0,-770.0,-408.0,2
19043,-23.0,-202.0,-116.0,-103.0,-160.0,29.0,-129.0,-791.0,-394.0,2
19044,-12.0,-209.0,-113.0,-99.0,-143.0,39.0,-100.0,-803.0,-380.0,2
19045,-7.0,-213.0,-113.0,-95.0,-137.0,58.0,-61.0,-832.0,-373.0,2
19046,1.0,-214.0,-104.0,-96.0,-125.0,73.0,-24.0,-847.0,-354.0,2
19047,6.0,-220.0,-104.0,-100.0,-108.0,94.0,-7.0,-866.0,-342.0,2
19048,15.0,-226.0,-96.0,-111.0,-83.0,114.0,21.0,-883.0,-318.0,2
19049,20.0,-231.0,-93.0,-114.0,-51.0,134.0,52.0,-897.0,-291.0,2
19050,32.0,-235.0,-85.0,-104.0,-3.0,154.0,74.0,-909.0,-273.0,2
19051,30.0,-239.0,-86.0,-89.0,45.0,168.0,88.0,-932.0,-274.0,2
19052,36.0,-247.0,-86.0,-90.0,84.0,177.0,99.0,-956.0,-275.0,2
19053,37.0,-256.0,-84.0,-96.0,114.0,192.0,96.0,-973.0,-267.0,2
19054,31.0,-257.0,-84.0,-97.0,137.0,207.0,94.0,-997.0,-272.0,2
19055,30.0,-258.0,-85.0,-87.0,151.0,224.0,79.0,-1011.0,-264.0,2
19056,23.0,-261.0,-80.0,-66.0,154.0,234.0,65.0,-1018.0,-257.0,2
19057,19.0,-261.0,-84.0,-29.0,163.0,243.0,31.0,-1015.0,-255.0,2
19058,9.0,-261.0,-91.0,19.0,182.0,256.0,5.0,-1022.0,-284.0,2
19059,8.0,-260.0,-90.0,53.0,199.0,268.0,1.0,-1024.0,-284.0,2
19060,1.0,-259.0,-89.0,89.0,216.0,268.0,-22.0,-1020.0,-290.0,2
19061,-6.0,-258.0,-98.0,114.0,240.0,281.0,-53.0,-1012.0,-312.0,2
19062,-7.0,-260.0,-94.0,118.0,257.0,287.0,-51.0,-991.0,-290.0,2
19063,-6.0,-253.0,-85.0,125.0,259.0,288.0,-52.0,-974.0,-285.0,2
19064,-2.0,-248.0,-84.0,133.0,261.0,283.0,-48.0,-943.0,-272.0,2
19065,-2.0,-242.0,-84.0,145.0,277.0,279.0,-49.0,-926.0,-258.0,2
19066,-4.0,-237.0,-86.0,146.0,298.0,278.0,-40.0,-916.0,-261.0,2
19067,-5.0,-232.0,-77.0,130.0,316.0,282.0,-59.0,-904.0,-251.0,2
19068,-11.0,-228.0,-74.0,114.0,330.0,281.0,-61.0,-890.0,-226.0,2
19069,-10.0,-226.0,-72.0,101.0,329.0,277.0,-62.0,-880.0,-218.0,2
19070,-4.0,-222.0,-74.0,91.0,327.0,268.0,-54.0,-879.0,-224.0,2
19071,-6.0,-226.0,-69.0,73.0,334.0,261.0,-41.0,-866.0,-225.0,2
19072,-2.0,-219.0,-66.0,57.0,359.0,256.0,-37.0,-853.0,-201.0,2
19073,-2.0,-220.0,-67.0,57.0,382.0,255.0,-28.0,-850.0,-198.0,2
19074,3.0,-218.0,-66.0,56.0,405.0,244.0,-13.0,-856.0,-204.0,2
19075,-3.0,-214.0,-64.0,53.0,424.0,234.0,-33.0,-848.0,-191.0,2
19076,-7.0,-219.0,-67.0,49.0,437.0,227.0,-48.0,-856.0,-185.0,2
19077,-11.0,-222.0,-64.0,43.0,441.0,229.0,-70.0,-865.0,-192.0,2
19078,-17.0,-221.0,-65.0,34.0,441.0,226.0,-87.0,-868.0,-185.0,2
19079,-19.0,-225.0,-64.0,33.0,433.0,228.0,-99.0,-876.0,-191.0,2
19080,-21.0,-226.0,-67.0,26.0,420.0,231.0,-107.0,-884.0,-194.0,2
19081,-20.0,-232.0,-71.0,16.0,407.0,239.0,-110.0,-892.0,-203.0,2
19082,-19.0,-234.0,-66.0,-1.0,392.0,241.0,-108.0,-901.0,-203.0,2
19083,-20.0,-238.0,-64.0,-23.0,380.0,246.0,-107.0,-909.0,-195.0,2
19084,-22.0,-235.0,-66.0,-31.0,363.0,243.0,-105.0,-924.0,-195.0,2
19085,-22.0,-239.0,-67.0,-37.0,346.0,241.0,-111.0,-921.0,-196.0,2
19086,-21.0,-243.0,-63.0,-33.0,328.0,234.0,-114.0,-933.0,-184.0,2
19087,-23.0,-244.0,-70.0,-20.0,312.0,230.0,-118.0,-937.0,-199.0,2
19088,-21.0,-241.0,-62.0,-16.0,297.0,224.0,-110.0,-933.0,-197.0,2
19089,-20.0,-241.0,-63.0,-13.0,287.0,218.0,-110.0,-930.0,-187.0,2
19090,-15.0,-241.0,-64.0,-10.0,287.0,212.0,-105.0,-926.0,-182.0,2
19091,-14.0,-237.0,-62.0,-16.0,293.0,210.0,-101.0,-918.0,-180.0,2
19092,-12.0,-237.0,-60.0,-24.0,303.0,202.0,-86.0,-913.0,-166.0,2
19093,-11.0,-232.0,-57.0,-24.0,318.0,195.0,-68.0,-903.0,-166.0,2
19094,-7.0,-234.0,-58.0,-22.0,330.0,180.0,-49.0,-898.0,-172.0,2
19095,-10.0,-228.0,-62.0,-20.0,342.0,169.0,-50.0,-893.0,-184.0,2
19096,-9.0,-225.0,-67.0,-24.0,351.0,156.0,-49.0,-888.0,-189.0,2
19097,-7.0,-227.0,-68.0,-28.0,355.0,145.0,-49.0,-881.0,-195.0,2
19098,-4.0,-227.0,-66.0,-33.0,351.0,130.0,-40.0,-879.0,-203.0,2
19099,-3.0,-230.0,-69.0,-47.0,348.0,121.0,-42.0,-883.0,-201.0,2
19100,-7.0,-229.0,-65.0,-66.0,349.0,111.0,-43.0,-899.0,-191.0,2
19101,-8.0,-232.0,-66.0,-82.0,355.0,101.0,-56.0,-895.0,-189.0,2
19102,-5.0,-234.0,-58.0,-93.0,363.0,96.0,-56.0,-899.0,-170.0,2
19103,-3.0,-238.0,-56.0,-89.0,371.0,85.0,-41.0,-911.0,-162.0,2
19104,-8.0,-239.0,-56.0,-79.0,376.0,71.0,-48.0,-925.0,-151.0,2
19105,-4.0,-245.0,-53.0,-69.0,379.0,65.0,-59.0,-933.0,-148.0,2
19106,-8.0,-243.0,-53.0,-54.0,384.0,56.0,-56.0,-935.0,-143.0,2
19107,-7.0,-246.0,-53.0,-37.0,381.0,47.0,-52.0,-945.0,-144.0,2
19108,-6.0,-249.0,-53.0,-23.0,376.0,32.0,-47.0,-945.0,-139.0,2
19109,-8.0,-246.0,-55.0,-12.0,369.0,19.0,-60.0,-949.0,-145.0,2
19110,-8.0,-246.0,-53.0,-8.0,367.0,8.0,-66.0,-946.0,-150.0,2
19111,-10.0,-241.0,-58.0,-11.0,363.0,4.0,-64.0,-949.0,-150.0,2
19112,-11.0,-244.0,-59.0,-20.0,356.0,0.0,-72.0,-940.0,-158.0,2
19113,-11.0,-245.0,-57.0,-36.0,349.0,2.0,-79.0,-933.0,-153.0,2
19114,-15.0,-244.0,-56.0,-55.0,338.0,3.0,-84.0,-937.0,-150.0,2
19115,-13.0,-245.0,-54.0,-63.0,328.0,7.0,-87.0,-940.0,-139.0,2
19116,-12.0,-249.0,-55.0,-67.0,321.0,7.0,-90.0,-939.0,-138.0,2
19117,-13.0,-244.0,-50.0,-66.0,313.0,8.0,-95.0,-939.0,-129.0,2
19118,-22.0,-243.0,-53.0,-63.0,303.0,6.0,-107.0,-944.0,-129.0,2
19119,-23.0,-245.0,-48.0,-64.0,289.0,5.0,-113.0,-936.0,-133.0,2
19120,-22.0,-245.0,-49.0,-67.0,277.0,4.0,-113.0,-929.0,-125.0,2
19121,-22.0,-241.0,-48.0,-63.0,258.0,6.0,-122.0,-927.0,-123.0,2
19122,-23.0,-242.0,-49.0,-55.0,241.0,6.0,-125.0,-928.0,-131.0,2
19123,-27.0,-243.0,-52.0,-54.0,231.0,7.0,-129.0,-928.0,-139.0,2
19124,-25.0,-240.0,-52.0,-56.0,229.0,8.0,-127.0,-924.0,-142.0,2
19125,-25.0,-242.0,-55.0,-67.0,235.0,14.0,-124.0,-929.0,-140.0,2
19126,-21.0,-239.0,-49.0,-74.0,239.0,17.0,-110.0,-927.0,-132.0,2
19127,-13.0,-240.0,-47.0,-76.0,247.0,24.0,-95.0,-933.0,-125.0,2
19128,-12.0,-241.0,-45.0,-80.0,260.0,27.0,-73.0,-930.0,-115.0,2
19129,-6.0,-239.0,-44.0,-81.0,274.0,31.0,-59.0,-926.0,-103.0,2
19130,-3.0,-240.0,-44.0,-82.0,281.0,29.0,-43.0,-927.0,-100.0,2
19131,-4.0,-240.0,-47.0,-90.0,284.0,25.0,-39.0,-938.0,-114.0,2
19132,-4.0,-242.0,-48.0,-107.0,283.0,18.0,-34.0,-931.0,-117.0,2
19133,-6.0,-245.0,-48.0,-117.0,278.0,14.0,-37.0,-946.0,-125.0,2
19134,-5.0,-248.0,-53.0,-127.0,274.0,9.0,-42.0,-957.0,-131.0,2
19135,-3.0,-248.0,-54.0,-131.0,272.0,5.0,-33.0,-960.0,-137.0,2
19136,-3.0,-252.0,-55.0,-133.0,278.0,4.0,-38.0,-970.0,-149.0,2
19137,-7.0,-252.0,-50.0,-132.0,293.0,-2.0,-46.0,-971.0,-135.0,2
19138,-5.0,-257.0,-48.0,-119.0,308.0,-6.0,-51.0,-969.0,-119.0,2
19139,-9.0,-252.0,-44.0,-93.0,326.0,-7.0,-61.0,-975.0,-106.0,2
19140,-7.0,-256.0,-46.0,-67.0,347.0,-11.0,-57.0,-977.0,-108.0,2
19141,-7.0,-253.0,-43.0,-47.0,370.0,-16.0,-57.0,-977.0,-100.0,2
19142,-9.0,-253.0,-49.0,-42.0,389.0,-19.0,-58.0,-978.0,-105.0,2
19143,-6.0,-251.0,-50.0,-48.0,410.0,-19.0,-51.0,-978.0,-102.0,2
19144,-4.0,-255.0,-39.0,-54.0,424.0,-22.0,-42.0,-984.0,-96.0,2
19145,-6.0,-257.0,-43.0,-53.0,433.0,-26.0,-42.0,-986.0,-91.0,2
19146,1.0,-260.0,-47.0,-45.0,442.0,-26.0,-25.0,-1006.0,-100.0,2
19147,5.0,-258.0,-39.0,-47.0,449.0,-24.0,-6.0,-1006.0,-90.0,2
19148,8.0,-261.0,-37.0,-48.0,460.0,-25.0,1.0,-1017.0,-73.0,2
19149,9.0,-266.0,-34.0,-48.0,473.0,-23.0,3.0,-1030.0,-68.0,2
19150,6.0,-268.0,-37.0,-48.0,488.0,-18.0,1.0,-1047.0,-58.0,2
19151,10.0,-272.0,-27.0,-50.0,508.0,-12.0,2.0,-1053.0,-40.0,2
19152,7.0,-274.0,-29.0,-38.0,529.0,-3.0,-3.0,-1068.0,-31.0,2
19153,5.0,-275.0,-23.0,-20.0,546.0,5.0,-11.0,-1069.0,-18.0,2
19154,2.0,-275.0,-18.0,10.0,564.0,15.0,-25.0,-1065.0,-3.0,2
19155,4.0,-274.0,-21.0,44.0,579.0,22.0,-27.0,-1067.0,-7.0,2
19156,-2.0,-274.0,-22.0,77.0,591.0,32.0,-40.0,-1061.0,-11.0,2
19157,-8.0,-268.0,-19.0,104.0,603.0,41.0,-53.0,-1049.0,-6.0,2
19158,-10.0,-265.0,-24.0,115.0,611.0,50.0,-65.0,-1036.0,-10.0,2
19159,-10.0,-263.0,-19.0,117.0,615.0,54.0,-75.0,-1027.0,-4.0,2
19160,-12.0,-263.0,-21.0,121.0,616.0,55.0,-91.0,-1018.0,2.0,2
19161,-12.0,-260.0,-16.0,127.0,617.0,58.0,-92.0,-1005.0,7.0,2
19162,-12.0,-257.0,-17.0,130.0,619.0,56.0,-94.0,-1000.0,7.0,2
19163,-13.0,-254.0,-16.0,128.0,621.0,52.0,-87.0,-980.0,17.0,2
19164,-12.0,-254.0,-11.0,126.0,619.0,46.0,-86.0,-975.0,27.0,2
19165,-14.0,-247.0,-8.0,120.0,612.0,33.0,-82.0,-955.0,32.0,2
19166,-12.0,-248.0,-16.0,105.0,604.0,17.0,-84.0,-953.0,8.0,2
19167,-16.0,-248.0,-18.0,82.0,589.0,-4.0,-95.0,-952.0,-13.0,2
19168,-19.0,-248.0,-34.0,52.0,574.0,-20.0,-103.0,-958.0,-74.0,2
19169,-24.0,-251.0,-52.0,2.0,566.0,-38.0,-122.0,-967.0,-129.0,2
19170,-30.0,-252.0,-58.0,-62.0,565.0,-52.0,-150.0,-984.0,-172.0,2
19171,-39.0,-264.0,-65.0,-119.0,571.0,-59.0,-179.0,-1024.0,-189.0,2
19172,-47.0,-275.0,-68.0,-160.0,581.0,-61.0,-208.0,-1078.0,-209.0,2
19173,-58.0,-293.0,-60.0,-189.0,594.0,-58.0,-251.0,-1123.0,-182.0,2
19174,-64.0,-309.0,-43.0,-195.0,583.0,-44.0,-273.0,-1168.0,-121.0,2
19175,-71.0,-320.0,-38.0,-163.0,531.0,-32.0,-283.0,-1210.0,-83.0,2
19176,-74.0,-320.0,-41.0,-109.0,462.0,-17.0,-306.0,-1221.0,-88.0,2
19177,-69.0,-319.0,-46.0,-62.0,394.0,2.0,-291.0,-1228.0,-116.0,2
19178,-70.0,-311.0,-57.0,-33.0,314.0,20.0,-286.0,-1204.0,-161.0,2
19179,-65.0,-301.0,-68.0,-15.0,242.0,32.0,-275.0,-1162.0,-212.0,2
19180,-64.0,-293.0,-77.0,-7.0,165.0,43.0,-273.0,-1131.0,-246.0,2
19181,-62.0,-286.0,-84.0,0.0,90.0,52.0,-266.0,-1119.0,-271.0,2
19182,-61.0,-285.0,-84.0,2.0,28.0,71.0,-252.0,-1100.0,-267.0,2
19183,-56.0,-285.0,-79.0,9.0,-24.0,95.0,-242.0,-1101.0,-257.0,2
19184,-56.0,-287.0,-74.0,23.0,-69.0,114.0,-236.0,-1118.0,-245.0,2
19185,-50.0,-294.0,-75.0,40.0,-107.0,131.0,-222.0,-1135.0,-238.0,2
19186,-42.0,-298.0,-70.0,57.0,-142.0,150.0,-197.0,-1148.0,-203.0,2
19187,-42.0,-303.0,-56.0,85.0,-184.0,163.0,-180.0,-1165.0,-173.0,2
19188,-27.0,-304.0,-56.0,122.0,-230.0,175.0,-155.0,-1175.0,-154.0,2
19189,-18.0,-303.0,-56.0,178.0,-271.0,184.0,-107.0,-1166.0,-138.0,2
19190,-5.0,-301.0,-52.0,229.0,-304.0,186.0,-57.0,-1158.0,-130.0,2
19191,4.0,-292.0,-55.0,272.0,-332.0,188.0,-26.0,-1141.0,-153.0,2
19192,10.0,-290.0,-57.0,297.0,-349.0,166.0,4.0,-1108.0,-167.0,2
19193,15.0,-276.0,-65.0,305.0,-355.0,129.0,32.0,-1070.0,-206.0,2
19194,23.0,-261.0,-76.0,289.0,-357.0,93.0,55.0,-1020.0,-255.0,2
19195,20.0,-250.0,-95.0,249.0,-345.0,55.0,45.0,-966.0,-298.0,2
19196,16.0,-236.0,-107.0,194.0,-317.0,27.0,17.0,-927.0,-347.0,2
19197,9.0,-228.0,-115.0,138.0,-268.0,9.0,6.0,-907.0,-390.0,2
19198,15.0,-232.0,-118.0,92.0,-206.0,4.0,15.0,-902.0,-407.0,2
19199,21.0,-235.0,-119.0,59.0,-145.0,2.0,30.0,-904.0,-409.0,2
19200,21.0,-237.0,-115.0,30.0,-85.0,3.0,52.0,-916.0,-395.0,2
19201,26.0,-243.0,-111.0,10.0,-54.0,-1.0,64.0,-937.0,-377.0,2
19202,24.0,-243.0,-105.0,-8.0,-34.0,-3.0,67.0,-946.0,-358.0,2
19203,25.0,-249.0,-106.0,-17.0,-24.0,-5.0,72.0,-964.0,-346.0,2
19204,29.0,-252.0,-105.0,-20.0,-19.0,-6.0,76.0,-967.0,-358.0,2
19205,28.0,-250.0,-109.0,-17.0,-10.0,-6.0,69.0,-969.0,-370.0,2
19206,22.0,-249.0,-117.0,-15.0,-1.0,-3.0,58.0,-969.0,-389.0,2
19207,23.0,-246.0,-121.0,-6.0,5.0,2.0,60.0,-949.0,-396.0,2
19208,19.0,-239.0,-120.0,10.0,0.0,9.0,44.0,-928.0,-409.0,2
19209,15.0,-232.0,-122.0,30.0,-15.0,18.0,41.0,-902.0,-411.0,2
19210,18.0,-221.0,-122.0,43.0,-36.0,31.0,49.0,-870.0,-410.0,2
19211,19.0,-213.0,-124.0,43.0,-54.0,38.0,58.0,-839.0,-424.0,2
19212,25.0,-203.0,-124.0,21.0,-58.0,47.0,65.0,-806.0,-434.0,2
19213,29.0,-196.0,-124.0,-16.0,-43.0,56.0,81.0,-784.0,-432.0,2
19214,30.0,-195.0,-120.0,-58.0,-13.0,67.0,93.0,-781.0,-413.0,2
19215,34.0,-196.0,-116.0,-93.0,11.0,73.0,103.0,-765.0,-392.0,2
19216,35.0,-196.0,-113.0,-118.0,34.0,78.0,107.0,-778.0,-383.0,2
19217,37.0,-199.0,-103.0,-116.0,46.0,80.0,115.0,-763.0,-335.0,2
19218,43.0,-199.0,-114.0,-91.0,40.0,79.0,127.0,-795.0,-387.0,2
19219,42.0,-202.0,-124.0,-95.0,50.0,66.0,127.0,-821.0,-420.0,2
19220,44.0,-209.0,-116.0,-135.0,84.0,58.0,138.0,-836.0,-398.0,2
19221,47.0,-226.0,-115.0,-161.0,125.0,45.0,147.0,-869.0,-378.0,2
19222,47.0,-237.0,-108.0,-165.0,145.0,19.0,144.0,-906.0,-362.0,2
19223,47.0,-239.0,-101.0,-163.0,162.0,-11.0,141.0,-931.0,-346.0,2
19224,40.0,-246.0,-93.0,-156.0,175.0,-37.0,130.0,-961.0,-316.0,2
19225,38.0,-250.0,-95.0,-137.0,179.0,-71.0,117.0,-975.0,-299.0,2
19226,29.0,-254.0,-91.0,-120.0,175.0,-103.0,81.0,-972.0,-292.0,2
19227,22.0,-254.0,-89.0,-97.0,168.0,-129.0,55.0,-981.0,-292.0,2
19228,8.0,-252.0,-91.0,-80.0,148.0,-149.0,19.0,-995.0,-295.0,2
19229,5.0,-252.0,-88.0,-74.0,121.0,-166.0,-2.0,-984.0,-289.0,2
19230,1.0,-257.0,-90.0,-69.0,96.0,-169.0,-13.0,-982.0,-274.0,2
19231,-6.0,-257.0,-84.0,-65.0,71.0,-179.0,-38.0,-1002.0,-267.0,2
19232,-10.0,-256.0,-84.0,-67.0,47.0,-189.0,-60.0,-981.0,-250.0,2
19233,-12.0,-257.0,-77.0,-64.0,25.0,-198.0,-68.0,-1001.0,-238.0,2
19234,-12.0,-256.0,-74.0,-59.0,-3.0,-206.0,-77.0,-988.0,-223.0,2
19235,-11.0,-259.0,-77.0,-53.0,-29.0,-219.0,-82.0,-995.0,-245.0,2
19236,-16.0,-259.0,-75.0,-52.0,-54.0,-224.0,-86.0,-984.0,-234.0,2
19237,-12.0,-258.0,-75.0,-40.0,-82.0,-228.0,-83.0,-985.0,-227.0,2
19238,-11.0,-253.0,-74.0,-13.0,-110.0,-233.0,-72.0,-976.0,-227.0,2
19239,-6.0,-252.0,-76.0,18.0,-134.0,-240.0,-60.0,-966.0,-229.0,2
19240,-5.0,-242.0,-71.0,42.0,-154.0,-241.0,-40.0,-946.0,-222.0,2
19241,0.0,-240.0,-72.0,55.0,-168.0,-244.0,-24.0,-930.0,-225.0,2
19242,12.0,-238.0,-71.0,57.0,-169.0,-243.0,4.0,-915.0,-220.0,2
19243,13.0,-233.0,-67.0,52.0,-157.0,-250.0,23.0,-902.0,-208.0,2
19244,21.0,-229.0,-64.0,45.0,-151.0,-253.0,47.0,-897.0,-193.0,2
19245,23.0,-232.0,-67.0,35.0,-151.0,-263.0,52.0,-891.0,-199.0,2
19246,26.0,-228.0,-64.0,19.0,-151.0,-266.0,73.0,-883.0,-201.0,2
19247,28.0,-224.0,-68.0,3.0,-149.0,-269.0,87.0,-883.0,-189.0,2
19248,31.0,-223.0,-67.0,-7.0,-153.0,-269.0,100.0,-884.0,-199.0,2
19249,38.0,-226.0,-69.0,-14.0,-152.0,-276.0,114.0,-878.0,-206.0,2
19250,36.0,-223.0,-74.0,-28.0,-143.0,-280.0,117.0,-883.0,-211.0,2
19251,36.0,-225.0,-67.0,-47.0,-130.0,-282.0,109.0,-881.0,-209.0,2
19252,34.0,-226.0,-69.0,-56.0,-115.0,-277.0,105.0,-877.0,-205.0,2
19253,38.0,-228.0,-68.0,-56.0,-103.0,-277.0,111.0,-878.0,-203.0,2
19254,34.0,-227.0,-68.0,-53.0,-94.0,-276.0,102.0,-889.0,-208.0,2
19255,31.0,-228.0,-71.0,-59.0,-87.0,-278.0,92.0,-879.0,-204.0,2
19256,27.0,-226.0,-66.0,-70.0,-85.0,-277.0,87.0,-881.0,-197.0,2
19257,23.0,-225.0,-66.0,-77.0,-92.0,-275.0,71.0,-879.0,-199.0,2
19258,26.0,-228.0,-74.0,-91.0,-92.0,-271.0,68.0,-885.0,-219.0,2
19259,24.0,-227.0,-62.0,-117.0,-79.0,-274.0,69.0,-897.0,-187.0,2
19260,13.0,-235.0,-64.0,-129.0,-80.0,-280.0,27.0,-903.0,-184.0,2
19261,10.0,-235.0,-64.0,-138.0,-91.0,-282.0,6.0,-908.0,-188.0,2
19262,2.0,-234.0,-64.0,-143.0,-96.0,-265.0,-7.0,-916.0,-187.0,2
19263,2.0,-234.0,-63.0,-152.0,-96.0,-253.0,-14.0,-913.0,-180.0,2
19264,5.0,-235.0,-62.0,-156.0,-99.0,-236.0,-7.0,-909.0,-180.0,2
19265,6.0,-232.0,-59.0,-160.0,-106.0,-229.0,-4.0,-906.0,-180.0,2
19266,14.0,-223.0,-39.0,-164.0,-116.0,-220.0,-3.0,-889.0,-167.0,2
19267,9.0,-228.0,-63.0,-164.0,-129.0,-215.0,5.0,-886.0,-177.0,2
19268,13.0,-229.0,-61.0,-169.0,-132.0,-209.0,17.0,-882.0,-182.0,2
19269,13.0,-228.0,-62.0,-181.0,-124.0,-208.0,20.0,-879.0,-174.0,2
19270,13.0,-224.0,-61.0,-188.0,-122.0,-204.0,22.0,-875.0,-162.0,2
19271,15.0,-221.0,-51.0,-192.0,-126.0,-199.0,35.0,-867.0,-151.0,2
19272,20.0,-222.0,-50.0,-192.0,-134.0,-191.0,44.0,-864.0,-134.0,2
19273,22.0,-221.0,-53.0,-195.0,-145.0,-187.0,61.0,-859.0,-133.0,2
19274,27.0,-223.0,-51.0,-198.0,-147.0,-180.0,77.0,-863.0,-131.0,2
19275,27.0,-220.0,-55.0,-205.0,-143.0,-175.0,79.0,-862.0,-134.0,2
19276,30.0,-223.0,-52.0,-212.0,-135.0,-168.0,91.0,-874.0,-138.0,2
19277,27.0,-224.0,-56.0,-216.0,-130.0,-164.0,88.0,-879.0,-147.0,2
19278,30.0,-226.0,-55.0,-221.0,-127.0,-154.0,94.0,-894.0,-150.0,2
19279,31.0,-238.0,-57.0,-226.0,-133.0,-150.0,95.0,-907.0,-154.0,2
19280,26.0,-238.0,-59.0,-226.0,-142.0,-141.0,86.0,-921.0,-150.0,2
19281,27.0,-241.0,-53.0,-219.0,-150.0,-135.0,80.0,-929.0,-146.0,2
19282,27.0,-245.0,-55.0,-203.0,-158.0,-122.0,82.0,-947.0,-143.0,2
19283,28.0,-247.0,-56.0,-180.0,-165.0,-115.0,78.0,-951.0,-133.0,2
19284,26.0,-250.0,-49.0,-159.0,-174.0,-102.0,72.0,-961.0,-132.0,2
19285,20.0,-248.0,-49.0,-141.0,-183.0,-89.0,61.0,-956.0,-123.0,2
19286,17.0,-252.0,-48.0,-114.0,-187.0,-74.0,49.0,-965.0,-121.0,2
19287,18.0,-247.0,-47.0,-91.0,-189.0,-61.0,34.0,-960.0,-118.0,2
19288,17.0,-250.0,-45.0,-69.0,-192.0,-40.0,30.0,-963.0,-125.0,2
19289,12.0,-246.0,-53.0,-56.0,-193.0,-28.0,29.0,-955.0,-121.0,2
19290,12.0,-246.0,-49.0,-46.0,-198.0,-13.0,22.0,-950.0,-118.0,2
19291,13.0,-247.0,-49.0,-38.0,-202.0,-3.0,20.0,-945.0,-114.0,2
19292,14.0,-247.0,-52.0,-34.0,-208.0,9.0,21.0,-947.0,-111.0,2
19293,13.0,-246.0,-47.0,-34.0,-213.0,11.0,19.0,-944.0,-113.0,2
19294,13.0,-244.0,-48.0,-39.0,-218.0,16.0,24.0,-941.0,-106.0,2
19295,14.0,-244.0,-48.0,-45.0,-222.0,12.0,21.0,-943.0,-101.0,2
19296,15.0,-247.0,-43.0,-49.0,-231.0,10.0,27.0,-943.0,-100.0,2
19297,15.0,-246.0,-44.0,-49.0,-239.0,2.0,38.0,-952.0,-102.0,2
19298,19.0,-246.0,-44.0,-51.0,-241.0,-2.0,47.0,-955.0,-103.0,2
19299,26.0,-249.0,-46.0,-49.0,-237.0,-11.0,59.0,-964.0,-109.0,2
19300,27.0,-253.0,-50.0,-44.0,-231.0,-15.0,76.0,-970.0,-117.0,2
19301,32.0,-253.0,-53.0,-39.0,-225.0,-23.0,94.0,-973.0,-127.0,2
19302,36.0,-252.0,-54.0,-33.0,-216.0,-27.0,105.0,-970.0,-140.0,2
19303,37.0,-252.0,-57.0,-29.0,-205.0,-38.0,114.0,-966.0,-157.0,2
19304,36.0,-252.0,-61.0,-26.0,-200.0,-43.0,106.0,-967.0,-162.0,2
19305,33.0,-250.0,-62.0,-29.0,-197.0,-50.0,104.0,-968.0,-166.0,2
19306,31.0,-249.0,-57.0,-37.0,-199.0,-52.0,97.0,-965.0,-165.0,2
19307,28.0,-250.0,-56.0,-43.0,-212.0,-60.0,88.0,-970.0,-148.0,2
19308,27.0,-250.0,-56.0,-49.0,-230.0,-63.0,74.0,-969.0,-146.0,2
19309,20.0,-250.0,-49.0,-50.0,-250.0,-67.0,60.0,-974.0,-147.0,2
19310,19.0,-254.0,-55.0,-49.0,-263.0,-63.0,45.0,-985.0,-145.0,2
19311,18.0,-256.0,-57.0,-38.0,-266.0,-64.0,37.0,-986.0,-156.0,2
19312,17.0,-258.0,-58.0,-18.0,-271.0,-59.0,26.0,-1002.0,-172.0,2
19313,10.0,-259.0,-62.0,8.0,-279.0,-57.0,20.0,-1000.0,-194.0,2
19314,13.0,-258.0,-67.0,35.0,-289.0,-48.0,19.0,-998.0,-199.0,2
19315,18.0,-255.0,-65.0,61.0,-297.0,-43.0,39.0,-977.0,-201.0,2
19316,25.0,-250.0,-64.0,81.0,-297.0,-35.0,68.0,-975.0,-192.0,2
19317,35.0,-249.0,-63.0,90.0,-288.0,-36.0,102.0,-968.0,-182.0,2
19318,44.0,-248.0,-63.0,82.0,-283.0,-38.0,136.0,-968.0,-168.0,2
19319,51.0,-250.0,-52.0,65.0,-287.0,-43.0,161.0,-972.0,-147.0,2
19320,51.0,-250.0,-50.0,53.0,-288.0,-53.0,169.0,-977.0,-121.0,2
19321,49.0,-253.0,-43.0,42.0,-289.0,-70.0,166.0,-976.0,-92.0,2
19322,43.0,-255.0,-40.0,29.0,-289.0,-78.0,142.0,-994.0,-72.0,2
19323,38.0,-260.0,-32.0,13.0,-289.0,-86.0,122.0,-1011.0,-49.0,2
19324,34.0,-265.0,-25.0,-6.0,-287.0,-84.0,93.0,-1035.0,-33.0,2
19325,27.0,-270.0,-22.0,-19.0,-286.0,-88.0,75.0,-1045.0,-16.0,2
19326,17.0,-274.0,-15.0,-21.0,-293.0,-90.0,43.0,-1063.0,3.0,2
19327,13.0,-279.0,-13.0,-20.0,-311.0,-82.0,25.0,-1089.0,21.0,2
19328,11.0,-285.0,-19.0,-5.0,-330.0,-62.0,23.0,-1116.0,7.0,2
19329,10.0,-289.0,-9.0,19.0,-356.0,-57.0,22.0,-1106.0,38.0,2
19330,16.0,-288.0,-13.0,56.0,-373.0,-51.0,33.0,-1115.0,20.0,2
19331,19.0,-285.0,-22.0,81.0,-385.0,-54.0,47.0,-1116.0,-28.0,2
19332,25.0,-287.0,-38.0,75.0,-397.0,-49.0,67.0,-1120.0,-75.0,2
19333,25.0,-285.0,-46.0,47.0,-415.0,-56.0,80.0,-1117.0,-110.0,2
19334,34.0,-287.0,-49.0,18.0,-442.0,-63.0,89.0,-1115.0,-115.0,2
19335,36.0,-293.0,-47.0,12.0,-468.0,-75.0,101.0,-1135.0,-114.0,2
19336,42.0,-301.0,-41.0,16.0,-482.0,-82.0,123.0,-1146.0,-101.0,2
19337,50.0,-300.0,-33.0,42.0,-479.0,-96.0,146.0,-1161.0,-54.0,2
19338,58.0,-304.0,-26.0,90.0,-455.0,-108.0,194.0,-1158.0,-45.0,2
19339,67.0,-298.0,-31.0,140.0,-417.0,-137.0,225.0,-1158.0,-49.0,2
19340,70.0,-296.0,-39.0,185.0,-383.0,-153.0,247.0,-1153.0,-69.0,2
19341,77.0,-292.0,-46.0,208.0,-348.0,-172.0,259.0,-1145.0,-102.0,2
19342,80.0,-289.0,-56.0,209.0,-311.0,-177.0,262.0,-1126.0,-132.0,2
19343,77.0,-279.0,-64.0,208.0,-268.0,-184.0,267.0,-1101.0,-169.0,2
19344,75.0,-273.0,-67.0,197.0,-219.0,-181.0,254.0,-1088.0,-203.0,2
19345,69.0,-272.0,-69.0,180.0,-167.0,-183.0,240.0,-1073.0,-210.0,2
19346,62.0,-273.0,-70.0,164.0,-119.0,-177.0,209.0,-1073.0,-212.0,2
19347,53.0,-274.0,-71.0,144.0,-78.0,-170.0,186.0,-1077.0,-205.0,2
19348,51.0,-275.0,-61.0,129.0,-53.0,-156.0,170.0,-1075.0,-205.0,2
19349,53.0,-275.0,-76.0,124.0,-28.0,-141.0,168.0,-1077.0,-213.0,2
19350,59.0,-277.0,-81.0,128.0,19.0,-119.0,188.0,-1081.0,-250.0,2
19351,61.0,-278.0,-90.0,143.0,77.0,-110.0,212.0,-1085.0,-276.0,2
19352,68.0,-276.0,-101.0,154.0,144.0,-100.0,232.0,-1086.0,-327.0,2
19353,71.0,-275.0,-110.0,153.0,201.0,-104.0,240.0,-1076.0,-381.0,2
19354,68.0,-269.0,-127.0,136.0,243.0,-111.0,228.0,-1079.0,-431.0,2
19355,61.0,-273.0,-136.0,104.0,270.0,-127.0,203.0,-1085.0,-467.0,2
19356,47.0,-278.0,-130.0,71.0,278.0,-138.0,142.0,-1094.0,-458.0,2
19357,29.0,-287.0,-124.0,48.0,271.0,-144.0,92.0,-1112.0,-438.0,2
19358,15.0,-289.0,-118.0,33.0,253.0,-134.0,39.0,-1126.0,-402.0,2
19359,7.0,-287.0,-102.0,20.0,230.0,-120.0,4.0,-1122.0,-356.0,2
19360,4.0,-282.0,-99.0,23.0,206.0,-90.0,-5.0,-1103.0,-323.0,2
19361,5.0,-280.0,-97.0,50.0,178.0,-76.0,-4.0,-1084.0,-324.0,2
19362,4.0,-272.0,-105.0,85.0,165.0,-65.0,-17.0,-1056.0,-358.0,2
19363,-5.0,-260.0,-117.0,120.0,150.0,-67.0,-37.0,-1013.0,-411.0,2
19364,-13.0,-246.0,-129.0,147.0,121.0,-70.0,-76.0,-947.0,-446.0,2
19365,-25.0,-229.0,-135.0,159.0,80.0,-78.0,-111.0,-903.0,-478.0,2
19366,-30.0,-220.0,-147.0,159.0,36.0,-84.0,-141.0,-861.0,-498.0,2
19367,-35.0,-212.0,-138.0,142.0,-3.0,-93.0,-169.0,-826.0,-500.0,2
19368,-38.0,-202.0,-139.0,122.0,-35.0,-98.0,-180.0,-799.0,-484.0,2
19369,-46.0,-198.0,-136.0,105.0,-68.0,-111.0,-205.0,-779.0,-485.0,2
19370,-50.0,-197.0,-130.0,81.0,-93.0,-109.0,-217.0,-766.0,-457.0,2
19371,-46.0,-196.0,-127.0,65.0,-113.0,-106.0,-212.0,-753.0,-449.0,2
19372,-48.0,-194.0,-124.0,49.0,-107.0,-97.0,-215.0,-750.0,-446.0,2
19373,-45.0,-197.0,-132.0,26.0,-82.0,-81.0,-215.0,-766.0,-461.0,2
19374,-46.0,-197.0,-131.0,-13.0,-54.0,-60.0,-201.0,-777.0,-451.0,2
19375,-37.0,-203.0,-127.0,-50.0,-26.0,-35.0,-185.0,-786.0,-448.0,2
19376,-31.0,-207.0,-120.0,-78.0,-3.0,-8.0,-150.0,-803.0,-420.0,2
19377,-24.0,-213.0,-112.0,-89.0,15.0,9.0,-120.0,-830.0,-386.0,2
19378,-15.0,-216.0,-108.0,-87.0,22.0,31.0,-84.0,-850.0,-362.0,2
19379,-7.0,-221.0,-101.0,-88.0,29.0,44.0,-47.0,-862.0,-331.0,2
19380,7.0,-224.0,-94.0,-80.0,38.0,61.0,0.0,-877.0,-313.0,2
19381,15.0,-231.0,-95.0,-81.0,51.0,78.0,22.0,-889.0,-296.0,2
19382,18.0,-229.0,-85.0,-81.0,73.0,104.0,35.0,-895.0,-274.0,2
19383,21.0,-232.0,-82.0,-69.0,92.0,120.0,55.0,-905.0,-272.0,2
19384,25.0,-235.0,-85.0,-55.0,110.0,142.0,70.0,-906.0,-264.0,2
19385,27.0,-237.0,-86.0,-37.0,136.0,157.0,79.0,-919.0,-262.0,2
19386,28.0,-241.0,-84.0,-23.0,163.0,174.0,75.0,-930.0,-266.0,2
19387,25.0,-245.0,-88.0,-15.0,188.0,181.0,64.0,-949.0,-275.0,2
19388,24.0,-249.0,-83.0,-15.0,210.0,200.0,59.0,-954.0,-260.0,2
19389,21.0,-252.0,-89.0,-7.0,236.0,215.0,58.0,-977.0,-275.0,2
19390,16.0,-251.0,-85.0,-6.0,255.0,235.0,41.0,-989.0,-283.0,2
19391,17.0,-254.0,-90.0,0.0,270.0,250.0,34.0,-993.0,-282.0,2
19392,17.0,-258.0,-94.0,11.0,292.0,268.0,35.0,-1006.0,-293.0,2
19393,17.0,-260.0,-94.0,14.0,322.0,278.0,33.0,-1021.0,-313.0,2
19394,12.0,-261.0,-97.0,10.0,344.0,293.0,18.0,-1028.0,-309.0,2
19395,14.0,-265.0,-93.0,10.0,358.0,305.0,22.0,-1034.0,-293.0,2
19396,16.0,-264.0,-91.0,24.0,367.0,310.0,31.0,-1038.0,-289.0,2
19397,16.0,-261.0,-84.0,34.0,382.0,304.0,32.0,-1025.0,-259.0,2
19398,12.0,-258.0,-71.0,53.0,400.0,302.0,21.0,-1004.0,-222.0,2
19399,8.0,-252.0,-68.0,81.0,415.0,299.0,9.0,-974.0,-199.0,2
19400,7.0,-245.0,-64.0,105.0,418.0,293.0,0.0,-947.0,-185.0,2
19401,-1.0,-237.0,-63.0,123.0,418.0,280.0,-17.0,-913.0,-183.0,2
19402,-4.0,-231.0,-61.0,125.0,415.0,270.0,-45.0,-901.0,-190.0,2
19403,-7.0,-225.0,-65.0,118.0,423.0,267.0,-57.0,-867.0,-183.0,2
19404,-4.0,-219.0,-65.0,105.0,440.0,274.0,-59.0,-858.0,-190.0,2
19405,-8.0,-215.0,-60.0,85.0,451.0,270.0,-51.0,-844.0,-182.0,2
19406,-12.0,-211.0,-63.0,73.0,447.0,269.0,-68.0,-824.0,-181.0,2
19407,-14.0,-208.0,-64.0,66.0,437.0,266.0,-76.0,-815.0,-182.0,2
19408,-10.0,-209.0,-68.0,52.0,436.0,268.0,-77.0,-811.0,-194.0,2
19409,-13.0,-210.0,-66.0,25.0,441.0,267.0,-95.0,-817.0,-195.0,2
19410,-19.0,-210.0,-69.0,-2.0,441.0,271.0,-106.0,-826.0,-197.0,2
19411,-20.0,-217.0,-61.0,-26.0,431.0,273.0,-105.0,-837.0,-183.0,2
19412,-20.0,-221.0,-61.0,-33.0,418.0,281.0,-107.0,-852.0,-179.0,2
19413,-21.0,-222.0,-60.0,-35.0,395.0,284.0,-106.0,-859.0,-166.0,2
19414,-18.0,-224.0,-63.0,-38.0,370.0,287.0,-101.0,-878.0,-180.0,2
19415,-16.0,-228.0,-58.0,-54.0,339.0,289.0,-94.0,-882.0,-172.0,2
19416,-17.0,-232.0,-57.0,-74.0,320.0,295.0,-85.0,-891.0,-150.0,2
19417,-10.0,-235.0,-56.0,-78.0,305.0,293.0,-68.0,-908.0,-152.0,2
19418,-9.0,-239.0,-58.0,-87.0,290.0,291.0,-62.0,-926.0,-153.0,2
19419,-7.0,-246.0,-56.0,-100.0,280.0,284.0,-69.0,-935.0,-150.0,2
19420,-8.0,-244.0,-56.0,-103.0,273.0,284.0,-60.0,-938.0,-150.0,2
19421,-2.0,-250.0,-54.0,-96.0,264.0,272.0,-48.0,-951.0,-160.0,2
19422,-4.0,-248.0,-59.0,-88.0,253.0,259.0,-38.0,-951.0,-163.0,2
19423,1.0,-243.0,-60.0,-77.0,248.0,243.0,-31.0,-946.0,-165.0,2
19424,2.0,-242.0,-59.0,-71.0,248.0,233.0,-10.0,-934.0,-170.0,2
19425,3.0,-241.0,-60.0,-67.0,256.0,218.0,-12.0,-920.0,-172.0,2
19426,9.0,-235.0,-60.0,-69.0,276.0,204.0,-8.0,-918.0,-167.0,2
19427,6.0,-231.0,-59.0,-79.0,286.0,191.0,-7.0,-904.0,-164.0,2
19428,9.0,-233.0,-62.0,-92.0,295.0,184.0,-4.0,-902.0,-165.0,2
19429,3.0,-230.0,-58.0,-107.0,303.0,172.0,-7.0,-893.0,-160.0,2
19430,4.0,-229.0,-55.0,-125.0,313.0,164.0,-8.0,-881.0,-147.0,2
19431,5.0,-228.0,-56.0,-135.0,320.0,155.0,-1.0,-883.0,-136.0,2
19432,6.0,-229.0,-51.0,-144.0,322.0,146.0,-5.0,-881.0,-130.0,2
19433,0.0,-230.0,-49.0,-144.0,323.0,134.0,-17.0,-886.0,-122.0,2
19434,-1.0,-231.0,-51.0,-139.0,325.0,120.0,-26.0,-889.0,-113.0,2
19435,-2.0,-231.0,-42.0,-131.0,326.0,108.0,-33.0,-886.0,-102.0,2
19436,0.0,-232.0,-48.0,-122.0,330.0,99.0,-28.0,-895.0,-104.0,2
19437,0.0,-231.0,-45.0,-116.0,335.0,89.0,-30.0,-897.0,-102.0,2
19438,-3.0,-234.0,-42.0,-114.0,346.0,84.0,-32.0,-895.0,-101.0,2
19439,-5.0,-231.0,-46.0,-113.0,353.0,76.0,-42.0,-902.0,-100.0,2
19440,-5.0,-232.0,-47.0,-113.0,357.0,76.0,-38.0,-902.0,-103.0,2
19441,-1.0,-235.0,-43.0,-111.0,361.0,73.0,-32.0,-904.0,-103.0,2
19442,-1.0,-237.0,-44.0,-111.0,373.0,72.0,-25.0,-912.0,-103.0,2
19443,-1.0,-238.0,-39.0,-109.0,384.0,66.0,-25.0,-915.0,-95.0,2
19444,2.0,-240.0,-40.0,-101.0,397.0,60.0,-20.0,-924.0,-80.0,2
19445,5.0,-242.0,-42.0,-90.0,407.0,50.0,-14.0,-936.0,-86.0,2
19446,7.0,-248.0,-34.0,-82.0,413.0,44.0,-10.0,-944.0,-66.0,2
19447,2.0,-248.0,-36.0,-65.0,417.0,27.0,-19.0,-949.0,-68.0,2
19448,3.0,-249.0,-35.0,-47.0,429.0,18.0,-14.0,-951.0,-51.0,2
19449,6.0,-250.0,-35.0,-33.0,433.0,8.0,-3.0,-954.0,-58.0,2
19450,10.0,-251.0,-36.0,-22.0,434.0,0.0,4.0,-962.0,-70.0,2
19451,4.0,-246.0,-37.0,-16.0,436.0,-14.0,-8.0,-954.0,-73.0,2
19452,0.0,-244.0,-41.0,-10.0,435.0,-24.0,-19.0,-948.0,-84.0,2
19453,-2.0,-246.0,-46.0,-6.0,426.0,-34.0,-40.0,-942.0,-99.0,2
19454,-8.0,-241.0,-49.0,-10.0,414.0,-41.0,-53.0,-935.0,-107.0,2
19455,-12.0,-240.0,-53.0,-21.0,403.0,-48.0,-71.0,-937.0,-124.0,2
19456,-14.0,-238.0,-55.0,-37.0,393.0,-51.0,-97.0,-923.0,-141.0,2
19457,-17.0,-241.0,-54.0,-57.0,383.0,-54.0,-107.0,-923.0,-149.0,2
19458,-23.0,-239.0,-56.0,-76.0,370.0,-51.0,-121.0,-919.0,-151.0,2
19459,-27.0,-239.0,-55.0,-95.0,354.0,-48.0,-136.0,-918.0,-162.0,2
19460,-31.0,-240.0,-63.0,-114.0,334.0,-40.0,-150.0,-931.0,-185.0,2
19461,-33.0,-243.0,-62.0,-133.0,318.0,-31.0,-152.0,-929.0,-188.0,2
19462,-32.0,-245.0,-58.0,-145.0,305.0,-16.0,-144.0,-940.0,-169.0,2
19463,-22.0,-252.0,-58.0,-140.0,296.0,-1.0,-123.0,-953.0,-169.0,2
19464,-14.0,-256.0,-57.0,-130.0,298.0,9.0,-97.0,-968.0,-160.0,2
19465,-10.0,-258.0,-56.0,-117.0,308.0,15.0,-67.0,-992.0,-140.0,2
19466,-7.0,-257.0,-56.0,-98.0,321.0,19.0,-43.0,-1005.0,-139.0,2
19467,0.0,-263.0,-53.0,-73.0,325.0,19.0,-34.0,-1011.0,-139.0,2
19468,-4.0,-261.0,-54.0,-47.0,325.0,18.0,-35.0,-1019.0,-144.0,2
19469,-7.0,-263.0,-49.0,-17.0,322.0,17.0,-53.0,-1020.0,-136.0,2
19470,-12.0,-268.0,-55.0,23.0,320.0,16.0,-78.0,-1035.0,-130.0,2
19471,-15.0,-267.0,-55.0,56.0,320.0,15.0,-98.0,-1049.0,-131.0,2
19472,-16.0,-277.0,-49.0,83.0,332.0,23.0,-106.0,-1057.0,-115.0,2
19473,-20.0,-273.0,-38.0,108.0,351.0,33.0,-114.0,-1069.0,-65.0,2
19474,-16.0,-277.0,-28.0,152.0,372.0,48.0,-108.0,-1069.0,-42.0,2
19475,-12.0,-278.0,-24.0,195.0,391.0,60.0,-88.0,-1081.0,-25.0,2
19476,-8.0,-279.0,-19.0,226.0,408.0,76.0,-61.0,-1080.0,-12.0,2
19477,-2.0,-277.0,-21.0,250.0,427.0,92.0,-41.0,-1085.0,3.0,2
19478,11.0,-279.0,-17.0,274.0,447.0,109.0,-2.0,-1086.0,5.0,2
19479,19.0,-275.0,-17.0,288.0,470.0,124.0,24.0,-1072.0,12.0,2
19480,23.0,-269.0,-16.0,300.0,496.0,134.0,61.0,-1072.0,13.0,2
19481,27.0,-271.0,-20.0,308.0,517.0,137.0,71.0,-1047.0,4.0,2
19482,30.0,-263.0,-19.0,304.0,537.0,140.0,79.0,-1030.0,-2.0,2
19483,33.0,-259.0,-24.0,284.0,560.0,141.0,81.0,-1014.0,-27.0,2
19484,24.0,-254.0,-35.0,239.0,584.0,145.0,70.0,-1004.0,-59.0,2
19485,19.0,-254.0,-41.0,164.0,608.0,148.0,39.0,-995.0,-80.0,2
19486,9.0,-257.0,-41.0,83.0,631.0,149.0,9.0,-993.0,-84.0,2
19487,0.0,-260.0,-43.0,20.0,652.0,154.0,-31.0,-1009.0,-94.0,2
19488,-10.0,-266.0,-45.0,-33.0,679.0,170.0,-69.0,-1043.0,-105.0,2
19489,-16.0,-275.0,-39.0,-77.0,715.0,189.0,-102.0,-1058.0,-79.0,2
19490,-26.0,-279.0,-33.0,-99.0,738.0,208.0,-127.0,-1099.0,-55.0,2
19491,-37.0,-287.0,-30.0,-91.0,738.0,210.0,-174.0,-1119.0,-49.0,2
19492,-45.0,-296.0,-31.0,-70.0,721.0,218.0,-213.0,-1137.0,-43.0,2
19493,-54.0,-298.0,-31.0,-48.0,686.0,214.0,-232.0,-1143.0,-45.0,2
19494,-62.0,-299.0,-38.0,-27.0,634.0,206.0,-258.0,-1139.0,-68.0,2
19495,-68.0,-295.0,-51.0,-17.0,572.0,193.0,-283.0,-1142.0,-121.0,2
19496,-71.0,-289.0,-57.0,-18.0,509.0,175.0,-297.0,-1114.0,-149.0,2
19497,-76.0,-286.0,-60.0,-15.0,440.0,156.0,-304.0,-1107.0,-186.0,2
19498,-75.0,-290.0,-71.0,-6.0,369.0,136.0,-316.0,-1109.0,-220.0,2
19499,-78.0,-289.0,-77.0,2.0,303.0,122.0,-322.0,-1130.0,-249.0,2
19500,-77.0,-291.0,-80.0,-2.0,242.0,110.0,-324.0,-1142.0,-254.0,2
19501,-75.0,-298.0,-81.0,-6.0,175.0,107.0,-307.0,-1157.0,-256.0,2
19502,-75.0,-307.0,-77.0,-11.0,119.0,111.0,-309.0,-1182.0,-248.0,2
19503,-75.0,-312.0,-80.0,-5.0,48.0,112.0,-306.0,-1201.0,-251.0,2
19504,-75.0,-317.0,-85.0,16.0,-35.0,121.0,-298.0,-1215.0,-263.0,2
19505,-73.0,-321.0,-91.0,50.0,-122.0,132.0,-305.0,-1224.0,-283.0,2
19506,-76.0,-325.0,-94.0,100.0,-196.0,153.0,-319.0,-1243.0,-299.0,2
19507,-67.0,-325.0,-83.0,165.0,-237.0,170.0,-294.0,-1246.0,-283.0,2
19508,-51.0,-323.0,-80.0,237.0,-268.0,181.0,-237.0,-1247.0,-259.0,2
19509,-31.0,-321.0,-75.0,293.0,-292.0,189.0,-167.0,-1229.0,-244.0,2
19510,-11.0,-307.0,-76.0,322.0,-301.0,187.0,-76.0,-1187.0,-234.0,2
19511,4.0,-293.0,-82.0,327.0,-305.0,172.0,-24.0,-1145.0,-258.0,2
19512,11.0,-273.0,-94.0,317.0,-305.0,140.0,2.0,-1078.0,-292.0,2
19513,17.0,-261.0,-103.0,298.0,-297.0,116.0,30.0,-1017.0,-336.0,2
19514,19.0,-246.0,-116.0,276.0,-276.0,102.0,49.0,-960.0,-392.0,2
19515,27.0,-237.0,-127.0,246.0,-245.0,97.0,70.0,-922.0,-438.0,2
19516,34.0,-231.0,-134.0,198.0,-210.0,94.0,103.0,-911.0,-463.0,2
19517,42.0,-227.0,-134.0,145.0,-178.0,86.0,119.0,-891.0,-471.0,2
19518,44.0,-223.0,-125.0,93.0,-156.0,78.0,137.0,-883.0,-449.0,2
19519,43.0,-225.0,-123.0,53.0,-140.0,66.0,134.0,-884.0,-440.0,2
19520,38.0,-227.0,-121.0,17.0,-123.0,50.0,121.0,-883.0,-418.0,2
19521,41.0,-229.0,-120.0,0.0,-99.0,37.0,116.0,-883.0,-420.0,2
19522,36.0,-225.0,-125.0,-9.0,-76.0,20.0,107.0,-881.0,-434.0,2
19523,33.0,-222.0,-126.0,-12.0,-47.0,14.0,100.0,-880.0,-445.0,2
19524,36.0,-227.0,-128.0,-9.0,-24.0,10.0,97.0,-877.0,-444.0,2
19525,32.0,-220.0,-123.0,7.0,-14.0,8.0,95.0,-861.0,-433.0,2
19526,31.0,-215.0,-122.0,25.0,-19.0,5.0,103.0,-842.0,-426.0,2
19527,30.0,-206.0,-128.0,35.0,-37.0,3.0,96.0,-830.0,-433.0,2
19528,33.0,-197.0,-129.0,22.0,-50.0,0.0,94.0,-796.0,-446.0,2
19529,32.0,-195.0,-122.0,-7.0,-46.0,1.0,99.0,-781.0,-444.0,2
19530,32.0,-193.0,-127.0,-44.0,-30.0,0.0,100.0,-765.0,-431.0,2
19531,30.0,-196.0,-123.0,-80.0,-11.0,2.0,97.0,-777.0,-413.0,2
19532,29.0,-193.0,-113.0,-113.0,-2.0,-6.0,92.0,-775.0,-402.0,2
19533,27.0,-196.0,-109.0,-134.0,-7.0,-12.0,83.0,-757.0,-354.0,2
19534,27.0,-199.0,-113.0,-128.0,-37.0,-18.0,79.0,-784.0,-365.0,2
19535,34.0,-203.0,-121.0,-150.0,-43.0,-28.0,100.0,-808.0,-421.0,2
19536,38.0,-213.0,-116.0,-202.0,-14.0,-45.0,109.0,-843.0,-395.0,2
19537,34.0,-219.0,-108.0,-245.0,27.0,-64.0,107.0,-874.0,-344.0,2
19538,33.0,-235.0,-97.0,-251.0,55.0,-88.0,101.0,-906.0,-315.0,2
19539,32.0,-244.0,-96.0,-242.0,65.0,-119.0,99.0,-936.0,-320.0,2
19540,31.0,-245.0,-92.0,-236.0,67.0,-158.0,95.0,-953.0,-296.0,2
19541,29.0,-253.0,-93.0,-223.0,71.0,-191.0,79.0,-962.0,-290.0,2
19542,19.0,-250.0,-85.0,-191.0,78.0,-213.0,47.0,-965.0,-272.0,2
19543,5.0,-253.0,-84.0,-143.0,82.0,-222.0,5.0,-966.0,-272.0,2
19544,5.0,-251.0,-87.0,-97.0,76.0,-225.0,-17.0,-964.0,-272.0,2
19545,0.0,-251.0,-85.0,-58.0,52.0,-228.0,-21.0,-969.0,-281.0,2
19546,-3.0,-255.0,-94.0,-47.0,25.0,-233.0,-28.0,-965.0,-289.0,2
19547,-2.0,-250.0,-92.0,-59.0,3.0,-240.0,-48.0,-965.0,-292.0,2
19548,-11.0,-251.0,-88.0,-77.0,-19.0,-250.0,-64.0,-971.0,-278.0,2
19549,-12.0,-253.0,-84.0,-94.0,-52.0,-256.0,-79.0,-981.0,-256.0,2
19550,-11.0,-255.0,-83.0,-106.0,-82.0,-263.0,-74.0,-986.0,-249.0,2
19551,-8.0,-257.0,-74.0,-107.0,-107.0,-267.0,-70.0,-987.0,-234.0,2
19552,-11.0,-256.0,-70.0,-100.0,-128.0,-273.0,-62.0,-986.0,-219.0,2
19553,-8.0,-255.0,-69.0,-84.0,-148.0,-276.0,-48.0,-978.0,-220.0,2
19554,-9.0,-251.0,-69.0,-65.0,-170.0,-276.0,-47.0,-967.0,-207.0,2
19555,1.0,-249.0,-67.0,-28.0,-201.0,-273.0,-25.0,-960.0,-202.0,2
19556,4.0,-245.0,-71.0,4.0,-225.0,-275.0,-8.0,-947.0,-210.0,2
19557,5.0,-242.0,-71.0,27.0,-238.0,-279.0,0.0,-928.0,-211.0,2
19558,11.0,-236.0,-71.0,35.0,-241.0,-278.0,15.0,-913.0,-204.0,2
19559,18.0,-232.0,-69.0,41.0,-243.0,-274.0,40.0,-903.0,-208.0,2
19560,23.0,-227.0,-64.0,38.0,-239.0,-279.0,60.0,-880.0,-198.0,2
19561,24.0,-224.0,-69.0,30.0,-232.0,-284.0,72.0,-876.0,-198.0,2
19562,29.0,-222.0,-68.0,13.0,-225.0,-289.0,80.0,-863.0,-202.0,2
19563,31.0,-220.0,-64.0,-14.0,-213.0,-286.0,97.0,-854.0,-198.0,2
19564,33.0,-219.0,-66.0,-39.0,-201.0,-289.0,105.0,-854.0,-189.0,2
19565,39.0,-219.0,-65.0,-54.0,-189.0,-294.0,118.0,-854.0,-174.0,2
19566,37.0,-217.0,-62.0,-60.0,-174.0,-296.0,106.0,-861.0,-184.0,2
19567,34.0,-222.0,-65.0,-63.0,-158.0,-293.0,104.0,-862.0,-198.0,2
19568,32.0,-224.0,-68.0,-72.0,-138.0,-290.0,96.0,-869.0,-208.0,2
19569,34.0,-228.0,-68.0,-86.0,-119.0,-287.0,92.0,-881.0,-201.0,2
19570,28.0,-228.0,-68.0,-94.0,-111.0,-291.0,81.0,-894.0,-199.0,2
19571,26.0,-231.0,-68.0,-97.0,-109.0,-294.0,67.0,-896.0,-198.0,2
19572,28.0,-231.0,-69.0,-99.0,-105.0,-297.0,74.0,-903.0,-209.0,2
19573,26.0,-232.0,-71.0,-106.0,-94.0,-299.0,76.0,-903.0,-203.0,2
19574,18.0,-232.0,-66.0,-114.0,-84.0,-302.0,58.0,-906.0,-195.0,2
19575,18.0,-232.0,-66.0,-123.0,-82.0,-293.0,30.0,-918.0,-184.0,2
19576,17.0,-234.0,-63.0,-133.0,-93.0,-287.0,35.0,-912.0,-178.0,2
19577,19.0,-239.0,-63.0,-146.0,-104.0,-284.0,31.0,-922.0,-175.0,2
19578,10.0,-236.0,-61.0,-151.0,-120.0,-288.0,18.0,-923.0,-177.0,2
19579,6.0,-231.0,-62.0,-147.0,-129.0,-278.0,4.0,-921.0,-187.0,2
19580,5.0,-235.0,-69.0,-149.0,-129.0,-269.0,0.0,-908.0,-203.0,2
19581,7.0,-234.0,-69.0,-151.0,-128.0,-257.0,2.0,-906.0,-193.0,2
19582,5.0,-230.0,-71.0,-158.0,-136.0,-252.0,-3.0,-902.0,-201.0,2
19583,4.0,-233.0,-65.0,-170.0,-155.0,-247.0,-6.0,-901.0,-189.0,2
19584,4.0,-233.0,-57.0,-181.0,-174.0,-246.0,-8.0,-894.0,-170.0,2
19585,4.0,-231.0,-54.0,-190.0,-193.0,-236.0,-4.0,-894.0,-158.0,2
19586,8.0,-229.0,-52.0,-194.0,-209.0,-227.0,5.0,-895.0,-137.0,2
19587,10.0,-233.0,-52.0,-191.0,-225.0,-215.0,10.0,-898.0,-120.0,2
19588,16.0,-231.0,-51.0,-183.0,-233.0,-207.0,20.0,-891.0,-120.0,2
19589,16.0,-231.0,-49.0,-173.0,-238.0,-198.0,38.0,-889.0,-127.0,2
19590,16.0,-228.0,-51.0,-168.0,-242.0,-192.0,42.0,-886.0,-131.0,2
19591,23.0,-226.0,-51.0,-164.0,-239.0,-180.0,59.0,-878.0,-139.0,2
19592,23.0,-225.0,-57.0,-162.0,-234.0,-177.0,70.0,-885.0,-152.0,2
19593,27.0,-229.0,-56.0,-165.0,-228.0,-172.0,74.0,-887.0,-159.0,2
19594,27.0,-230.0,-62.0,-172.0,-225.0,-172.0,76.0,-899.0,-161.0,2
19595,28.0,-233.0,-56.0,-180.0,-224.0,-163.0,80.0,-901.0,-149.0,2
19596,27.0,-232.0,-56.0,-183.0,-224.0,-160.0,85.0,-909.0,-143.0,2
19597,33.0,-238.0,-49.0,-181.0,-222.0,-150.0,90.0,-918.0,-132.0,2
19598,28.0,-240.0,-49.0,-178.0,-216.0,-145.0,88.0,-929.0,-120.0,2
19599,31.0,-242.0,-46.0,-173.0,-211.0,-136.0,92.0,-935.0,-110.0,2
19600,27.0,-247.0,-44.0,-169.0,-210.0,-132.0,86.0,-944.0,-100.0,2
19601,27.0,-245.0,-39.0,-162.0,-209.0,-122.0,77.0,-948.0,-85.0,2
19602,23.0,-247.0,-37.0,-158.0,-215.0,-111.0,69.0,-959.0,-65.0,2
19603,22.0,-248.0,-33.0,-158.0,-224.0,-100.0,61.0,-953.0,-61.0,2
19604,19.0,-248.0,-31.0,-162.0,-241.0,-95.0,44.0,-966.0,-48.0,2
19605,13.0,-254.0,-28.0,-168.0,-264.0,-88.0,22.0,-975.0,-42.0,2
19606,7.0,-255.0,-29.0,-172.0,-290.0,-82.0,10.0,-988.0,-40.0,2
19607,7.0,-258.0,-27.0,-167.0,-312.0,-73.0,6.0,-1004.0,-40.0,2
19608,6.0,-258.0,-30.0,-148.0,-336.0,-73.0,2.0,-1006.0,-46.0,2
19609,6.0,-259.0,-37.0,-109.0,-355.0,-72.0,3.0,-1009.0,-78.0,2
19610,9.0,-258.0,-45.0,-63.0,-372.0,-73.0,6.0,-1000.0,-99.0,2
19611,8.0,-255.0,-54.0,-8.0,-384.0,-72.0,13.0,-976.0,-137.0,2
19612,11.0,-249.0,-57.0,39.0,-391.0,-77.0,8.0,-955.0,-155.0,2
19613,11.0,-241.0,-59.0,71.0,-398.0,-77.0,12.0,-936.0,-160.0,2
19614,12.0,-238.0,-59.0,68.0,-403.0,-78.0,16.0,-915.0,-160.0,2
19615,14.0,-232.0,-56.0,50.0,-406.0,-73.0,30.0,-900.0,-162.0,2
19616,17.0,-231.0,-61.0,35.0,-402.0,-75.0,37.0,-899.0,-171.0,2
19617,19.0,-231.0,-66.0,33.0,-388.0,-71.0,54.0,-893.0,-193.0,2
19618,22.0,-226.0,-73.0,36.0,-369.0,-72.0,60.0,-887.0,-217.0,2
19619,26.0,-225.0,-77.0,33.0,-343.0,-68.0,68.0,-884.0,-241.0,2
19620,28.0,-227.0,-80.0,19.0,-327.0,-61.0,81.0,-884.0,-241.0,2
19621,32.0,-231.0,-74.0,2.0,-315.0,-46.0,91.0,-892.0,-242.0,2
19622,25.0,-232.0,-70.0,-10.0,-307.0,-30.0,77.0,-902.0,-228.0,2
19623,28.0,-240.0,-71.0,-15.0,-293.0,-14.0,76.0,-919.0,-209.0,2
19624,24.0,-243.0,-70.0,-13.0,-282.0,-7.0,74.0,-947.0,-203.0,2
19625,24.0,-251.0,-68.0,-16.0,-276.0,3.0,62.0,-970.0,-203.0,2
19626,25.0,-256.0,-70.0,-22.0,-276.0,8.0,62.0,-999.0,-212.0,2
19627,26.0,-261.0,-69.0,-22.0,-280.0,18.0,70.0,-1015.0,-221.0,2
19628,29.0,-264.0,-73.0,-6.0,-277.0,18.0,93.0,-1019.0,-220.0,2
19629,41.0,-262.0,-75.0,20.0,-270.0,16.0,116.0,-1017.0,-216.0,2
19630,51.0,-259.0,-72.0,52.0,-254.0,8.0,149.0,-1005.0,-218.0,2
19631,57.0,-254.0,-69.0,72.0,-239.0,8.0,190.0,-987.0,-209.0,2
19632,65.0,-251.0,-65.0,78.0,-217.0,-1.0,222.0,-978.0,-188.0,2
19633,72.0,-254.0,-55.0,72.0,-191.0,-12.0,247.0,-977.0,-167.0,2
19634,71.0,-254.0,-55.0,62.0,-167.0,-33.0,245.0,-986.0,-137.0,2
19635,63.0,-259.0,-51.0,57.0,-160.0,-50.0,216.0,-1011.0,-119.0,2
19636,52.0,-262.0,-41.0,55.0,-161.0,-72.0,184.0,-1024.0,-81.0,2
19637,41.0,-267.0,-35.0,60.0,-163.0,-91.0,136.0,-1047.0,-62.0,2
19638,31.0,-274.0,-25.0,68.0,-163.0,-111.0,93.0,-1061.0,-36.0,2
19639,21.0,-280.0,-19.0,89.0,-160.0,-120.0,56.0,-1087.0,-15.0,2
19640,10.0,-284.0,-15.0,113.0,-161.0,-138.0,13.0,-1097.0,4.0,2
19641,-3.0,-289.0,-11.0,127.0,-172.0,-141.0,-21.0,-1111.0,22.0,2
19642,-4.0,-292.0,-11.0,125.0,-192.0,-140.0,-46.0,-1137.0,31.0,2
19643,-6.0,-291.0,-2.0,98.0,-219.0,-123.0,-43.0,-1129.0,78.0,2
19644,0.0,-289.0,2.0,90.0,-244.0,-114.0,-24.0,-1127.0,84.0,2
19645,8.0,-285.0,1.0,83.0,-272.0,-107.0,-1.0,-1111.0,78.0,2
19646,12.0,-280.0,-5.0,55.0,-313.0,-108.0,19.0,-1099.0,54.0,2
19647,14.0,-278.0,-14.0,-6.0,-373.0,-107.0,27.0,-1088.0,20.0,2
19648,15.0,-284.0,-20.0,-74.0,-444.0,-119.0,28.0,-1095.0,-11.0,2
19649,16.0,-288.0,-26.0,-128.0,-510.0,-125.0,29.0,-1112.0,-33.0,2
19650,19.0,-293.0,-21.0,-152.0,-564.0,-133.0,48.0,-1136.0,-14.0,2
19651,29.0,-303.0,-26.0,-104.0,-607.0,-139.0,72.0,-1154.0,-16.0,2
19652,39.0,-302.0,-32.0,-31.0,-625.0,-155.0,110.0,-1162.0,-52.0,2
19653,49.0,-301.0,-48.0,49.0,-620.0,-166.0,139.0,-1154.0,-98.0,2
19654,58.0,-301.0,-61.0,128.0,-587.0,-174.0,176.0,-1160.0,-166.0,2
19655,64.0,-298.0,-70.0,185.0,-535.0,-171.0,201.0,-1153.0,-213.0,2
19656,67.0,-290.0,-81.0,218.0,-475.0,-171.0,221.0,-1132.0,-237.0,2
19657,70.0,-284.0,-87.0,234.0,-414.0,-171.0,227.0,-1113.0,-258.0,2
19658,70.0,-277.0,-86.0,240.0,-351.0,-171.0,233.0,-1097.0,-264.0,2
19659,75.0,-276.0,-86.0,246.0,-287.0,-160.0,245.0,-1078.0,-272.0,2
19660,74.0,-275.0,-82.0,246.0,-228.0,-157.0,250.0,-1080.0,-253.0,2
19661,74.0,-274.0,-81.0,237.0,-170.0,-149.0,247.0,-1081.0,-251.0,2
19662,75.0,-276.0,-76.0,212.0,-125.0,-142.0,252.0,-1080.0,-247.0,2
19663,76.0,-276.0,-84.0,206.0,-80.0,-127.0,253.0,-1082.0,-256.0,2
19664,79.0,-281.0,-89.0,216.0,-34.0,-117.0,262.0,-1092.0,-283.0,2
19665,83.0,-282.0,-102.0,241.0,13.0,-108.0,278.0,-1098.0,-323.0,2
19666,83.0,-281.0,-106.0,257.0,64.0,-116.0,281.0,-1109.0,-349.0,2
19667,79.0,-283.0,-115.0,256.0,116.0,-122.0,272.0,-1112.0,-387.0,2
19668,76.0,-280.0,-120.0,242.0,169.0,-130.0,245.0,-1108.0,-410.0,2
19669,65.0,-282.0,-120.0,226.0,217.0,-133.0,219.0,-1115.0,-411.0,2
19670,53.0,-287.0,-116.0,215.0,255.0,-138.0,178.0,-1115.0,-391.0,2
19671,41.0,-284.0,-106.0,212.0,278.0,-136.0,116.0,-1110.0,-355.0,2
19672,26.0,-284.0,-99.0,212.0,289.0,-123.0,70.0,-1113.0,-315.0,2
19673,15.0,-281.0,-87.0,206.0,284.0,-111.0,35.0,-1099.0,-283.0,2
19674,11.0,-276.0,-81.0,201.0,270.0,-98.0,8.0,-1069.0,-268.0,2
19675,3.0,-263.0,-81.0,208.0,249.0,-74.0,-3.0,-1029.0,-268.0,2
19676,0.0,-251.0,-94.0,226.0,221.0,-56.0,-18.0,-977.0,-291.0,2
19677,-5.0,-238.0,-106.0,246.0,190.0,-42.0,-35.0,-923.0,-344.0,2
19678,-9.0,-223.0,-116.0,259.0,150.0,-40.0,-56.0,-878.0,-391.0,2
19679,-12.0,-209.0,-122.0,259.0,108.0,-39.0,-72.0,-827.0,-423.0,2
19680,-18.0,-197.0,-127.0,245.0,67.0,-45.0,-91.0,-778.0,-444.0,2
19681,-18.0,-187.0,-133.0,214.0,34.0,-50.0,-105.0,-741.0,-465.0,2
19682,-32.0,-187.0,-130.0,168.0,13.0,-61.0,-133.0,-719.0,-464.0,2
19683,-33.0,-180.0,-130.0,86.0,-13.0,-64.0,-161.0,-711.0,-467.0,2
19684,-41.0,-178.0,-126.0,2.0,-51.0,-72.0,-174.0,-705.0,-446.0,2
19685,-44.0,-182.0,-123.0,-71.0,-105.0,-81.0,-179.0,-722.0,-434.0,2
19686,-45.0,-192.0,-122.0,-128.0,-154.0,-94.0,-190.0,-756.0,-432.0,2
19687,-41.0,-198.0,-121.0,-170.0,-169.0,-89.0,-194.0,-788.0,-417.0,2
19688,-40.0,-209.0,-119.0,-199.0,-149.0,-80.0,-197.0,-821.0,-412.0,2
19689,-38.0,-219.0,-116.0,-217.0,-109.0,-59.0,-185.0,-848.0,-401.0,2
19690,-34.0,-224.0,-117.0,-231.0,-71.0,-41.0,-162.0,-878.0,-390.0,2
19691,-26.0,-234.0,-107.0,-237.0,-40.0,-21.0,-142.0,-901.0,-371.0,2
19692,-20.0,-241.0,-103.0,-230.0,-21.0,-6.0,-118.0,-920.0,-345.0,2
19693,-11.0,-245.0,-101.0,-210.0,-12.0,18.0,-87.0,-936.0,-344.0,2
19694,-5.0,-248.0,-106.0,-190.0,-6.0,37.0,-51.0,-955.0,-345.0,2
19695,7.0,-254.0,-104.0,-177.0,5.0,64.0,-10.0,-972.0,-335.0,2
19696,13.0,-258.0,-98.0,-172.0,14.0,83.0,20.0,-998.0,-336.0,2
19697,18.0,-259.0,-99.0,-167.0,28.0,100.0,35.0,-994.0,-322.0,2
19698,19.0,-256.0,-94.0,-148.0,49.0,113.0,56.0,-1003.0,-297.0,2
19699,23.0,-260.0,-90.0,-121.0,72.0,132.0,58.0,-1013.0,-291.0,2
19700,23.0,-261.0,-90.0,-92.0,95.0,147.0,58.0,-1015.0,-274.0,2
19701,20.0,-262.0,-81.0,-62.0,116.0,166.0,56.0,-1018.0,-272.0,2
19702,17.0,-261.0,-87.0,-27.0,132.0,180.0,34.0,-1014.0,-255.0,2
19703,14.0,-261.0,-89.0,9.0,140.0,203.0,22.0,-1018.0,-263.0,2
19704,9.0,-256.0,-83.0,53.0,147.0,215.0,10.0,-1008.0,-272.0,2
19705,6.0,-257.0,-90.0,92.0,167.0,231.0,7.0,-1010.0,-272.0,2
19706,3.0,-259.0,-88.0,112.0,186.0,247.0,-12.0,-1005.0,-273.0,2
19707,0.0,-259.0,-80.0,117.0,196.0,276.0,-30.0,-998.0,-272.0,2
19708,13.0,-260.0,-83.0,129.0,208.0,295.0,3.0,-1011.0,-252.0,2
19709,13.0,-255.0,-85.0,143.0,221.0,303.0,18.0,-1003.0,-264.0,2
19710,14.0,-255.0,-82.0,141.0,232.0,301.0,13.0,-975.0,-258.0,2
19711,16.0,-254.0,-81.0,137.0,246.0,305.0,28.0,-988.0,-258.0,2
19712,11.0,-250.0,-82.0,130.0,262.0,298.0,20.0,-972.0,-248.0,2
19713,8.0,-246.0,-73.0,119.0,262.0,307.0,13.0,-957.0,-220.0,2
19714,10.0,-242.0,-64.0,111.0,253.0,307.0,5.0,-934.0,-195.0,2
19715,10.0,-236.0,-59.0,120.0,253.0,302.0,3.0,-909.0,-170.0,2
19716,9.0,-231.0,-61.0,132.0,260.0,290.0,2.0,-892.0,-177.0,2
19717,3.0,-224.0,-60.0,134.0,272.0,284.0,-14.0,-867.0,-170.0,2
19718,-3.0,-218.0,-70.0,141.0,285.0,291.0,-30.0,-863.0,-187.0,2
19719,3.0,-215.0,-71.0,136.0,298.0,302.0,-13.0,-851.0,-206.0,2
19720,4.0,-212.0,-68.0,113.0,309.0,292.0,-10.0,-841.0,-208.0,2
19721,-6.0,-208.0,-70.0,87.0,309.0,283.0,-43.0,-815.0,-188.0,2
19722,-12.0,-206.0,-65.0,69.0,303.0,274.0,-64.0,-810.0,-185.0,2
19723,-12.0,-207.0,-60.0,50.0,298.0,275.0,-79.0,-798.0,-181.0,2
19724,-15.0,-205.0,-62.0,30.0,293.0,282.0,-88.0,-803.0,-172.0,2
19725,-12.0,-206.0,-58.0,4.0,290.0,289.0,-83.0,-800.0,-169.0,2
19726,-11.0,-206.0,-56.0,-32.0,286.0,282.0,-83.0,-807.0,-159.0,2
19727,-16.0,-211.0,-56.0,-56.0,275.0,280.0,-99.0,-815.0,-150.0,2
19728,-20.0,-214.0,-57.0,-71.0,256.0,276.0,-102.0,-834.0,-146.0,2
19729,-14.0,-220.0,-58.0,-84.0,236.0,280.0,-96.0,-853.0,-154.0,2
19730,-13.0,-223.0,-60.0,-99.0,219.0,279.0,-76.0,-872.0,-155.0,2
19731,-11.0,-231.0,-56.0,-111.0,212.0,277.0,-73.0,-890.0,-150.0,2
19732,-12.0,-231.0,-56.0,-119.0,209.0,271.0,-73.0,-909.0,-151.0,2
19733,-8.0,-240.0,-58.0,-124.0,205.0,271.0,-53.0,-924.0,-153.0,2
19734,-6.0,-244.0,-56.0,-119.0,196.0,262.0,-41.0,-930.0,-166.0,2
19735,-4.0,-247.0,-55.0,-112.0,185.0,254.0,-34.0,-937.0,-157.0,2
19736,2.0,-248.0,-58.0,-101.0,173.0,239.0,-21.0,-947.0,-163.0,2
19737,3.0,-246.0,-57.0,-93.0,167.0,227.0,-13.0,-950.0,-158.0,2
19738,7.0,-245.0,-54.0,-96.0,165.0,213.0,-8.0,-945.0,-153.0,2
19739,5.0,-243.0,-57.0,-97.0,170.0,203.0,-5.0,-939.0,-148.0,2
19740,6.0,-242.0,-54.0,-98.0,178.0,189.0,-1.0,-942.0,-147.0,2
19741,7.0,-245.0,-54.0,-96.0,188.0,180.0,4.0,-937.0,-142.0,2
19742,4.0,-242.0,-56.0,-96.0,196.0,167.0,-6.0,-933.0,-143.0,2
19743,3.0,-238.0,-55.0,-100.0,203.0,158.0,-11.0,-927.0,-140.0,2
19744,7.0,-243.0,-53.0,-107.0,213.0,148.0,-2.0,-918.0,-132.0,2
19745,5.0,-240.0,-50.0,-108.0,222.0,140.0,-10.0,-920.0,-117.0,2
19746,5.0,-239.0,-46.0,-101.0,229.0,127.0,-13.0,-912.0,-111.0,2
19747,3.0,-239.0,-46.0,-94.0,237.0,121.0,-20.0,-909.0,-105.0,2
19748,4.0,-235.0,-41.0,-90.0,239.0,113.0,-22.0,-905.0,-98.0,2
19749,-1.0,-236.0,-43.0,-86.0,241.0,106.0,-27.0,-906.0,-92.0,2
19750,-3.0,-235.0,-42.0,-82.0,245.0,96.0,-27.0,-901.0,-92.0,2
19751,1.0,-231.0,-43.0,-84.0,249.0,93.0,-27.0,-906.0,-91.0,2
19752,1.0,-232.0,-41.0,-86.0,254.0,85.0,-28.0,-905.0,-90.0,2
19753,0.0,-235.0,-42.0,-88.0,261.0,82.0,-32.0,-906.0,-88.0,2
19754,1.0,-233.0,-39.0,-91.0,274.0,74.0,-27.0,-902.0,-83.0,2
19755,0.0,-234.0,-40.0,-91.0,282.0,67.0,-28.0,-901.0,-77.0,2
19756,3.0,-236.0,-42.0,-90.0,285.0,57.0,-18.0,-907.0,-84.0,2
19757,6.0,-237.0,-44.0,-92.0,293.0,48.0,-11.0,-914.0,-89.0,2
19758,6.0,-239.0,-43.0,-103.0,306.0,39.0,-1.0,-917.0,-91.0,2
19759,9.0,-241.0,-39.0,-107.0,320.0,31.0,0.0,-921.0,-79.0,2
19760,5.0,-244.0,-42.0,-101.0,330.0,17.0,8.0,-936.0,-78.0,2
19761,3.0,-249.0,-37.0,-94.0,332.0,8.0,-9.0,-940.0,-69.0,2
19762,6.0,-246.0,-39.0,-82.0,339.0,-1.0,-15.0,-945.0,-67.0,2
19763,4.0,-246.0,-34.0,-70.0,346.0,-2.0,-11.0,-949.0,-66.0,2
19764,5.0,-249.0,-35.0,-62.0,356.0,-2.0,-13.0,-958.0,-66.0,2
19765,6.0,-249.0,-34.0,-60.0,368.0,-2.0,-4.0,-955.0,-63.0,2
19766,4.0,-252.0,-35.0,-63.0,377.0,-5.0,-11.0,-964.0,-66.0,2
19767,2.0,-251.0,-38.0,-65.0,382.0,-9.0,-21.0,-961.0,-80.0,2
19768,-3.0,-251.0,-36.0,-58.0,389.0,-15.0,-29.0,-968.0,-82.0,2
19769,-6.0,-253.0,-47.0,-46.0,391.0,-18.0,-41.0,-968.0,-94.0,2
19770,-10.0,-250.0,-45.0,-30.0,384.0,-26.0,-62.0,-967.0,-100.0,2
19771,-14.0,-251.0,-48.0,-18.0,373.0,-27.0,-79.0,-968.0,-113.0,2
19772,-18.0,-251.0,-49.0,-16.0,361.0,-29.0,-98.0,-961.0,-121.0,2
19773,-20.0,-248.0,-53.0,-21.0,352.0,-23.0,-104.0,-957.0,-136.0,2
19774,-21.0,-247.0,-56.0,-30.0,343.0,-16.0,-105.0,-955.0,-142.0,2
19775,-19.0,-253.0,-56.0,-42.0,345.0,-6.0,-104.0,-970.0,-149.0,2
19776,-13.0,-255.0,-53.0,-54.0,356.0,4.0,-95.0,-980.0,-145.0,2
19777,-12.0,-257.0,-54.0,-61.0,367.0,16.0,-82.0,-993.0,-133.0,2
19778,-5.0,-257.0,-51.0,-57.0,378.0,24.0,-62.0,-1004.0,-129.0,2
19779,-4.0,-259.0,-51.0,-46.0,386.0,30.0,-37.0,-1000.0,-123.0,2
19780,1.0,-256.0,-46.0,-36.0,390.0,28.0,-23.0,-991.0,-126.0,2
19781,1.0,-256.0,-49.0,-24.0,388.0,26.0,-24.0,-987.0,-127.0,2
19782,0.0,-254.0,-54.0,-8.0,385.0,21.0,-24.0,-987.0,-130.0,2
19783,-1.0,-255.0,-56.0,11.0,384.0,18.0,-25.0,-982.0,-139.0,2
19784,-6.0,-257.0,-53.0,24.0,382.0,13.0,-44.0,-981.0,-139.0,2
19785,-10.0,-255.0,-51.0,39.0,383.0,9.0,-66.0,-993.0,-134.0,2
19786,-12.0,-258.0,-47.0,50.0,387.0,7.0,-91.0,-1004.0,-106.0,2
19787,-15.0,-262.0,-41.0,60.0,393.0,12.0,-105.0,-1023.0,-83.0,2
19788,-18.0,-267.0,-35.0,71.0,406.0,18.0,-108.0,-1041.0,-69.0,2
19789,-19.0,-271.0,-30.0,84.0,430.0,36.0,-113.0,-1054.0,-47.0,2
19790,-18.0,-277.0,-23.0,104.0,455.0,53.0,-107.0,-1069.0,-20.0,2
19791,-12.0,-281.0,-20.0,132.0,480.0,73.0,-93.0,-1078.0,-4.0,2
19792,-9.0,-278.0,-20.0,170.0,499.0,86.0,-72.0,-1091.0,-10.0,2
19793,-4.0,-282.0,-22.0,205.0,513.0,100.0,-57.0,-1089.0,-4.0,2
19794,-1.0,-278.0,-19.0,231.0,522.0,114.0,-35.0,-1084.0,6.0,2
19795,4.0,-275.0,-15.0,259.0,532.0,129.0,-10.0,-1059.0,20.0,2
19796,12.0,-271.0,-15.0,283.0,539.0,142.0,17.0,-1057.0,16.0,2
19797,16.0,-266.0,-14.0,290.0,554.0,151.0,29.0,-1037.0,22.0,2
19798,15.0,-261.0,-14.0,290.0,574.0,163.0,25.0,-1023.0,28.0,2
19799,18.0,-260.0,-9.0,285.0,594.0,179.0,35.0,-1011.0,37.0,2
19800,21.0,-259.0,-6.0,271.0,626.0,178.0,42.0,-1003.0,32.0,2
19801,18.0,-256.0,-10.0,256.0,659.0,181.0,37.0,-1003.0,42.0,2
19802,14.0,-257.0,-7.0,239.0,695.0,179.0,31.0,-1003.0,50.0,2
19803,14.0,-256.0,-9.0,228.0,732.0,179.0,15.0,-1003.0,55.0,2
19804,9.0,-254.0,0.0,227.0,763.0,169.0,1.0,-976.0,68.0,2
19805,1.0,-254.0,1.0,243.0,784.0,152.0,-17.0,-973.0,73.0,2
19806,-6.0,-246.0,1.0,261.0,797.0,131.0,-43.0,-937.0,66.0,2
19807,-11.0,-235.0,-17.0,273.0,804.0,112.0,-65.0,-921.0,25.0,2
19808,-13.0,-230.0,-32.0,245.0,807.0,93.0,-101.0,-908.0,-34.0,2
19809,-27.0,-230.0,-40.0,169.0,810.0,76.0,-124.0,-902.0,-74.0,2
19810,-33.0,-232.0,-42.0,74.0,792.0,62.0,-145.0,-906.0,-106.0,2
19811,-40.0,-238.0,-47.0,-30.0,775.0,59.0,-178.0,-921.0,-129.0,2
19812,-46.0,-249.0,-54.0,-99.0,768.0,58.0,-190.0,-961.0,-140.0,2
19813,-46.0,-262.0,-49.0,-147.0,763.0,55.0,-208.0,-1026.0,-123.0,2
19814,-52.0,-279.0,-41.0,-169.0,751.0,45.0,-238.0,-1078.0,-101.0,2
19815,-62.0,-289.0,-35.0,-168.0,717.0,38.0,-260.0,-1107.0,-78.0,2
19816,-67.0,-298.0,-38.0,-151.0,660.0,36.0,-274.0,-1137.0,-65.0,2
19817,-62.0,-300.0,-45.0,-122.0,584.0,37.0,-276.0,-1160.0,-93.0,2
19818,-63.0,-300.0,-48.0,-105.0,511.0,36.0,-260.0,-1165.0,-135.0,2
19819,-58.0,-306.0,-59.0,-95.0,449.0,43.0,-251.0,-1165.0,-167.0,2
19820,-57.0,-304.0,-72.0,-84.0,387.0,58.0,-239.0,-1168.0,-216.0,2
19821,-51.0,-300.0,-83.0,-74.0,316.0,71.0,-223.0,-1165.0,-261.0,2
19822,-47.0,-306.0,-92.0,-75.0,258.0,81.0,-210.0,-1172.0,-294.0,2
19823,-48.0,-307.0,-99.0,-82.0,209.0,96.0,-221.0,-1183.0,-308.0,2
19824,-57.0,-316.0,-90.0,-87.0,162.0,111.0,-247.0,-1202.0,-293.0,2
19825,-65.0,-319.0,-87.0,-79.0,107.0,130.0,-269.0,-1221.0,-275.0,2
19826,-69.0,-324.0,-83.0,-59.0,38.0,156.0,-284.0,-1238.0,-265.0,2
19827,-70.0,-326.0,-92.0,-33.0,-41.0,184.0,-296.0,-1256.0,-288.0,2
19828,-72.0,-328.0,-93.0,-5.0,-112.0,207.0,-305.0,-1267.0,-309.0,2
19829,-73.0,-329.0,-96.0,37.0,-171.0,225.0,-304.0,-1266.0,-302.0,2
19830,-65.0,-329.0,-88.0,104.0,-215.0,245.0,-278.0,-1265.0,-284.0,2
19831,-47.0,-324.0,-80.0,186.0,-249.0,262.0,-220.0,-1244.0,-257.0,2
19832,-26.0,-315.0,-81.0,278.0,-269.0,262.0,-141.0,-1202.0,-254.0,2
19833,-8.0,-295.0,-85.0,320.0,-273.0,243.0,-68.0,-1148.0,-268.0,2
19834,5.0,-277.0,-100.0,332.0,-277.0,208.0,-16.0,-1087.0,-318.0,2
19835,13.0,-260.0,-111.0,322.0,-273.0,165.0,8.0,-1016.0,-364.0,2
19836,11.0,-244.0,-122.0,291.0,-256.0,127.0,13.0,-957.0,-410.0,2
19837,13.0,-233.0,-124.0,245.0,-231.0,101.0,18.0,-922.0,-432.0,2
19838,14.0,-224.0,-130.0,185.0,-204.0,84.0,19.0,-891.0,-442.0,2
19839,15.0,-222.0,-129.0,126.0,-179.0,78.0,24.0,-883.0,-448.0,2
19840,17.0,-224.0,-127.0,76.0,-157.0,72.0,31.0,-876.0,-450.0,2
19841,16.0,-221.0,-126.0,39.0,-140.0,63.0,36.0,-876.0,-439.0,2
19842,22.0,-225.0,-123.0,18.0,-115.0,61.0,54.0,-877.0,-426.0,2
19843,24.0,-229.0,-119.0,18.0,-89.0,62.0,64.0,-876.0,-406.0,2
19844,28.0,-225.0,-121.0,31.0,-66.0,63.0,78.0,-874.0,-418.0,2
19845,32.0,-218.0,-126.0,44.0,-45.0,72.0,99.0,-860.0,-433.0,2
19846,39.0,-218.0,-126.0,60.0,-25.0,79.0,123.0,-851.0,-436.0,2
19847,41.0,-210.0,-123.0,76.0,-12.0,77.0,130.0,-824.0,-414.0,2
19848,46.0,-204.0,-122.0,97.0,-15.0,74.0,145.0,-807.0,-415.0,2
19849,42.0,-197.0,-124.0,107.0,-43.0,64.0,148.0,-793.0,-434.0,2
19850,44.0,-197.0,-129.0,80.0,-75.0,55.0,143.0,-786.0,-442.0,2
19851,44.0,-200.0,-124.0,25.0,-99.0,42.0,140.0,-785.0,-444.0,2
19852,39.0,-197.0,-119.0,-34.0,-111.0,37.0,125.0,-773.0,-394.0,2
19853,35.0,-199.0,-116.0,-58.0,-124.0,34.0,112.0,-805.0,-383.0,2
19854,41.0,-212.0,-121.0,-90.0,-119.0,23.0,118.0,-841.0,-421.0,2
19855,41.0,-223.0,-118.0,-154.0,-86.0,6.0,116.0,-875.0,-388.0,2
19856,36.0,-238.0,-100.0,-196.0,-56.0,-16.0,103.0,-915.0,-335.0,2
19857,26.0,-249.0,-89.0,-198.0,-55.0,-54.0,89.0,-953.0,-290.0,2
19858,22.0,-257.0,-91.0,-170.0,-76.0,-95.0,59.0,-995.0,-293.0,2
19859,23.0,-261.0,-88.0,-142.0,-95.0,-135.0,62.0,-1010.0,-286.0,2
19860,20.0,-260.0,-83.0,-104.0,-98.0,-177.0,59.0,-1002.0,-265.0,2
19861,18.0,-256.0,-82.0,-48.0,-85.0,-218.0,42.0,-972.0,-258.0,2
19862,13.0,-249.0,-81.0,10.0,-67.0,-245.0,17.0,-959.0,-256.0,2
19863,7.0,-243.0,-83.0,56.0,-60.0,-275.0,9.0,-942.0,-262.0,2
19864,4.0,-239.0,-84.0,80.0,-74.0,-304.0,-9.0,-924.0,-273.0,2
19865,-6.0,-233.0,-87.0,67.0,-92.0,-332.0,-35.0,-901.0,-270.0,2
19866,-9.0,-230.0,-83.0,49.0,-118.0,-346.0,-50.0,-895.0,-261.0,2
19867,-11.0,-232.0,-93.0,25.0,-148.0,-357.0,-74.0,-902.0,-290.0,2
19868,-12.0,-236.0,-88.0,-17.0,-165.0,-356.0,-82.0,-912.0,-282.0,2
19869,-12.0,-241.0,-87.0,-55.0,-183.0,-351.0,-80.0,-925.0,-268.0,2
19870,-11.0,-247.0,-79.0,-79.0,-199.0,-347.0,-73.0,-947.0,-255.0,2
19871,-11.0,-251.0,-77.0,-87.0,-215.0,-349.0,-69.0,-963.0,-243.0,2
19872,-11.0,-253.0,-69.0,-87.0,-232.0,-344.0,-70.0,-972.0,-231.0,2
19873,-12.0,-255.0,-68.0,-78.0,-250.0,-339.0,-68.0,-982.0,-212.0,2
19874,-8.0,-255.0,-68.0,-59.0,-268.0,-325.0,-53.0,-988.0,-202.0,2
19875,-4.0,-252.0,-63.0,-25.0,-294.0,-317.0,-30.0,-974.0,-188.0,2
19876,4.0,-252.0,-66.0,14.0,-316.0,-310.0,-13.0,-960.0,-182.0,2
19877,5.0,-246.0,-62.0,50.0,-336.0,-304.0,-7.0,-941.0,-188.0,2
19878,7.0,-234.0,-64.0,75.0,-358.0,-297.0,4.0,-910.0,-194.0,2
19879,12.0,-228.0,-63.0,85.0,-379.0,-291.0,15.0,-891.0,-204.0,2
19880,16.0,-220.0,-68.0,79.0,-400.0,-288.0,30.0,-863.0,-204.0,2
19881,20.0,-215.0,-69.0,64.0,-417.0,-291.0,48.0,-848.0,-207.0,2
19882,25.0,-211.0,-71.0,40.0,-418.0,-290.0,63.0,-835.0,-200.0,2
19883,30.0,-210.0,-70.0,14.0,-414.0,-292.0,82.0,-830.0,-214.0,2
19884,33.0,-214.0,-68.0,-26.0,-405.0,-300.0,93.0,-834.0,-204.0,2
19885,30.0,-216.0,-67.0,-65.0,-392.0,-314.0,84.0,-841.0,-192.0,2
19886,31.0,-215.0,-63.0,-98.0,-385.0,-320.0,94.0,-853.0,-178.0,2
19887,31.0,-221.0,-62.0,-114.0,-377.0,-325.0,81.0,-867.0,-181.0,2
19888,31.0,-228.0,-66.0,-124.0,-362.0,-324.0,92.0,-885.0,-183.0,2
19889,30.0,-229.0,-57.0,-129.0,-349.0,-326.0,96.0,-899.0,-174.0,2
19890,33.0,-234.0,-60.0,-129.0,-340.0,-330.0,94.0,-909.0,-171.0,2
19891,29.0,-235.0,-58.0,-129.0,-334.0,-338.0,83.0,-914.0,-169.0,2
19892,27.0,-238.0,-58.0,-126.0,-329.0,-340.0,79.0,-922.0,-165.0,2
19893,25.0,-238.0,-58.0,-130.0,-321.0,-345.0,76.0,-926.0,-151.0,2
19894,25.0,-239.0,-55.0,-129.0,-315.0,-342.0,76.0,-919.0,-145.0,2
19895,27.0,-239.0,-54.0,-121.0,-318.0,-337.0,79.0,-921.0,-147.0,2
19896,28.0,-238.0,-60.0,-120.0,-309.0,-340.0,76.0,-929.0,-189.0,2
19897,21.0,-240.0,-57.0,-135.0,-286.0,-339.0,58.0,-926.0,-169.0,2
19898,17.0,-237.0,-58.0,-139.0,-283.0,-328.0,31.0,-920.0,-161.0,2
19899,17.0,-239.0,-62.0,-133.0,-287.0,-317.0,33.0,-920.0,-173.0,2
19900,19.0,-241.0,-61.0,-132.0,-283.0,-302.0,39.0,-912.0,-173.0,2
19901,22.0,-233.0,-59.0,-135.0,-272.0,-290.0,49.0,-905.0,-168.0,2
19902,20.0,-231.0,-61.0,-136.0,-263.0,-274.0,52.0,-894.0,-169.0,2
19903,23.0,-229.0,-60.0,-142.0,-257.0,-259.0,53.0,-892.0,-157.0,2
19904,22.0,-229.0,-54.0,-145.0,-261.0,-246.0,54.0,-888.0,-144.0,2
19905,21.0,-227.0,-51.0,-148.0,-270.0,-233.0,56.0,-880.0,-138.0,2
19906,24.0,-228.0,-53.0,-150.0,-273.0,-213.0,61.0,-893.0,-130.0,2
19907,25.0,-229.0,-48.0,-153.0,-278.0,-202.0,70.0,-883.0,-124.0,2
19908,28.0,-229.0,-49.0,-157.0,-280.0,-191.0,70.0,-886.0,-128.0,2
19909,25.0,-227.0,-52.0,-159.0,-280.0,-184.0,70.0,-888.0,-137.0,2
19910,24.0,-228.0,-57.0,-167.0,-280.0,-171.0,71.0,-892.0,-152.0,2
19911,23.0,-227.0,-58.0,-180.0,-279.0,-158.0,66.0,-894.0,-155.0,2
19912,28.0,-233.0,-61.0,-186.0,-273.0,-145.0,78.0,-900.0,-157.0,2
19913,29.0,-233.0,-55.0,-185.0,-268.0,-137.0,76.0,-906.0,-153.0,2
19914,29.0,-236.0,-55.0,-187.0,-259.0,-125.0,76.0,-906.0,-150.0,2
19915,27.0,-235.0,-53.0,-192.0,-249.0,-119.0,77.0,-920.0,-137.0,2
19916,29.0,-238.0,-54.0,-200.0,-239.0,-109.0,72.0,-918.0,-127.0,2
19917,23.0,-239.0,-45.0,-207.0,-233.0,-99.0,71.0,-921.0,-107.0,2
19918,29.0,-242.0,-44.0,-205.0,-235.0,-89.0,79.0,-927.0,-92.0,2
19919,27.0,-246.0,-41.0,-192.0,-237.0,-79.0,79.0,-947.0,-94.0,2
19920,30.0,-247.0,-41.0,-177.0,-241.0,-68.0,93.0,-955.0,-88.0,2
19921,31.0,-248.0,-45.0,-164.0,-242.0,-59.0,94.0,-959.0,-95.0,2
19922,26.0,-254.0,-46.0,-155.0,-242.0,-49.0,81.0,-968.0,-89.0,2
19923,24.0,-250.0,-42.0,-144.0,-239.0,-43.0,68.0,-968.0,-94.0,2
19924,25.0,-253.0,-42.0,-128.0,-238.0,-34.0,63.0,-975.0,-95.0,2
19925,23.0,-253.0,-40.0,-111.0,-241.0,-31.0,62.0,-973.0,-89.0,2
19926,23.0,-253.0,-39.0,-95.0,-247.0,-25.0,63.0,-971.0,-93.0,2
19927,22.0,-251.0,-35.0,-84.0,-255.0,-25.0,53.0,-970.0,-73.0,2
19928,21.0,-252.0,-32.0,-72.0,-261.0,-25.0,57.0,-965.0,-67.0,2
19929,25.0,-253.0,-37.0,-63.0,-267.0,-27.0,59.0,-961.0,-73.0,2
19930,22.0,-249.0,-41.0,-58.0,-270.0,-23.0,58.0,-954.0,-80.0,2
19931,25.0,-249.0,-39.0,-57.0,-269.0,-22.0,55.0,-955.0,-80.0,2
19932,25.0,-248.0,-39.0,-60.0,-267.0,-19.0,61.0,-956.0,-85.0,2
19933,28.0,-250.0,-41.0,-65.0,-262.0,-15.0,77.0,-966.0,-88.0,2
19934,34.0,-249.0,-42.0,-63.0,-258.0,-5.0,97.0,-962.0,-85.0,2
19935,37.0,-250.0,-42.0,-49.0,-248.0,-3.0,116.0,-964.0,-90.0,2
19936,40.0,-249.0,-46.0,-37.0,-238.0,1.0,118.0,-962.0,-101.0,2
19937,42.0,-249.0,-48.0,-29.0,-227.0,1.0,129.0,-961.0,-117.0,2
19938,46.0,-248.0,-52.0,-29.0,-216.0,5.0,139.0,-958.0,-131.0,2
19939,47.0,-249.0,-57.0,-35.0,-206.0,1.0,149.0,-959.0,-131.0,2
19940,42.0,-249.0,-54.0,-40.0,-197.0,3.0,139.0,-962.0,-136.0,2
19941,40.0,-251.0,-53.0,-41.0,-191.0,1.0,127.0,-965.0,-133.0,2
19942,39.0,-250.0,-48.0,-45.0,-186.0,1.0,116.0,-963.0,-135.0,2
19943,32.0,-251.0,-50.0,-45.0,-184.0,0.0,102.0,-968.0,-125.0,2
19944,27.0,-253.0,-48.0,-46.0,-180.0,6.0,81.0,-976.0,-121.0,2
19945,22.0,-259.0,-43.0,-39.0,-178.0,9.0,66.0,-997.0,-107.0,2
19946,21.0,-261.0,-47.0,-26.0,-174.0,17.0,48.0,-1014.0,-110.0,2
19947,14.0,-261.0,-45.0,-8.0,-177.0,20.0,35.0,-1022.0,-107.0,2
19948,14.0,-262.0,-53.0,15.0,-182.0,27.0,34.0,-1018.0,-124.0,2
19949,15.0,-261.0,-50.0,41.0,-192.0,29.0,30.0,-1017.0,-127.0,2
19950,22.0,-260.0,-52.0,78.0,-205.0,33.0,61.0,-1008.0,-134.0,2
19951,30.0,-256.0,-56.0,102.0,-210.0,34.0,78.0,-997.0,-144.0,2
19952,40.0,-255.0,-55.0,116.0,-206.0,36.0,112.0,-978.0,-141.0,2
19953,46.0,-249.0,-51.0,121.0,-201.0,32.0,139.0,-963.0,-132.0,2
19954,50.0,-246.0,-50.0,114.0,-195.0,28.0,153.0,-965.0,-127.0,2
19955,50.0,-247.0,-45.0,99.0,-191.0,18.0,164.0,-961.0,-114.0,2
19956,50.0,-249.0,-40.0,74.0,-191.0,14.0,162.0,-959.0,-76.0,2
19957,46.0,-251.0,-30.0,58.0,-189.0,3.0,153.0,-975.0,-56.0,2
19958,45.0,-258.0,-21.0,46.0,-190.0,-3.0,136.0,-990.0,-18.0,2
19959,37.0,-255.0,-27.0,46.0,-191.0,-18.0,116.0,-1005.0,-28.0,2
19960,31.0,-259.0,-14.0,42.0,-195.0,-14.0,86.0,-1010.0,11.0,2
19961,19.0,-264.0,-16.0,52.0,-189.0,-18.0,54.0,-1022.0,23.0,2
19962,13.0,-268.0,-8.0,56.0,-202.0,-15.0,25.0,-1035.0,23.0,2
19963,10.0,-270.0,-16.0,58.0,-226.0,-13.0,14.0,-1050.0,22.0,2
19964,8.0,-273.0,-11.0,59.0,-252.0,-4.0,12.0,-1062.0,19.0,2
19965,8.0,-277.0,-10.0,57.0,-275.0,0.0,17.0,-1078.0,26.0,2
19966,15.0,-280.0,-15.0,51.0,-289.0,10.0,30.0,-1086.0,17.0,2
19967,23.0,-280.0,-17.0,38.0,-296.0,8.0,59.0,-1086.0,12.0,2
19968,30.0,-278.0,-16.0,28.0,-301.0,11.0,83.0,-1088.0,9.0,2
19969,37.0,-276.0,-20.0,31.0,-312.0,4.0,106.0,-1074.0,-5.0,2
19970,36.0,-274.0,-34.0,37.0,-329.0,-8.0,113.0,-1073.0,-51.0,2
19971,39.0,-276.0,-38.0,30.0,-355.0,-23.0,119.0,-1084.0,-68.0,2
19972,41.0,-280.0,-38.0,41.0,-366.0,-26.0,129.0,-1100.0,-77.0,2
19973,48.0,-288.0,-35.0,59.0,-367.0,-32.0,151.0,-1112.0,-65.0,2
19974,56.0,-290.0,-34.0,78.0,-356.0,-33.0,190.0,-1128.0,-48.0,2
19975,70.0,-291.0,-27.0,96.0,-330.0,-43.0,228.0,-1134.0,-33.0,2
19976,77.0,-293.0,-30.0,120.0,-293.0,-53.0,256.0,-1132.0,-30.0,2
19977,88.0,-295.0,-32.0,147.0,-248.0,-67.0,285.0,-1132.0,-44.0,2
19978,89.0,-290.0,-45.0,166.0,-199.0,-79.0,300.0,-1131.0,-86.0,2
19979,88.0,-285.0,-50.0,167.0,-152.0,-95.0,297.0,-1122.0,-126.0,2
19980,74.0,-293.0,-47.0,152.0,-109.0,-103.0,284.0,-1118.0,-164.0,2
19981,81.0,-285.0,-68.0,128.0,-66.0,-115.0,271.0,-1123.0,-205.0,2
19982,75.0,-283.0,-76.0,99.0,-13.0,-120.0,261.0,-1105.0,-218.0,2
19983,70.0,-282.0,-72.0,86.0,32.0,-130.0,251.0,-1110.0,-227.0,2
19984,67.0,-289.0,-72.0,78.0,74.0,-136.0,228.0,-1122.0,-221.0,2
19985,64.0,-291.0,-69.0,80.0,109.0,-146.0,220.0,-1130.0,-204.0,2
19986,64.0,-299.0,-66.0,92.0,142.0,-147.0,222.0,-1149.0,-199.0,2
19987,71.0,-301.0,-65.0,107.0,185.0,-155.0,237.0,-1160.0,-189.0,2
19988,78.0,-297.0,-65.0,130.0,237.0,-153.0,258.0,-1159.0,-189.0,2
19989,77.0,-294.0,-74.0,157.0,299.0,-160.0,261.0,-1150.0,-214.0,2
19990,76.0,-290.0,-86.0,181.0,366.0,-169.0,248.0,-1135.0,-262.0,2
19991,62.0,-288.0,-99.0,190.0,424.0,-183.0,213.0,-1122.0,-310.0,2
19992,50.0,-284.0,-107.0,183.0,465.0,-184.0,166.0,-1113.0,-347.0,2
19993,29.0,-284.0,-105.0,165.0,491.0,-184.0,101.0,-1112.0,-349.0,2
19994,8.0,-283.0,-97.0,151.0,491.0,-174.0,21.0,-1113.0,-319.0,2
19995,-1.0,-284.0,-91.0,139.0,466.0,-152.0,-33.0,-1109.0,-300.0,2
19996,-11.0,-283.0,-85.0,122.0,426.0,-120.0,-73.0,-1102.0,-275.0,2
19997,-15.0,-277.0,-85.0,108.0,389.0,-92.0,-92.0,-1088.0,-276.0,2
19998,-12.0,-270.0,-93.0,104.0,352.0,-56.0,-78.0,-1065.0,-313.0,2
